# dimensionless [l(l+1)/2pi] C_l's for tensor mode
# for l=2 to 500, i.e. number of multipoles equal to 499
#
# -> if you prefer output in CAMB/HealPix/LensPix units/order, set 'format' to 'camb' in input file
# -> if you don't want to see such a header, set 'headers' to 'no' in input file
# -> for CMB lensing (phi), these are C_l^phi-phi for the lensing potential.
#    Remember the conversion factors:
#    C_l^dd (deflection) = l(l+1) C_l^phi-phi
#    C_l^gg (shear/convergence) = 1/4 (l(l+1))^2 C_l^phi-phi
#
# 1:l     2:TT                     3:EE                     4:TE                     5:BB                     6:phiphi                 7:TPhi                   8:Ephi               
    2       1.421811146271e-10       2.679760962848e-15       1.648988876457e-13       4.782451694564e-15       0.000000000000e+00       0.000000000000e+00       0.000000000000e+00 
    3       1.090139923983e-10       2.845891804622e-15      -9.297054360105e-15       4.826042340023e-15       0.000000000000e+00       0.000000000000e+00       0.000000000000e+00 
    4       9.773967438777e-11       2.619402793308e-15      -6.179096011969e-14       4.206030781460e-15       0.000000000000e+00       0.000000000000e+00       0.000000000000e+00 
    5       9.301917628061e-11       2.099869911308e-15      -7.261219065022e-14       3.301925140641e-15       0.000000000000e+00       0.000000000000e+00       0.000000000000e+00 
    6       9.023148848054e-11       1.517642402404e-15      -6.894831252088e-14       2.401074215784e-15       0.000000000000e+00       0.000000000000e+00       0.000000000000e+00 
    7       8.846726622764e-11       1.035125673460e-15      -6.111215098770e-14       1.662916639551e-15       0.000000000000e+00       0.000000000000e+00       0.000000000000e+00 
    8       8.727421440235e-11       7.196939821151e-16      -5.366517841062e-14       1.141866358014e-15       0.000000000000e+00       0.000000000000e+00       0.000000000000e+00 
    9       8.640695111597e-11       5.676974223441e-16      -4.831247026109e-14       8.271866615765e-16       0.000000000000e+00       0.000000000000e+00       0.000000000000e+00 
   10       8.572377826351e-11       5.403549476759e-16      -4.539804493824e-14       6.778692783073e-16       0.000000000000e+00       0.000000000000e+00       0.000000000000e+00 
   11       8.514162129741e-11       5.925054397975e-16      -4.469828552081e-14       6.461124484517e-16       0.000000000000e+00       0.000000000000e+00       0.000000000000e+00 
   12       8.461213083894e-11       6.880692946027e-16      -4.582473628199e-14       6.901910802762e-16       0.000000000000e+00       0.000000000000e+00       0.000000000000e+00 
   13       8.410661678704e-11       8.045759205418e-16      -4.838663279835e-14       7.791089352247e-16       0.000000000000e+00       0.000000000000e+00       0.000000000000e+00 
   14       8.360730993951e-11       9.308530245676e-16      -5.207088541521e-14       8.927846326421e-16       0.000000000000e+00       0.000000000000e+00       0.000000000000e+00 
   15       8.310301606451e-11       1.062901924403e-15      -5.665297503852e-14       1.019643725421e-15       0.000000000000e+00       0.000000000000e+00       0.000000000000e+00 
   16       8.258702906548e-11       1.199806785803e-15      -6.197255451731e-14       1.154151153324e-15       0.000000000000e+00       0.000000000000e+00       0.000000000000e+00 
   17       8.205569428418e-11       1.342272047525e-15      -6.791709068893e-14       1.293488209985e-15       0.000000000000e+00       0.000000000000e+00       0.000000000000e+00 
   18       8.150126004469e-11       1.490187801479e-15      -7.440576200594e-14       1.437234687892e-15       0.000000000000e+00       0.000000000000e+00       0.000000000000e+00 
   19       8.094102001890e-11       1.643481826355e-15      -8.139088532712e-14       1.585176101976e-15       0.000000000000e+00       0.000000000000e+00       0.000000000000e+00 
   20       8.035570444659e-11       1.802258557405e-15      -8.881097769925e-14       1.737097107659e-15       0.000000000000e+00       0.000000000000e+00       0.000000000000e+00 
   21       7.975583578395e-11       1.966273512293e-15      -9.663081105190e-14       1.892879882104e-15       0.000000000000e+00       0.000000000000e+00       0.000000000000e+00 
   22       7.913593600645e-11       2.135198944266e-15      -1.048136966526e-13       2.052507325507e-15       0.000000000000e+00       0.000000000000e+00       0.000000000000e+00 
   23       7.850346953485e-11       2.308868453883e-15      -1.133274710804e-13       2.215868516919e-15       0.000000000000e+00       0.000000000000e+00       0.000000000000e+00 
   24       7.785239002406e-11       2.487225259520e-15      -1.221357015156e-13       2.382849816874e-15       0.000000000000e+00       0.000000000000e+00       0.000000000000e+00 
   25       7.718859530577e-11       2.670331612915e-15      -1.312080715968e-13       2.553251276745e-15       0.000000000000e+00       0.000000000000e+00       0.000000000000e+00 
   26       7.650875633874e-11       2.858307795836e-15      -1.405132772706e-13       2.726870433926e-15       0.000000000000e+00       0.000000000000e+00       0.000000000000e+00 
   27       7.581533693540e-11       3.051137028421e-15      -1.500250426750e-13       2.903544198511e-15       0.000000000000e+00       0.000000000000e+00       0.000000000000e+00 
   28       7.510435625988e-11       3.248742857027e-15      -1.597172741076e-13       3.083121363481e-15       0.000000000000e+00       0.000000000000e+00       0.000000000000e+00 
   29       7.438365750214e-11       3.450914075723e-15      -1.695668082004e-13       3.265361124684e-15       0.000000000000e+00       0.000000000000e+00       0.000000000000e+00 
   30       7.365409901520e-11       3.657372578369e-15      -1.795499815818e-13       3.449993576420e-15       0.000000000000e+00       0.000000000000e+00       0.000000000000e+00 
   31       7.290749880042e-11       3.867824089663e-15      -1.896424274718e-13       3.636752397749e-15       0.000000000000e+00       0.000000000000e+00       0.000000000000e+00 
   32       7.214905494060e-11       4.082041579210e-15      -1.998234974907e-13       3.825401845053e-15       0.000000000000e+00       0.000000000000e+00       0.000000000000e+00 
   33       7.138106291000e-11       4.299810613093e-15      -2.100735033058e-13       4.015720444641e-15       0.000000000000e+00       0.000000000000e+00       0.000000000000e+00 
   34       7.059973964495e-11       4.520908982682e-15      -2.203728719005e-13       4.207484234026e-15       0.000000000000e+00       0.000000000000e+00       0.000000000000e+00 
   35       6.980840821426e-11       4.745113868649e-15      -2.307030564528e-13       4.400430964577e-15       0.000000000000e+00       0.000000000000e+00       0.000000000000e+00 
   36       6.900743308369e-11       4.972195963929e-15      -2.410460352863e-13       4.594282961595e-15       0.000000000000e+00       0.000000000000e+00       0.000000000000e+00 
   37       6.819333751990e-11       5.201923401016e-15      -2.513835149634e-13       4.788768681818e-15       0.000000000000e+00       0.000000000000e+00       0.000000000000e+00 
   38       6.737036501902e-11       5.434083979648e-15      -2.616948130498e-13       4.983666056856e-15       0.000000000000e+00       0.000000000000e+00       0.000000000000e+00 
   39       6.654173684847e-11       5.668469770381e-15      -2.719583191655e-13       5.178773811507e-15       0.000000000000e+00       0.000000000000e+00       0.000000000000e+00 
   40       6.570593048430e-11       5.904871022136e-15      -2.821520711706e-13       5.373900592966e-15       0.000000000000e+00       0.000000000000e+00       0.000000000000e+00 
   41       6.485901413594e-11       6.143091840050e-15      -2.922576944902e-13       5.568845394505e-15       0.000000000000e+00       0.000000000000e+00       0.000000000000e+00 
   42       6.400374176222e-11       6.383003603319e-15      -3.022737398344e-13       5.763329802789e-15       0.000000000000e+00       0.000000000000e+00       0.000000000000e+00 
   43       6.314259438428e-11       6.624508764309e-15      -3.122067031562e-13       5.957044646483e-15       0.000000000000e+00       0.000000000000e+00       0.000000000000e+00 
   44       6.227492105502e-11       6.867527533722e-15      -3.220677449275e-13       6.149667430038e-15       0.000000000000e+00       0.000000000000e+00       0.000000000000e+00 
   45       6.139862487131e-11       7.111963733897e-15      -3.318655614581e-13       6.340877450027e-15       0.000000000000e+00       0.000000000000e+00       0.000000000000e+00 
   46       6.051651948143e-11       7.357587888112e-15      -3.415818014763e-13       6.530408463299e-15       0.000000000000e+00       0.000000000000e+00       0.000000000000e+00 
   47       5.963136950745e-11       7.604120837750e-15      -3.511887735794e-13       6.718010371303e-15       0.000000000000e+00       0.000000000000e+00       0.000000000000e+00 
   48       5.874389648304e-11       7.851264808737e-15      -3.606560708553e-13       6.903434747814e-15       0.000000000000e+00       0.000000000000e+00       0.000000000000e+00 
   49       5.785259705067e-11       8.098702363655e-15      -3.699504226659e-13       7.086434937622e-15       0.000000000000e+00       0.000000000000e+00       0.000000000000e+00 
   50       5.695513790373e-11       8.346104248216e-15      -3.790383775186e-13       7.266767857588e-15       0.000000000000e+00       0.000000000000e+00       0.000000000000e+00 
   51       5.605340877661e-11       8.593157872673e-15      -3.878955540665e-13       7.444199747170e-15       0.000000000000e+00       0.000000000000e+00       0.000000000000e+00 
   52       5.514952677444e-11       8.839544750021e-15      -3.964996449846e-13       7.618502149407e-15       0.000000000000e+00       0.000000000000e+00       0.000000000000e+00 
   53       5.424427445485e-11       9.084931662920e-15      -4.048277907171e-13       7.789450519544e-15       0.000000000000e+00       0.000000000000e+00       0.000000000000e+00 
   54       5.333699222496e-11       9.328970034360e-15      -4.128565644874e-13       7.956824403832e-15       0.000000000000e+00       0.000000000000e+00       0.000000000000e+00 
   55       5.242653220442e-11       9.571323414378e-15      -4.205644865003e-13       8.120415788748e-15       0.000000000000e+00       0.000000000000e+00       0.000000000000e+00 
   56       5.151464381054e-11       9.811759378078e-15      -4.279403322940e-13       8.280056167873e-15       0.000000000000e+00       0.000000000000e+00       0.000000000000e+00 
   57       5.060324075012e-11       1.005007935473e-14      -4.349768621053e-13       8.435596512196e-15       0.000000000000e+00       0.000000000000e+00       0.000000000000e+00 
   58       4.969334843590e-11       1.028609296784e-14      -4.416685542428e-13       8.586900175123e-15       0.000000000000e+00       0.000000000000e+00       0.000000000000e+00 
   59       4.878503773947e-11       1.051961850126e-14      -4.480116886367e-13       8.733843389611e-15       0.000000000000e+00       0.000000000000e+00       0.000000000000e+00 
   60       4.787735874401e-11       1.075048336529e-14      -4.540044303896e-13       8.876315765297e-15       0.000000000000e+00       0.000000000000e+00       0.000000000000e+00 
   61       4.696915105199e-11       1.097852010209e-14      -4.596455937195e-13       9.014216037073e-15       0.000000000000e+00       0.000000000000e+00       0.000000000000e+00 
   62       4.606183711854e-11       1.120355229980e-14      -4.649304205637e-13       9.147437071017e-15       0.000000000000e+00       0.000000000000e+00       0.000000000000e+00 
   63       4.515714120837e-11       1.142540632943e-14      -4.698539983869e-13       9.275878359736e-15       0.000000000000e+00       0.000000000000e+00       0.000000000000e+00 
   64       4.425623049456e-11       1.164391584461e-14      -4.744125370297e-13       9.399450813532e-15       0.000000000000e+00       0.000000000000e+00       0.000000000000e+00 
   65       4.335967662376e-11       1.185892210623e-14      -4.786034103891e-13       9.518077106868e-15       0.000000000000e+00       0.000000000000e+00       0.000000000000e+00 
   66       4.246741728150e-11       1.207027430693e-14      -4.824251980986e-13       9.631692024828e-15       0.000000000000e+00       0.000000000000e+00       0.000000000000e+00 
   67       4.157871775736e-11       1.227782989571e-14      -4.858777272084e-13       9.740242809581e-15       0.000000000000e+00       0.000000000000e+00       0.000000000000e+00 
   68       4.069277162601e-11       1.248144831843e-14      -4.889615403292e-13       9.843682049086e-15       0.000000000000e+00       0.000000000000e+00       0.000000000000e+00 
   69       3.981073003983e-11       1.268097004104e-14      -4.916760817538e-13       9.941943895508e-15       0.000000000000e+00       0.000000000000e+00       0.000000000000e+00 
   70       3.893401646781e-11       1.287623383945e-14      -4.940212169830e-13       1.003496362828e-14       0.000000000000e+00       0.000000000000e+00       0.000000000000e+00 
   71       3.806370226844e-11       1.306708316085e-14      -4.959978002705e-13       1.012268483846e-14       0.000000000000e+00       0.000000000000e+00       0.000000000000e+00 
   72       3.720048460064e-11       1.325336627990e-14      -4.976077016339e-13       1.020505958441e-14       0.000000000000e+00       0.000000000000e+00       0.000000000000e+00 
   73       3.634466433466e-11       1.343493645490e-14      -4.988538338667e-13       1.028204854755e-14       0.000000000000e+00       0.000000000000e+00       0.000000000000e+00 
   74       3.549612396299e-11       1.361165208399e-14      -4.997401795502e-13       1.035362118812e-14       0.000000000000e+00       0.000000000000e+00       0.000000000000e+00 
   75       3.465430551130e-11       1.378337686127e-14      -5.002718180652e-13       1.041975590084e-14       0.000000000000e+00       0.000000000000e+00       0.000000000000e+00 
   76       3.381863143522e-11       1.394998108950e-14      -5.004542491790e-13       1.048043866296e-14       0.000000000000e+00       0.000000000000e+00       0.000000000000e+00 
   77       3.298990474923e-11       1.411134554929e-14      -5.002911616946e-13       1.053565834947e-14       0.000000000000e+00       0.000000000000e+00       0.000000000000e+00 
   78       3.216912527283e-11       1.426735862245e-14      -4.997863050883e-13       1.058541084253e-14       0.000000000000e+00       0.000000000000e+00       0.000000000000e+00 
   79       3.135705650023e-11       1.441791537512e-14      -4.989441692209e-13       1.062970058622e-14       0.000000000000e+00       0.000000000000e+00       0.000000000000e+00 
   80       3.055421259500e-11       1.456291773762e-14      -4.977699969248e-13       1.066854071132e-14       0.000000000000e+00       0.000000000000e+00       0.000000000000e+00 
   81       2.976084538478e-11       1.470227468437e-14      -4.962697965916e-13       1.070195316012e-14       0.000000000000e+00       0.000000000000e+00       0.000000000000e+00 
   82       2.897693135600e-11       1.483590241376e-14      -4.944503547597e-13       1.072996881124e-14       0.000000000000e+00       0.000000000000e+00       0.000000000000e+00 
   83       2.820215864855e-11       1.496372452805e-14      -4.923192487015e-13       1.075262760446e-14       0.000000000000e+00       0.000000000000e+00       0.000000000000e+00 
   84       2.743620902940e-11       1.508567003925e-14      -4.898843396606e-13       1.076997474950e-14       0.000000000000e+00       0.000000000000e+00       0.000000000000e+00 
   85       2.667968601046e-11       1.520166661291e-14      -4.871521284648e-13       1.078204835692e-14       0.000000000000e+00       0.000000000000e+00       0.000000000000e+00 
   86       2.593331746377e-11       1.531164652890e-14      -4.841291491193e-13       1.078888997603e-14       0.000000000000e+00       0.000000000000e+00       0.000000000000e+00 
   87       2.519766639374e-11       1.541554889708e-14      -4.808224677220e-13       1.079054838662e-14       0.000000000000e+00       0.000000000000e+00       0.000000000000e+00 
   88       2.447312288935e-11       1.551331980063e-14      -4.772396863217e-13       1.078707965804e-14       0.000000000000e+00       0.000000000000e+00       0.000000000000e+00 
   89       2.375989607660e-11       1.560491243944e-14      -4.733889467775e-13       1.077854720814e-14       0.000000000000e+00       0.000000000000e+00       0.000000000000e+00 
   90       2.305800607074e-11       1.569028727340e-14      -4.692789346172e-13       1.076502186228e-14       0.000000000000e+00       0.000000000000e+00       0.000000000000e+00 
   91       2.236727592865e-11       1.576941216581e-14      -4.649188828967e-13       1.074658191232e-14       0.000000000000e+00       0.000000000000e+00       0.000000000000e+00 
   92       2.168732360114e-11       1.584226252672e-14      -4.603185760585e-13       1.072331317563e-14       0.000000000000e+00       0.000000000000e+00       0.000000000000e+00 
   93       2.101779623792e-11       1.590881852368e-14      -4.554878263760e-13       1.069530476347e-14       0.000000000000e+00       0.000000000000e+00       0.000000000000e+00 
   94       2.035913089284e-11       1.596905592294e-14      -4.504348048300e-13       1.066263553001e-14       0.000000000000e+00       0.000000000000e+00       0.000000000000e+00 
   95       1.971189388174e-11       1.602295412941e-14      -4.451674651628e-13       1.062538568487e-14       0.000000000000e+00       0.000000000000e+00       0.000000000000e+00 
   96       1.907654396641e-11       1.607049909822e-14      -4.396940455889e-13       1.058364090218e-14       0.000000000000e+00       0.000000000000e+00       0.000000000000e+00 
   97       1.845342763354e-11       1.611168343780e-14      -4.340230654148e-13       1.053749232068e-14       0.000000000000e+00       0.000000000000e+00       0.000000000000e+00 
   98       1.784277437386e-11       1.614650651298e-14      -4.281633216577e-13       1.048703654384e-14       0.000000000000e+00       0.000000000000e+00       0.000000000000e+00 
   99       1.724469196117e-11       1.617497454809e-14      -4.221238856647e-13       1.043237563994e-14       0.000000000000e+00       0.000000000000e+00       0.000000000000e+00 
  100       1.665916173140e-11       1.619710073004e-14      -4.159140997321e-13       1.037361714219e-14       0.000000000000e+00       0.000000000000e+00       0.000000000000e+00 
  101       1.608603386167e-11       1.621290531146e-14      -4.095435737245e-13       1.031087404880e-14       0.000000000000e+00       0.000000000000e+00       0.000000000000e+00 
  102       1.552502264936e-11       1.622241571375e-14      -4.030221816938e-13       1.024426482311e-14       0.000000000000e+00       0.000000000000e+00       0.000000000000e+00 
  103       1.497570179117e-11       1.622566663018e-14      -3.963600584985e-13       1.017391339365e-14       0.000000000000e+00       0.000000000000e+00       0.000000000000e+00 
  104       1.443768412073e-11       1.622269705055e-14      -3.895672237950e-13       1.009994459545e-14       0.000000000000e+00       0.000000000000e+00       0.000000000000e+00 
  105       1.391119864165e-11       1.621354065520e-14      -3.826524034459e-13       1.002246979223e-14       0.000000000000e+00       0.000000000000e+00       0.000000000000e+00 
  106       1.339658300492e-11       1.619823430951e-14      -3.756240418570e-13       9.941599303113e-15       0.000000000000e+00       0.000000000000e+00       0.000000000000e+00 
  107       1.289410334967e-11       1.617682109493e-14      -3.684906530026e-13       9.857446738614e-15       0.000000000000e+00       0.000000000000e+00       0.000000000000e+00 
  108       1.240395160916e-11       1.614935037827e-14      -3.612608129495e-13       9.770128950639e-15       0.000000000000e+00       0.000000000000e+00       0.000000000000e+00 
  109       1.192624281696e-11       1.611587788091e-14      -3.539431523815e-13       9.679765982494e-15       0.000000000000e+00       0.000000000000e+00       0.000000000000e+00 
  110       1.146101241293e-11       1.607646574815e-14      -3.465463491237e-13       9.586481018879e-15       0.000000000000e+00       0.000000000000e+00       0.000000000000e+00 
  111       1.100821354939e-11       1.603118261840e-14      -3.390791206669e-13       9.490400335897e-15       0.000000000000e+00       0.000000000000e+00       0.000000000000e+00 
  112       1.056771439711e-11       1.598010369249e-14      -3.315502166918e-13       9.391653251049e-15       0.000000000000e+00       0.000000000000e+00       0.000000000000e+00 
  113       1.013929545146e-11       1.592331080291e-14      -3.239684115934e-13       9.290372073242e-15       0.000000000000e+00       0.000000000000e+00       0.000000000000e+00 
  114       9.722646838451e-12       1.586089248312e-14      -3.163424970054e-13       9.186692052782e-15       0.000000000000e+00       0.000000000000e+00       0.000000000000e+00 
  115       9.317365620803e-12       1.579294403678e-14      -3.086812743244e-13       9.080751331386e-15       0.000000000000e+00       0.000000000000e+00       0.000000000000e+00 
  116       8.923082470395e-12       1.571956334536e-14      -3.009933493172e-13       8.972687037829e-15       0.000000000000e+00       0.000000000000e+00       0.000000000000e+00 
  117       8.539864916995e-12       1.564083756469e-14      -2.932865035937e-13       8.862623143278e-15       0.000000000000e+00       0.000000000000e+00       0.000000000000e+00 
  118       8.167858296383e-12       1.555685493353e-14      -2.855682323233e-13       8.750681028637e-15       0.000000000000e+00       0.000000000000e+00       0.000000000000e+00 
  119       7.807159237626e-12       1.546770892171e-14      -2.778459261888e-13       8.636983123608e-15       0.000000000000e+00       0.000000000000e+00       0.000000000000e+00 
  120       7.457814112980e-12       1.537349826174e-14      -2.701268621611e-13       8.521652822616e-15       0.000000000000e+00       0.000000000000e+00       0.000000000000e+00 
  121       7.119817487784e-12       1.527432698039e-14      -2.624181942734e-13       8.404814400728e-15       0.000000000000e+00       0.000000000000e+00       0.000000000000e+00 
  122       6.793110570369e-12       1.517030443026e-14      -2.547269443955e-13       8.286592929579e-15       0.000000000000e+00       0.000000000000e+00       0.000000000000e+00 
  123       6.477579661949e-12       1.506154532140e-14      -2.470599930088e-13       8.167114193295e-15       0.000000000000e+00       0.000000000000e+00       0.000000000000e+00 
  124       6.173054606528e-12       1.494816975289e-14      -2.394240699798e-13       8.046504604411e-15       0.000000000000e+00       0.000000000000e+00       0.000000000000e+00 
  125       5.879307240798e-12       1.483030324438e-14      -2.318257453354e-13       7.924891119795e-15       0.000000000000e+00       0.000000000000e+00       0.000000000000e+00 
  126       5.596049844035e-12       1.470807676775e-14      -2.242714200365e-13       7.802401156575e-15       0.000000000000e+00       0.000000000000e+00       0.000000000000e+00 
  127       5.322933588007e-12       1.458162677864e-14      -2.167673167530e-13       7.679162508056e-15       0.000000000000e+00       0.000000000000e+00       0.000000000000e+00 
  128       5.059546986867e-12       1.445109524807e-14      -2.093194706379e-13       7.555303259644e-15       0.000000000000e+00       0.000000000000e+00       0.000000000000e+00 
  129       4.805512916683e-12       1.431662441892e-14      -2.019337469159e-13       7.430948911070e-15       0.000000000000e+00       0.000000000000e+00       0.000000000000e+00 
  130       4.560794999907e-12       1.417834035804e-14      -1.946159154257e-13       7.306213564717e-15       0.000000000000e+00       0.000000000000e+00       0.000000000000e+00 
  131       4.325422058748e-12       1.403636765109e-14      -1.873715668587e-13       7.181207607252e-15       0.000000000000e+00       0.000000000000e+00       0.000000000000e+00 
  132       4.099391721935e-12       1.389083450979e-14      -1.802060777331e-13       7.056040313629e-15       0.000000000000e+00       0.000000000000e+00       0.000000000000e+00 
  133       3.882669579943e-12       1.374187276574e-14      -1.731246013599e-13       6.930819743025e-15       0.000000000000e+00       0.000000000000e+00       0.000000000000e+00 
  134       3.675188340223e-12       1.358961786427e-14      -1.661320588096e-13       6.805652634768e-15       0.000000000000e+00       0.000000000000e+00       0.000000000000e+00 
  135       3.476846982427e-12       1.343420885828e-14      -1.592331298781e-13       6.680644304271e-15       0.000000000000e+00       0.000000000000e+00       0.000000000000e+00 
  136       3.287509913640e-12       1.327578840209e-14      -1.524322440532e-13       6.555898538961e-15       0.000000000000e+00       0.000000000000e+00       0.000000000000e+00 
  137       3.107006123607e-12       1.311450274526e-14      -1.457335714806e-13       6.431517494213e-15       0.000000000000e+00       0.000000000000e+00       0.000000000000e+00 
  138       2.935128339960e-12       1.295050172645e-14      -1.391410139306e-13       6.307601589282e-15       0.000000000000e+00       0.000000000000e+00       0.000000000000e+00 
  139       2.771632183449e-12       1.278393876723e-14      -1.326581957639e-13       6.184249403233e-15       0.000000000000e+00       0.000000000000e+00       0.000000000000e+00 
  140       2.616235323169e-12       1.261497086598e-14      -1.262884548982e-13       6.061557570874e-15       0.000000000000e+00       0.000000000000e+00       0.000000000000e+00 
  141       2.468616631789e-12       1.244375859164e-14      -1.200348337744e-13       5.939620678689e-15       0.000000000000e+00       0.000000000000e+00       0.000000000000e+00 
  142       2.328415340778e-12       1.227046607766e-14      -1.139000703228e-13       5.818531160766e-15       0.000000000000e+00       0.000000000000e+00       0.000000000000e+00 
  143       2.195230195637e-12       1.209526101574e-14      -1.078865889294e-13       5.698379194732e-15       0.000000000000e+00       0.000000000000e+00       0.000000000000e+00 
  144       2.068694254660e-12       1.191830837861e-14      -1.019967315146e-13       5.579252114517e-15       0.000000000000e+00       0.000000000000e+00       0.000000000000e+00 
  145       1.948709379607e-12       1.173975090377e-14      -9.623349551668e-14       5.461232803090e-15       0.000000000000e+00       0.000000000000e+00       0.000000000000e+00 
  146       1.835233364421e-12       1.155972666504e-14      -9.059985182939e-14       5.344400942704e-15       0.000000000000e+00       0.000000000000e+00       0.000000000000e+00 
  147       1.728205961126e-12       1.137837512904e-14      -8.509850363687e-14       5.228833377933e-15       0.000000000000e+00       0.000000000000e+00       0.000000000000e+00 
  148       1.627548469789e-12       1.119583711304e-14      -7.973187875970e-14       5.114604008825e-15       0.000000000000e+00       0.000000000000e+00       0.000000000000e+00 
  149       1.533163328482e-12       1.101225474273e-14      -7.450212200117e-14       5.001783684063e-15       0.000000000000e+00       0.000000000000e+00       0.000000000000e+00 
  150       1.444933703243e-12       1.082777141002e-14      -6.941108749349e-14       4.890440094113e-15       0.000000000000e+00       0.000000000000e+00       0.000000000000e+00 
  151       1.362723078037e-12       1.064253173085e-14      -6.446033104406e-14       4.780637664384e-15       0.000000000000e+00       0.000000000000e+00       0.000000000000e+00 
  152       1.286374844715e-12       1.045668150298e-14      -5.965110248163e-14       4.672437448381e-15       0.000000000000e+00       0.000000000000e+00       0.000000000000e+00 
  153       1.215711892982e-12       1.027036766379e-14      -5.498433800261e-14       4.565897020857e-15       0.000000000000e+00       0.000000000000e+00       0.000000000000e+00 
  154       1.150536200350e-12       1.008373824809e-14      -5.046065251723e-14       4.461070370977e-15       0.000000000000e+00       0.000000000000e+00       0.000000000000e+00 
  155       1.090628422107e-12       9.896942345923e-15      -4.608033199580e-14       4.358007795460e-15       0.000000000000e+00       0.000000000000e+00       0.000000000000e+00 
  156       1.035747481272e-12       9.710130060327e-15      -4.184332581495e-14       4.256755791746e-15       0.000000000000e+00       0.000000000000e+00       0.000000000000e+00 
  157       9.856301585603e-13       9.523452465181e-15      -3.774923910382e-14       4.157356951144e-15       0.000000000000e+00       0.000000000000e+00       0.000000000000e+00 
  158       9.399906823439e-13       9.337061562976e-15      -3.379732509032e-14       4.059849851988e-15       0.000000000000e+00       0.000000000000e+00       0.000000000000e+00 
  159       8.985203186123e-13       9.151110242626e-15      -2.998647744736e-14       3.964268952794e-15       0.000000000000e+00       0.000000000000e+00       0.000000000000e+00 
  160       8.608869609341e-13       8.965752237263e-15      -2.631522263905e-14       3.870644485411e-15       0.000000000000e+00       0.000000000000e+00       0.000000000000e+00 
  161       8.267883246074e-13       8.781136147870e-15      -2.278219907501e-14       3.779005534720e-15       0.000000000000e+00       0.000000000000e+00       0.000000000000e+00 
  162       7.961176763115e-13       8.597387008850e-15      -1.938765825909e-14       3.689389808065e-15       0.000000000000e+00       0.000000000000e+00       0.000000000000e+00 
  163       7.688120449515e-13       8.414623004007e-15      -1.613208238169e-14       3.601834529583e-15       0.000000000000e+00       0.000000000000e+00       0.000000000000e+00 
  164       7.447997735068e-13       8.232961185148e-15      -1.301570408029e-14       3.516373239915e-15       0.000000000000e+00       0.000000000000e+00       0.000000000000e+00 
  165       7.240003556182e-13       8.052517402576e-15      -1.003850102544e-14       3.433035704019e-15       0.000000000000e+00       0.000000000000e+00       0.000000000000e+00 
  166       7.063242721758e-13       7.873406235591e-15      -7.200190506699e-15       3.351847818991e-15       0.000000000000e+00       0.000000000000e+00       0.000000000000e+00 
  167       6.916728279062e-13       7.695740922983e-15      -4.500224018647e-15       3.272831521878e-15       0.000000000000e+00       0.000000000000e+00       0.000000000000e+00 
  168       6.799379879602e-13       7.519633293532e-15      -1.937781846823e-15       3.196004697493e-15       0.000000000000e+00       0.000000000000e+00       0.000000000000e+00 
  169       6.710022145000e-13       7.345193696504e-15       4.882323462859e-16       3.121381086234e-15       0.000000000000e+00       0.000000000000e+00       0.000000000000e+00 
  170       6.647383032868e-13       7.172530932147e-15       2.779196935282e-15       3.048970191894e-15       0.000000000000e+00       0.000000000000e+00       0.000000000000e+00 
  171       6.610092202684e-13       7.001752182190e-15       4.936777745881e-15       2.978777189485e-15       0.000000000000e+00       0.000000000000e+00       0.000000000000e+00 
  172       6.596679381664e-13       6.832962940339e-15       6.962933468944e-15       2.910802833047e-15       0.000000000000e+00       0.000000000000e+00       0.000000000000e+00 
  173       6.605572730640e-13       6.666266942775e-15       8.859921074505e-15       2.845043363465e-15       0.000000000000e+00       0.000000000000e+00       0.000000000000e+00 
  174       6.635097209932e-13       6.501766098648e-15       1.063030122580e-14       2.781490416287e-15       0.000000000000e+00       0.000000000000e+00       0.000000000000e+00 
  175       6.683472945224e-13       6.339560420579e-15       1.227694369329e-14       2.720130929540e-15       0.000000000000e+00       0.000000000000e+00       0.000000000000e+00 
  176       6.748813593436e-13       6.179747955152e-15       1.380303276871e-14       2.660947051542e-15       0.000000000000e+00       0.000000000000e+00       0.000000000000e+00 
  177       6.829124708606e-13       6.022424713415e-15       1.521207267907e-14       2.603916048722e-15       0.000000000000e+00       0.000000000000e+00       0.000000000000e+00 
  178       6.922302107755e-13       5.867684601375e-15       1.650789300071e-14       2.549010213433e-15       0.000000000000e+00       0.000000000000e+00       0.000000000000e+00 
  179       7.026130236769e-13       5.715619350494e-15       1.769465407331e-14       2.496196771770e-15       0.000000000000e+00       0.000000000000e+00       0.000000000000e+00 
  180       7.138614826592e-13       5.566315514163e-15       1.877621914758e-14       2.445445143481e-15       0.000000000000e+00       0.000000000000e+00       0.000000000000e+00 
  181       7.259013844757e-13       5.419845335315e-15       1.975420370996e-14       2.396749559599e-15       0.000000000000e+00       0.000000000000e+00       0.000000000000e+00 
  182       7.386885545087e-13       5.276275017733e-15       2.062978113792e-14       2.350108069807e-15       0.000000000000e+00       0.000000000000e+00       0.000000000000e+00 
  183       7.521761141636e-13       5.135667515111e-15       2.140430509193e-14       2.305515287264e-15       0.000000000000e+00       0.000000000000e+00       0.000000000000e+00 
  184       7.663144405829e-13       4.998082450739e-15       2.207931259697e-14       2.262962323499e-15       0.000000000000e+00       0.000000000000e+00       0.000000000000e+00 
  185       7.810511263613e-13       4.863576037197e-15       2.265652712412e-14       2.222436723306e-15       0.000000000000e+00       0.000000000000e+00       0.000000000000e+00 
  186       7.963309392603e-13       4.732200996044e-15       2.313786167211e-14       2.183922399640e-15       0.000000000000e+00       0.000000000000e+00       0.000000000000e+00 
  187       8.120957819228e-13       4.604006477508e-15       2.352542184887e-14       2.147399568512e-15       0.000000000000e+00       0.000000000000e+00       0.000000000000e+00 
  188       8.282846515875e-13       4.479037980177e-15       2.382150895307e-14       2.112844683885e-15       0.000000000000e+00       0.000000000000e+00       0.000000000000e+00 
  189       8.448335998042e-13       4.357337270689e-15       2.402862305573e-14       2.080230372568e-15       0.000000000000e+00       0.000000000000e+00       0.000000000000e+00 
  190       8.616756921478e-13       4.238942303424e-15       2.414946608172e-14       2.049525369113e-15       0.000000000000e+00       0.000000000000e+00       0.000000000000e+00 
  191       8.787409679334e-13       4.123887140189e-15       2.418694489134e-14       2.020694450710e-15       0.000000000000e+00       0.000000000000e+00       0.000000000000e+00 
  192       8.959563999308e-13       4.012201869915e-15       2.414417436187e-14       1.993698372079e-15       0.000000000000e+00       0.000000000000e+00       0.000000000000e+00 
  193       9.132458540791e-13       3.903912528344e-15       2.402448046914e-14       1.968493800371e-15       0.000000000000e+00       0.000000000000e+00       0.000000000000e+00 
  194       9.305300492015e-13       3.799041017719e-15       2.383140336907e-14       1.945033250060e-15       0.000000000000e+00       0.000000000000e+00       0.000000000000e+00 
  195       9.477265167198e-13       3.697605026475e-15       2.356870047923e-14       1.923265017838e-15       0.000000000000e+00       0.000000000000e+00       0.000000000000e+00 
  196       9.647495603693e-13       3.599617948930e-15       2.324034956041e-14       1.903133117512e-15       0.000000000000e+00       0.000000000000e+00       0.000000000000e+00 
  197       9.815102159131e-13       3.505088804973e-15       2.285055179814e-14       1.884577214899e-15       0.000000000000e+00       0.000000000000e+00       0.000000000000e+00 
  198       9.979162108572e-13       3.414022159758e-15       2.240373488431e-14       1.867532562719e-15       0.000000000000e+00       0.000000000000e+00       0.000000000000e+00 
  199       1.013871924165e-12       3.326418043391e-15       2.190455609865e-14       1.851929935494e-15       0.000000000000e+00       0.000000000000e+00       0.000000000000e+00 
  200       1.029278345971e-12       3.242271870622e-15       2.135790539034e-14       1.837695564441e-15       0.000000000000e+00       0.000000000000e+00       0.000000000000e+00 
  201       1.044048804103e-12       3.161577510488e-15       2.076825949328e-14       1.824761465045e-15       0.000000000000e+00       0.000000000000e+00       0.000000000000e+00 
  202       1.058157479278e-12       3.084336906606e-15       2.013768644980e-14       1.813097377263e-15       0.000000000000e+00       0.000000000000e+00       0.000000000000e+00 
  203       1.071594281744e-12       3.010550989991e-15       1.946770432466e-14       1.802680983947e-15       0.000000000000e+00       0.000000000000e+00       0.000000000000e+00 
  204       1.084349402223e-12       2.940216520326e-15       1.875991851602e-14       1.793487689062e-15       0.000000000000e+00       0.000000000000e+00       0.000000000000e+00 
  205       1.096413318232e-12       2.873326014959e-15       1.801602291897e-14       1.785490583295e-15       0.000000000000e+00       0.000000000000e+00       0.000000000000e+00 
  206       1.107776800388e-12       2.809867677905e-15       1.723780108901e-14       1.778660409670e-15       0.000000000000e+00       0.000000000000e+00       0.000000000000e+00 
  207       1.118430918728e-12       2.749825328845e-15       1.642712740563e-14       1.772965529154e-15       0.000000000000e+00       0.000000000000e+00       0.000000000000e+00 
  208       1.128367049020e-12       2.693178332125e-15       1.558596823580e-14       1.768371886271e-15       0.000000000000e+00       0.000000000000e+00       0.000000000000e+00 
  209       1.137576879076e-12       2.639901525760e-15       1.471638309749e-14       1.764842974715e-15       0.000000000000e+00       0.000000000000e+00       0.000000000000e+00 
  210       1.146052415070e-12       2.589965150429e-15       1.382052582322e-14       1.762339802956e-15       0.000000000000e+00       0.000000000000e+00       0.000000000000e+00 
  211       1.153785987846e-12       2.543334778480e-15       1.290064572356e-14       1.760820859857e-15       0.000000000000e+00       0.000000000000e+00       0.000000000000e+00 
  212       1.160770259236e-12       2.499971242927e-15       1.195908875066e-14       1.760242080280e-15       0.000000000000e+00       0.000000000000e+00       0.000000000000e+00 
  213       1.166998228373e-12       2.459830566449e-15       1.099829866178e-14       1.760556810699e-15       0.000000000000e+00       0.000000000000e+00       0.000000000000e+00 
  214       1.172463238003e-12       2.422863890394e-15       1.002081818283e-14       1.761715774813e-15       0.000000000000e+00       0.000000000000e+00       0.000000000000e+00 
  215       1.177158980799e-12       2.389017403775e-15       9.029290171830e-15       1.763667039155e-15       0.000000000000e+00       0.000000000000e+00       0.000000000000e+00 
  216       1.181079505679e-12       2.358232272273e-15       8.026458782519e-15       1.766355978703e-15       0.000000000000e+00       0.000000000000e+00       0.000000000000e+00 
  217       1.184219224113e-12       2.330444567237e-15       7.015170627815e-15       1.769725242491e-15       0.000000000000e+00       0.000000000000e+00       0.000000000000e+00 
  218       1.186572916441e-12       2.305585194680e-15       5.998375943371e-15       1.773714719223e-15       0.000000000000e+00       0.000000000000e+00       0.000000000000e+00 
  219       1.188135738188e-12       2.283579824286e-15       4.979129751083e-15       1.778261502878e-15       0.000000000000e+00       0.000000000000e+00       0.000000000000e+00 
  220       1.188903226373e-12       2.264348818402e-15       3.960593022625e-15       1.783299858329e-15       0.000000000000e+00       0.000000000000e+00       0.000000000000e+00 
  221       1.188871305827e-12       2.247807161047e-15       2.946033842964e-15       1.788761186947e-15       0.000000000000e+00       0.000000000000e+00       0.000000000000e+00 
  222       1.188036295505e-12       2.233864386902e-15       1.938828573891e-15       1.794573992218e-15       0.000000000000e+00       0.000000000000e+00       0.000000000000e+00 
  223       1.186394914799e-12       2.222424510320e-15       9.424630175381e-16       1.800663845348e-15       0.000000000000e+00       0.000000000000e+00       0.000000000000e+00 
  224       1.183946707181e-12       2.213397243757e-15      -3.995973324715e-17       1.806963833658e-15       0.000000000000e+00       0.000000000000e+00       0.000000000000e+00 
  225       1.180701471157e-12       2.206732601481e-15      -1.007233307502e-15       1.813446723300e-15       0.000000000000e+00       0.000000000000e+00       0.000000000000e+00 
  226       1.176672319363e-12       2.202388383529e-15      -1.958629145851e-15       1.820094798108e-15       0.000000000000e+00       0.000000000000e+00       0.000000000000e+00 
  227       1.171873316181e-12       2.200319042403e-15      -2.893411948819e-15       1.826889553338e-15       0.000000000000e+00       0.000000000000e+00       0.000000000000e+00 
  228       1.166319489815e-12       2.200475638949e-15      -3.810839687859e-15       1.833811686235e-15       0.000000000000e+00       0.000000000000e+00       0.000000000000e+00 
  229       1.160026844354e-12       2.202805798237e-15      -4.710163616390e-15       1.840841086603e-15       0.000000000000e+00       0.000000000000e+00       0.000000000000e+00 
  230       1.153012371846e-12       2.207253665440e-15      -5.590628280821e-15       1.847956827379e-15       0.000000000000e+00       0.000000000000e+00       0.000000000000e+00 
  231       1.145294064365e-12       2.213759861715e-15      -6.451471531587e-15       1.855137155199e-15       0.000000000000e+00       0.000000000000e+00       0.000000000000e+00 
  232       1.136890926080e-12       2.222261440082e-15      -7.291924534181e-15       1.862359480968e-15       0.000000000000e+00       0.000000000000e+00       0.000000000000e+00 
  233       1.127822985325e-12       2.232691841302e-15      -8.111211780179e-15       1.869600370433e-15       0.000000000000e+00       0.000000000000e+00       0.000000000000e+00 
  234       1.118111306671e-12       2.244980849761e-15      -8.908551098279e-15       1.876835534753e-15       0.000000000000e+00       0.000000000000e+00       0.000000000000e+00 
  235       1.107778002989e-12       2.259054549345e-15      -9.683153665329e-15       1.884039821064e-15       0.000000000000e+00       0.000000000000e+00       0.000000000000e+00 
  236       1.096846247524e-12       2.274835279322e-15      -1.043422401736e-14       1.891187203057e-15       0.000000000000e+00       0.000000000000e+00       0.000000000000e+00 
  237       1.085340285965e-12       2.292241590221e-15      -1.116096006060e-14       1.898250771540e-15       0.000000000000e+00       0.000000000000e+00       0.000000000000e+00 
  238       1.073285448510e-12       2.311188199712e-15      -1.186255308256e-14       1.905202725015e-15       0.000000000000e+00       0.000000000000e+00       0.000000000000e+00 
  239       1.060708161941e-12       2.331585948488e-15      -1.253818776297e-14       1.912014360244e-15       0.000000000000e+00       0.000000000000e+00       0.000000000000e+00 
  240       1.047635961686e-12       2.353341756139e-15      -1.318704218492e-14       1.918656062820e-15       0.000000000000e+00       0.000000000000e+00       0.000000000000e+00 
  241       1.034097503895e-12       2.376358577037e-15      -1.380828784581e-14       1.925097297737e-15       0.000000000000e+00       0.000000000000e+00       0.000000000000e+00 
  242       1.020122577508e-12       2.400535356212e-15      -1.440108966841e-14       1.931306599962e-15       0.000000000000e+00       0.000000000000e+00       0.000000000000e+00 
  243       1.005742116320e-12       2.425766985237e-15      -1.496460601190e-14       1.937251565002e-15       0.000000000000e+00       0.000000000000e+00       0.000000000000e+00 
  244       9.909882110542e-13       2.451944258100e-15      -1.549798868288e-14       1.942898839476e-15       0.000000000000e+00       0.000000000000e+00       0.000000000000e+00 
  245       9.758941214319e-13       2.478953827090e-15      -1.600038294643e-14       1.948214111684e-15       0.000000000000e+00       0.000000000000e+00       0.000000000000e+00 
  246       9.604942882390e-13       2.506678158673e-15      -1.647092753711e-14       1.953162102179e-15       0.000000000000e+00       0.000000000000e+00       0.000000000000e+00 
  247       9.448243453969e-13       2.534995489376e-15      -1.690875467001e-14       1.957706554335e-15       0.000000000000e+00       0.000000000000e+00       0.000000000000e+00 
  248       9.289211320316e-13       2.563779781662e-15      -1.731299005178e-14       1.961810224919e-15       0.000000000000e+00       0.000000000000e+00       0.000000000000e+00 
  249       9.128227045428e-13       2.592900679809e-15      -1.768275289166e-14       1.965434874658e-15       0.000000000000e+00       0.000000000000e+00       0.000000000000e+00 
  250       8.965638309316e-13       2.622240302379e-15      -1.801734700722e-14       1.968547904928e-15       0.000000000000e+00       0.000000000000e+00       0.000000000000e+00 
  251       8.801621605095e-13       2.651744785375e-15      -1.831684634961e-14       1.971142712005e-15       0.000000000000e+00       0.000000000000e+00       0.000000000000e+00 
  252       8.636312793174e-13       2.681375628569e-15      -1.858154329750e-14       1.973219489390e-15       0.000000000000e+00       0.000000000000e+00       0.000000000000e+00 
  253       8.469851594456e-13       2.711093114769e-15      -1.881176097809e-14       1.974778690672e-15       0.000000000000e+00       0.000000000000e+00       0.000000000000e+00 
  254       8.302381624636e-13       2.740856297893e-15      -1.900785364354e-14       1.975821032809e-15       0.000000000000e+00       0.000000000000e+00       0.000000000000e+00 
  255       8.134050428496e-13       2.770622991055e-15      -1.917020704749e-14       1.976347499409e-15       0.000000000000e+00       0.000000000000e+00       0.000000000000e+00 
  256       7.965009514205e-13       2.800349754632e-15      -1.929923882149e-14       1.976359344009e-15       0.000000000000e+00       0.000000000000e+00       0.000000000000e+00 
  257       7.795414387618e-13       2.829991884349e-15      -1.939539885151e-14       1.975858093355e-15       0.000000000000e+00       0.000000000000e+00       0.000000000000e+00 
  258       7.625424586570e-13       2.859503399351e-15      -1.945916965439e-14       1.974845550681e-15       0.000000000000e+00       0.000000000000e+00       0.000000000000e+00 
  259       7.455203715180e-13       2.888837030284e-15      -1.949106675431e-14       1.973323798991e-15       0.000000000000e+00       0.000000000000e+00       0.000000000000e+00 
  260       7.284919478143e-13       2.917944207369e-15      -1.949163905925e-14       1.971295204336e-15       0.000000000000e+00       0.000000000000e+00       0.000000000000e+00 
  261       7.114743715030e-13       2.946775048481e-15      -1.946146923751e-14       1.968762419095e-15       0.000000000000e+00       0.000000000000e+00       0.000000000000e+00 
  262       6.944852434588e-13       2.975278347224e-15      -1.940117409413e-14       1.965728385256e-15       0.000000000000e+00       0.000000000000e+00       0.000000000000e+00 
  263       6.775425849035e-13       3.003401561013e-15      -1.931140494737e-14       1.962196337694e-15       0.000000000000e+00       0.000000000000e+00       0.000000000000e+00 
  264       6.606648408359e-13       3.031090799143e-15      -1.919284800521e-14       1.958169807450e-15       0.000000000000e+00       0.000000000000e+00       0.000000000000e+00 
  265       6.438708834616e-13       3.058290810876e-15      -1.904622474179e-14       1.953652625016e-15       0.000000000000e+00       0.000000000000e+00       0.000000000000e+00 
  266       6.271800156229e-13       3.084944973510e-15      -1.887229227391e-14       1.948648923606e-15       0.000000000000e+00       0.000000000000e+00       0.000000000000e+00 
  267       6.106119742285e-13       3.110995280460e-15      -1.867184373745e-14       1.943163142446e-15       0.000000000000e+00       0.000000000000e+00       0.000000000000e+00 
  268       5.941869336830e-13       3.136382329333e-15      -1.844570866393e-14       1.937200030045e-15       0.000000000000e+00       0.000000000000e+00       0.000000000000e+00 
  269       5.779255093174e-13       3.161045310009e-15      -1.819475335688e-14       1.930764647480e-15       0.000000000000e+00       0.000000000000e+00       0.000000000000e+00 
  270       5.618487608180e-13       3.184921992714e-15      -1.791988126839e-14       1.923862371674e-15       0.000000000000e+00       0.000000000000e+00       0.000000000000e+00 
  271       5.459781956571e-13       3.207948716098e-15      -1.762203337553e-14       1.916498898676e-15       0.000000000000e+00       0.000000000000e+00       0.000000000000e+00 
  272       5.303357725220e-13       3.230060375314e-15      -1.730218855686e-14       1.908680246940e-15       0.000000000000e+00       0.000000000000e+00       0.000000000000e+00 
  273       5.149439047454e-13       3.251190410094e-15      -1.696136396888e-14       1.900412760607e-15       0.000000000000e+00       0.000000000000e+00       0.000000000000e+00 
  274       4.998254637347e-13       3.271270792825e-15      -1.660061542250e-14       1.891703112782e-15       0.000000000000e+00       0.000000000000e+00       0.000000000000e+00 
  275       4.850037824023e-13       3.290232016629e-15      -1.622103775952e-14       1.882558308817e-15       0.000000000000e+00       0.000000000000e+00       0.000000000000e+00 
  276       4.705026585948e-13       3.308003083436e-15      -1.582376522910e-14       1.872985689587e-15       0.000000000000e+00       0.000000000000e+00       0.000000000000e+00 
  277       4.563463585234e-13       3.324511492066e-15      -1.540997186422e-14       1.862992934774e-15       0.000000000000e+00       0.000000000000e+00       0.000000000000e+00 
  278       4.425596201933e-13       3.339683226301e-15      -1.498087185818e-14       1.852588066142e-15       0.000000000000e+00       0.000000000000e+00       0.000000000000e+00 
  279       4.291635182131e-13       3.353455925788e-15      -1.453759613461e-14       1.841779762651e-15       0.000000000000e+00       0.000000000000e+00       0.000000000000e+00 
  280       4.161628140229e-13       3.365819178581e-15      -1.408081420472e-14       1.830578317099e-15       0.000000000000e+00       0.000000000000e+00       0.000000000000e+00 
  281       4.035579569795e-13       3.376776292874e-15      -1.361109345239e-14       1.818994735435e-15       0.000000000000e+00       0.000000000000e+00       0.000000000000e+00 
  282       3.913491610320e-13       3.386331310497e-15      -1.312902136141e-14       1.807040433125e-15       0.000000000000e+00       0.000000000000e+00       0.000000000000e+00 
  283       3.795364017940e-13       3.394489015243e-15      -1.263520570177e-14       1.794727238920e-15       0.000000000000e+00       0.000000000000e+00       0.000000000000e+00 
  284       3.681194136166e-13       3.401254941196e-15      -1.213027471597e-14       1.782067398609e-15       0.000000000000e+00       0.000000000000e+00       0.000000000000e+00 
  285       3.570976866605e-13       3.406635381055e-15      -1.161487730528e-14       1.769073578781e-15       0.000000000000e+00       0.000000000000e+00       0.000000000000e+00 
  286       3.464704639685e-13       3.410637394465e-15      -1.108968321603e-14       1.755758870580e-15       0.000000000000e+00       0.000000000000e+00       0.000000000000e+00 
  287       3.362367385381e-13       3.413268816342e-15      -1.055538322596e-14       1.742136793469e-15       0.000000000000e+00       0.000000000000e+00       0.000000000000e+00 
  288       3.263952503936e-13       3.414538265202e-15      -1.001268933044e-14       1.728221298985e-15       0.000000000000e+00       0.000000000000e+00       0.000000000000e+00 
  289       3.169444836593e-13       3.414455151485e-15      -9.462334928807e-15       1.714026774498e-15       0.000000000000e+00       0.000000000000e+00       0.000000000000e+00 
  290       3.078826636312e-13       3.413029685887e-15      -8.905075010651e-15       1.699568046974e-15       0.000000000000e+00       0.000000000000e+00       0.000000000000e+00 
  291       2.992077538498e-13       3.410272887682e-15      -8.341686342096e-15       1.684860386725e-15       0.000000000000e+00       0.000000000000e+00       0.000000000000e+00 
  292       2.909174531726e-13       3.406196593055e-15      -7.772967652101e-15       1.669919511179e-15       0.000000000000e+00       0.000000000000e+00       0.000000000000e+00 
  293       2.830091928465e-13       3.400813463424e-15      -7.199739818751e-15       1.654761588630e-15       0.000000000000e+00       0.000000000000e+00       0.000000000000e+00 
  294       2.754801335801e-13       3.394136993769e-15      -6.622846055548e-15       1.639403241999e-15       0.000000000000e+00       0.000000000000e+00       0.000000000000e+00 
  295       2.683271626167e-13       3.386181520961e-15      -6.043152097706e-15       1.623861552595e-15       0.000000000000e+00       0.000000000000e+00       0.000000000000e+00 
  296       2.615468908059e-13       3.376962232088e-15      -5.461546388443e-15       1.608154063874e-15       0.000000000000e+00       0.000000000000e+00       0.000000000000e+00 
  297       2.551356496771e-13       3.366495172780e-15      -4.878940265273e-15       1.592298785194e-15       0.000000000000e+00       0.000000000000e+00       0.000000000000e+00 
  298       2.490894885109e-13       3.354797255540e-15      -4.296268146298e-15       1.576314195576e-15       0.000000000000e+00       0.000000000000e+00       0.000000000000e+00 
  299       2.434041714124e-13       3.341886268069e-15      -3.714487716501e-15       1.560219247464e-15       0.000000000000e+00       0.000000000000e+00       0.000000000000e+00 
  300       2.380751743834e-13       3.327780881595e-15      -3.134580114042e-15       1.544033370482e-15       0.000000000000e+00       0.000000000000e+00       0.000000000000e+00 
  301       2.330976823945e-13       3.312500659197e-15      -2.557550116542e-15       1.527776475194e-15       0.000000000000e+00       0.000000000000e+00       0.000000000000e+00 
  302       2.284665864582e-13       3.296066064137e-15      -1.984426327387e-15       1.511468956861e-15       0.000000000000e+00       0.000000000000e+00       0.000000000000e+00 
  303       2.241764807010e-13       3.278498468180e-15      -1.416261362010e-15       1.495131699202e-15       0.000000000000e+00       0.000000000000e+00       0.000000000000e+00 
  304       2.202216594357e-13       3.259820159931e-15      -8.541320341914e-16       1.478786078153e-15       0.000000000000e+00       0.000000000000e+00       0.000000000000e+00 
  305       2.165961142343e-13       3.240054353154e-15      -2.991395423464e-16       1.462453965621e-15       0.000000000000e+00       0.000000000000e+00       0.000000000000e+00 
  306       2.132935310001e-13       3.219225195102e-15       2.475903441794e-16       1.446157733250e-15       0.000000000000e+00       0.000000000000e+00       0.000000000000e+00 
  307       2.103072870403e-13       3.197357774845e-15       7.849070988183e-16       1.429920256174e-15       0.000000000000e+00       0.000000000000e+00       0.000000000000e+00 
  308       2.076304481387e-13       3.174478131599e-15       1.311635251489e-15       1.413764916779e-15       0.000000000000e+00       0.000000000000e+00       0.000000000000e+00 
  309       2.052557656276e-13       3.150613263047e-15       1.826574202301e-15       1.397715608460e-15       0.000000000000e+00       0.000000000000e+00       0.000000000000e+00 
  310       2.031756734608e-13       3.125791133672e-15       2.328498035265e-15       1.381796739383e-15       0.000000000000e+00       0.000000000000e+00       0.000000000000e+00 
  311       2.013822852859e-13       3.100040683083e-15       2.816155332002e-15       1.366033236237e-15       0.000000000000e+00       0.000000000000e+00       0.000000000000e+00 
  312       1.998678785024e-13       3.073391249889e-15       3.288476647253e-15       1.350446989677e-15       0.000000000000e+00       0.000000000000e+00       0.000000000000e+00 
  313       1.986263772657e-13       3.045870796692e-15       3.745207957355e-15       1.335046000627e-15       0.000000000000e+00       0.000000000000e+00       0.000000000000e+00 
  314       1.976519325752e-13       3.017507619005e-15       4.186306239649e-15       1.319834737709e-15       0.000000000000e+00       0.000000000000e+00       0.000000000000e+00 
  315       1.969384391722e-13       2.988330929854e-15       4.611734529134e-15       1.304817649551e-15       0.000000000000e+00       0.000000000000e+00       0.000000000000e+00 
  316       1.964795332115e-13       2.958370867384e-15       5.021461987344e-15       1.289999164173e-15       0.000000000000e+00       0.000000000000e+00       0.000000000000e+00 
  317       1.962685899318e-13       2.927658502476e-15       5.415463971232e-15       1.275383688378e-15       0.000000000000e+00       0.000000000000e+00       0.000000000000e+00 
  318       1.962987213268e-13       2.896225846346e-15       5.793722102054e-15       1.260975607130e-15       0.000000000000e+00       0.000000000000e+00       0.000000000000e+00 
  319       1.965627738159e-13       2.864105858163e-15       6.156224334252e-15       1.246779282947e-15       0.000000000000e+00       0.000000000000e+00       0.000000000000e+00 
  320       1.970533259152e-13       2.831332452654e-15       6.502965024337e-15       1.232799055285e-15       0.000000000000e+00       0.000000000000e+00       0.000000000000e+00 
  321       1.977626859084e-13       2.797940507712e-15       6.833944999769e-15       1.219039239925e-15       0.000000000000e+00       0.000000000000e+00       0.000000000000e+00 
  322       1.986828895176e-13       2.763965872008e-15       7.149171627843e-15       1.205504128358e-15       0.000000000000e+00       0.000000000000e+00       0.000000000000e+00 
  323       1.998056975740e-13       2.729445372596e-15       7.448658884573e-15       1.192197987173e-15       0.000000000000e+00       0.000000000000e+00       0.000000000000e+00 
  324       2.011225936894e-13       2.694416822528e-15       7.732427423570e-15       1.179125057441e-15       0.000000000000e+00       0.000000000000e+00       0.000000000000e+00 
  325       2.026247819262e-13       2.658919028458e-15       8.000504644929e-15       1.166289554104e-15       0.000000000000e+00       0.000000000000e+00       0.000000000000e+00 
  326       2.043031844689e-13       2.622991798252e-15       8.252924764111e-15       1.153695665359e-15       0.000000000000e+00       0.000000000000e+00       0.000000000000e+00 
  327       2.061484392948e-13       2.586675948599e-15       8.489728880826e-15       1.141347552047e-15       0.000000000000e+00       0.000000000000e+00       0.000000000000e+00 
  328       2.081508978449e-13       2.550013312619e-15       8.710965047915e-15       1.129249347037e-15       0.000000000000e+00       0.000000000000e+00       0.000000000000e+00 
  329       2.103006226946e-13       2.513046747470e-15       8.916688340232e-15       1.117405154612e-15       0.000000000000e+00       0.000000000000e+00       0.000000000000e+00 
  330       2.125873852249e-13       2.475820141961e-15       9.106960923530e-15       1.105819049857e-15       0.000000000000e+00       0.000000000000e+00       0.000000000000e+00 
  331       2.150006632928e-13       2.438378424159e-15       9.281852123342e-15       1.094495078045e-15       0.000000000000e+00       0.000000000000e+00       0.000000000000e+00 
  332       2.175296389029e-13       2.400767568997e-15       9.441438493865e-15       1.083437254022e-15       0.000000000000e+00       0.000000000000e+00       0.000000000000e+00 
  333       2.201631958773e-13       2.363034605884e-15       9.585803886839e-15       1.072649561597e-15       0.000000000000e+00       0.000000000000e+00       0.000000000000e+00 
  334       2.228899175276e-13       2.325227626316e-15       9.715039520435e-15       1.062135952921e-15       0.000000000000e+00       0.000000000000e+00       0.000000000000e+00 
  335       2.256980843246e-13       2.287395791481e-15       9.829244048136e-15       1.051900347882e-15       0.000000000000e+00       0.000000000000e+00       0.000000000000e+00 
  336       2.285756715701e-13       2.249589339873e-15       9.928523627620e-15       1.041946633485e-15       0.000000000000e+00       0.000000000000e+00       0.000000000000e+00 
  337       2.315103470675e-13       2.211859594895e-15       1.001299198964e-14       1.032278663242e-15       0.000000000000e+00       0.000000000000e+00       0.000000000000e+00 
  338       2.344894687923e-13       2.174258972474e-15       1.008277050691e-14       1.022900256555e-15       0.000000000000e+00       0.000000000000e+00       0.000000000000e+00 
  339       2.375000825635e-13       2.136840988668e-15       1.013798826300e-14       1.013815198106e-15       0.000000000000e+00       0.000000000000e+00       0.000000000000e+00 
  340       2.405289197143e-13       2.099660267272e-15       1.017878212118e-14       1.005027237240e-15       0.000000000000e+00       0.000000000000e+00       0.000000000000e+00 
  341       2.435623947628e-13       2.062772547431e-15       1.020529679334e-14       9.965400873541e-16       0.000000000000e+00       0.000000000000e+00       0.000000000000e+00 
  342       2.465866030830e-13       2.026234691249e-15       1.021768490889e-14       9.883574252810e-16       0.000000000000e+00       0.000000000000e+00       0.000000000000e+00 
  343       2.495873185757e-13       1.990104691394e-15       1.021610708357e-14       9.804828906781e-16       0.000000000000e+00       0.000000000000e+00       0.000000000000e+00 
  344       2.525499913395e-13       1.954441678713e-15       1.020073198841e-14       9.729200854121e-16       0.000000000000e+00       0.000000000000e+00       0.000000000000e+00 
  345       2.554597453413e-13       1.919305929835e-15       1.017173641856e-14       9.656725729455e-16       0.000000000000e+00       0.000000000000e+00       0.000000000000e+00 
  346       2.583013760875e-13       1.884758874784e-15       1.012930536221e-14       9.587438777236e-16       0.000000000000e+00       0.000000000000e+00       0.000000000000e+00 
  347       2.610593482948e-13       1.850863104589e-15       1.007363206945e-14       9.521374845600e-16       0.000000000000e+00       0.000000000000e+00       0.000000000000e+00 
  348       2.637177935611e-13       1.817682378887e-15       1.000491812116e-14       9.458568380235e-16       0.000000000000e+00       0.000000000000e+00       0.000000000000e+00 
  349       2.662631653447e-13       1.785271528867e-15       9.923387376100e-15       9.399040126348e-16       0.000000000000e+00       0.000000000000e+00       0.000000000000e+00 
  350       2.686923303858e-13       1.753645687607e-15       9.829328310725e-15       9.342756637476e-16       0.000000000000e+00       0.000000000000e+00       0.000000000000e+00 
  351       2.710048088205e-13       1.722809796541e-15       9.723053572957e-15       9.289669072759e-16       0.000000000000e+00       0.000000000000e+00       0.000000000000e+00 
  352       2.732001474792e-13       1.692768592501e-15       9.604886344881e-15       9.239726317944e-16       0.000000000000e+00       0.000000000000e+00       0.000000000000e+00 
  353       2.752779201685e-13       1.663526605398e-15       9.475160425260e-15       9.192874966196e-16       0.000000000000e+00       0.000000000000e+00       0.000000000000e+00 
  354       2.772377279521e-13       1.635088155904e-15       9.334220312050e-15       9.149059298899e-16       0.000000000000e+00       0.000000000000e+00       0.000000000000e+00 
  355       2.790791994324e-13       1.607457353132e-15       9.182421284919e-15       9.108221266462e-16       0.000000000000e+00       0.000000000000e+00       0.000000000000e+00 
  356       2.808019910322e-13       1.580638092322e-15       9.020129487763e-15       9.070300469125e-16       0.000000000000e+00       0.000000000000e+00       0.000000000000e+00 
  357       2.824057872754e-13       1.554634052523e-15       8.847722011224e-15       9.035234137765e-16       0.000000000000e+00       0.000000000000e+00       0.000000000000e+00 
  358       2.838903010694e-13       1.529448694271e-15       8.665586975202e-15       9.002957114700e-16       0.000000000000e+00       0.000000000000e+00       0.000000000000e+00 
  359       2.852552739854e-13       1.505085257275e-15       8.474123611378e-15       8.973401834492e-16       0.000000000000e+00       0.000000000000e+00       0.000000000000e+00 
  360       2.865004765409e-13       1.481546758100e-15       8.273742345729e-15       8.946498304757e-16       0.000000000000e+00       0.000000000000e+00       0.000000000000e+00 
  361       2.876257084802e-13       1.458835987845e-15       8.064864881042e-15       8.922174086967e-16       0.000000000000e+00       0.000000000000e+00       0.000000000000e+00 
  362       2.886307990563e-13       1.436955509830e-15       7.847924279433e-15       8.900354277257e-16       0.000000000000e+00       0.000000000000e+00       0.000000000000e+00 
  363       2.895156073124e-13       1.415907657276e-15       7.623365044866e-15       8.880961487226e-16       0.000000000000e+00       0.000000000000e+00       0.000000000000e+00 
  364       2.902800223629e-13       1.395694530985e-15       7.391643205665e-15       8.863915824749e-16       0.000000000000e+00       0.000000000000e+00       0.000000000000e+00 
  365       2.909239636752e-13       1.376317997027e-15       7.153226397035e-15       8.849134874778e-16       0.000000000000e+00       0.000000000000e+00       0.000000000000e+00 
  366       2.914473813506e-13       1.357779684419e-15       6.908593943577e-15       8.836533680144e-16       0.000000000000e+00       0.000000000000e+00       0.000000000000e+00 
  367       2.918502564066e-13       1.340080982807e-15       6.658236941804e-15       8.826024722372e-16       0.000000000000e+00       0.000000000000e+00       0.000000000000e+00 
  368       2.921326010572e-13       1.323223040152e-15       6.402658342661e-15       8.817517902475e-16       0.000000000000e+00       0.000000000000e+00       0.000000000000e+00 
  369       2.922944589953e-13       1.307206760406e-15       6.142373034037e-15       8.810920521767e-16       0.000000000000e+00       0.000000000000e+00       0.000000000000e+00 
  370       2.923359056735e-13       1.292032801200e-15       5.877907923289e-15       8.806137262666e-16       0.000000000000e+00       0.000000000000e+00       0.000000000000e+00 
  371       2.922570485856e-13       1.277701571524e-15       5.609802019750e-15       8.803070169498e-16       0.000000000000e+00       0.000000000000e+00       0.000000000000e+00 
  372       2.920580275484e-13       1.264213229409e-15       5.338606517252e-15       8.801618629301e-16       0.000000000000e+00       0.000000000000e+00       0.000000000000e+00 
  373       2.917390149825e-13       1.251567679610e-15       5.064884876642e-15       8.801679352636e-16       0.000000000000e+00       0.000000000000e+00       0.000000000000e+00 
  374       2.913002161942e-13       1.239764571285e-15       4.789212908297e-15       8.803146354387e-16       0.000000000000e+00       0.000000000000e+00       0.000000000000e+00 
  375       2.907418696567e-13       1.228803295684e-15       4.512178854642e-15       8.805910934566e-16       0.000000000000e+00       0.000000000000e+00       0.000000000000e+00 
  376       2.900642472916e-13       1.218682983825e-15       4.234383472667e-15       8.809861659121e-16       0.000000000000e+00       0.000000000000e+00       0.000000000000e+00 
  377       2.892676547501e-13       1.209402504178e-15       3.956440116443e-15       8.814884340742e-16       0.000000000000e+00       0.000000000000e+00       0.000000000000e+00 
  378       2.883524316948e-13       1.200960460350e-15       3.678974819640e-15       8.820862019662e-16       0.000000000000e+00       0.000000000000e+00       0.000000000000e+00 
  379       2.873189520807e-13       1.193355188762e-15       3.402626378042e-15       8.827674944463e-16       0.000000000000e+00       0.000000000000e+00       0.000000000000e+00 
  380       2.861676244368e-13       1.186584756337e-15       3.128046432067e-15       8.835200552887e-16       0.000000000000e+00       0.000000000000e+00       0.000000000000e+00 
  381       2.848988921477e-13       1.180646958178e-15       2.855899549281e-15       8.843313452634e-16       0.000000000000e+00       0.000000000000e+00       0.000000000000e+00 
  382       2.835132337345e-13       1.175539315251e-15       2.586863306914e-15       8.851885402171e-16       0.000000000000e+00       0.000000000000e+00       0.000000000000e+00 
  383       2.820111631369e-13       1.171259072070e-15       2.321628374380e-15       8.860785291534e-16       0.000000000000e+00       0.000000000000e+00       0.000000000000e+00 
  384       2.803932299938e-13       1.167803194376e-15       2.060898595794e-15       8.869879123140e-16       0.000000000000e+00       0.000000000000e+00       0.000000000000e+00 
  385       2.786600199255e-13       1.165168366819e-15       1.805391072485e-15       8.879029992584e-16       0.000000000000e+00       0.000000000000e+00       0.000000000000e+00 
  386       2.768121548147e-13       1.163350990645e-15       1.555836245515e-15       8.888098069449e-16       0.000000000000e+00       0.000000000000e+00       0.000000000000e+00 
  387       2.748502930877e-13       1.162347181372e-15       1.312977978198e-15       8.896940578111e-16       0.000000000000e+00       0.000000000000e+00       0.000000000000e+00 
  388       2.727755227513e-13       1.162150389711e-15       1.077450909738e-15       8.905432592396e-16       0.000000000000e+00       0.000000000000e+00       0.000000000000e+00 
  389       2.705905561343e-13       1.162744170935e-15       8.494072901474e-16       8.913530316255e-16       0.000000000000e+00       0.000000000000e+00       0.000000000000e+00 
  390       2.682985803883e-13       1.164109140494e-15       6.288763487472e-16       8.921210132478e-16       0.000000000000e+00       0.000000000000e+00       0.000000000000e+00 
  391       2.659028693599e-13       1.166225322162e-15       4.158857476150e-16       8.928447999950e-16       0.000000000000e+00       0.000000000000e+00       0.000000000000e+00 
  392       2.634067841841e-13       1.169072143832e-15       2.104615665244e-16       8.935219450996e-16       0.000000000000e+00       0.000000000000e+00       0.000000000000e+00 
  393       2.608137738783e-13       1.172628433307e-15       1.262828788573e-17       8.941499588740e-16       0.000000000000e+00       0.000000000000e+00       0.000000000000e+00 
  394       2.581273759357e-13       1.176872414093e-15      -1.775912183145e-16       8.947263084456e-16       0.000000000000e+00       0.000000000000e+00       0.000000000000e+00 
  395       2.553512169193e-13       1.181781701192e-15      -3.601757095735e-16       8.952484174924e-16       0.000000000000e+00       0.000000000000e+00       0.000000000000e+00 
  396       2.524890130552e-13       1.187333296895e-15      -5.351055859319e-16       8.957136659779e-16       0.000000000000e+00       0.000000000000e+00       0.000000000000e+00 
  397       2.495445708266e-13       1.193503586573e-15      -7.023629050339e-16       8.961193898869e-16       0.000000000000e+00       0.000000000000e+00       0.000000000000e+00 
  398       2.465217875671e-13       1.200268334469e-15      -8.619313971875e-16       8.964628809606e-16       0.000000000000e+00       0.000000000000e+00       0.000000000000e+00 
  399       2.434246520550e-13       1.207602679496e-15      -1.013796480424e-15       8.967413864321e-16       0.000000000000e+00       0.000000000000e+00       0.000000000000e+00 
  400       2.402572451061e-13       1.215481131022e-15      -1.157945275558e-15       8.969521087615e-16       0.000000000000e+00       0.000000000000e+00       0.000000000000e+00 
  401       2.370237401683e-13       1.223877564667e-15      -1.294366621249e-15       8.970922053714e-16       0.000000000000e+00       0.000000000000e+00       0.000000000000e+00 
  402       2.337284039145e-13       1.232765218095e-15      -1.423051089058e-15       8.971587883825e-16       0.000000000000e+00       0.000000000000e+00       0.000000000000e+00 
  403       2.303755968369e-13       1.242116686808e-15      -1.543990998511e-15       8.971489243484e-16       0.000000000000e+00       0.000000000000e+00       0.000000000000e+00 
  404       2.269697738400e-13       1.251903919933e-15      -1.657180432157e-15       8.970596339914e-16       0.000000000000e+00       0.000000000000e+00       0.000000000000e+00 
  405       2.235154848349e-13       1.262098216022e-15      -1.762615250627e-15       8.968878919377e-16       0.000000000000e+00       0.000000000000e+00       0.000000000000e+00 
  406       2.200173753329e-13       1.272670218839e-15      -1.860293107699e-15       8.966306264526e-16       0.000000000000e+00       0.000000000000e+00       0.000000000000e+00 
  407       2.164801870385e-13       1.283589913156e-15      -1.950213465350e-15       8.962847191763e-16       0.000000000000e+00       0.000000000000e+00       0.000000000000e+00 
  408       2.129087584441e-13       1.294826620542e-15      -2.032377608823e-15       8.958470048585e-16       0.000000000000e+00       0.000000000000e+00       0.000000000000e+00 
  409       2.093080254227e-13       1.306348995161e-15      -2.106788661685e-15       8.953142710945e-16       0.000000000000e+00       0.000000000000e+00       0.000000000000e+00 
  410       2.056830218224e-13       1.318125019558e-15      -2.173451600885e-15       8.946832580601e-16       0.000000000000e+00       0.000000000000e+00       0.000000000000e+00 
  411       2.020388800595e-13       1.330122000457e-15      -2.232373271815e-15       8.939506582471e-16       0.000000000000e+00       0.000000000000e+00       0.000000000000e+00 
  412       1.983808317124e-13       1.342306564550e-15      -2.283562403371e-15       8.931131161986e-16       0.000000000000e+00       0.000000000000e+00       0.000000000000e+00 
  413       1.947142081153e-13       1.354644654293e-15      -2.327029623012e-15       8.921672282444e-16       0.000000000000e+00       0.000000000000e+00       0.000000000000e+00 
  414       1.910444409517e-13       1.367101523694e-15      -2.362787471821e-15       8.911095422364e-16       0.000000000000e+00       0.000000000000e+00       0.000000000000e+00 
  415       1.873770628483e-13       1.379641734110e-15      -2.390850419564e-15       8.899365572836e-16       0.000000000000e+00       0.000000000000e+00       0.000000000000e+00 
  416       1.837177079685e-13       1.392229150038e-15      -2.411234879749e-15       8.886447234879e-16       0.000000000000e+00       0.000000000000e+00       0.000000000000e+00 
  417       1.800721126063e-13       1.404826934905e-15      -2.423959224689e-15       8.872304416793e-16       0.000000000000e+00       0.000000000000e+00       0.000000000000e+00 
  418       1.764461157797e-13       1.417397546866e-15      -2.429043800559e-15       8.856900631512e-16       0.000000000000e+00       0.000000000000e+00       0.000000000000e+00 
  419       1.728456598244e-13       1.429902734590e-15      -2.426510942458e-15       8.840198893955e-16       0.000000000000e+00       0.000000000000e+00       0.000000000000e+00 
  420       1.692767909878e-13       1.442303533060e-15      -2.416384989467e-15       8.822161718384e-16       0.000000000000e+00       0.000000000000e+00       0.000000000000e+00 
  421       1.657456600222e-13       1.454560259358e-15      -2.398692299711e-15       8.802751115756e-16       0.000000000000e+00       0.000000000000e+00       0.000000000000e+00 
  422       1.622585227789e-13       1.466632508462e-15      -2.373461265420e-15       8.781928591075e-16       0.000000000000e+00       0.000000000000e+00       0.000000000000e+00 
  423       1.588217408016e-13       1.478479149040e-15      -2.340722327982e-15       8.759655140747e-16       0.000000000000e+00       0.000000000000e+00       0.000000000000e+00 
  424       1.554417819203e-13       1.490058319238e-15      -2.300507993014e-15       8.735891249931e-16       0.000000000000e+00       0.000000000000e+00       0.000000000000e+00 
  425       1.521252208445e-13       1.501327422476e-15      -2.252852845411e-15       8.710596889896e-16       0.000000000000e+00       0.000000000000e+00       0.000000000000e+00 
  426       1.488787397576e-13       1.512243123237e-15      -2.197793564415e-15       8.683731515373e-16       0.000000000000e+00       0.000000000000e+00       0.000000000000e+00 
  427       1.457080078482e-13       1.522768037368e-15      -2.135394588985e-15       8.655266349418e-16       0.000000000000e+00       0.000000000000e+00       0.000000000000e+00 
  428       1.426142767113e-13       1.532891062218e-15      -2.065826044942e-15       8.625221703719e-16       0.000000000000e+00       0.000000000000e+00       0.000000000000e+00 
  429       1.395976702840e-13       1.542607729891e-15      -1.989288498649e-15       8.593630922788e-16       0.000000000000e+00       0.000000000000e+00       0.000000000000e+00 
  430       1.366582953002e-13       1.551913575427e-15      -1.905987578041e-15       8.560528216575e-16       0.000000000000e+00       0.000000000000e+00       0.000000000000e+00 
  431       1.337962411481e-13       1.560804136983e-15      -1.816134004522e-15       8.525948665887e-16       0.000000000000e+00       0.000000000000e+00       0.000000000000e+00 
  432       1.310115797274e-13       1.569274956029e-15      -1.719943624874e-15       8.489928227811e-16       0.000000000000e+00       0.000000000000e+00       0.000000000000e+00 
  433       1.283043653075e-13       1.577321577532e-15      -1.617637443154e-15       8.452503741136e-16       0.000000000000e+00       0.000000000000e+00       0.000000000000e+00 
  434       1.256746343845e-13       1.584939550145e-15      -1.509441652600e-15       8.413712931776e-16       0.000000000000e+00       0.000000000000e+00       0.000000000000e+00 
  435       1.231224055392e-13       1.592124426397e-15      -1.395587667529e-15       8.373594418187e-16       0.000000000000e+00       0.000000000000e+00       0.000000000000e+00 
  436       1.206476792944e-13       1.598871762879e-15      -1.276312155246e-15       8.332187716794e-16       0.000000000000e+00       0.000000000000e+00       0.000000000000e+00 
  437       1.182504379725e-13       1.605177120432e-15      -1.151857067938e-15       8.289533247409e-16       0.000000000000e+00       0.000000000000e+00       0.000000000000e+00 
  438       1.159306455533e-13       1.611036064338e-15      -1.022469674585e-15       8.245672338653e-16       0.000000000000e+00       0.000000000000e+00       0.000000000000e+00 
  439       1.136882475312e-13       1.616444164506e-15      -8.884025928542e-16       8.200647233381e-16       0.000000000000e+00       0.000000000000e+00       0.000000000000e+00 
  440       1.115231707730e-13       1.621396995661e-15      -7.499138210084e-16       8.154501094099e-16       0.000000000000e+00       0.000000000000e+00       0.000000000000e+00 
  441       1.094353233755e-13       1.625890137531e-15      -6.072667698052e-16       8.107278008386e-16       0.000000000000e+00       0.000000000000e+00       0.000000000000e+00 
  442       1.074245945231e-13       1.629919175040e-15      -4.607302944002e-16       8.059022994322e-16       0.000000000000e+00       0.000000000000e+00       0.000000000000e+00 
  443       1.054908543450e-13       1.633479698488e-15      -3.105787262494e-16       8.009782005900e-16       0.000000000000e+00       0.000000000000e+00       0.000000000000e+00 
  444       1.036339537734e-13       1.636567303749e-15      -1.570919050112e-16       7.959601938456e-16       0.000000000000e+00       0.000000000000e+00       0.000000000000e+00 
  445       1.018537244003e-13       1.639177592449e-15      -5.552104489040e-19       7.908530634084e-16       0.000000000000e+00       0.000000000000e+00       0.000000000000e+00 
  446       1.001499783360e-13       1.641306172164e-15       1.587404056669e-16       7.856616887063e-16       0.000000000000e+00       0.000000000000e+00       0.000000000000e+00 
  447       9.852250806565e-14       1.642948656602e-15       3.204983876561e-16       7.803910449275e-16       0.000000000000e+00       0.000000000000e+00       0.000000000000e+00 
  448       9.697108630766e-14       1.644100665792e-15       4.844165440268e-16       7.750462035628e-16       0.000000000000e+00       0.000000000000e+00       0.000000000000e+00 
  449       9.549546587083e-14       1.644757826276e-15       6.501870155731e-16       7.696323329479e-16       0.000000000000e+00       0.000000000000e+00       0.000000000000e+00 
  450       9.409537951203e-14       1.644915771292e-15       8.174962434723e-16       7.641546988052e-16       0.000000000000e+00       0.000000000000e+00       0.000000000000e+00 
  451       9.277053979378e-14       1.644570140967e-15       9.860249373832e-16       7.586186647863e-16       0.000000000000e+00       0.000000000000e+00       0.000000000000e+00 
  452       9.152063894181e-14       1.643716582501e-15       1.155448043543e-15       7.530296930139e-16       0.000000000000e+00       0.000000000000e+00       0.000000000000e+00 
  453       9.034534870264e-14       1.642350750360e-15       1.325434712867e-15       7.473933446243e-16       0.000000000000e+00       0.000000000000e+00       0.000000000000e+00 
  454       8.924432020113e-14       1.640468306460e-15       1.495648269043e-15       7.417152803092e-16       0.000000000000e+00       0.000000000000e+00       0.000000000000e+00 
  455       8.821718379806e-14       1.638064920357e-15       1.665746176630e-15       7.360012608581e-16       0.000000000000e+00       0.000000000000e+00       0.000000000000e+00 
  456       8.726354894773e-14       1.635136269435e-15       1.835380009160e-15       7.302571477004e-16       0.000000000000e+00       0.000000000000e+00       0.000000000000e+00 
  457       8.638300405546e-14       1.631678039097e-15       2.004195417230e-15       7.244889034473e-16       0.000000000000e+00       0.000000000000e+00       0.000000000000e+00 
  458       8.557511633523e-14       1.627685922948e-15       2.171832096601e-15       7.187025924344e-16       0.000000000000e+00       0.000000000000e+00       0.000000000000e+00 
  459       8.483943166723e-14       1.623155622987e-15       2.337923756300e-15       7.129043812638e-16       0.000000000000e+00       0.000000000000e+00       0.000000000000e+00 
  460       8.417547445541e-14       1.618082849794e-15       2.502098086710e-15       7.071005393459e-16       0.000000000000e+00       0.000000000000e+00       0.000000000000e+00 
  461       8.358274748507e-14       1.612463322719e-15       2.663976727676e-15       7.012974394418e-16       0.000000000000e+00       0.000000000000e+00       0.000000000000e+00 
  462       8.306073178043e-14       1.606292770070e-15       2.823175236597e-15       6.955015582055e-16       0.000000000000e+00       0.000000000000e+00       0.000000000000e+00 
  463       8.260888646217e-14       1.599566929301e-15       2.979303056525e-15       6.897194767260e-16       0.000000000000e+00       0.000000000000e+00       0.000000000000e+00 
  464       8.222664860507e-14       1.592281547200e-15       3.131963484264e-15       6.839578810695e-16       0.000000000000e+00       0.000000000000e+00       0.000000000000e+00 
  465       8.191343309550e-14       1.584432380079e-15       3.280753638466e-15       6.782235628215e-16       0.000000000000e+00       0.000000000000e+00       0.000000000000e+00 
  466       8.166843246337e-14       1.576018404814e-15       3.425329252109e-15       6.725225669933e-16       0.000000000000e+00       0.000000000000e+00       0.000000000000e+00 
  467       8.149000979478e-14       1.567051561843e-15       3.565601339467e-15       6.668576053825e-16       0.000000000000e+00       0.000000000000e+00       0.000000000000e+00 
  468       8.137628659835e-14       1.557547316514e-15       3.701545602173e-15       6.612305635788e-16       0.000000000000e+00       0.000000000000e+00       0.000000000000e+00 
  469       8.132534086664e-14       1.547521477662e-15       3.833138163337e-15       6.556433463766e-16       0.000000000000e+00       0.000000000000e+00       0.000000000000e+00 
  470       8.133520682351e-14       1.536990199565e-15       3.960355571380e-15       6.500978778470e-16       0.000000000000e+00       0.000000000000e+00       0.000000000000e+00 
  471       8.140387467133e-14       1.525969983907e-15       4.083174803882e-15       6.445961014096e-16       0.000000000000e+00       0.000000000000e+00       0.000000000000e+00 
  472       8.152929033831e-14       1.514477681734e-15       4.201573271425e-15       6.391399799048e-16       0.000000000000e+00       0.000000000000e+00       0.000000000000e+00 
  473       8.170935522571e-14       1.502530495412e-15       4.315528821431e-15       6.337314956654e-16       0.000000000000e+00       0.000000000000e+00       0.000000000000e+00 
  474       8.194192595516e-14       1.490145980590e-15       4.425019742011e-15       6.283726505893e-16       0.000000000000e+00       0.000000000000e+00       0.000000000000e+00 
  475       8.222481411592e-14       1.477342048152e-15       4.530024765804e-15       6.230654662105e-16       0.000000000000e+00       0.000000000000e+00       0.000000000000e+00 
  476       8.255578601214e-14       1.464136966185e-15       4.630523073820e-15       6.178119837720e-16       0.000000000000e+00       0.000000000000e+00       0.000000000000e+00 
  477       8.293256241016e-14       1.450549361927e-15       4.726494299283e-15       6.126142642975e-16       0.000000000000e+00       0.000000000000e+00       0.000000000000e+00 
  478       8.335281828576e-14       1.436598223736e-15       4.817918531476e-15       6.074743886633e-16       0.000000000000e+00       0.000000000000e+00       0.000000000000e+00 
  479       8.381418257144e-14       1.422302903041e-15       4.904776319581e-15       6.023944576702e-16       0.000000000000e+00       0.000000000000e+00       0.000000000000e+00 
  480       8.431423790369e-14       1.407683116306e-15       4.987048676523e-15       5.973765921160e-16       0.000000000000e+00       0.000000000000e+00       0.000000000000e+00 
  481       8.485052037030e-14       1.392758946985e-15       5.064717082814e-15       5.924229328669e-16       0.000000000000e+00       0.000000000000e+00       0.000000000000e+00 
  482       8.542051925755e-14       1.377550847483e-15       5.137763490391e-15       5.875356409300e-16       0.000000000000e+00       0.000000000000e+00       0.000000000000e+00 
  483       8.602167679758e-14       1.362079641115e-15       5.206170326467e-15       5.827168975250e-16       0.000000000000e+00       0.000000000000e+00       0.000000000000e+00 
  484       8.665138791560e-14       1.346366524063e-15       5.269920497365e-15       5.779689041564e-16       0.000000000000e+00       0.000000000000e+00       0.000000000000e+00 
  485       8.730699997717e-14       1.330433067336e-15       5.328997392368e-15       5.732938826853e-16       0.000000000000e+00       0.000000000000e+00       0.000000000000e+00 
  486       8.798581253550e-14       1.314301218729e-15       5.383384887557e-15       5.686940754016e-16       0.000000000000e+00       0.000000000000e+00       0.000000000000e+00 
  487       8.868507707871e-14       1.297993304782e-15       5.433067349656e-15       5.641717450958e-16       0.000000000000e+00       0.000000000000e+00       0.000000000000e+00 
  488       8.940199677709e-14       1.281532032737e-15       5.478029639874e-15       5.597291751312e-16       0.000000000000e+00       0.000000000000e+00       0.000000000000e+00 
  489       9.013372623040e-14       1.264940492498e-15       5.518257117749e-15       5.553686695160e-16       0.000000000000e+00       0.000000000000e+00       0.000000000000e+00 
  490       9.087737121510e-14       1.248242158590e-15       5.553735644990e-15       5.510925529748e-16       0.000000000000e+00       0.000000000000e+00       0.000000000000e+00 
  491       9.162998843168e-14       1.231460892119e-15       5.584451589318e-15       5.469031710212e-16       0.000000000000e+00       0.000000000000e+00       0.000000000000e+00 
  492       9.238858525190e-14       1.214620942725e-15       5.610391828313e-15       5.428028900294e-16       0.000000000000e+00       0.000000000000e+00       0.000000000000e+00 
  493       9.315011946604e-14       1.197746950551e-15       5.631543753252e-15       5.387940973065e-16       0.000000000000e+00       0.000000000000e+00       0.000000000000e+00 
  494       9.391149903024e-14       1.180863948191e-15       5.647895272957e-15       5.348792011643e-16       0.000000000000e+00       0.000000000000e+00       0.000000000000e+00 
  495       9.466958181371e-14       1.163997362655e-15       5.659434817633e-15       5.310606309912e-16       0.000000000000e+00       0.000000000000e+00       0.000000000000e+00 
  496       9.542117534603e-14       1.147173017329e-15       5.666151342712e-15       5.273408373246e-16       0.000000000000e+00       0.000000000000e+00       0.000000000000e+00 
  497       9.616303656443e-14       1.130417133927e-15       5.668034332700e-15       5.237222919226e-16       0.000000000000e+00       0.000000000000e+00       0.000000000000e+00 
  498       9.689187156105e-14       1.113756334457e-15       5.665073805013e-15       5.202074878361e-16       0.000000000000e+00       0.000000000000e+00       0.000000000000e+00 
  499       9.760433533020e-14       1.097217643176e-15       5.657260313825e-15       5.167989394806e-16       0.000000000000e+00       0.000000000000e+00       0.000000000000e+00 
  500       9.829703151569e-14       1.080828488549e-15       5.644584953909e-15       5.134991827086e-16       0.000000000000e+00       0.000000000000e+00       0.000000000000e+00 
