# Matter power spectrum P(k) at redshift z=0
# for k=1.03828e-05 to 108.825 h/Mpc,
# number of wavenumbers equal to 813
#    1:k (h/Mpc)              2:P (Mpc/h)^3        
       1.038280408088e-05       5.125946567781e+01 
       2.319621331819e-05       1.110634139282e+02 
       3.605418047140e-05       1.697475911388e+02 
       4.899093821692e-05       2.279703456718e+02 
       6.204127928559e-05       2.861013135682e+02 
       7.524086346702e-05       3.444144839496e+02 
       8.862653432867e-05       4.031422090695e+02 
       1.022366498216e-04       4.624971607008e+02 
       1.161114309768e-04       5.226835674377e+02 
       1.302933329302e-04       5.839039266563e+02 
       1.448274425204e-04       6.463636305922e+02 
       1.597619066523e-04       7.102745102617e+02 
       1.751483954535e-04       7.758578326946e+02 
       1.910426039087e-04       8.433470108983e+02 
       2.075047950409e-04       9.129901731997e+02 
       2.246003867063e-04       9.850526955555e+02 
       2.424005825081e-04       1.059819725752e+03 
       2.609830450254e-04       1.137598719042e+03 
       2.804326062259e-04       1.218721972138e+03 
       3.008420052850e-04       1.303549121603e+03 
       3.223126377126e-04       1.392469518963e+03 
       3.449552912961e-04       1.485904388346e+03 
       3.688908335588e-04       1.584308592103e+03 
       3.942508019290e-04       1.688171798240e+03 
       4.211778316147e-04       1.798018787178e+03 
       4.498258377209e-04       1.914408516015e+03 
       4.803598486087e-04       2.037931583953e+03 
       5.129553691711e-04       2.169205572917e+03 
       5.477971392924e-04       2.308867841221e+03 
       5.850771496516e-04       2.457565209027e+03 
       6.249917911014e-04       2.615940270535e+03 
       6.677380526826e-04       2.784614056659e+03 
       7.135087534068e-04       2.964165265159e+03 
       7.624868968117e-04       3.155106627855e+03 
       8.148393700181e-04       3.357859556160e+03 
       8.707103551033e-04       3.572728712163e+03 
       9.302149532168e-04       3.799878681995e+03 
       9.934336065143e-04       4.039315206278e+03 
       1.060407906282e-03       4.290873073725e+03 
       1.131138277637e-03       4.554212812489e+03 
       1.205583836329e-03       4.828826565825e+03 
       1.283664454065e-03       5.114053499510e+03 
       1.365264798774e-03       5.409093550937e+03 
       1.450239893200e-03       5.713031158935e+03 
       1.538421602407e-03       6.024931986686e+03 
       1.629625434496e-03       6.343792821274e+03 
       1.723657107061e-03       6.668599025748e+03 
       1.820318462836e-03       6.998349202116e+03 
       1.919412473791e-03       7.332075011693e+03 
       2.020747220875e-03       7.668856162588e+03 
       2.124138855846e-03       8.007831142975e+03 
       2.229413633773e-03       8.348203467367e+03 
       2.336409151085e-03       8.689244726330e+03 
       2.444974941276e-03       9.030294573548e+03 
       2.554972577244e-03       9.370759122623e+03 
       2.666275413929e-03       9.710107613409e+03 
       2.778768083838e-03       1.004786903922e+04 
       2.892345835703e-03       1.038362593054e+04 
       3.006913785596e-03       1.071701225991e+04 
       3.122386131645e-03       1.104770728153e+04 
       3.238685368634e-03       1.137543130713e+04 
       3.355741526979e-03       1.169993941096e+04 
       3.473491451655e-03       1.202102257408e+04 
       3.591878130060e-03       1.233849770691e+04 
       3.710850073071e-03       1.265221216460e+04 
       3.830360750308e-03       1.296203080901e+04 
       3.950368078420e-03       1.326784330846e+04 
       4.070833959858e-03       1.356955668569e+04 
       4.191723868806e-03       1.386709061661e+04 
       4.313006480523e-03       1.416038833735e+04 
       4.434653340262e-03       1.444939159556e+04 
       4.556638567955e-03       1.473406923915e+04 
       4.678938595067e-03       1.501438803922e+04 
       4.801531930212e-03       1.529032820140e+04 
       4.924398950434e-03       1.556188040787e+04 
       5.047521715316e-03       1.582903486472e+04 
       5.170883801356e-03       1.609179689965e+04 
       5.294470154327e-03       1.635017273057e+04 
       5.418266957569e-03       1.660417016828e+04 
       5.542261514402e-03       1.685380652123e+04 
       5.666442143046e-03       1.709909409893e+04 
       5.790798082625e-03       1.734006001839e+04 
       5.915319408991e-03       1.757673522716e+04 
       6.039996959266e-03       1.780916942547e+04 
       6.164822264117e-03       1.803732436728e+04 
       6.289787486891e-03       1.826118729572e+04 
       6.414885368872e-03       1.848100243786e+04 
       6.540109179952e-03       1.869658490095e+04 
       6.665452674162e-03       1.890793805386e+04 
       6.790910049503e-03       1.911532362885e+04 
       6.916475911639e-03       1.931866171253e+04 
       7.042145241032e-03       1.951799867255e+04 
       7.167913363160e-03       1.971336482869e+04 
       7.293775921489e-03       1.990479116038e+04 
       7.419728852928e-03       2.009233640693e+04 
       7.545768365505e-03       2.027602566185e+04 
       7.671890918041e-03       2.045589925011e+04 
       7.798093201618e-03       2.063199716610e+04 
       7.924372122682e-03       2.080436029635e+04 
       8.050724787593e-03       2.097302013091e+04 
       8.177148488507e-03       2.113802268284e+04 
       8.303640690448e-03       2.129939995233e+04 
       8.430199019463e-03       2.145720069515e+04 
       8.556821251758e-03       2.161146196153e+04 
       8.683505303725e-03       2.176221675314e+04 
       8.810249222776e-03       2.190950707833e+04 
       8.937051178911e-03       2.205336719145e+04 
       9.063909456959e-03       2.219383128649e+04 
       9.190822449429e-03       2.233095976907e+04 
       9.317788649911e-03       2.246478168151e+04 
       9.444806646999e-03       2.259531895354e+04 
       9.571875118665e-03       2.272261369969e+04 
       9.698992827067e-03       2.284671747183e+04 
       9.826158613748e-03       2.296764978043e+04 
       9.953371395184e-03       2.308545685302e+04 
       1.008063015867e-02       2.320017044950e+04 
       1.020793395852e-02       2.331181995129e+04 
       1.033528191249e-02       2.342045823127e+04 
       1.046267319854e-02       2.352608720756e+04 
       1.059010705176e-02       2.362878341281e+04 
       1.071758276155e-02       2.372856307339e+04 
       1.084509966901e-02       2.382545327435e+04 
       1.097265716446e-02       2.391948990381e+04 
       1.110025468521e-02       2.401072977745e+04 
       1.122789171343e-02       2.409914849888e+04 
       1.135556777419e-02       2.418484652925e+04 
       1.148328243362e-02       2.426781466646e+04 
       1.161103529724e-02       2.434808219552e+04 
       1.173882600838e-02       2.442571878001e+04 
       1.186665424668e-02       2.450071993938e+04 
       1.199451972674e-02       2.457313182177e+04 
       1.212242219685e-02       2.464297628100e+04 
       1.225036143781e-02       2.471027582147e+04 
       1.237833726183e-02       2.477510915681e+04 
       1.250634951149e-02       2.483745526620e+04 
       1.263439805884e-02       2.489735490372e+04 
       1.276248280445e-02       2.495484458232e+04 
       1.289060367667e-02       2.500996272741e+04 
       1.301876063083e-02       2.506272246169e+04 
       1.314695364854e-02       2.511316037769e+04 
       1.327518273708e-02       2.516130030414e+04 
       1.340344792875e-02       2.520716980964e+04 
       1.353174928041e-02       2.525080178037e+04 
       1.366008687287e-02       2.529223702976e+04 
       1.378846081053e-02       2.533147442840e+04 
       1.391687122089e-02       2.536854699179e+04 
       1.404531825421e-02       2.540350117146e+04 
       1.417380208315e-02       2.543636118752e+04 
       1.430232290246e-02       2.546713820899e+04 
       1.443088092871e-02       2.549585656927e+04 
       1.455947640004e-02       2.552256187003e+04 
       1.468810957591e-02       2.554726107027e+04 
       1.481678073699e-02       2.556999899033e+04 
       1.494549018492e-02       2.559078997394e+04 
       1.507423824222e-02       2.560964521976e+04 
       1.520302525216e-02       2.562660928815e+04 
       1.533185157871e-02       2.564170835638e+04 
       1.546071760642e-02       2.565496883067e+04 
       1.558962374043e-02       2.566639317494e+04 
       1.571857040643e-02       2.567602176659e+04 
       1.584755805068e-02       2.568388058746e+04 
       1.597658714003e-02       2.568998542180e+04 
       1.610565816193e-02       2.569435978835e+04 
       1.623477162455e-02       2.569703803620e+04 
       1.636392805684e-02       2.569802609078e+04 
       1.649312800862e-02       2.569737386052e+04 
       1.662237205071e-02       2.569508320376e+04 
       1.675166077506e-02       2.569118165799e+04 
       1.688099479493e-02       2.568568858180e+04 
       1.701037474504e-02       2.567863576402e+04 
       1.713980128178e-02       2.567002632293e+04 
       1.726927508338e-02       2.565990743047e+04 
       1.739879685018e-02       2.564828055507e+04 
       1.752836730484e-02       2.563520064332e+04 
       1.765798719262e-02       2.562065191336e+04 
       1.778765728164e-02       2.560464783787e+04 
       1.791737836316e-02       2.558725497086e+04 
       1.804715125192e-02       2.556845391812e+04 
       1.817697678645e-02       2.554830698267e+04 
       1.830685582939e-02       2.552678316567e+04 
       1.843678926787e-02       2.550394254015e+04 
       1.856677801388e-02       2.547979228613e+04 
       1.869682300468e-02       2.545436345362e+04 
       1.882692520315e-02       2.542764015023e+04 
       1.895708559829e-02       2.539969718882e+04 
       1.908730520560e-02       2.537052184220e+04 
       1.921758506760e-02       2.534010824626e+04 
       1.934792625426e-02       2.530852057280e+04 
       1.947832986351e-02       2.527577082720e+04 
       1.960879702176e-02       2.524187378377e+04 
       1.973932888445e-02       2.520681684760e+04 
       1.986992663657e-02       2.517068636278e+04 
       2.000059149327e-02       2.513342344765e+04 
       2.013132470041e-02       2.509511234689e+04 
       2.026212753521e-02       2.505572547588e+04 
       2.039300130687e-02       2.501531897326e+04 
       2.052394735723e-02       2.497386156764e+04 
       2.065496706142e-02       2.493143387547e+04 
       2.078606182861e-02       2.488799846857e+04 
       2.091723310267e-02       2.484359394362e+04 
       2.104848236299e-02       2.479826855847e+04 
       2.117981112515e-02       2.475198105594e+04 
       2.131122094182e-02       2.470477438508e+04 
       2.144271340350e-02       2.465671250313e+04 
       2.157429013939e-02       2.460772405867e+04 
       2.170595281829e-02       2.455791838770e+04 
       2.183770314943e-02       2.450718819211e+04 
       2.196954288349e-02       2.445570127184e+04 
       2.210147381345e-02       2.440336040409e+04 
       2.223349777568e-02       2.435022551499e+04 
       2.236561665087e-02       2.429632015468e+04 
       2.249783236513e-02       2.424162316853e+04 
       2.263014689106e-02       2.418620629320e+04 
       2.276256224885e-02       2.413004585701e+04 
       2.289508050745e-02       2.407309647503e+04 
       2.302770378575e-02       2.401556799762e+04 
       2.316043425380e-02       2.395718530172e+04 
       2.329327413406e-02       2.389834416499e+04 
       2.342622570272e-02       2.383872773450e+04 
       2.355929129106e-02       2.377847990387e+04 
       2.369247328678e-02       2.371759520142e+04 
       2.382577413549e-02       2.365609406620e+04 
       2.395919634214e-02       2.359396817084e+04 
       2.409274247256e-02       2.353127740885e+04 
       2.422641515506e-02       2.346801568128e+04 
       2.436021708199e-02       2.340419301976e+04 
       2.449415101147e-02       2.333982890974e+04 
       2.462821976911e-02       2.327488038757e+04 
       2.476242624976e-02       2.320951790730e+04 
       2.489677341941e-02       2.314353584915e+04 
       2.503126431705e-02       2.307715659004e+04 
       2.516590205666e-02       2.301021950200e+04 
       2.530068982925e-02       2.294282733565e+04 
       2.543563090495e-02       2.287500144749e+04 
       2.557072863520e-02       2.280678172950e+04 
       2.570598645499e-02       2.273806030476e+04 
       2.584140788517e-02       2.266893813750e+04 
       2.597699653488e-02       2.259939241995e+04 
       2.611275610403e-02       2.252957508846e+04 
       2.624869038588e-02       2.245918209840e+04 
       2.638480326969e-02       2.238852513846e+04 
       2.652109874347e-02       2.231749325093e+04 
       2.665758089689e-02       2.224608331738e+04 
       2.679425392416e-02       2.217443437386e+04 
       2.693112212716e-02       2.210235954679e+04 
       2.706818991859e-02       2.203000681078e+04 
       2.720546182524e-02       2.195733835671e+04 
       2.734294249144e-02       2.188440752854e+04 
       2.748063668257e-02       2.181115582939e+04 
       2.761854928873e-02       2.173760168614e+04 
       2.775668532856e-02       2.166385347056e+04 
       2.789504995318e-02       2.158979629016e+04 
       2.803364845027e-02       2.151551376850e+04 
       2.817248624836e-02       2.144103732326e+04 
       2.831156892123e-02       2.136633090757e+04 
       2.845090219249e-02       2.129134098388e+04 
       2.859049194037e-02       2.121618348745e+04 
       2.873034420268e-02       2.114076281762e+04 
       2.887046518194e-02       2.106525352572e+04 
       2.901086125076e-02       2.098951949643e+04 
       2.915153895744e-02       2.091359060949e+04 
       2.929250503171e-02       2.083756012578e+04 
       2.943376639084e-02       2.076131895439e+04 
       2.957533014591e-02       2.068494342674e+04 
       2.971720360834e-02       2.060845069979e+04 
       2.985939429677e-02       2.053181364051e+04 
       3.000190994414e-02       2.045504036816e+04 
       3.014475850513e-02       2.037816663850e+04 
       3.028794816390e-02       2.030114483526e+04 
       3.043148734220e-02       2.022405950080e+04 
       3.057538470775e-02       2.014689487383e+04 
       3.071964918313e-02       2.006958398431e+04 
       3.086428995489e-02       1.999220869413e+04 
       3.100931648327e-02       1.991479527380e+04 
       3.115473851218e-02       1.983720924696e+04 
       3.130056607974e-02       1.975964806759e+04 
       3.144680952932e-02       1.968207741598e+04 
       3.159347952101e-02       1.960433747450e+04 
       3.174058704371e-02       1.952662627001e+04 
       3.188814342776e-02       1.944882792212e+04 
       3.203616035823e-02       1.937108660982e+04 
       3.218464988872e-02       1.929318071548e+04 
       3.233362445603e-02       1.921532143792e+04 
       3.248309689539e-02       1.913741359750e+04 
       3.263308045654e-02       1.905952661421e+04 
       3.278358882059e-02       1.898163961559e+04 
       3.293463611777e-02       1.890377880526e+04 
       3.308623694606e-02       1.882580591503e+04 
       3.323840639080e-02       1.874789392174e+04 
       3.339116004536e-02       1.866998510135e+04 
       3.354451403286e-02       1.859204056777e+04 
       3.369848502910e-02       1.851414032425e+04 
       3.385309028672e-02       1.843624074135e+04 
       3.400834766066e-02       1.835842239954e+04 
       3.416427563512e-02       1.828054938373e+04 
       3.432089335189e-02       1.820277962992e+04 
       3.447822064044e-02       1.812501762381e+04 
       3.463627804963e-02       1.804723859804e+04 
       3.479508688129e-02       1.796954548855e+04 
       3.495466922581e-02       1.789179588903e+04 
       3.511504799979e-02       1.781416470136e+04 
       3.527624698596e-02       1.773655684221e+04 
       3.543829087556e-02       1.765900230425e+04 
       3.560120531331e-02       1.758150370995e+04 
       3.576501694516e-02       1.750396768520e+04 
       3.592975346907e-02       1.742651431483e+04 
       3.609544368905e-02       1.734915301104e+04 
       3.626211757263e-02       1.727176885797e+04 
       3.642980631215e-02       1.719449060774e+04 
       3.659854239009e-02       1.711726327437e+04 
       3.676835964880e-02       1.703999089769e+04 
       3.693929336491e-02       1.696288375758e+04 
       3.711138032899e-02       1.688571475706e+04 
       3.728465893062e-02       1.680865875694e+04 
       3.745916924964e-02       1.673160998435e+04 
       3.763495315379e-02       1.665467490555e+04 
       3.781205440362e-02       1.657767479707e+04 
       3.799051876501e-02       1.650077474117e+04 
       3.817039413017e-02       1.642392422997e+04 
       3.835173064783e-02       1.634708403645e+04 
       3.853458086347e-02       1.627028945541e+04 
       3.871899987049e-02       1.619348972476e+04 
       3.890504547341e-02       1.611674108089e+04 
       3.909277836421e-02       1.603999868889e+04 
       3.928226231313e-02       1.596333083557e+04 
       3.947356437530e-02       1.588663894706e+04 
       3.966675511487e-02       1.580995594614e+04 
       3.986190884840e-02       1.573330274463e+04 
       4.005910390940e-02       1.565661387648e+04 
       4.025842293649e-02       1.558000976560e+04 
       4.045995318743e-02       1.550327098804e+04 
       4.066378688209e-02       1.542659671065e+04 
       4.087002157742e-02       1.534990812929e+04 
       4.107876057802e-02       1.527313744035e+04 
       4.129011338662e-02       1.519635195825e+04 
       4.150419619875e-02       1.511953777507e+04 
       4.172113244729e-02       1.504264317919e+04 
       4.194105340267e-02       1.496568038260e+04 
       4.216409883564e-02       1.488867171647e+04 
       4.239041775064e-02       1.481156015219e+04 
       4.262016919867e-02       1.473429365523e+04 
       4.285352318022e-02       1.465701305932e+04 
       4.309066165016e-02       1.457960226303e+04 
       4.333177963865e-02       1.450201687586e+04 
       4.357708650417e-02       1.442425604512e+04 
       4.382680733741e-02       1.434633022360e+04 
       4.408118453817e-02       1.426827955705e+04 
       4.434047959064e-02       1.418997368232e+04 
       4.460497506755e-02       1.411141358108e+04 
       4.487497689859e-02       1.403263356287e+04 
       4.515081694506e-02       1.395363831257e+04 
       4.543285593077e-02       1.387425822274e+04 
       4.572148678844e-02       1.379459946970e+04 
       4.601713849260e-02       1.371454029529e+04 
       4.632028046407e-02       1.363414343878e+04 
       4.663142764850e-02       1.355326506885e+04 
       4.695114639303e-02       1.347197567836e+04 
       4.728006127149e-02       1.339014238878e+04 
       4.761886304169e-02       1.330774354147e+04 
       4.796831795971e-02       1.322477192418e+04 
       4.832927872757e-02       1.314111468602e+04 
       4.870269741593e-02       1.305672984545e+04 
       4.908964078564e-02       1.297152081943e+04 
       4.949130853623e-02       1.288546434829e+04 
       4.990905514193e-02       1.279840538823e+04 
       5.034441610458e-02       1.271022562170e+04 
       5.079913966815e-02       1.262089407592e+04 
       5.127522531349e-02       1.253019916972e+04 
       5.177497070005e-02       1.243800313589e+04 
       5.230102915922e-02       1.234410634956e+04 
       5.285648038840e-02       1.224826985501e+04 
       5.344491765360e-02       1.215025237482e+04 
       5.407055557138e-02       1.204965613819e+04 
       5.473836334784e-02       1.194613887800e+04 
       5.545422904119e-02       1.183912310170e+04 
       5.622516060600e-02       1.172802068758e+04 
       5.705952837340e-02       1.161196290565e+04 
       5.796734961936e-02       1.148985883410e+04 
       5.896060593440e-02       1.136025877722e+04 
       6.005356282220e-02       1.122134227764e+04 
       6.126301962618e-02       1.107052628103e+04 
       6.260834515547e-02       1.090445772170e+04 
       6.411104301200e-02       1.071870483810e+04 
       6.579346045529e-02       1.050755335811e+04 
       6.767620277840e-02       1.026416577246e+04 
       6.977407052082e-02       9.981148862997e+03 
       7.209117868206e-02       9.651958690558e+03 
       7.461721552866e-02       9.273318519307e+03 
       7.732740939966e-02       8.847598406169e+03 
       8.018721157837e-02       8.384062625178e+03 
       8.315961047872e-02       7.898110273514e+03 
       8.621145489013e-02       7.408571515818e+03 
       8.931663670189e-02       6.934412268485e+03 
       9.245637852421e-02       6.492074303034e+03 
       9.561798330361e-02       6.093589155573e+03 
       9.879320615549e-02       5.746027504548e+03 
       1.019768299197e-01       5.451577580487e+03 
       1.051656063255e-01       5.207921278061e+03 
       1.083575330421e-01       5.009713719411e+03 
       1.115513832302e-01       4.848866459447e+03 
       1.147464078947e-01       4.715882276206e+03 
       1.179421506930e-01       4.600814186706e+03 
       1.211383338605e-01       4.493909223794e+03 
       1.243347883665e-01       4.386640664766e+03 
       1.275314113054e-01       4.272283927274e+03 
       1.307281399604e-01       4.146554554804e+03 
       1.339249360348e-01       4.007674124285e+03 
       1.371217760735e-01       3.856481372444e+03 
       1.403186456454e-01       3.695683818523e+03 
       1.435155358115e-01       3.529580972706e+03 
       1.467124409798e-01       3.363157887792e+03 
       1.499093576029e-01       3.201466375587e+03 
       1.531062833858e-01       3.048968896106e+03 
       1.563032168048e-01       2.909234089893e+03 
       1.595001568141e-01       2.784579473692e+03 
       1.626971026670e-01       2.676029898047e+03 
       1.658940538069e-01       2.583380352343e+03 
       1.690910097998e-01       2.505386218369e+03 
       1.722879702932e-01       2.439908681965e+03 
       1.754849349904e-01       2.384226389493e+03 
       1.786819036342e-01       2.335312080095e+03 
       1.818788759967e-01       2.290268151450e+03 
       1.850758518725e-01       2.246718597514e+03 
       1.882728310745e-01       2.201702207139e+03 
       1.914698134308e-01       2.153482768719e+03 
       1.946667987822e-01       2.101042189715e+03 
       1.978637869808e-01       2.044042672468e+03 
       2.010607778889e-01       1.983117793361e+03 
       2.042577713777e-01       1.919376969410e+03 
       2.074547673266e-01       1.854351515938e+03 
       2.106517656226e-01       1.789696220557e+03 
       2.138487661595e-01       1.726939839435e+03 
       2.170457688376e-01       1.667343275508e+03 
       2.202427735627e-01       1.611914928119e+03 
       2.234397802465e-01       1.561263236261e+03 
       2.266367888054e-01       1.515699581612e+03 
       2.298337991606e-01       1.475215147132e+03 
       2.330308112378e-01       1.439455224481e+03 
       2.362278249664e-01       1.407850719676e+03 
       2.394248402800e-01       1.379569057001e+03 
       2.426218571154e-01       1.353685739539e+03 
       2.458188754129e-01       1.329217229312e+03 
       2.490158951158e-01       1.305257658233e+03 
       2.522129161703e-01       1.281087261008e+03 
       2.554099385254e-01       1.256171820171e+03 
       2.586069621326e-01       1.230218930324e+03 
       2.618039869456e-01       1.203133954975e+03 
       2.650010129206e-01       1.175026324220e+03 
       2.681980400158e-01       1.146138780561e+03 
       2.713950681913e-01       1.116864730592e+03 
       2.745920974093e-01       1.087660900498e+03 
       2.777891276334e-01       1.058987283825e+03 
       2.809861588293e-01       1.031334667486e+03 
       2.841831909638e-01       1.005100440926e+03 
       2.873802240055e-01       9.805578046634e+02 
       2.905772579244e-01       9.578320363150e+02 
       2.937742926915e-01       9.368889260609e+02 
       2.969713282793e-01       9.176281912226e+02 
       3.001683646616e-01       8.998432527264e+02 
       3.033654018130e-01       8.832730867789e+02 
       3.065624397094e-01       8.676622757810e+02 
       3.097594783275e-01       8.527090110311e+02 
       3.129565176452e-01       8.381520453294e+02 
       3.161535576410e-01       8.237834259217e+02 
       3.193505982946e-01       8.093510272584e+02 
       3.225476395864e-01       7.947487884422e+02 
       3.257446814973e-01       7.799196257514e+02 
       3.289417240092e-01       7.648787553610e+02 
       3.321387671048e-01       7.496957202225e+02 
       3.353358107673e-01       7.344977518681e+02 
       3.385328549805e-01       7.194260206473e+02 
       3.417298997288e-01       7.046167826794e+02 
       3.449269449974e-01       6.902030392053e+02 
       3.481239907719e-01       6.762696863393e+02 
       3.513210370383e-01       6.629104428458e+02 
       3.545180837833e-01       6.501786262656e+02 
       3.577151309940e-01       6.380955532371e+02 
       3.609121786580e-01       6.266689815365e+02 
       3.641092267633e-01       6.158369110846e+02 
       3.673062752983e-01       6.055338545311e+02 
       3.705033242518e-01       5.956609781997e+02 
       3.737003736131e-01       5.861148131467e+02 
       3.768974233717e-01       5.767975588937e+02 
       3.800944735176e-01       5.676407784375e+02 
       3.832915240411e-01       5.585902455105e+02 
       3.864885749326e-01       5.496012454585e+02 
       3.896856261832e-01       5.406622732798e+02 
       3.928826777840e-01       5.317604565596e+02 
       3.960797297266e-01       5.229103053809e+02 
       3.992767820026e-01       5.141146820677e+02 
       4.024738346041e-01       5.054219260903e+02 
       4.056708875234e-01       4.968507644809e+02 
       4.088679407529e-01       4.884512258172e+02 
       4.120649942855e-01       4.802607454579e+02 
       4.152620481142e-01       4.723147134648e+02 
       4.184591022320e-01       4.646168153269e+02 
       4.216561566324e-01       4.571702291175e+02 
       4.248532113090e-01       4.499724082694e+02 
       4.280502662556e-01       4.430099549002e+02 
       4.312473214661e-01       4.362709321889e+02 
       4.344443769348e-01       4.297430494370e+02 
       4.376414326559e-01       4.234002850897e+02 
       4.408384886239e-01       4.172272294319e+02 
       4.440355448334e-01       4.111962848499e+02 
       4.472326012793e-01       4.052835533534e+02 
       4.504296579566e-01       3.994520877580e+02 
       4.536267148602e-01       3.937039862307e+02 
       4.568237719855e-01       3.880057175208e+02 
       4.600208293278e-01       3.823922543496e+02 
       4.632178868826e-01       3.768231896844e+02 
       4.664149446455e-01       3.713487505880e+02 
       4.696120026122e-01       3.659428673848e+02 
       4.728090607787e-01       3.606282801779e+02 
       4.760061191408e-01       3.553968081852e+02 
       4.792031776946e-01       3.502820505632e+02 
       4.824002364363e-01       3.452706261362e+02 
       4.855972953622e-01       3.403830395639e+02 
       4.887943544686e-01       3.356144217720e+02 
       4.919914137521e-01       3.309818544088e+02 
       4.951884732092e-01       3.264794432048e+02 
       4.983855328364e-01       3.220810768081e+02 
       5.015825926307e-01       3.177836599401e+02 
       5.047796525887e-01       3.135690086859e+02 
       5.079767127075e-01       3.094525433791e+02 
       5.111737729838e-01       3.053957175012e+02 
       5.143708334149e-01       3.014147306567e+02 
       5.175678939978e-01       2.974975863741e+02 
       5.207649547298e-01       2.936406705566e+02 
       5.239620156080e-01       2.898435521729e+02 
       5.271590766299e-01       2.860845432458e+02 
       5.303561377927e-01       2.823787939160e+02 
       5.335531990941e-01       2.787237108735e+02 
       5.367502605314e-01       2.751405521064e+02 
       5.399473221024e-01       2.716015651361e+02 
       5.431443838045e-01       2.681462131652e+02 
       5.463414456355e-01       2.647452596896e+02 
       5.495385075931e-01       2.614154225575e+02 
       5.527355696752e-01       2.581448610588e+02 
       5.559326318796e-01       2.549464553497e+02 
       5.591296942041e-01       2.517918550516e+02 
       5.623267566468e-01       2.487121868251e+02 
       5.655238192056e-01       2.456878566281e+02 
       5.687208818785e-01       2.427213043912e+02 
       5.719179446636e-01       2.398191665564e+02 
       5.751150075591e-01       2.369514916776e+02 
       5.783120705632e-01       2.341357466367e+02 
       5.815091336739e-01       2.313636052512e+02 
       5.847061968896e-01       2.286334975571e+02 
       5.879032602086e-01       2.259422724232e+02 
       5.911003236292e-01       2.233019736718e+02 
       5.942973871496e-01       2.206920971943e+02 
       5.974944507684e-01       2.181259378630e+02 
       6.006915144839e-01       2.155979010393e+02 
       6.038885782947e-01       2.131066284308e+02 
       6.070856421991e-01       2.106504999488e+02 
       6.102827061957e-01       2.082372416832e+02 
       6.134797702832e-01       2.058567236329e+02 
       6.166768344599e-01       2.035165417716e+02 
       6.198738987247e-01       2.012214727708e+02 
       6.230709630761e-01       1.989712946293e+02 
       6.262680275127e-01       1.967484301183e+02 
       6.294650920334e-01       1.945606801788e+02 
       6.326621566367e-01       1.924168055950e+02 
       6.358592213215e-01       1.902986632612e+02 
       6.390562860865e-01       1.882120937634e+02 
       6.422533509306e-01       1.861688094946e+02 
       6.454504158525e-01       1.841487751288e+02 
       6.486474808511e-01       1.821636928778e+02 
       6.518445459253e-01       1.802084177816e+02 
       6.550416110739e-01       1.782741290271e+02 
       6.582386762959e-01       1.763724318350e+02 
       6.614357415902e-01       1.744917436026e+02 
       6.646328069558e-01       1.726430119507e+02 
       6.678298723915e-01       1.708188947461e+02 
       6.710269378966e-01       1.690248444394e+02 
       6.742240034698e-01       1.672568773418e+02 
       6.774210691103e-01       1.655139086775e+02 
       6.806181348172e-01       1.637938166752e+02 
       6.838152005894e-01       1.621033967561e+02 
       6.870122664261e-01       1.604320072469e+02 
       6.902093323264e-01       1.587818495698e+02 
       6.934063982893e-01       1.571619088137e+02 
       6.966034643141e-01       1.555665108613e+02 
       6.998005303999e-01       1.540009899993e+02 
       7.029975965458e-01       1.524457576272e+02 
       7.061946627510e-01       1.509177417929e+02 
       7.093917290148e-01       1.494073273901e+02 
       7.125887953363e-01       1.479247169736e+02 
       7.157858617148e-01       1.464537066124e+02 
       7.189829281494e-01       1.450089561810e+02 
       7.221799946395e-01       1.435861741832e+02 
       7.253770611843e-01       1.421809782699e+02 
       7.285741277831e-01       1.407890778119e+02 
       7.317711944352e-01       1.394182555988e+02 
       7.349682611398e-01       1.380654860762e+02 
       7.381653278964e-01       1.367307288495e+02 
       7.413623947042e-01       1.354169200946e+02 
       7.445594615626e-01       1.341210529483e+02 
       7.477565284708e-01       1.328429831856e+02 
       7.509535954284e-01       1.315785628321e+02 
       7.541506624346e-01       1.303335732249e+02 
       7.573477294888e-01       1.291005079193e+02 
       7.605447965905e-01       1.278861974159e+02 
       7.637418637390e-01       1.266868403749e+02 
       7.669389309337e-01       1.255038331212e+02 
       7.701359981741e-01       1.243406090175e+02 
       7.733330654596e-01       1.231925965065e+02 
       7.765301327896e-01       1.220536682745e+02 
       7.797272001636e-01       1.209356652791e+02 
       7.829242675811e-01       1.198266739541e+02 
       7.861213350414e-01       1.187304402985e+02 
       7.893184025442e-01       1.176493710626e+02 
       7.925154700889e-01       1.165816429117e+02 
       7.957125376749e-01       1.155325810256e+02 
       7.989096053018e-01       1.144925178874e+02 
       8.021066729691e-01       1.134644034164e+02 
       8.053037406763e-01       1.124515137183e+02 
       8.085008084230e-01       1.114529165797e+02 
       8.116978762086e-01       1.104600984888e+02 
       8.148949440327e-01       1.094821782016e+02 
       8.180920118948e-01       1.085210827858e+02 
       8.212890797946e-01       1.075658010237e+02 
       8.244861477315e-01       1.066253748945e+02 
       8.276832157052e-01       1.056990835812e+02 
       8.308802837152e-01       1.047778916616e+02 
       8.340773517611e-01       1.038700287078e+02 
       8.372744198425e-01       1.029727216055e+02 
       8.404714879589e-01       1.020875577809e+02 
       8.436685561100e-01       1.012113081967e+02 
       8.468656242954e-01       1.003508354919e+02 
       8.500626925147e-01       9.949391097269e+01 
       8.532597607676e-01       9.865351596095e+01 
       8.564568290535e-01       9.781729806829e+01 
       8.596538973722e-01       9.699215794429e+01 
       8.628509657234e-01       9.617528647961e+01 
       8.660480341065e-01       9.537307442129e+01 
       8.692451025214e-01       9.457598661984e+01 
       8.724421709676e-01       9.378729514732e+01 
       8.756392394448e-01       9.301201713514e+01 
       8.788363079527e-01       9.224428926044e+01 
       8.820333764908e-01       9.148544807877e+01 
       8.852304450590e-01       9.073140006629e+01 
       8.884275136569e-01       8.999160539550e+01 
       8.916245822841e-01       8.925660920807e+01 
       8.948216509403e-01       8.852774746309e+01 
       8.980187196253e-01       8.781085280610e+01 
       9.012157883386e-01       8.710343203942e+01 
       9.044128570801e-01       8.640096348089e+01 
       9.076099258494e-01       8.570780168492e+01 
       9.108069946463e-01       8.502311154547e+01 
       9.140040634703e-01       8.434468557195e+01 
       9.172011323214e-01       8.367088984221e+01 
       9.203982011991e-01       8.301095355559e+01 
       9.235952701031e-01       8.235335050246e+01 
       9.267923390334e-01       8.170633902692e+01 
       9.299894079894e-01       8.106468774442e+01 
       9.331864769710e-01       8.042998070749e+01 
       9.363835459780e-01       7.980105784302e+01 
       9.395806150100e-01       7.917946740294e+01 
       9.427776840668e-01       7.856464294282e+01 
       9.459747531482e-01       7.795721094908e+01 
       9.491718222539e-01       7.735715106646e+01 
       9.523688913836e-01       7.676355865356e+01 
       9.555659605372e-01       7.617640071309e+01 
       9.587630297143e-01       7.559373107875e+01 
       9.619600989148e-01       7.501718866028e+01 
       9.651571681384e-01       7.444623874817e+01 
       9.683542373849e-01       7.388406856806e+01 
       9.715513066540e-01       7.332597355388e+01 
       9.747483759456e-01       7.277468179477e+01 
       9.779454452594e-01       7.222923094539e+01 
       9.811425145952e-01       7.168915609988e+01 
       9.843395839527e-01       7.115525826042e+01 
       9.875366533318e-01       7.062265414876e+01 
       9.907337227323e-01       7.009929259977e+01 
       9.939307921540e-01       6.958274407186e+01 
       9.971278615965e-01       6.906779864147e+01 
       1.000324931060e+00       6.856168480142e+01 
       1.003522000544e+00       6.805857148088e+01 
       1.006719070048e+00       6.756061915232e+01 
       1.009916139572e+00       6.706998558037e+01 
       1.013113209117e+00       6.658195277447e+01 
       1.016310278681e+00       6.609883086571e+01 
       1.019507348265e+00       6.561935395464e+01 
       1.022704417868e+00       6.514615074079e+01 
       1.025901487490e+00       6.467889141513e+01 
       1.029098557132e+00       6.421664004010e+01 
       1.032295626792e+00       6.375717489485e+01 
       1.035492696471e+00       6.330487761650e+01 
       1.038689766168e+00       6.285227899914e+01 
       1.041886835884e+00       6.240770713779e+01 
       1.045083905618e+00       6.196508450720e+01 
       1.048280975370e+00       6.152878115210e+01 
       1.051478045140e+00       6.109641540837e+01 
       1.054675114928e+00       6.067015935406e+01 
       1.057872184733e+00       6.024519597250e+01 
       1.061069254556e+00       5.982444764945e+01 
       1.064266324395e+00       5.940913441774e+01 
       1.067463394252e+00       5.899650619388e+01 
       1.070660464126e+00       5.858971242319e+01 
       1.073857534016e+00       5.818607686982e+01 
       1.077054603923e+00       5.778687043982e+01 
       1.080251673847e+00       5.738855265305e+01 
       1.083448743786e+00       5.699592876184e+01 
       1.086645813742e+00       5.660793175379e+01 
       1.089842883714e+00       5.622213470692e+01 
       1.093039953702e+00       5.584138988529e+01 
       1.096237023706e+00       5.546153052677e+01 
       1.099434093725e+00       5.508830287032e+01 
       1.102631163760e+00       5.471787795320e+01 
       1.105828233810e+00       5.435020114518e+01 
       1.109025303875e+00       5.398595196797e+01 
       1.112222373956e+00       5.362687407871e+01 
       1.115419444051e+00       5.326798003904e+01 
       1.118616514161e+00       5.291462289765e+01 
       1.121813584286e+00       5.256290972845e+01 
       1.125010654425e+00       5.221626442576e+01 
       1.128207724579e+00       5.187142041522e+01 
       1.131404794747e+00       5.153175132941e+01 
       1.134601864929e+00       5.119442148254e+01 
       1.137798935125e+00       5.085969916912e+01 
       1.140996005336e+00       5.052590030088e+01 
       1.144193075560e+00       5.019657073432e+01 
       1.147390145798e+00       4.987067229622e+01 
       1.150587216049e+00       4.954866017632e+01 
       1.153784286314e+00       4.922837769420e+01 
       1.156981356593e+00       4.891140352766e+01 
       1.160178426884e+00       4.859743568641e+01 
       1.163375497189e+00       4.828523505054e+01 
       1.166572567507e+00       4.797666866519e+01 
       1.169769637838e+00       4.767038238915e+01 
       1.172966708181e+00       4.736770148439e+01 
       1.176163778538e+00       4.706683095155e+01 
       1.179360848907e+00       4.676999594182e+01 
       1.182557919288e+00       4.647432133041e+01 
       1.185754989682e+00       4.618106956252e+01 
       1.188952060089e+00       4.589059666880e+01 
       1.192149130507e+00       4.560254855148e+01 
       1.195346200938e+00       4.531863060096e+01 
       1.198543271380e+00       4.503529426891e+01 
       1.201740341835e+00       4.475567452205e+01 
       1.204937412302e+00       4.447684285167e+01 
       1.208134482780e+00       4.420138853484e+01 
       1.211331553270e+00       4.392843577985e+01 
       1.214528623771e+00       4.365855834692e+01 
       1.217725694284e+00       4.338974459224e+01 
       1.220922764808e+00       4.312317053204e+01 
       1.224119835344e+00       4.285885767407e+01 
       1.227316905891e+00       4.259752961265e+01 
       1.230513976449e+00       4.233844743121e+01 
       1.233711047017e+00       4.208223824967e+01 
       1.236908117597e+00       4.182655699620e+01 
       1.240105188188e+00       4.157365953992e+01 
       1.243302258790e+00       4.132311209558e+01 
       1.246499329402e+00       4.107337637875e+01 
       1.249696400025e+00       4.082669449042e+01 
       1.252893470658e+00       4.058267869014e+01 
       1.256090541302e+00       4.034130564334e+01 
       1.259287611956e+00       4.009932499543e+01 
       1.262484682620e+00       3.986149517027e+01 
       1.265681753295e+00       3.962431377976e+01 
       1.268878823980e+00       3.939030186775e+01 
       1.272075894675e+00       3.915760872304e+01 
       1.275272965380e+00       3.892590555343e+01 
       1.278470036094e+00       3.869773072642e+01 
       1.281667106819e+00       3.847202697708e+01 
       1.284864177553e+00       3.824628128357e+01 
       1.288061248297e+00       3.802175623682e+01 
       1.291258319051e+00       3.780110530117e+01 
       1.294455389814e+00       3.758062917101e+01 
       1.297652460587e+00       3.736301416757e+01 
       1.300849531369e+00       3.714670277689e+01 
       1.304046602160e+00       3.693179875599e+01 
       1.307243672961e+00       3.671887944522e+01 
       1.310440743771e+00       3.650788547520e+01 
       1.313637814590e+00       3.629871240675e+01 
       1.316834885418e+00       3.609078463907e+01 
       1.320031956255e+00       3.588460811695e+01 
       1.323229027101e+00       3.567980617061e+01 
       1.326426097956e+00       3.547683813256e+01 
       1.329623168819e+00       3.527606537511e+01 
       1.332820239692e+00       3.507653238211e+01 
       1.336017310573e+00       3.487905825659e+01 
       1.339214381462e+00       3.468268713211e+01 
       1.342411452361e+00       3.448706929555e+01 
       1.345608523267e+00       3.429397582878e+01 
       1.348805594183e+00       3.410103571470e+01 
       1.352002665106e+00       3.390998724358e+01 
       1.355199736038e+00       3.372143205575e+01 
       1.358396806978e+00       3.353439226257e+01 
       1.361593877926e+00       3.334916217099e+01 
       1.364790948883e+00       3.316314625247e+01 
       1.367988019847e+00       3.297989441196e+01 
       1.371185090820e+00       3.279882145266e+01 
       1.724783824149e+00       1.895630773723e+01 
       2.171353947629e+00       1.083770780143e+01 
       2.733572609600e+00       6.146267380057e+00 
       3.441364023191e+00       3.460295877753e+00 
       4.332420620030e+00       1.935187790178e+00 
       5.454194413137e+00       1.075801950766e+00 
       6.866423947564e+00       5.947308348423e-01 
       8.644315595740e+00       3.271205083274e-01 
       1.088254857105e+01       1.790851783602e-01 
       1.370031694117e+01       9.761716717333e-02 
       1.724767714688e+01       5.299458668694e-02 
       2.171353905463e+01       2.866029634119e-02 
       2.733572609585e+01       1.544351540384e-02 
       3.441364023191e+01       8.292048506374e-03 
       4.332420620030e+01       4.436187161670e-03 
       5.454194413137e+01       2.364300517575e-03 
       6.866423947564e+01       1.254716770602e-03 
       8.644315595740e+01       6.625074544345e-04 
       1.088254857105e+02       3.475698386721e-04 
