# Matter power spectrum P(k) at redshift z=0
# for k=1.03892e-05 to 108.968 h/Mpc,
# number of wavenumbers equal to 813
#    1:k (h/Mpc)              2:P (Mpc/h)^3        
       1.038922642939e-05       5.116730264492e+01 
       2.321812845777e-05       1.108985088475e+02 
       3.609173375949e-05       1.695113031264e+02 
       4.904439972293e-05       2.276638463253e+02 
       6.211104703766e-05       2.857257429193e+02 
       7.532746857054e-05       3.439710471672e+02 
       8.873064803662e-05       4.026322237699e+02 
       1.023590926717e-04       4.619221091251e+02 
       1.162531841463e-04       5.220451339834e+02 
       1.304555519933e-04       5.832040424829e+02 
       1.450114738307e-04       6.456045176576e+02 
       1.599693066034e-04       7.094587348303e+02 
       1.753809529045e-04       7.749883628512e+02 
       1.913023660834e-04       8.424272771415e+02 
       2.077940972269e-04       9.120241494359e+02 
       2.249218860767e-04       9.840449765064e+02 
       2.427572963652e-04       1.058775622165e+03 
       2.613783937036e-04       1.136524360390e+03 
       2.808704607789e-04       1.217624416408e+03 
       3.013267399005e-04       1.302436481130e+03 
       3.228491865167e-04       1.391351084661e+03 
       3.455492088079e-04       1.484790760999e+03 
       3.695483574944e-04       1.583211812667e+03 
       3.949789163030e-04       1.687105466241e+03 
       4.219843271272e-04       1.796998140694e+03 
       4.507193652352e-04       1.913450503678e+03 
       4.813499601652e-04       2.037054846268e+03 
       5.140525395271e-04       2.168430375086e+03 
       5.490127596148e-04       2.308215863940e+03 
       5.864234840096e-04       2.457059228215e+03 
       6.264818862127e-04       2.615603660772e+03 
       6.693855924581e-04       2.784470121715e+03 
       7.153278526981e-04       2.964236385994e+03 
       7.644918337246e-04       3.155413225466e+03 
       8.170442631527e-04       3.358418950567e+03 
       8.731288004716e-04       3.573553917007e+03 
       9.328596440384e-04       3.800977255392e+03 
       9.963159657110e-04       4.040688238413e+03 
       1.063537764317e-03       4.292514494541e+03 
       1.134523625953e-03       4.556109038575e+03 
       1.209230678886e-03       4.830956619010e+03 
       1.287576767588e-03       5.116389500373e+03 
       1.369444598904e-03       5.411595519535e+03 
       1.454687391583e-03       5.715665458008e+03 
       1.543135431286e-03       6.027656314769e+03 
       1.634602911679e-03       6.346562769410e+03 
       1.728894515035e-03       6.671369376084e+03 
       1.825811320086e-03       7.001075072943e+03 
       1.925155782401e-03       7.334712787292e+03 
       2.026735680812e-03       7.671364336534e+03 
       2.130367041837e-03       8.010170586360e+03 
       2.235876134908e-03       8.350338269894e+03 
       2.343100676070e-03       8.691142049510e+03 
       2.451890393792e-03       9.031924771480e+03 
       2.562107106469e-03       9.372095841643e+03 
       2.673624445201e-03       9.711127568530e+03 
       2.786327333995e-03       1.004855148331e+04 
       2.900111316992e-03       1.038395331504e+04 
       3.014881801364e-03       1.071696960124e+04 
       3.130553266383e-03       1.104728160511e+04 
       3.247048474339e-03       1.137461163200e+04 
       3.364297707344e-03       1.169871692715e+04 
       3.482238045183e-03       1.201939030936e+04 
       3.600812692879e-03       1.233644983112e+04 
       3.719970362018e-03       1.264974434338e+04 
       3.839664706618e-03       1.295913979256e+04 
       3.959853812268e-03       1.326452682902e+04 
       4.080499735881e-03       1.356581418679e+04 
       4.201568092653e-03       1.386292239093e+04 
       4.323027686457e-03       1.415579226418e+04 
       4.444850179783e-03       1.444437121017e+04 
       4.567009799409e-03       1.472862531458e+04 
       4.689483074174e-03       1.500852144878e+04 
       4.812248601458e-03       1.528404264283e+04 
       4.935286839263e-03       1.555518047922e+04 
       5.058579921044e-03       1.582192405677e+04 
       5.182111490760e-03       1.608427852352e+04 
       5.305866555835e-03       1.634224788223e+04 
       5.429831356000e-03       1.659584215343e+04 
       5.553993246208e-03       1.684508082658e+04 
       5.678340591997e-03       1.708997450089e+04 
       5.802862675902e-03       1.733055148341e+04 
       5.927549613644e-03       1.756684261670e+04 
       6.052392279003e-03       1.779889504336e+04 
       6.177382236385e-03       1.802667248095e+04 
       6.302511680230e-03       1.825022320119e+04 
       6.427773380501e-03       1.846961110761e+04 
       6.553160633584e-03       1.868483724276e+04 
       6.678667218001e-03       1.889582307760e+04 
       6.804287354430e-03       1.910285223303e+04 
       6.930015669548e-03       1.930583924251e+04 
       7.055847163317e-03       1.950483037576e+04 
       7.181777179324e-03       1.969985123636e+04 
       7.307801377880e-03       1.989093960449e+04 
       7.433915711576e-03       2.007815046640e+04 
       7.560116403057e-03       2.026150656088e+04 
       7.686399924782e-03       2.044105205828e+04 
       7.812762980579e-03       2.061682664649e+04 
       7.939202488810e-03       2.078886787797e+04 
       8.065715566993e-03       2.095721169450e+04 
       8.192299517746e-03       2.112190370219e+04 
       8.318951815908e-03       2.128297611801e+04 
       8.445670096748e-03       2.144046763637e+04 
       8.572452145146e-03       2.159441821040e+04 
       8.699295885663e-03       2.174487222326e+04 
       8.826199373408e-03       2.189186539191e+04 
       8.953160785648e-03       2.203542802498e+04 
       9.080178414077e-03       2.217560177954e+04 
       9.207250657696e-03       2.231244963165e+04 
       9.334376016246e-03       2.244597450372e+04 
       9.461553084149e-03       2.257622783873e+04 
       9.588780544910e-03       2.270324545030e+04 
       9.716057165945e-03       2.282706224818e+04 
       9.843381793799e-03       2.294771351284e+04 
       9.970753349712e-03       2.306525069282e+04 
       1.009817082553e-02       2.317968653534e+04 
       1.022563327988e-02       2.329107096240e+04 
       1.035313983469e-02       2.339943289181e+04 
       1.048068967188e-02       2.350479040733e+04 
       1.060828203033e-02       2.360722712318e+04 
       1.073591620312e-02       2.370675360085e+04 
       1.086359153481e-02       2.380336132036e+04 
       1.099130741913e-02       2.389714353264e+04 
       1.111906329662e-02       2.398812301728e+04 
       1.124685865257e-02       2.407627863474e+04 
       1.137469301507e-02       2.416170331278e+04 
       1.150256595319e-02       2.424442668171e+04 
       1.163047707528e-02       2.432443613691e+04 
       1.175842602739e-02       2.440182464042e+04 
       1.188641249182e-02       2.447656129078e+04 
       1.201443618576e-02       2.454872179609e+04 
       1.214249686003e-02       2.461831605389e+04 
       1.227059429786e-02       2.468538992912e+04 
       1.239872831385e-02       2.474995861807e+04 
       1.252689875292e-02       2.481203768448e+04 
       1.265510548940e-02       2.487169504315e+04 
       1.278334842612e-02       2.492894646585e+04 
       1.291162749359e-02       2.498380080467e+04 
       1.303994264930e-02       2.503632018948e+04 
       1.316829387699e-02       2.508650798744e+04 
       1.329668118602e-02       2.513441465555e+04 
       1.342510461074e-02       2.518002560615e+04 
       1.355356421003e-02       2.522342926475e+04 
       1.368206006672e-02       2.526459548705e+04 
       1.381059228718e-02       2.530360038760e+04 
       1.393916100088e-02       2.534044267836e+04 
       1.406776636002e-02       2.537513771876e+04 
       1.419640853919e-02       2.540774643506e+04 
       1.432508773506e-02       2.543828147452e+04 
       1.445380416611e-02       2.546676227826e+04 
       1.458255807237e-02       2.549323092698e+04 
       1.471134971523e-02       2.551767669076e+04 
       1.484017937721e-02       2.554016841553e+04 
       1.496904736186e-02       2.556071005299e+04 
       1.509795399360e-02       2.557932994399e+04 
       1.522689961757e-02       2.559605550911e+04 
       1.535588459964e-02       2.561091466823e+04 
       1.548490932627e-02       2.562391481131e+04 
       1.561397420449e-02       2.563510335227e+04 
       1.574307966191e-02       2.564450068332e+04 
       1.587222614672e-02       2.565210743301e+04 
       1.600141412769e-02       2.565797485896e+04 
       1.613064409423e-02       2.566210640699e+04 
       1.625991655648e-02       2.566453710040e+04 
       1.638923204534e-02       2.566528405899e+04 
       1.651859111263e-02       2.566438517120e+04 
       1.664799433120e-02       2.566185386887e+04 
       1.677744229502e-02       2.565769741080e+04 
       1.690693561941e-02       2.565199610090e+04 
       1.703647494116e-02       2.564468058932e+04 
       1.716606091875e-02       2.563581352967e+04 
       1.729569423256e-02       2.562545175206e+04 
       1.742537558506e-02       2.561357868917e+04 
       1.755510570111e-02       2.560025280892e+04 
       1.768488532816e-02       2.558544875430e+04 
       1.781471523658e-02       2.556922669381e+04 
       1.794459621991e-02       2.555157950573e+04 
       1.807452909519e-02       2.553252361878e+04 
       1.820451470329e-02       2.551211327906e+04 
       1.833455390922e-02       2.549037309287e+04 
       1.846464760255e-02       2.546729439649e+04 
       1.859479669771e-02       2.544288769755e+04 
       1.872500213445e-02       2.541722711150e+04 
       1.885526487820e-02       2.539026754571e+04 
       1.898558592054e-02       2.536204579834e+04 
       1.911596627961e-02       2.533261958544e+04 
       1.924640700059e-02       2.530197348868e+04 
       1.937690915616e-02       2.527013973963e+04 
       1.950747384705e-02       2.523713391909e+04 
       1.963810220248e-02       2.520299125846e+04 
       1.976879538078e-02       2.516770367139e+04 
       1.989955456986e-02       2.513131565225e+04 
       2.003038098787e-02       2.509381299572e+04 
       2.016127588371e-02       2.505526600216e+04 
       2.029224053772e-02       2.501566223599e+04 
       2.042327626226e-02       2.497495097309e+04 
       2.055438440240e-02       2.493327347728e+04 
       2.068556633659e-02       2.489059212150e+04 
       2.081682347734e-02       2.484694044909e+04 
       2.094815727200e-02       2.480226424430e+04 
       2.107956920342e-02       2.475669913251e+04 
       2.121106079080e-02       2.471017180629e+04 
       2.134263359045e-02       2.466274034535e+04 
       2.147428919662e-02       2.461440620047e+04 
       2.160602924233e-02       2.456517335181e+04 
       2.173785540027e-02       2.451510222515e+04 
       2.186976938367e-02       2.446416393193e+04 
       2.200177294727e-02       2.441235713944e+04 
       2.213386788824e-02       2.435982746811e+04 
       2.226605604718e-02       2.430648079337e+04 
       2.239833930914e-02       2.425228536041e+04 
       2.253071960470e-02       2.419738306287e+04 
       2.266319891099e-02       2.414173011569e+04 
       2.279577925287e-02       2.408533087215e+04 
       2.292846270406e-02       2.402819003060e+04 
       2.306125138832e-02       2.397038650534e+04 
       2.319414748067e-02       2.391180930843e+04 
       2.332715320870e-02       2.385265059914e+04 
       2.346027085382e-02       2.379279334788e+04 
       2.359350275265e-02       2.373229458485e+04 
       2.372685129837e-02       2.367116252160e+04 
       2.386031894220e-02       2.360940793851e+04 
       2.399390819482e-02       2.354705586961e+04 
       2.412762162796e-02       2.348419462774e+04 
       2.426146187594e-02       2.342068673370e+04 
       2.439543163729e-02       2.335660840492e+04 
       2.452953367645e-02       2.329198563495e+04 
       2.466377082550e-02       2.322683875673e+04 
       2.479814598595e-02       2.316117738135e+04 
       2.493266213057e-02       2.309505281239e+04 
       2.506732230534e-02       2.302840492490e+04 
       2.520212963140e-02       2.296125773230e+04 
       2.533708730709e-02       2.289365912828e+04 
       2.547219861006e-02       2.282557527725e+04 
       2.560746689946e-02       2.275706319117e+04 
       2.574289561820e-02       2.268816260332e+04 
       2.587848829524e-02       2.261882516260e+04 
       2.601424854807e-02       2.254911023006e+04 
       2.615018008515e-02       2.247890919857e+04 
       2.628628670849e-02       2.240838880584e+04 
       2.642257231637e-02       2.233750840579e+04 
       2.655904090605e-02       2.226626449687e+04 
       2.669569657670e-02       2.219461481907e+04 
       2.683254353228e-02       2.212275320437e+04 
       2.696958608469e-02       2.205045550339e+04 
       2.710682865691e-02       2.197789079146e+04 
       2.724427578631e-02       2.190501911598e+04 
       2.738193212810e-02       2.183184704908e+04 
       2.751980245881e-02       2.175839791280e+04 
       2.765789168003e-02       2.168465294764e+04 
       2.779620482219e-02       2.161071951993e+04 
       2.793474704856e-02       2.153643843469e+04 
       2.807352365931e-02       2.146195420926e+04 
       2.821254009580e-02       2.138720329346e+04 
       2.835180194502e-02       2.131229364310e+04 
       2.849131494419e-02       2.123713130632e+04 
       2.863108498553e-02       2.116180032021e+04 
       2.877111812125e-02       2.108618477001e+04 
       2.891142056871e-02       2.101039107068e+04 
       2.905199871581e-02       2.093449630073e+04 
       2.919285912656e-02       2.085841709323e+04 
       2.933400854692e-02       2.078213829488e+04 
       2.947545391087e-02       2.070569852306e+04 
       2.961720234669e-02       2.062915527023e+04 
       2.975926118359e-02       2.055239483068e+04 
       2.990163795849e-02       2.047561752689e+04 
       3.004434042321e-02       2.039865805433e+04 
       3.018737655192e-02       2.032159453367e+04 
       3.033075454889e-02       2.024439078523e+04 
       3.047448285660e-02       2.016710773646e+04 
       3.061857016421e-02       2.008973605979e+04 
       3.076302541639e-02       2.001224063027e+04 
       3.090785782258e-02       1.993470489628e+04 
       3.105307686660e-02       1.985711198055e+04 
       3.119869231675e-02       1.977938010361e+04 
       3.134471423639e-02       1.970165888151e+04 
       3.149115299496e-02       1.962382877690e+04 
       3.163801927953e-02       1.954599269591e+04 
       3.178532410691e-02       1.946809739055e+04 
       3.193307883634e-02       1.939009730680e+04 
       3.208129518277e-02       1.931219422429e+04 
       3.222998523079e-02       1.923421691027e+04 
       3.237916144927e-02       1.915614382369e+04 
       3.252883670670e-02       1.907803837372e+04 
       3.267902428728e-02       1.899998813314e+04 
       3.282973790787e-02       1.892191248520e+04 
       3.298099173577e-02       1.884387505638e+04 
       3.313280040742e-02       1.876580862299e+04 
       3.328517904812e-02       1.868765136164e+04 
       3.343814329270e-02       1.860962728534e+04 
       3.359170930737e-02       1.853155720940e+04 
       3.374589381272e-02       1.845353144352e+04 
       3.390071410793e-02       1.837548335457e+04 
       3.405618809640e-02       1.829750633893e+04 
       3.421233431269e-02       1.821950150076e+04 
       3.436917195107e-02       1.814152660166e+04 
       3.452672089563e-02       1.806364395258e+04 
       3.468500175217e-02       1.798575324280e+04 
       3.484403588187e-02       1.790789488803e+04 
       3.500384543699e-02       1.783009732122e+04 
       3.516445339873e-02       1.775229767188e+04 
       3.532588361722e-02       1.767458730806e+04 
       3.548816085414e-02       1.759687014855e+04 
       3.565131082779e-02       1.751922824812e+04 
       3.581536026107e-02       1.744166205557e+04 
       3.598033693244e-02       1.736404542942e+04 
       3.614626973017e-02       1.728658976918e+04 
       3.631318871005e-02       1.720913144602e+04 
       3.648112515693e-02       1.713165515656e+04 
       3.665011165028e-02       1.705430928837e+04 
       3.682018213423e-02       1.697695748574e+04 
       3.699137199229e-02       1.689966497596e+04 
       3.716371812730e-02       1.682247995647e+04 
       3.733725904692e-02       1.674530876024e+04 
       3.751203495518e-02       1.666820829786e+04 
       3.768808785064e-02       1.659104255912e+04 
       3.786546163166e-02       1.651401278778e+04 
       3.804420220943e-02       1.643700918417e+04 
       3.822435762953e-02       1.636006105008e+04 
       3.840597820268e-02       1.628313623286e+04 
       3.858911664557e-02       1.620630573111e+04 
       3.877382823277e-02       1.612939440621e+04 
       3.896017096062e-02       1.605259708496e+04 
       3.914820572440e-02       1.597576035937e+04 
       3.933799651004e-02       1.589900664057e+04 
       3.952961060172e-02       1.582223693740e+04 
       3.972311880705e-02       1.574553160321e+04 
       3.991859570163e-02       1.566876233238e+04 
       4.011611989496e-02       1.559204576329e+04 
       4.031577431990e-02       1.551530503929e+04 
       4.051764654839e-02       1.543863316949e+04 
       4.072182913609e-02       1.536182071603e+04 
       4.092841999930e-02       1.528511270849e+04 
       4.113752282770e-02       1.520833540159e+04 
       4.134924753711e-02       1.513143670994e+04 
       4.156371076694e-02       1.505459073882e+04 
       4.178103642758e-02       1.497766281408e+04 
       4.200135630395e-02       1.490070553486e+04 
       4.222481072199e-02       1.482365764300e+04 
       4.245154928613e-02       1.474652879954e+04 
       4.268173169688e-02       1.466930946261e+04 
       4.291552865902e-02       1.459199101837e+04 
       4.315312289241e-02       1.451448271141e+04 
       4.339471025972e-02       1.443688608435e+04 
       4.364050102707e-02       1.435919362494e+04 
       4.389072127675e-02       1.428128469159e+04 
       4.414561449396e-02       1.420321925540e+04 
       4.440544335371e-02       1.412491919116e+04 
       4.467049173799e-02       1.404637293084e+04 
       4.494106701937e-02       1.396761602208e+04 
       4.521750265321e-02       1.388868951716e+04 
       4.550016112887e-02       1.380932011197e+04 
       4.578943733972e-02       1.372970016502e+04 
       4.608576244376e-02       1.364971187769e+04 
       4.638960830041e-02       1.356935610889e+04 
       4.670149258728e-02       1.348854417639e+04 
       4.702198472182e-02       1.340732114543e+04 
       4.735171274002e-02       1.332561987788e+04 
       4.769137131738e-02       1.324329215348e+04 
       4.804173115941e-02       1.316043513278e+04 
       4.840365004088e-02       1.307688632327e+04 
       4.877808583913e-02       1.299264408818e+04 
       4.916611198976e-02       1.290762565946e+04 
       4.956893589854e-02       1.282171012143e+04 
       4.998792097752e-02       1.273480843006e+04 
       5.042461314402e-02       1.264685858692e+04 
       5.088077283903e-02       1.255771034251e+04 
       5.135841389881e-02       1.246727446025e+04 
       5.185985096546e-02       1.237534859641e+04 
       5.238775756514e-02       1.228171487098e+04 
       5.294523753235e-02       1.218626105996e+04 
       5.353591312362e-02       1.208849459707e+04 
       5.416403393096e-02       1.198827279663e+04 
       5.483461151318e-02       1.188513286563e+04 
       5.555358534069e-02       1.177858980844e+04 
       5.632802580607e-02       1.166795264319e+04 
       5.716637886191e-02       1.155242062398e+04 
       5.807875265916e-02       1.143086571634e+04 
       5.907723624772e-02       1.130189731122e+04 
       6.017621842365e-02       1.116359960361e+04 
       6.139263230638e-02       1.101344321133e+04 
       6.274597680058e-02       1.084796965418e+04 
       6.425785302188e-02       1.066279494252e+04 
       6.595062402503e-02       1.045211208466e+04 
       6.784476182918e-02       1.020902167357e+04 
       6.995472176711e-02       9.926095191457e+03 
       7.228405529729e-02       9.596795481275e+03 
       7.482177443635e-02       9.217935370181e+03 
       7.754252337828e-02       8.792051923440e+03 
       8.041144656731e-02       8.328610140175e+03 
       8.339154300549e-02       7.843184907281e+03 
       8.644988654097e-02       7.354661158292e+03 
       8.956066708596e-02       6.882035882142e+03 
       9.270538142104e-02       6.441673587074e+03 
       9.587154475323e-02       6.045552258775e+03 
       9.905106127616e-02       5.700538967266e+03 
       1.022388126487e-01       5.408569466824e+03 
       1.054316138585e-01       5.167563324879e+03 
       1.086275022229e-01       4.971757610901e+03 
       1.118252754364e-01       4.813163873142e+03 
       1.150241995683e-01       4.682318438804e+03 
       1.182238274827e-01       4.569057328732e+03 
       1.214238870266e-01       4.463677821027e+03 
       1.246242125839e-01       4.357664393167e+03 
       1.278247033255e-01       4.244360671302e+03 
       1.310252977965e-01       4.119479600450e+03 
       1.342259584676e-01       3.981333471818e+03 
       1.374266623504e-01       3.830704131584e+03 
       1.406273952980e-01       3.670467307004e+03 
       1.438281485447e-01       3.504916254182e+03 
       1.470289166047e-01       3.339096219178e+03 
       1.502296959954e-01       3.177957989919e+03 
       1.534304844622e-01       3.026125091427e+03 
       1.566312805062e-01       2.887082190553e+03 
       1.598320830973e-01       2.763141246394e+03 
       1.630328914991e-01       2.655354842397e+03 
       1.662337051613e-01       2.563504278619e+03 
       1.694345236545e-01       2.486291816914e+03 
       1.726353466292e-01       2.421586044788e+03 
       1.758361737909e-01       2.366646424169e+03 
       1.790370048841e-01       2.318450693118e+03 
       1.822378396822e-01       2.274095101770e+03 
       1.854386779810e-01       2.231159571787e+03 
       1.886395195942e-01       2.186757115284e+03 
       1.918403643508e-01       2.139026289152e+03 
       1.950412120922e-01       2.086945697909e+03 
       1.982420626712e-01       2.030307645676e+03 
       2.014429159506e-01       1.969680596090e+03 
       2.046437718022e-01       1.906204141882e+03 
       2.078446301060e-01       1.841463738588e+03 
       2.110454907492e-01       1.777069028222e+03 
       2.142463536262e-01       1.714540156701e+03 
       2.174472186375e-01       1.655184496556e+03 
       2.206480856895e-01       1.600005353764e+03 
       2.238489546940e-01       1.549614348748e+03 
       2.270498255679e-01       1.504315843484e+03 
       2.302506982326e-01       1.464111154064e+03 
       2.334515726140e-01       1.428658742988e+03 
       2.366524486420e-01       1.397377297155e+03 
       2.398533262501e-01       1.369429879180e+03 
       2.430542053756e-01       1.343884455442e+03 
       2.462550859589e-01       1.319712131991e+03 
       2.494559679435e-01       1.296062291884e+03 
       2.526568512758e-01       1.272155584725e+03 
       2.558577359050e-01       1.247514441739e+03 
       2.590586217826e-01       1.221800665095e+03 
       2.622595088628e-01       1.194940232947e+03 
       2.654603971016e-01       1.167017895377e+03 
       2.686612864575e-01       1.138280572869e+03 
       2.718621768907e-01       1.109133908385e+03 
       2.750630683636e-01       1.080025414983e+03 
       2.782639608398e-01       1.051487210678e+03 
       2.814648542851e-01       1.023945684916e+03 
       2.846657486666e-01       9.978286535553e+02 
       2.878666439528e-01       9.734157559915e+02 
       2.910675401138e-01       9.507971208102e+02 
       2.942684371209e-01       9.300028258577e+02 
       2.974693349465e-01       9.108855824946e+02 
       3.006702335644e-01       8.932382729179e+02 
       3.038711329495e-01       8.768244367869e+02 
       3.070720330776e-01       8.613588124148e+02 
       3.102729339257e-01       8.465665516644e+02 
       3.134738354714e-01       8.321853955251e+02 
       3.166747376937e-01       8.179433574157e+02 
       3.198756405720e-01       8.036550474016e+02 
       3.230765440869e-01       7.891981171219e+02 
       3.262774482193e-01       7.744879453602e+02 
       3.294783529514e-01       7.595529776107e+02 
       3.326792582656e-01       7.444770206944e+02 
       3.358801641453e-01       7.293704046877e+02 
       3.390810705743e-01       7.143956303017e+02 
       3.422819775372e-01       6.996584952705e+02 
       3.454828850191e-01       6.853110289357e+02 
       3.486837930057e-01       6.714481256244e+02 
       3.518847014830e-01       6.581608991403e+02 
       3.550856104377e-01       6.454917582644e+02 
       3.582865198571e-01       6.334906750750e+02 
       3.614874297286e-01       6.221312642228e+02 
       3.646883400404e-01       6.113785163570e+02 
       3.678892507809e-01       6.011643717564e+02 
       3.710901619390e-01       5.913720942972e+02 
       3.742910735038e-01       5.819233751652e+02 
       3.774919854651e-01       5.726913302894e+02 
       3.806928978128e-01       5.636117702778e+02 
       3.838938105371e-01       5.546353672538e+02 
       3.870947236287e-01       5.457304051675e+02 
       3.902956370784e-01       5.368727416025e+02 
       3.934965508777e-01       5.280396457136e+02 
       3.966974650179e-01       5.192552984981e+02 
       3.998983794907e-01       5.105159739759e+02 
       4.030992942884e-01       5.018678719337e+02 
       4.063002094031e-01       4.933500489186e+02 
       4.095011248274e-01       4.849986201675e+02 
       4.127020405541e-01       4.768665905289e+02 
       4.159029565761e-01       4.689634231217e+02 
       4.191038728867e-01       4.613043088352e+02 
       4.223047894792e-01       4.539065240640e+02 
       4.255057063474e-01       4.467509769875e+02 
       4.287066234849e-01       4.398438928808e+02 
       4.319075408858e-01       4.331473335745e+02 
       4.351084585442e-01       4.266691277796e+02 
       4.383093764546e-01       4.203821383066e+02 
       4.415102946113e-01       4.142550199986e+02 
       4.447112130091e-01       4.082832125390e+02 
       4.479121316427e-01       4.024097113515e+02 
       4.511130505071e-01       3.966331268185e+02 
       4.543139695975e-01       3.909218090021e+02 
       4.575148889090e-01       3.852711986577e+02 
       4.607158084371e-01       3.796836498020e+02 
       4.639167281772e-01       3.741790368275e+02 
       4.671176481250e-01       3.687296686632e+02 
       4.703185682762e-01       3.633561646477e+02 
       4.735194886267e-01       3.580746447819e+02 
       4.767204091724e-01       3.528843951476e+02 
       4.799213299095e-01       3.477903239433e+02 
       4.831222508340e-01       3.428167990506e+02 
       4.863231719424e-01       3.379604158000e+02 
       4.895240932310e-01       3.332208755150e+02 
       4.927250146962e-01       3.286294999461e+02 
       4.959259363346e-01       3.241419630010e+02 
       4.991268581429e-01       3.197781532138e+02 
       5.023277801178e-01       3.155099086347e+02 
       5.055287022562e-01       3.113434242507e+02 
       5.087296245550e-01       3.072414417163e+02 
       5.119305470110e-01       3.032236427989e+02 
       5.151314696215e-01       2.992774248910e+02 
       5.183323923835e-01       2.953898255791e+02 
       5.215333152942e-01       2.915621801121e+02 
       5.247342383510e-01       2.877944482006e+02 
       5.279351615510e-01       2.840522538154e+02 
       5.311360848918e-01       2.803824471196e+02 
       5.343370083708e-01       2.767474819341e+02 
       5.375379319855e-01       2.731892017273e+02 
       5.407388557335e-01       2.696877287039e+02 
       5.439397796125e-01       2.662391919476e+02 
       5.471407036201e-01       2.628690397012e+02 
       5.503416277541e-01       2.595630828331e+02 
       5.535425520123e-01       2.563117221796e+02 
       5.567434763925e-01       2.531281685221e+02 
       5.599444008926e-01       2.500031324910e+02 
       5.631453255107e-01       2.469399972021e+02 
       5.663462502446e-01       2.439449861018e+02 
       5.695471750925e-01       2.409996275189e+02 
       5.727481000524e-01       2.381158588975e+02 
       5.759490251224e-01       2.352684525615e+02 
       5.791499503007e-01       2.324780333067e+02 
       5.823508755856e-01       2.297209820627e+02 
       5.855518009752e-01       2.270108192986e+02 
       5.887527264679e-01       2.243412316724e+02 
       5.919536520619e-01       2.217232477998e+02 
       5.951545777557e-01       2.191295532136e+02 
       5.983555035476e-01       2.165819599474e+02 
       6.015564294360e-01       2.140716698207e+02 
       6.047573554195e-01       2.116027260591e+02 
       6.079582814965e-01       2.091575278638e+02 
       6.111592076656e-01       2.067556629188e+02 
       6.143601339252e-01       2.043934253807e+02 
       6.175610602741e-01       2.020757261330e+02 
       6.207619867107e-01       1.998006511342e+02 
       6.239629132338e-01       1.975597579662e+02 
       6.271638398421e-01       1.953550556341e+02 
       6.303647665341e-01       1.931822504973e+02 
       6.335656933087e-01       1.910511057713e+02 
       6.367666201646e-01       1.889513179603e+02 
       6.399675471006e-01       1.868789545118e+02 
       6.431684741155e-01       1.848451416826e+02 
       6.463694012081e-01       1.828442886229e+02 
       6.495703283772e-01       1.808730267929e+02 
       6.527712556218e-01       1.789341566928e+02 
       6.559721829406e-01       1.770168671101e+02 
       6.591731103327e-01       1.751200234508e+02 
       6.623740377970e-01       1.732581035875e+02 
       6.655749653324e-01       1.714237164876e+02 
       6.687758929379e-01       1.696128472211e+02 
       6.719768206126e-01       1.678287109086e+02 
       6.751777483553e-01       1.660763306200e+02 
       6.783786761651e-01       1.643424045868e+02 
       6.815796040412e-01       1.626350582497e+02 
       6.847805319825e-01       1.609504663316e+02 
       6.879814599882e-01       1.592913779375e+02 
       6.911823880574e-01       1.576588021673e+02 
       6.943833161891e-01       1.560487380084e+02 
       6.975842443825e-01       1.544656770823e+02 
       7.007851726368e-01       1.529048223069e+02 
       7.039861009512e-01       1.513682185579e+02 
       7.071870293248e-01       1.498528575730e+02 
       7.103879577567e-01       1.483497350323e+02 
       7.135888862463e-01       1.468722120986e+02 
       7.167898147928e-01       1.454158616221e+02 
       7.199907433954e-01       1.439801055981e+02 
       7.231916720533e-01       1.425654853083e+02 
       7.263926007658e-01       1.411704630498e+02 
       7.295935295322e-01       1.397960806239e+02 
       7.327944583518e-01       1.384316165315e+02 
       7.359953872239e-01       1.370897657617e+02 
       7.391963161478e-01       1.357662024007e+02 
       7.423972451229e-01       1.344573326280e+02 
       7.455981741484e-01       1.331718899239e+02 
       7.487991032237e-01       1.318983533561e+02 
       7.520000323483e-01       1.306458022104e+02 
       7.552009615214e-01       1.294087146304e+02 
       7.584018907424e-01       1.281866348144e+02 
       7.616028200108e-01       1.269807376192e+02 
       7.648037493259e-01       1.257908987754e+02 
       7.680046786872e-01       1.246181196817e+02 
       7.712056080941e-01       1.234591492207e+02 
       7.744065375460e-01       1.223168055752e+02 
       7.776074670423e-01       1.211937369325e+02 
       7.808083965826e-01       1.200760704383e+02 
       7.840093261662e-01       1.189753664027e+02 
       7.872102557927e-01       1.178887693255e+02 
       7.904111854615e-01       1.168160009525e+02 
       7.936121151721e-01       1.157566265279e+02 
       7.968130449241e-01       1.147153586736e+02 
       8.000139747168e-01       1.136839034693e+02 
       8.032149045498e-01       1.126620248521e+02 
       8.064158344227e-01       1.116560501834e+02 
       8.096167643350e-01       1.106609644383e+02 
       8.128176942861e-01       1.096806224580e+02 
       8.160186242757e-01       1.087099940409e+02 
       8.192195543032e-01       1.077505975375e+02 
       8.224204843684e-01       1.068038780273e+02 
       8.256214144706e-01       1.058702606597e+02 
       8.288223446095e-01       1.049501029581e+02 
       8.320232747846e-01       1.040358058709e+02 
       8.352242049956e-01       1.031376043940e+02 
       8.384251352420e-01       1.022439663136e+02 
       8.416260655234e-01       1.013661891235e+02 
       8.448269958395e-01       1.004982222979e+02 
       8.480279261897e-01       9.963691192439e+01 
       8.512288565738e-01       9.878946560548e+01 
       8.544297869914e-01       9.795499800637e+01 
       8.576307174420e-01       9.712503614013e+01 
       8.608316479254e-01       9.630947142654e+01 
       8.640325784411e-01       9.549513901780e+01 
       8.672335089888e-01       9.469468588133e+01 
       8.704344395681e-01       9.390466193017e+01 
       8.736353701787e-01       9.312591223891e+01 
       8.768363008203e-01       9.235348441590e+01 
       8.800372314924e-01       9.159175857514e+01 
       8.832381621949e-01       9.083696275765e+01 
       8.864390929273e-01       9.009179208581e+01 
       8.896400236893e-01       8.935172790772e+01 
       8.928409544806e-01       8.862205271561e+01 
       8.960418853009e-01       8.790488510469e+01 
       8.992428161498e-01       8.718922226098e+01 
       9.024437470272e-01       8.648644078654e+01 
       9.056446779326e-01       8.578939878084e+01 
       9.088456088658e-01       8.510354445984e+01 
       9.120465398264e-01       8.442073842476e+01 
       9.152474708143e-01       8.374823863677e+01 
       9.184484018291e-01       8.307915135341e+01 
       9.216493328704e-01       8.242232988959e+01 
       9.248502639382e-01       8.177076521719e+01 
       9.280511950320e-01       8.112840381070e+01 
       9.312521261516e-01       8.049166997135e+01 
       9.344530572968e-01       7.985942549215e+01 
       9.376539884672e-01       7.923766984104e+01 
       9.408549196626e-01       7.861908259708e+01 
       9.440558508829e-01       7.801042660389e+01 
       9.472567821276e-01       7.740714856771e+01 
       9.504577133966e-01       7.681087569822e+01 
       9.536586446896e-01       7.622046902952e+01 
       9.568595760064e-01       7.563630571721e+01 
       9.600605073467e-01       7.505999264761e+01 
       9.632614387104e-01       7.448541354725e+01 
       9.664623700971e-01       7.391947954839e+01 
       9.696633015067e-01       7.336161338441e+01 
       9.728642329389e-01       7.280816991996e+01 
       9.760651643934e-01       7.225835115051e+01 
       9.792660958702e-01       7.171651028751e+01 
       9.824670273689e-01       7.118047286950e+01 
       9.856679588894e-01       7.065064103968e+01 
       9.888688904313e-01       7.012525087774e+01 
       9.920698219947e-01       6.960265959462e+01 
       9.952707535791e-01       6.908798543352e+01 
       9.984716851844e-01       6.857870557415e+01 
       1.001672616811e+00       6.807589313739e+01 
       1.004873548457e+00       6.757559075606e+01 
       1.008074480124e+00       6.708314439351e+01 
       1.011275411811e+00       6.659508340552e+01 
       1.014476343518e+00       6.610866244583e+01 
       1.017677275245e+00       6.563065016901e+01 
       1.020878206991e+00       6.515482659656e+01 
       1.024079138757e+00       6.468634131051e+01 
       1.027280070541e+00       6.422205211717e+01 
       1.030481002345e+00       6.376146354342e+01 
       1.033681934168e+00       6.330613901875e+01 
       1.036882866009e+00       6.285531573601e+01 
       1.040083797869e+00       6.240787584361e+01 
       1.043284729747e+00       6.196559810927e+01 
       1.046485661644e+00       6.152669543980e+01 
       1.049686593558e+00       6.109507064407e+01 
       1.052887525490e+00       6.066499183594e+01 
       1.056088457440e+00       6.023921386172e+01 
       1.059289389407e+00       5.981960589278e+01 
       1.062490321392e+00       5.940109571797e+01 
       1.065691253394e+00       5.898758588404e+01 
       1.068892185413e+00       5.857877525846e+01 
       1.072093117449e+00       5.817337961812e+01 
       1.075294049501e+00       5.777237118777e+01 
       1.078494981570e+00       5.737651579923e+01 
       1.081695913656e+00       5.698346815335e+01 
       1.084896845757e+00       5.659241939933e+01 
       1.088097777875e+00       5.620645024583e+01 
       1.091298710009e+00       5.582336654183e+01 
       1.094499642159e+00       5.544555496195e+01 
       1.097700574324e+00       5.507054088919e+01 
       1.100901506505e+00       5.469836848965e+01 
       1.104102438702e+00       5.432921342836e+01 
       1.107303370914e+00       5.396719325343e+01 
       1.110504303141e+00       5.360570279798e+01 
       1.113705235383e+00       5.324718070723e+01 
       1.116906167640e+00       5.289047527518e+01 
       1.120107099912e+00       5.253876285911e+01 
       1.123308032198e+00       5.219069571942e+01 
       1.126508964499e+00       5.184644247377e+01 
       1.129709896814e+00       5.150448758619e+01 
       1.132910829144e+00       5.116641803770e+01 
       1.136111761488e+00       5.083033073852e+01 
       1.139312693846e+00       5.049817417830e+01 
       1.142513626218e+00       5.016774084896e+01 
       1.145714558603e+00       4.984167182415e+01 
       1.148915491003e+00       4.951824208024e+01 
       1.152116423416e+00       4.919736933141e+01 
       1.155317355842e+00       4.888043050078e+01 
       1.158518288282e+00       4.856491835747e+01 
       1.161719220735e+00       4.825312222870e+01 
       1.164920153201e+00       4.794412495381e+01 
       1.168121085680e+00       4.763739799049e+01 
       1.171322018173e+00       4.733247919379e+01 
       1.174522950678e+00       4.703125068767e+01 
       1.177723883195e+00       4.673366924994e+01 
       1.180924815726e+00       4.643710715478e+01 
       1.184125748268e+00       4.614453827008e+01 
       1.187326680824e+00       4.585403162942e+01 
       1.190527613391e+00       4.556561435304e+01 
       1.193728545971e+00       4.527956390888e+01 
       1.196929478563e+00       4.499708225754e+01 
       1.200130411167e+00       4.471568159964e+01 
       1.203331343782e+00       4.443803414452e+01 
       1.206532276410e+00       4.416192428242e+01 
       1.209733209049e+00       4.388852640229e+01 
       1.212934141700e+00       4.361765789105e+01 
       1.216135074363e+00       4.334846385544e+01 
       1.219336007037e+00       4.308257792993e+01 
       1.222536939722e+00       4.281830846823e+01 
       1.225737872419e+00       4.255576424796e+01 
       1.228938805126e+00       4.229574567757e+01 
       1.232139737845e+00       4.203937363506e+01 
       1.235340670575e+00       4.178340479756e+01 
       1.238541603316e+00       4.152999585258e+01 
       1.241742536068e+00       4.127886299635e+01 
       1.244943468830e+00       4.103107205684e+01 
       1.248144401603e+00       4.078284696105e+01 
       1.251345334387e+00       4.053856073048e+01 
       1.254546267181e+00       4.029493712652e+01 
       1.257747199986e+00       4.005441799773e+01 
       1.260948132801e+00       3.981576031955e+01 
       1.264149065626e+00       3.957850185256e+01 
       1.267349998462e+00       3.934448272496e+01 
       1.270550931307e+00       3.911060120997e+01 
       1.273751864163e+00       3.887995522159e+01 
       1.276952797029e+00       3.865043968739e+01 
       1.280153729904e+00       3.842290330381e+01 
       1.283354662789e+00       3.819915208104e+01 
       1.286555595684e+00       3.797500772782e+01 
       1.289756528589e+00       3.775251278905e+01 
       1.292957461504e+00       3.753269094021e+01 
       1.296158394427e+00       3.731454137213e+01 
       1.299359327361e+00       3.709826362062e+01 
       1.302560260303e+00       3.688387722974e+01 
       1.305761193255e+00       3.666982714891e+01 
       1.308962126217e+00       3.645882522379e+01 
       1.312163059187e+00       3.624933368209e+01 
       1.315363992167e+00       3.604178929502e+01 
       1.318564925155e+00       3.583496957069e+01 
       1.321765858153e+00       3.563089127086e+01 
       1.324966791160e+00       3.542694617193e+01 
       1.328167724175e+00       3.522580814548e+01 
       1.331368657199e+00       3.502664900808e+01 
       1.334569590232e+00       3.482790647622e+01 
       1.337770523274e+00       3.463123355436e+01 
       1.340971456324e+00       3.443609008680e+01 
       1.344172389382e+00       3.424210396224e+01 
       1.347373322450e+00       3.404957696697e+01 
       1.350574255525e+00       3.385900888277e+01 
       1.353775188609e+00       3.367041282257e+01 
       1.356976121701e+00       3.348277327426e+01 
       1.360177054802e+00       3.329659571422e+01 
       1.363377987911e+00       3.311199243222e+01 
       1.366578921028e+00       3.292890180175e+01 
       1.369779854152e+00       3.274675366126e+01 
       1.372980787285e+00       3.256615870236e+01 
       1.727044983080e+00       1.882086203240e+01 
       2.174200599294e+00       1.075997320236e+01 
       2.737156331819e+00       6.101772920644e+00 
       3.445875662162e+00       3.435093323957e+00 
       4.338100436979e+00       1.921087534962e+00 
       5.461344879028e+00       1.067866670948e+00 
       6.875425850780e+00       5.903127718217e-01 
       8.655648320454e+00       3.246972509071e-01 
       1.089681562617e+01       1.777538708428e-01 
       1.371827809942e+01       9.688812105098e-02 
       1.727028890542e+01       5.259809198501e-02 
       2.174200557207e+01       2.844540067834e-02 
       2.737156331804e+01       1.532725830467e-02 
       3.445875662162e+01       8.229373994238e-03 
       4.338100436979e+01       4.402555783555e-03 
       5.461344879028e+01       2.346289213447e-03 
       6.875425850780e+01       1.245109192404e-03 
       8.655648320454e+01       6.573893266503e-04 
       1.089681562617e+02       3.448539349374e-04 
