# dimensionless [l(l+1)/2pi] C_l's for tensor mode
# for l=2 to 500, i.e. number of multipoles equal to 499
#
# -> if you prefer output in CAMB/HealPix/LensPix units/order, set 'format' to 'camb' in input file
# -> if you don't want to see such a header, set 'headers' to 'no' in input file
# -> for CMB lensing (phi), these are C_l^phi-phi for the lensing potential.
#    Remember the conversion factors:
#    C_l^dd (deflection) = l(l+1) C_l^phi-phi
#    C_l^gg (shear/convergence) = 1/4 (l(l+1))^2 C_l^phi-phi
#
# 1:l     2:TT                     3:EE                     4:TE                     5:BB                     6:phiphi                 7:TPhi                   8:Ephi               
    2       1.445865204536e-10       2.736007649245e-15       1.692623633153e-13       4.890089257297e-15       0.000000000000e+00       0.000000000000e+00       0.000000000000e+00 
    3       1.109336945365e-10       2.896193300280e-15      -8.228352666095e-15       4.925600613746e-15       0.000000000000e+00       0.000000000000e+00       0.000000000000e+00 
    4       9.948765211779e-11       2.657931485303e-15      -6.170582124590e-14       4.284169812944e-15       0.000000000000e+00       0.000000000000e+00       0.000000000000e+00 
    5       9.469151456173e-11       2.124485028027e-15      -7.280772977461e-14       3.356208721495e-15       0.000000000000e+00       0.000000000000e+00       0.000000000000e+00 
    6       9.185913334493e-11       1.531163971568e-15      -6.922114994591e-14       2.435398234679e-15       0.000000000000e+00       0.000000000000e+00       0.000000000000e+00 
    7       9.006699059185e-11       1.042399501823e-15      -6.141987772281e-14       1.683580457188e-15       0.000000000000e+00       0.000000000000e+00       0.000000000000e+00 
    8       8.885537276639e-11       7.252537724918e-16      -5.402421425966e-14       1.154884919622e-15       0.000000000000e+00       0.000000000000e+00       0.000000000000e+00 
    9       8.797447060590e-11       5.744896104517e-16      -4.875101117370e-14       8.372472579852e-16       0.000000000000e+00       0.000000000000e+00       0.000000000000e+00 
   10       8.728009328676e-11       5.498427568308e-16      -4.593758646444e-14       6.879794525229e-16       0.000000000000e+00       0.000000000000e+00       0.000000000000e+00 
   11       8.668783466835e-11       6.050270982999e-16      -4.535518776100e-14       6.580297816860e-16       0.000000000000e+00       0.000000000000e+00       0.000000000000e+00 
   12       8.614871141023e-11       7.036309190149e-16      -4.660766631460e-14       7.046224924552e-16       0.000000000000e+00       0.000000000000e+00       0.000000000000e+00 
   13       8.563362802314e-11       8.228838910565e-16      -4.930017185647e-14       7.964649122406e-16       0.000000000000e+00       0.000000000000e+00       0.000000000000e+00 
   14       8.512449424668e-11       9.519943985618e-16      -5.311998729756e-14       9.129858207281e-16       0.000000000000e+00       0.000000000000e+00       0.000000000000e+00 
   15       8.460999291588e-11       1.086864188003e-15      -5.784430750248e-14       1.042789726100e-15       0.000000000000e+00       0.000000000000e+00       0.000000000000e+00 
   16       8.408339092157e-11       1.226733562960e-15      -6.331280481413e-14       1.180263245753e-15       0.000000000000e+00       0.000000000000e+00       0.000000000000e+00 
   17       8.354101840436e-11       1.372354979908e-15      -6.941021703084e-14       1.322590677593e-15       0.000000000000e+00       0.000000000000e+00       0.000000000000e+00 
   18       8.297502000853e-11       1.523574507408e-15      -7.605937127611e-14       1.469421914885e-15       0.000000000000e+00       0.000000000000e+00       0.000000000000e+00 
   19       8.240300775038e-11       1.680264860315e-15      -8.321208470730e-14       1.620536125493e-15       0.000000000000e+00       0.000000000000e+00       0.000000000000e+00 
   20       8.180535822313e-11       1.842480369661e-15      -9.080462207982e-14       1.775693059872e-15       0.000000000000e+00       0.000000000000e+00       0.000000000000e+00 
   21       8.119281482324e-11       2.010014227145e-15      -9.880317632322e-14       1.934790892969e-15       0.000000000000e+00       0.000000000000e+00       0.000000000000e+00 
   22       8.055983474348e-11       2.182609513452e-15      -1.071732916657e-13       2.097844801062e-15       0.000000000000e+00       0.000000000000e+00       0.000000000000e+00 
   23       7.991400218683e-11       2.360121102709e-15      -1.158807150847e-13       2.264755100951e-15       0.000000000000e+00       0.000000000000e+00       0.000000000000e+00 
   24       7.924913227693e-11       2.542475375363e-15      -1.248856087090e-13       2.435413309680e-15       0.000000000000e+00       0.000000000000e+00       0.000000000000e+00 
   25       7.857125411712e-11       2.729613099053e-15      -1.341572233421e-13       2.609623894703e-15       0.000000000000e+00       0.000000000000e+00       0.000000000000e+00 
   26       7.787701234117e-11       2.921531275422e-15      -1.436648088108e-13       2.787170527455e-15       0.000000000000e+00       0.000000000000e+00       0.000000000000e+00 
   27       7.716889885908e-11       3.118334891574e-15      -1.533821362295e-13       2.967792094049e-15       0.000000000000e+00       0.000000000000e+00       0.000000000000e+00 
   28       7.644283049896e-11       3.320139255624e-15      -1.632830092425e-13       3.151225555181e-15       0.000000000000e+00       0.000000000000e+00       0.000000000000e+00 
   29       7.570680165006e-11       3.526762379432e-15      -1.733439490260e-13       3.337247694856e-15       0.000000000000e+00       0.000000000000e+00       0.000000000000e+00 
   30       7.496170953554e-11       3.737898645621e-15      -1.835409096326e-13       3.525661633426e-15       0.000000000000e+00       0.000000000000e+00       0.000000000000e+00 
   31       7.419924491262e-11       3.953210069449e-15      -1.938490348055e-13       3.716275665846e-15       0.000000000000e+00       0.000000000000e+00       0.000000000000e+00 
   32       7.342469696001e-11       4.172399048567e-15      -2.042467272361e-13       3.908846623557e-15       0.000000000000e+00       0.000000000000e+00       0.000000000000e+00 
   33       7.264038856014e-11       4.395157854772e-15      -2.147130948402e-13       4.103115661570e-15       0.000000000000e+00       0.000000000000e+00       0.000000000000e+00 
   34       7.184245437191e-11       4.621173266147e-15      -2.252274146475e-13       4.298828054945e-15       0.000000000000e+00       0.000000000000e+00       0.000000000000e+00 
   35       7.103428675133e-11       4.850216406821e-15      -2.357708398560e-13       4.495751747648e-15       0.000000000000e+00       0.000000000000e+00       0.000000000000e+00 
   36       7.021627405693e-11       5.082083486096e-15      -2.463253901730e-13       4.693665665779e-15       0.000000000000e+00       0.000000000000e+00       0.000000000000e+00 
   37       6.938489310609e-11       5.316576916478e-15      -2.568728798666e-13       4.892344772970e-15       0.000000000000e+00       0.000000000000e+00       0.000000000000e+00 
   38       6.854446912792e-11       5.553521219356e-15      -2.673925385426e-13       5.091524338263e-15       0.000000000000e+00       0.000000000000e+00       0.000000000000e+00 
   39       6.769828214834e-11       5.792753048960e-15      -2.778626589911e-13       5.290923480537e-15       0.000000000000e+00       0.000000000000e+00       0.000000000000e+00 
   40       6.684478074248e-11       6.034117616538e-15      -2.882612491900e-13       5.490254054580e-15       0.000000000000e+00       0.000000000000e+00       0.000000000000e+00 
   41       6.597996030957e-11       6.277463448159e-15      -2.985699100401e-13       5.689227937551e-15       0.000000000000e+00       0.000000000000e+00       0.000000000000e+00 
   42       6.510662815467e-11       6.522623324956e-15      -3.087869535871e-13       5.887583015742e-15       0.000000000000e+00       0.000000000000e+00       0.000000000000e+00 
   43       6.422731491406e-11       6.769428035028e-15      -3.189185784565e-13       6.085064764931e-15       0.000000000000e+00       0.000000000000e+00       0.000000000000e+00 
   44       6.334136223666e-11       7.017711746167e-15      -3.289756488472e-13       6.281419170858e-15       0.000000000000e+00       0.000000000000e+00       0.000000000000e+00 
   45       6.244663959630e-11       7.267299976500e-15      -3.389664791028e-13       6.476388279284e-15       0.000000000000e+00       0.000000000000e+00       0.000000000000e+00 
   46       6.154601690185e-11       7.517968909470e-15      -3.488719595065e-13       6.669695244980e-15       0.000000000000e+00       0.000000000000e+00       0.000000000000e+00 
   47       6.064231434350e-11       7.769474138235e-15      -3.586634673034e-13       6.861054823626e-15       0.000000000000e+00       0.000000000000e+00       0.000000000000e+00 
   48       5.973627191708e-11       8.021561215258e-15      -3.683095653413e-13       7.050177196088e-15       0.000000000000e+00       0.000000000000e+00       0.000000000000e+00 
   49       5.882636430732e-11       8.273965082845e-15      -3.777758487027e-13       7.236767718043e-15       0.000000000000e+00       0.000000000000e+00       0.000000000000e+00 
   50       5.791022049422e-11       8.526401945869e-15      -3.870278046737e-13       7.420540053212e-15       0.000000000000e+00       0.000000000000e+00       0.000000000000e+00 
   51       5.698976631741e-11       8.778543610343e-15      -3.960406636567e-13       7.601260356571e-15       0.000000000000e+00       0.000000000000e+00       0.000000000000e+00 
   52       5.606715781702e-11       9.030035194997e-15      -4.047919570694e-13       7.778714651378e-15       0.000000000000e+00       0.000000000000e+00       0.000000000000e+00 
   53       5.514319151207e-11       9.280501177134e-15      -4.132587264196e-13       7.952696864210e-15       0.000000000000e+00       0.000000000000e+00       0.000000000000e+00 
   54       5.421719480004e-11       9.529544467505e-15      -4.214175117406e-13       8.123009204396e-15       0.000000000000e+00       0.000000000000e+00       0.000000000000e+00 
   55       5.328799829221e-11       9.776784277923e-15      -4.292468327698e-13       8.289464390718e-15       0.000000000000e+00       0.000000000000e+00       0.000000000000e+00 
   56       5.235738676520e-11       1.002198285948e-14      -4.367353807753e-13       8.451892110013e-15       0.000000000000e+00       0.000000000000e+00       0.000000000000e+00 
   57       5.142731352612e-11       1.026494862841e-14      -4.438758414993e-13       8.610134827647e-15       0.000000000000e+00       0.000000000000e+00       0.000000000000e+00 
   58       5.049882760836e-11       1.050550070533e-14      -4.506626644038e-13       8.764046522411e-15       0.000000000000e+00       0.000000000000e+00       0.000000000000e+00 
   59       4.957200632451e-11       1.074346950156e-14      -4.570921482267e-13       8.913493137942e-15       0.000000000000e+00       0.000000000000e+00       0.000000000000e+00 
   60       4.864588781929e-11       1.097869730540e-14      -4.631625265367e-13       9.058353034125e-15       0.000000000000e+00       0.000000000000e+00       0.000000000000e+00 
   61       4.771929554423e-11       1.121102997478e-14      -4.688727038759e-13       9.198514897515e-15       0.000000000000e+00       0.000000000000e+00       0.000000000000e+00 
   62       4.679368052252e-11       1.144028851001e-14      -4.742179391314e-13       9.333869903259e-15       0.000000000000e+00       0.000000000000e+00       0.000000000000e+00 
   63       4.587080027844e-11       1.166629211156e-14      -4.791933406601e-13       9.464318586865e-15       0.000000000000e+00       0.000000000000e+00       0.000000000000e+00 
   64       4.495184484014e-11       1.188886680872e-14      -4.837951720959e-13       9.589773593390e-15       0.000000000000e+00       0.000000000000e+00       0.000000000000e+00 
   65       4.403739759259e-11       1.210784576364e-14      -4.880208950892e-13       9.710160048234e-15       0.000000000000e+00       0.000000000000e+00       0.000000000000e+00 
   66       4.312739613050e-11       1.232306957550e-14      -4.918692120465e-13       9.825415927923e-15       0.000000000000e+00       0.000000000000e+00       0.000000000000e+00 
   67       4.222109311124e-11       1.253438658452e-14      -4.953401088696e-13       9.935492430896e-15       0.000000000000e+00       0.000000000000e+00       0.000000000000e+00 
   68       4.131766810283e-11       1.274164769754e-14      -4.984342847658e-13       1.004034545121e-14       0.000000000000e+00       0.000000000000e+00       0.000000000000e+00 
   69       4.041829459737e-11       1.294468896718e-14      -5.011512119782e-13       1.013990716461e-14       0.000000000000e+00       0.000000000000e+00       0.000000000000e+00 
   70       3.952442342780e-11       1.314334601285e-14      -5.034907578778e-13       1.023410932472e-14       0.000000000000e+00       0.000000000000e+00       0.000000000000e+00 
   71       3.863714673666e-11       1.333745934799e-14      -5.054537896870e-13       1.032289179133e-14       0.000000000000e+00       0.000000000000e+00       0.000000000000e+00 
   72       3.775717547847e-11       1.352687454408e-14      -5.070422015421e-13       1.040620267370e-14       0.000000000000e+00       0.000000000000e+00       0.000000000000e+00 
   73       3.688481692216e-11       1.371144239464e-14      -5.082589415574e-13       1.048399847375e-14       0.000000000000e+00       0.000000000000e+00       0.000000000000e+00 
   74       3.601995215349e-11       1.389101907916e-14      -5.091080388888e-13       1.055624422935e-14       0.000000000000e+00       0.000000000000e+00       0.000000000000e+00 
   75       3.516201357746e-11       1.406546632712e-14      -5.095946307971e-13       1.062291365752e-14       0.000000000000e+00       0.000000000000e+00       0.000000000000e+00 
   76       3.431041358418e-11       1.423465287692e-14      -5.097243127386e-13       1.068398912790e-14       0.000000000000e+00       0.000000000000e+00       0.000000000000e+00 
   77       3.346597052353e-11       1.439845879741e-14      -5.095009919886e-13       1.073946126092e-14       0.000000000000e+00       0.000000000000e+00       0.000000000000e+00 
   78       3.262970309842e-11       1.455677225597e-14      -5.089286899665e-13       1.078932951626e-14       0.000000000000e+00       0.000000000000e+00       0.000000000000e+00 
   79       3.180238923805e-11       1.470948848096e-14      -5.080121974542e-13       1.083360249362e-14       0.000000000000e+00       0.000000000000e+00       0.000000000000e+00 
   80       3.098455285186e-11       1.485650995217e-14      -5.067570877780e-13       1.087229807249e-14       0.000000000000e+00       0.000000000000e+00       0.000000000000e+00 
   81       3.017645058334e-11       1.499774659144e-14      -5.051697299899e-13       1.090544355189e-14       0.000000000000e+00       0.000000000000e+00       0.000000000000e+00 
   82       2.937805856399e-11       1.513311595312e-14      -5.032573020498e-13       1.093307579014e-14       0.000000000000e+00       0.000000000000e+00       0.000000000000e+00 
   83       2.858905916715e-11       1.526254341465e-14      -5.010278040069e-13       1.095524134465e-14       0.000000000000e+00       0.000000000000e+00       0.000000000000e+00 
   84       2.780912809613e-11       1.538595938691e-14      -4.984894921096e-13       1.097199156908e-14       0.000000000000e+00       0.000000000000e+00       0.000000000000e+00 
   85       2.703887934716e-11       1.550328999656e-14      -4.956490444729e-13       1.098336666511e-14       0.000000000000e+00       0.000000000000e+00       0.000000000000e+00 
   86       2.627905334354e-11       1.561446520121e-14      -4.925131140716e-13       1.098940923076e-14       0.000000000000e+00       0.000000000000e+00       0.000000000000e+00 
   87       2.553022245221e-11       1.571942177060e-14      -4.890888841732e-13       1.099016912205e-14       0.000000000000e+00       0.000000000000e+00       0.000000000000e+00 
   88       2.479278278528e-11       1.581810342703e-14      -4.853840717873e-13       1.098570350802e-14       0.000000000000e+00       0.000000000000e+00       0.000000000000e+00 
   89       2.406694600155e-11       1.591046098584e-14      -4.814069311148e-13       1.097607692574e-14       0.000000000000e+00       0.000000000000e+00       0.000000000000e+00 
   90       2.335273110802e-11       1.599645249581e-14      -4.771662569974e-13       1.096136133532e-14       0.000000000000e+00       0.000000000000e+00       0.000000000000e+00 
   91       2.264995626143e-11       1.607604337967e-14      -4.726713883670e-13       1.094163617492e-14       0.000000000000e+00       0.000000000000e+00       0.000000000000e+00 
   92       2.195823056975e-11       1.614920657448e-14      -4.679322116951e-13       1.091698841573e-14       0.000000000000e+00       0.000000000000e+00       0.000000000000e+00 
   93       2.127719286953e-11       1.621592034010e-14      -4.629586628411e-13       1.088750855152e-14       0.000000000000e+00       0.000000000000e+00       0.000000000000e+00 
   94       2.060728694526e-11       1.627616100239e-14      -4.577591394023e-13       1.085327775743e-14       0.000000000000e+00       0.000000000000e+00       0.000000000000e+00 
   95       1.994908828737e-11       1.632990937313e-14      -4.523418548477e-13       1.081437889259e-14       0.000000000000e+00       0.000000000000e+00       0.000000000000e+00 
   96       1.930306276131e-11       1.637715309184e-14      -4.467153154531e-13       1.077090039274e-14       0.000000000000e+00       0.000000000000e+00       0.000000000000e+00 
   97       1.866956179921e-11       1.641788673416e-14      -4.408883168651e-13       1.072293626945e-14       0.000000000000e+00       0.000000000000e+00       0.000000000000e+00 
   98       1.804881759164e-11       1.645211192031e-14      -4.348699406646e-13       1.067058610932e-14       0.000000000000e+00       0.000000000000e+00       0.000000000000e+00 
   99       1.744093827929e-11       1.647983742354e-14      -4.286695509315e-13       1.061395507318e-14       0.000000000000e+00       0.000000000000e+00       0.000000000000e+00 
  100       1.684590314474e-11       1.650107927853e-14      -4.222967908080e-13       1.055315389532e-14       0.000000000000e+00       0.000000000000e+00       0.000000000000e+00 
  101       1.626355780411e-11       1.651586088986e-14      -4.157615790632e-13       1.048829888265e-14       0.000000000000e+00       0.000000000000e+00       0.000000000000e+00 
  102       1.569360939885e-11       1.652421314039e-14      -4.090741066565e-13       1.041951191394e-14       0.000000000000e+00       0.000000000000e+00       0.000000000000e+00 
  103       1.513562178739e-11       1.652617449978e-14      -4.022448333020e-13       1.034692043901e-14       0.000000000000e+00       0.000000000000e+00       0.000000000000e+00 
  104       1.458919861853e-11       1.652178756101e-14      -3.952840840809e-13       1.027065284469e-14       0.000000000000e+00       0.000000000000e+00       0.000000000000e+00 
  105       1.405457107279e-11       1.651108788382e-14      -3.882007846202e-13       1.019082384153e-14       0.000000000000e+00       0.000000000000e+00       0.000000000000e+00 
  106       1.353208092191e-11       1.649411383935e-14      -3.810035478540e-13       1.010754709234e-14       0.000000000000e+00       0.000000000000e+00       0.000000000000e+00 
  107       1.302199702662e-11       1.647091011575e-14      -3.737010509808e-13       1.002093961814e-14       0.000000000000e+00       0.000000000000e+00       0.000000000000e+00 
  108       1.252451259293e-11       1.644152778734e-14      -3.663020276325e-13       9.931121746377e-15       0.000000000000e+00       0.000000000000e+00       0.000000000000e+00 
  109       1.203974242851e-11       1.640602438382e-14      -3.588152600432e-13       9.838217059258e-15       0.000000000000e+00       0.000000000000e+00       0.000000000000e+00 
  110       1.156772019906e-11       1.636446395941e-14      -3.512495712180e-13       9.742352342018e-15       0.000000000000e+00       0.000000000000e+00       0.000000000000e+00 
  111       1.110839568461e-11       1.631691716212e-14      -3.436138171022e-13       9.643657531219e-15       0.000000000000e+00       0.000000000000e+00       0.000000000000e+00 
  112       1.066163203592e-11       1.626346130283e-14      -3.359168787499e-13       9.542265663033e-15       0.000000000000e+00       0.000000000000e+00       0.000000000000e+00 
  113       1.022720303081e-11       1.620418042455e-14      -3.281676544933e-13       9.438312821536e-15       0.000000000000e+00       0.000000000000e+00       0.000000000000e+00 
  114       9.804790330497e-12       1.613916537157e-14      -3.203750521112e-13       9.331938086993e-15       0.000000000000e+00       0.000000000000e+00       0.000000000000e+00 
  115       9.393980735974e-12       1.606851385865e-14      -3.125479809980e-13       9.223283484150e-15       0.000000000000e+00       0.000000000000e+00       0.000000000000e+00 
  116       8.994395386707e-12       1.599232636829e-14      -3.046951658983e-13       9.112489899905e-15       0.000000000000e+00       0.000000000000e+00       0.000000000000e+00 
  117       8.606101043036e-12       1.591069312865e-14      -2.968245791596e-13       8.999684383813e-15       0.000000000000e+00       0.000000000000e+00       0.000000000000e+00 
  118       8.229243888556e-12       1.582370567495e-14      -2.889439244251e-13       8.884991199269e-15       0.000000000000e+00       0.000000000000e+00       0.000000000000e+00 
  119       7.863920502104e-12       1.573146091167e-14      -2.810607995856e-13       8.768535629570e-15       0.000000000000e+00       0.000000000000e+00       0.000000000000e+00 
  120       7.510176280714e-12       1.563406114480e-14      -2.731826873706e-13       8.650443890571e-15       0.000000000000e+00       0.000000000000e+00       0.000000000000e+00 
  121       7.168003862561e-12       1.553161411422e-14      -2.653169459397e-13       8.530843043326e-15       0.000000000000e+00       0.000000000000e+00       0.000000000000e+00 
  122       6.837341549917e-12       1.542423302591e-14      -2.574707994737e-13       8.409860906752e-15       0.000000000000e+00       0.000000000000e+00       0.000000000000e+00 
  123       6.518071732096e-12       1.531203658431e-14      -2.496513287660e-13       8.287625970270e-15       0.000000000000e+00       0.000000000000e+00       0.000000000000e+00 
  124       6.210019308406e-12       1.519514902459e-14      -2.418654618134e-13       8.164267306462e-15       0.000000000000e+00       0.000000000000e+00       0.000000000000e+00 
  125       5.912950111097e-12       1.507370014495e-14      -2.341199644082e-13       8.039914483721e-15       0.000000000000e+00       0.000000000000e+00       0.000000000000e+00 
  126       5.626569328314e-12       1.494782533892e-14      -2.264214307283e-13       7.914697478902e-15       0.000000000000e+00       0.000000000000e+00       0.000000000000e+00 
  127       5.350519927044e-12       1.481766562765e-14      -2.187762739295e-13       7.788746589974e-15       0.000000000000e+00       0.000000000000e+00       0.000000000000e+00 
  128       5.084381076066e-12       1.468336769222e-14      -2.111907167361e-13       7.662192348670e-15       0.000000000000e+00       0.000000000000e+00       0.000000000000e+00 
  129       4.827766888332e-12       1.454507838499e-14      -2.036707876003e-13       7.535162654983e-15       0.000000000000e+00       0.000000000000e+00       0.000000000000e+00 
  130       4.580638244917e-12       1.440292751430e-14      -1.962223286882e-13       7.407774010761e-15       0.000000000000e+00       0.000000000000e+00       0.000000000000e+00 
  131       4.343022357480e-12       1.425704322351e-14      -1.888509709932e-13       7.280139154878e-15       0.000000000000e+00       0.000000000000e+00       0.000000000000e+00 
  132       4.114914664419e-12       1.410755733545e-14      -1.815621195702e-13       7.152369649015e-15       0.000000000000e+00       0.000000000000e+00       0.000000000000e+00 
  133       3.896277971671e-12       1.395460534526e-14      -1.743609441662e-13       7.024575770430e-15       0.000000000000e+00       0.000000000000e+00       0.000000000000e+00 
  134       3.687041593514e-12       1.379832641314e-14      -1.672523698516e-13       6.896866404731e-15       0.000000000000e+00       0.000000000000e+00       0.000000000000e+00 
  135       3.487100493360e-12       1.363886335718e-14      -1.602410676514e-13       6.769348938648e-15       0.000000000000e+00       0.000000000000e+00       0.000000000000e+00 
  136       3.296314424559e-12       1.347636264612e-14      -1.533314451760e-13       6.642129152804e-15       0.000000000000e+00       0.000000000000e+00       0.000000000000e+00 
  137       3.114507071197e-12       1.331097439217e-14      -1.465276372525e-13       6.515311114488e-15       0.000000000000e+00       0.000000000000e+00       0.000000000000e+00 
  138       2.941465188894e-12       1.314285234378e-14      -1.398334965556e-13       6.388997070426e-15       0.000000000000e+00       0.000000000000e+00       0.000000000000e+00 
  139       2.776937745603e-12       1.297215387842e-14      -1.332525842389e-13       6.263287339554e-15       0.000000000000e+00       0.000000000000e+00       0.000000000000e+00 
  140       2.620635062411e-12       1.279903999540e-14      -1.267881605659e-13       6.138280205787e-15       0.000000000000e+00       0.000000000000e+00       0.000000000000e+00 
  141       2.472227954335e-12       1.262367530866e-14      -1.204431755409e-13       6.014071810797e-15       0.000000000000e+00       0.000000000000e+00       0.000000000000e+00 
  142       2.331346871124e-12       1.244622803953e-14      -1.142202595403e-13       5.890756046777e-15       0.000000000000e+00       0.000000000000e+00       0.000000000000e+00 
  143       2.197581038055e-12       1.226687000955e-14      -1.081217139435e-13       5.768424449218e-15       0.000000000000e+00       0.000000000000e+00       0.000000000000e+00 
  144       2.070554815953e-12       1.208577022204e-14      -1.021497774293e-13       5.647165644190e-15       0.000000000000e+00       0.000000000000e+00       0.000000000000e+00 
  145       1.950167079551e-12       1.190307490893e-14      -9.630747423083e-14       5.527063855136e-15       0.000000000000e+00       0.000000000000e+00       0.000000000000e+00 
  146       1.836373915195e-12       1.171892549396e-14      -9.059783208637e-14       5.408200044345e-15       0.000000000000e+00       0.000000000000e+00       0.000000000000e+00 
  147       1.729113108996e-12       1.153346478359e-14      -8.502360636807e-14       5.290652236412e-15       0.000000000000e+00       0.000000000000e+00       0.000000000000e+00 
  148       1.628303731425e-12       1.134683692291e-14      -7.958727229712e-14       5.174495408443e-15       0.000000000000e+00       0.000000000000e+00       0.000000000000e+00 
  149       1.533845721895e-12       1.115918735165e-14      -7.429101715917e-14       5.059801380270e-15       0.000000000000e+00       0.000000000000e+00       0.000000000000e+00 
  150       1.445619473352e-12       1.097066276005e-14      -6.913673251969e-14       4.946638704667e-15       0.000000000000e+00       0.000000000000e+00       0.000000000000e+00 
  151       1.363485416862e-12       1.078141104487e-14      -6.412600643933e-14       4.835072557551e-15       0.000000000000e+00       0.000000000000e+00       0.000000000000e+00 
  152       1.287283606197e-12       1.059158126528e-14      -5.926011568931e-14       4.725164628205e-15       0.000000000000e+00       0.000000000000e+00       0.000000000000e+00 
  153       1.216833302424e-12       1.040132359886e-14      -5.454001796672e-14       4.616973009481e-15       0.000000000000e+00       0.000000000000e+00       0.000000000000e+00 
  154       1.151932558493e-12       1.021078929751e-14      -4.996634410993e-14       4.510552088018e-15       0.000000000000e+00       0.000000000000e+00       0.000000000000e+00 
  155       1.092357803824e-12       1.002013064338e-14      -4.553939031394e-14       4.405952434448e-15       0.000000000000e+00       0.000000000000e+00       0.000000000000e+00 
  156       1.037863428895e-12       9.829500904872e-15      -4.125911034574e-14       4.303220693612e-15       0.000000000000e+00       0.000000000000e+00       0.000000000000e+00 
  157       9.881813698292e-13       9.639054292522e-15      -3.712510775967e-14       4.202399474769e-15       0.000000000000e+00       0.000000000000e+00       0.000000000000e+00 
  158       9.430206929822e-13       9.448945914986e-15      -3.313662811276e-14       4.103527241808e-15       0.000000000000e+00       0.000000000000e+00       0.000000000000e+00 
  159       9.020671795311e-13       9.259331734972e-15      -2.929255118015e-14       4.006638203462e-15       0.000000000000e+00       0.000000000000e+00       0.000000000000e+00 
  160       8.649829100610e-13       9.070368525184e-15      -2.559138317039e-14       3.911762203515e-15       0.000000000000e+00       0.000000000000e+00       0.000000000000e+00 
  161       8.314602590305e-13       8.882207795240e-15      -2.203173490436e-14       3.818927923361e-15       0.000000000000e+00       0.000000000000e+00       0.000000000000e+00 
  162       8.013901161847e-13       8.694977061378e-15      -1.861382021575e-14       3.728173038414e-15       0.000000000000e+00       0.000000000000e+00       0.000000000000e+00 
  163       7.747078167475e-13       8.508796828475e-15      -1.533807579734e-14       3.639534754213e-15       0.000000000000e+00       0.000000000000e+00       0.000000000000e+00 
  164       7.513399057463e-13       8.323786398875e-15      -1.220468165052e-14       3.553046481066e-15       0.000000000000e+00       0.000000000000e+00       0.000000000000e+00 
  165       7.312039729327e-13       8.140063800601e-15      -9.213555536528e-15       3.468737739494e-15       0.000000000000e+00       0.000000000000e+00       0.000000000000e+00 
  166       7.142084877029e-13       7.957745715555e-15      -6.364347427650e-15       3.386634065690e-15       0.000000000000e+00       0.000000000000e+00       0.000000000000e+00 
  167       7.002526340185e-13       7.776947407727e-15      -3.656433958446e-15       3.306756916966e-15       0.000000000000e+00       0.000000000000e+00       0.000000000000e+00 
  168       6.892261453273e-13       7.597782651403e-15      -1.088912876966e-15       3.229123577204e-15       0.000000000000e+00       0.000000000000e+00       0.000000000000e+00 
  169       6.810091394836e-13       7.420363659367e-15       1.339402504030e-15       3.153747062312e-15       0.000000000000e+00       0.000000000000e+00       0.000000000000e+00 
  170       6.754719536691e-13       7.244801011112e-15       3.629988855853e-15       3.080636025667e-15       0.000000000000e+00       0.000000000000e+00       0.000000000000e+00 
  171       6.724749793136e-13       7.071203581043e-15       5.784618382670e-15       3.009794663575e-15       0.000000000000e+00       0.000000000000e+00       0.000000000000e+00 
  172       6.718684970152e-13       6.899678466685e-15       7.805364370281e-15       2.941222620717e-15       0.000000000000e+00       0.000000000000e+00       0.000000000000e+00 
  173       6.734925114615e-13       6.730330916887e-15       9.694606734905e-15       2.874914895601e-15       0.000000000000e+00       0.000000000000e+00       0.000000000000e+00 
  174       6.771765863498e-13       6.563264260031e-15       1.145503757196e-14       2.810861746014e-15       0.000000000000e+00       0.000000000000e+00       0.000000000000e+00 
  175       6.827396793082e-13       6.398579832237e-15       1.308966670484e-14       2.749048594474e-15       0.000000000000e+00       0.000000000000e+00       0.000000000000e+00 
  176       6.899899768156e-13       6.236376905568e-15       1.460182723370e-14       2.689455933680e-15       0.000000000000e+00       0.000000000000e+00       0.000000000000e+00 
  177       6.987247291230e-13       6.076752616239e-15       1.599518108425e-14       2.632059231964e-15       0.000000000000e+00       0.000000000000e+00       0.000000000000e+00 
  178       7.087300851736e-13       5.919801892821e-15       1.727372455652e-14       2.576828838740e-15       0.000000000000e+00       0.000000000000e+00       0.000000000000e+00 
  179       7.197809275240e-13       5.765617384447e-15       1.844179387362e-14       2.523729889961e-15       0.000000000000e+00       0.000000000000e+00       0.000000000000e+00 
  180       7.316746924989e-13       5.614286415870e-15       1.950341212614e-14       2.472729881870e-15       0.000000000000e+00       0.000000000000e+00       0.000000000000e+00 
  181       7.443361817251e-13       5.465881731929e-15       2.046026046484e-14       2.423822263009e-15       0.000000000000e+00       0.000000000000e+00       0.000000000000e+00 
  182       7.577207842699e-13       5.320469877797e-15       2.131355592172e-14       2.377004540300e-15       0.000000000000e+00       0.000000000000e+00       0.000000000000e+00 
  183       7.717812004718e-13       5.178114023864e-15       2.206469862298e-14       2.332270713430e-15       0.000000000000e+00       0.000000000000e+00       0.000000000000e+00 
  184       7.864674020366e-13       5.038873882988e-15       2.271527491210e-14       2.289611208546e-15       0.000000000000e+00       0.000000000000e+00       0.000000000000e+00 
  185       8.017265921341e-13       4.902805627759e-15       2.326706047277e-14       2.249012811949e-15       0.000000000000e+00       0.000000000000e+00       0.000000000000e+00 
  186       8.175031654942e-13       4.769961807746e-15       2.372202345189e-14       2.210458603793e-15       0.000000000000e+00       0.000000000000e+00       0.000000000000e+00 
  187       8.337386685041e-13       4.640391266757e-15       2.408232758255e-14       2.173927891775e-15       0.000000000000e+00       0.000000000000e+00       0.000000000000e+00 
  188       8.503717593040e-13       4.514139060095e-15       2.435033530701e-14       2.139396144838e-15       0.000000000000e+00       0.000000000000e+00       0.000000000000e+00 
  189       8.673381678839e-13       4.391246371810e-15       2.452861089967e-14       2.106834926859e-15       0.000000000000e+00       0.000000000000e+00       0.000000000000e+00 
  190       8.845706561800e-13       4.271750431956e-15       2.461992359009e-14       2.076211830348e-15       0.000000000000e+00       0.000000000000e+00       0.000000000000e+00 
  191       9.019989781713e-13       4.155684433849e-15       2.462725068593e-14       2.047490410146e-15       0.000000000000e+00       0.000000000000e+00       0.000000000000e+00 
  192       9.195498399758e-13       4.043077451318e-15       2.455378069595e-14       2.020630117113e-15       0.000000000000e+00       0.000000000000e+00       0.000000000000e+00 
  193       9.371468599472e-13       3.933954355962e-15       2.440291645302e-14       1.995586231834e-15       0.000000000000e+00       0.000000000000e+00       0.000000000000e+00 
  194       9.547105287712e-13       3.828335734408e-15       2.417827823703e-14       1.972309798303e-15       0.000000000000e+00       0.000000000000e+00       0.000000000000e+00 
  195       9.721581695619e-13       3.726237805563e-15       2.388370689797e-14       1.950747557629e-15       0.000000000000e+00       0.000000000000e+00       0.000000000000e+00 
  196       9.894038979586e-13       3.627672337871e-15       2.352326697882e-14       1.930841881725e-15       0.000000000000e+00       0.000000000000e+00       0.000000000000e+00 
  197       1.006358582222e-12       3.532646566569e-15       2.310124983859e-14       1.912530707003e-15       0.000000000000e+00       0.000000000000e+00       0.000000000000e+00 
  198       1.022929803330e-12       3.441163110939e-15       2.262217677529e-14       1.895747468076e-15       0.000000000000e+00       0.000000000000e+00       0.000000000000e+00 
  199       1.039021815076e-12       3.353219891569e-15       2.209080214890e-14       1.880421031446e-15       0.000000000000e+00       0.000000000000e+00       0.000000000000e+00 
  200       1.054535504164e-12       3.268810047603e-15       2.151211650436e-14       1.866475629204e-15       0.000000000000e+00       0.000000000000e+00       0.000000000000e+00 
  201       1.069384184250e-12       3.187925268123e-15       2.089068812981e-14       1.853841435309e-15       0.000000000000e+00       0.000000000000e+00       0.000000000000e+00 
  202       1.083542318299e-12       3.110566223540e-15       2.022862882351e-14       1.842487274208e-15       0.000000000000e+00       0.000000000000e+00       0.000000000000e+00 
  203       1.097000203617e-12       3.036732720622e-15       1.952748867286e-14       1.832390123479e-15       0.000000000000e+00       0.000000000000e+00       0.000000000000e+00 
  204       1.109748457564e-12       2.966420283157e-15       1.878890571916e-14       1.823524646623e-15       0.000000000000e+00       0.000000000000e+00       0.000000000000e+00 
  205       1.121778024448e-12       2.899620079298e-15       1.801460712534e-14       1.815863158207e-15       0.000000000000e+00       0.000000000000e+00       0.000000000000e+00 
  206       1.133080182422e-12       2.836318848911e-15       1.720641034368e-14       1.809375589014e-15       0.000000000000e+00       0.000000000000e+00       0.000000000000e+00 
  207       1.143646550372e-12       2.776498830918e-15       1.636622428349e-14       1.804029451200e-15       0.000000000000e+00       0.000000000000e+00       0.000000000000e+00 
  208       1.153469094817e-12       2.720137690644e-15       1.549605047885e-14       1.799789803436e-15       0.000000000000e+00       0.000000000000e+00       0.000000000000e+00 
  209       1.162540136797e-12       2.667208447163e-15       1.459798425634e-14       1.796619216061e-15       0.000000000000e+00       0.000000000000e+00       0.000000000000e+00 
  210       1.170852358773e-12       2.617679400646e-15       1.367421590271e-14       1.794477736232e-15       0.000000000000e+00       0.000000000000e+00       0.000000000000e+00 
  211       1.178398811517e-12       2.571514059702e-15       1.272703183265e-14       1.793322853076e-15       0.000000000000e+00       0.000000000000e+00       0.000000000000e+00 
  212       1.185172921008e-12       2.528671068729e-15       1.175881575646e-14       1.793109462833e-15       0.000000000000e+00       0.000000000000e+00       0.000000000000e+00 
  213       1.191168495325e-12       2.489104135258e-15       1.077204984778e-14       1.793789834014e-15       0.000000000000e+00       0.000000000000e+00       0.000000000000e+00 
  214       1.196379731539e-12       2.452761957297e-15       9.769315911316e-15       1.795313572546e-15       0.000000000000e+00       0.000000000000e+00       0.000000000000e+00 
  215       1.200801222613e-12       2.419588150680e-15       8.753296550544e-15       1.797627586923e-15       0.000000000000e+00       0.000000000000e+00       0.000000000000e+00 
  216       1.204427964289e-12       2.389521176410e-15       7.726776335424e-15       1.800676053356e-15       0.000000000000e+00       0.000000000000e+00       0.000000000000e+00 
  217       1.207255361987e-12       2.362494268009e-15       6.692642970120e-15       1.804400380924e-15       0.000000000000e+00       0.000000000000e+00       0.000000000000e+00 
  218       1.209279237697e-12       2.338435358860e-15       5.653888460712e-15       1.808739176720e-15       0.000000000000e+00       0.000000000000e+00       0.000000000000e+00 
  219       1.210495836872e-12       2.317267009554e-15       4.613610282913e-15       1.813628211006e-15       0.000000000000e+00       0.000000000000e+00       0.000000000000e+00 
  220       1.210901835325e-12       2.298906335235e-15       3.575012549785e-15       1.819000382360e-15       0.000000000000e+00       0.000000000000e+00       0.000000000000e+00 
  221       1.210494346119e-12       2.283264932951e-15       2.541407179448e-15       1.824785682825e-15       0.000000000000e+00       0.000000000000e+00       0.000000000000e+00 
  222       1.209270926466e-12       2.270248808993e-15       1.516215062802e-15       1.830911163062e-15       0.000000000000e+00       0.000000000000e+00       0.000000000000e+00 
  223       1.207229584615e-12       2.259758306243e-15       5.029672312404e-16       1.837300897496e-15       0.000000000000e+00       0.000000000000e+00       0.000000000000e+00 
  224       1.204371053641e-12       2.251699750782e-15      -4.951952922718e-16       1.843886655186e-15       0.000000000000e+00       0.000000000000e+00       0.000000000000e+00 
  225       1.200705760921e-12       2.246021374086e-15      -1.477060083707e-15       1.850640746813e-15       0.000000000000e+00       0.000000000000e+00       0.000000000000e+00 
  226       1.196247320154e-12       2.242679560076e-15      -2.441901402070e-15       1.857545222371e-15       0.000000000000e+00       0.000000000000e+00       0.000000000000e+00 
  227       1.191010316973e-12       2.241627288977e-15      -3.388987791058e-15       1.864581345985e-15       0.000000000000e+00       0.000000000000e+00       0.000000000000e+00 
  228       1.185010321239e-12       2.242814092576e-15      -4.317582104964e-15       1.871729586553e-15       0.000000000000e+00       0.000000000000e+00       0.000000000000e+00 
  229       1.178263899326e-12       2.246186009464e-15      -5.226941534565e-15       1.878969608388e-15       0.000000000000e+00       0.000000000000e+00       0.000000000000e+00 
  230       1.170788626421e-12       2.251685540291e-15      -6.116317633025e-15       1.886280261853e-15       0.000000000000e+00       0.000000000000e+00       0.000000000000e+00 
  231       1.162603098807e-12       2.259251603009e-15      -6.984956341786e-15       1.893639574003e-15       0.000000000000e+00       0.000000000000e+00       0.000000000000e+00 
  232       1.153726946159e-12       2.268819488126e-15      -7.832098016467e-15       1.901024739224e-15       0.000000000000e+00       0.000000000000e+00       0.000000000000e+00 
  233       1.144180843837e-12       2.280320813949e-15      -8.656977452756e-15       1.908412109876e-15       0.000000000000e+00       0.000000000000e+00       0.000000000000e+00 
  234       1.133986525172e-12       2.293683481840e-15      -9.458823912313e-15       1.915777186926e-15       0.000000000000e+00       0.000000000000e+00       0.000000000000e+00 
  235       1.123166793760e-12       2.308831631461e-15      -1.023686114866e-14       1.923094610595e-15       0.000000000000e+00       0.000000000000e+00       0.000000000000e+00 
  236       1.111745535755e-12       2.325685596022e-15      -1.099030743307e-14       1.930338150992e-15       0.000000000000e+00       0.000000000000e+00       0.000000000000e+00 
  237       1.099747732158e-12       2.344161857531e-15      -1.171837558050e-14       1.937480698756e-15       0.000000000000e+00       0.000000000000e+00       0.000000000000e+00 
  238       1.087199471111e-12       2.364173002045e-15      -1.242027297542e-14       1.944494255697e-15       0.000000000000e+00       0.000000000000e+00       0.000000000000e+00 
  239       1.074127960183e-12       2.385627674916e-15      -1.309520159777e-14       1.951349925431e-15       0.000000000000e+00       0.000000000000e+00       0.000000000000e+00 
  240       1.060561538668e-12       2.408430536040e-15      -1.374235804884e-14       1.958017904028e-15       0.000000000000e+00       0.000000000000e+00       0.000000000000e+00 
  241       1.046529689873e-12       2.432482215109e-15      -1.436093357714e-14       1.964467470641e-15       0.000000000000e+00       0.000000000000e+00       0.000000000000e+00 
  242       1.032063053408e-12       2.457679266855e-15      -1.495011410433e-14       1.970666978155e-15       0.000000000000e+00       0.000000000000e+00       0.000000000000e+00 
  243       1.017193437479e-12       2.483914126304e-15      -1.550908025111e-14       1.976583843820e-15       0.000000000000e+00       0.000000000000e+00       0.000000000000e+00 
  244       1.001953831182e-12       2.511075064023e-15      -1.603700736308e-14       1.982184539897e-15       0.000000000000e+00       0.000000000000e+00       0.000000000000e+00 
  245       9.863784167883e-13       2.539046141366e-15      -1.653306553668e-14       1.987434584290e-15       0.000000000000e+00       0.000000000000e+00       0.000000000000e+00 
  246       9.705025820412e-13       2.567707165727e-15      -1.699641964508e-14       1.992298531193e-15       0.000000000000e+00       0.000000000000e+00       0.000000000000e+00 
  247       9.543629324450e-13       2.596933645788e-15      -1.742622936405e-14       1.996739961726e-15       0.000000000000e+00       0.000000000000e+00       0.000000000000e+00 
  248       9.379973035563e-13       2.626596746765e-15      -1.782164919788e-14       2.000721474573e-15       0.000000000000e+00       0.000000000000e+00       0.000000000000e+00 
  249       9.214447732762e-13       2.656563245661e-15      -1.818182850526e-14       2.004204676627e-15       0.000000000000e+00       0.000000000000e+00       0.000000000000e+00 
  250       9.047410140868e-13       2.686712741266e-15      -1.850610061039e-14       2.007156908823e-15       0.000000000000e+00       0.000000000000e+00       0.000000000000e+00 
  251       8.879040269365e-13       2.716990477964e-15      -1.879456218594e-14       2.009571873432e-15       0.000000000000e+00       0.000000000000e+00       0.000000000000e+00 
  252       8.709476077576e-13       2.747357484110e-15      -1.904752736357e-14       2.011450179239e-15       0.000000000000e+00       0.000000000000e+00       0.000000000000e+00 
  253       8.538859367855e-13       2.777773579947e-15      -1.926534204356e-14       2.012792716986e-15       0.000000000000e+00       0.000000000000e+00       0.000000000000e+00 
  254       8.367335819376e-13       2.808197365855e-15      -1.944838428222e-14       2.013600662888e-15       0.000000000000e+00       0.000000000000e+00       0.000000000000e+00 
  255       8.195055021937e-13       2.838586210595e-15      -1.959706467948e-14       2.013875482153e-15       0.000000000000e+00       0.000000000000e+00       0.000000000000e+00 
  256       8.022170509754e-13       2.868896239553e-15      -1.971182676631e-14       2.013618932506e-15       0.000000000000e+00       0.000000000000e+00       0.000000000000e+00 
  257       7.848839795257e-13       2.899082322991e-15      -1.979314739226e-14       2.012833067703e-15       0.000000000000e+00       0.000000000000e+00       0.000000000000e+00 
  258       7.675224402888e-13       2.929098064289e-15      -1.984153711291e-14       2.011520241055e-15       0.000000000000e+00       0.000000000000e+00       0.000000000000e+00 
  259       7.501489902899e-13       2.958895788194e-15      -1.985754057739e-14       2.009683108945e-15       0.000000000000e+00       0.000000000000e+00       0.000000000000e+00 
  260       7.327805945147e-13       2.988426529063e-15      -1.984173691589e-14       2.007324634351e-15       0.000000000000e+00       0.000000000000e+00       0.000000000000e+00 
  261       7.154346292891e-13       3.017640019111e-15      -1.979474012711e-14       2.004448090361e-15       0.000000000000e+00       0.000000000000e+00       0.000000000000e+00 
  262       6.981288856591e-13       3.046484676658e-15      -1.971719946577e-14       2.001057063697e-15       0.000000000000e+00       0.000000000000e+00       0.000000000000e+00 
  263       6.808815727703e-13       3.074907594371e-15      -1.960979983015e-14       1.997155458232e-15       0.000000000000e+00       0.000000000000e+00       0.000000000000e+00 
  264       6.637113212478e-13       3.102854527515e-15      -1.947326214949e-14       1.992747498512e-15       0.000000000000e+00       0.000000000000e+00       0.000000000000e+00 
  265       6.466371865755e-13       3.130269882196e-15      -1.930834377156e-14       1.987837733274e-15       0.000000000000e+00       0.000000000000e+00       0.000000000000e+00 
  266       6.296786524763e-13       3.157096703608e-15      -1.911583885014e-14       1.982431038965e-15       0.000000000000e+00       0.000000000000e+00       0.000000000000e+00 
  267       6.128556342913e-13       3.183276664278e-15      -1.889657873248e-14       1.976532623266e-15       0.000000000000e+00       0.000000000000e+00       0.000000000000e+00 
  268       5.961884823598e-13       3.208750052314e-15      -1.865143234682e-14       1.970148028605e-15       0.000000000000e+00       0.000000000000e+00       0.000000000000e+00 
  269       5.796979853991e-13       3.233455759650e-15      -1.838130658989e-14       1.963283135683e-15       0.000000000000e+00       0.000000000000e+00       0.000000000000e+00 
  270       5.634053738838e-13       3.257331270291e-15      -1.808714671437e-14       1.955944166991e-15       0.000000000000e+00       0.000000000000e+00       0.000000000000e+00 
  271       5.473323234258e-13       3.280312648561e-15      -1.776993671643e-14       1.948137690328e-15       0.000000000000e+00       0.000000000000e+00       0.000000000000e+00 
  272       5.315009581539e-13       3.302334527347e-15      -1.743069972316e-14       1.939870622325e-15       0.000000000000e+00       0.000000000000e+00       0.000000000000e+00 
  273       5.159338540935e-13       3.323330096348e-15      -1.707049838015e-14       1.931150231960e-15       0.000000000000e+00       0.000000000000e+00       0.000000000000e+00 
  274       5.006540425462e-13       3.343231090316e-15      -1.669043523890e-14       1.921984144082e-15       0.000000000000e+00       0.000000000000e+00       0.000000000000e+00 
  275       4.856850134698e-13       3.361967777310e-15      -1.629165314435e-14       1.912380342928e-15       0.000000000000e+00       0.000000000000e+00       0.000000000000e+00 
  276       4.710507188576e-13       3.379468946933e-15      -1.587533562237e-14       1.902347175643e-15       0.000000000000e+00       0.000000000000e+00       0.000000000000e+00 
  277       4.567755761182e-13       3.395661898583e-15      -1.544270726727e-14       1.891893355801e-15       0.000000000000e+00       0.000000000000e+00       0.000000000000e+00 
  278       4.428844714555e-13       3.410472429701e-15      -1.499503412927e-14       1.881027966924e-15       0.000000000000e+00       0.000000000000e+00       0.000000000000e+00 
  279       4.293985607081e-13       3.423838183770e-15      -1.453349290555e-14       1.869760635174e-15       0.000000000000e+00       0.000000000000e+00       0.000000000000e+00 
  280       4.163224241042e-13       3.435749483991e-15      -1.405877021474e-14       1.858102050086e-15       0.000000000000e+00       0.000000000000e+00       0.000000000000e+00 
  281       4.036562525949e-13       3.446210592251e-15      -1.357144331622e-14       1.846063477676e-15       0.000000000000e+00       0.000000000000e+00       0.000000000000e+00 
  282       3.913999873902e-13       3.455226548647e-15      -1.307210962173e-14       1.833656597450e-15       0.000000000000e+00       0.000000000000e+00       0.000000000000e+00 
  283       3.795533168824e-13       3.462803180250e-15      -1.256138688128e-14       1.820893506193e-15       0.000000000000e+00       0.000000000000e+00       0.000000000000e+00 
  284       3.681156735709e-13       3.468947109876e-15      -1.203991336911e-14       1.807786721742e-15       0.000000000000e+00       0.000000000000e+00       0.000000000000e+00 
  285       3.570862309862e-13       3.473665764855e-15      -1.150834806970e-14       1.794349186770e-15       0.000000000000e+00       0.000000000000e+00       0.000000000000e+00 
  286       3.464639006138e-13       3.476967385794e-15      -1.096737086366e-14       1.780594272564e-15       0.000000000000e+00       0.000000000000e+00       0.000000000000e+00 
  287       3.362473288189e-13       3.478861035350e-15      -1.041768271375e-14       1.766535782802e-15       0.000000000000e+00       0.000000000000e+00       0.000000000000e+00 
  288       3.264348937700e-13       3.479356606995e-15      -9.860005850840e-15       1.752187957339e-15       0.000000000000e+00       0.000000000000e+00       0.000000000000e+00 
  289       3.170247023635e-13       3.478464833786e-15      -9.295083959829e-15       1.737565475980e-15       0.000000000000e+00       0.000000000000e+00       0.000000000000e+00 
  290       3.080145871479e-13       3.476197297130e-15      -8.723682365652e-15       1.722683462261e-15       0.000000000000e+00       0.000000000000e+00       0.000000000000e+00 
  291       2.994021032475e-13       3.472566435555e-15      -8.146588219221e-15       1.707557487233e-15       0.000000000000e+00       0.000000000000e+00       0.000000000000e+00 
  292       2.911845252871e-13       3.467585553477e-15      -7.564610683396e-15       1.692203573237e-15       0.000000000000e+00       0.000000000000e+00       0.000000000000e+00 
  293       2.833588443160e-13       3.461268829968e-15      -6.978581118942e-15       1.676638197685e-15       0.000000000000e+00       0.000000000000e+00       0.000000000000e+00 
  294       2.759217647322e-13       3.453631327522e-15      -6.389353270495e-15       1.660878296839e-15       0.000000000000e+00       0.000000000000e+00       0.000000000000e+00 
  295       2.688697012063e-13       3.444689000825e-15      -5.797803452522e-15       1.644941269592e-15       0.000000000000e+00       0.000000000000e+00       0.000000000000e+00 
  296       2.621987756061e-13       3.434458705524e-15      -5.204830735288e-15       1.628844981246e-15       0.000000000000e+00       0.000000000000e+00       0.000000000000e+00 
  297       2.559048139207e-13       3.422958206992e-15      -4.611357130814e-15       1.612607767294e-15       0.000000000000e+00       0.000000000000e+00       0.000000000000e+00 
  298       2.499833431844e-13       3.410206189098e-15      -4.018327778841e-15       1.596248437196e-15       0.000000000000e+00       0.000000000000e+00       0.000000000000e+00 
  299       2.444295884010e-13       3.396222262975e-15      -3.426711132794e-15       1.579786278161e-15       0.000000000000e+00       0.000000000000e+00       0.000000000000e+00 
  300       2.392384694683e-13       3.381026975785e-15      -2.837499145744e-15       1.563241058928e-15       0.000000000000e+00       0.000000000000e+00       0.000000000000e+00 
  301       2.344045981018e-13       3.364641819493e-15      -2.251707456369e-15       1.546633033541e-15       0.000000000000e+00       0.000000000000e+00       0.000000000000e+00 
  302       2.299222747591e-13       3.347089239628e-15      -1.670375574919e-15       1.529982945133e-15       0.000000000000e+00       0.000000000000e+00       0.000000000000e+00 
  303       2.257854855642e-13       3.328392644055e-15      -1.094567069175e-15       1.513312029704e-15       0.000000000000e+00       0.000000000000e+00       0.000000000000e+00 
  304       2.219878992315e-13       3.308576411742e-15      -5.253697504175e-16       1.496642019899e-15       0.000000000000e+00       0.000000000000e+00       0.000000000000e+00 
  305       2.185228639899e-13       3.287665901530e-15       3.610414061754e-17       1.479995148791e-15       0.000000000000e+00       0.000000000000e+00       0.000000000000e+00 
  306       2.153834045073e-13       3.265687460896e-15       5.887177477713e-16       1.463394153657e-15       0.000000000000e+00       0.000000000000e+00       0.000000000000e+00 
  307       2.125622188144e-13       3.242668434727e-15       1.131309413502e-15       1.446862279761e-15       0.000000000000e+00       0.000000000000e+00       0.000000000000e+00 
  308       2.100516752293e-13       3.218637174081e-15       1.662692492920e-15       1.430423284130e-15       0.000000000000e+00       0.000000000000e+00       0.000000000000e+00 
  309       2.078438092813e-13       3.193623044964e-15       2.181655167829e-15       1.414101439338e-15       0.000000000000e+00       0.000000000000e+00       0.000000000000e+00 
  310       2.059303206352e-13       3.167656437087e-15       2.686960260760e-15       1.397921537279e-15       0.000000000000e+00       0.000000000000e+00       0.000000000000e+00 
  311       2.043025700156e-13       3.140768772645e-15       3.177345049010e-15       1.381908892955e-15       0.000000000000e+00       0.000000000000e+00       0.000000000000e+00 
  312       2.029521750437e-13       3.112991604648e-15       3.651732301974e-15       1.366085713103e-15       0.000000000000e+00       0.000000000000e+00       0.000000000000e+00 
  313       2.018728346141e-13       3.084353847717e-15       4.109874597041e-15       1.350460008122e-15       0.000000000000e+00       0.000000000000e+00       0.000000000000e+00 
  314       2.010585831596e-13       3.054884435932e-15       4.551739536470e-15       1.335036173051e-15       0.000000000000e+00       0.000000000000e+00       0.000000000000e+00 
  315       2.005031970402e-13       3.024613229289e-15       4.977301292703e-15       1.319818575641e-15       0.000000000000e+00       0.000000000000e+00       0.000000000000e+00 
  316       2.002001922033e-13       2.993571021353e-15       5.386540681949e-15       1.304811555673e-15       0.000000000000e+00       0.000000000000e+00       0.000000000000e+00 
  317       2.001428218436e-13       2.961789546904e-15       5.779445237775e-15       1.290019424267e-15       0.000000000000e+00       0.000000000000e+00       0.000000000000e+00 
  318       2.003240740635e-13       2.929301489590e-15       6.156009284698e-15       1.275446463200e-15       0.000000000000e+00       0.000000000000e+00       0.000000000000e+00 
  319       2.007366695330e-13       2.896140489573e-15       6.516234011769e-15       1.261096924209e-15       0.000000000000e+00       0.000000000000e+00       0.000000000000e+00 
  320       2.013730591501e-13       2.862341151180e-15       6.860127546168e-15       1.246975028316e-15       0.000000000000e+00       0.000000000000e+00       0.000000000000e+00 
  321       2.022254217004e-13       2.827939050551e-15       7.187705026787e-15       1.233084965131e-15       0.000000000000e+00       0.000000000000e+00       0.000000000000e+00 
  322       2.032856615179e-13       2.792970743291e-15       7.498988677826e-15       1.219430892167e-15       0.000000000000e+00       0.000000000000e+00       0.000000000000e+00 
  323       2.045454061446e-13       2.757473772112e-15       7.794007882376e-15       1.206016934158e-15       0.000000000000e+00       0.000000000000e+00       0.000000000000e+00 
  324       2.059960039909e-13       2.721486674494e-15       8.072799256014e-15       1.192847182363e-15       0.000000000000e+00       0.000000000000e+00       0.000000000000e+00 
  325       2.076285219956e-13       2.685048990321e-15       8.335406720386e-15       1.179925693888e-15       0.000000000000e+00       0.000000000000e+00       0.000000000000e+00 
  326       2.094337432860e-13       2.648201269541e-15       8.581881576803e-15       1.167256490989e-15       0.000000000000e+00       0.000000000000e+00       0.000000000000e+00 
  327       2.114021648382e-13       2.610985079810e-15       8.812282579824e-15       1.154843560394e-15       0.000000000000e+00       0.000000000000e+00       0.000000000000e+00 
  328       2.135239951372e-13       2.573443014140e-15       9.026676010850e-15       1.142690852609e-15       0.000000000000e+00       0.000000000000e+00       0.000000000000e+00 
  329       2.157891518366e-13       2.535618698553e-15       9.225135751712e-15       1.130802281234e-15       0.000000000000e+00       0.000000000000e+00       0.000000000000e+00 
  330       2.181872594194e-13       2.497556799726e-15       9.407743358257e-15       1.119181722275e-15       0.000000000000e+00       0.000000000000e+00       0.000000000000e+00 
  331       2.207076468577e-13       2.459303032642e-15       9.574588133942e-15       1.107833013456e-15       0.000000000000e+00       0.000000000000e+00       0.000000000000e+00 
  332       2.233393452729e-13       2.420904168240e-15       9.725767203421e-15       1.096759953533e-15       0.000000000000e+00       0.000000000000e+00       0.000000000000e+00 
  333       2.260710855957e-13       2.382408041061e-15       9.861385586134e-15       1.085966301605e-15       0.000000000000e+00       0.000000000000e+00       0.000000000000e+00 
  334       2.288912962266e-13       2.343863556900e-15       9.981556269896e-15       1.075455776428e-15       0.000000000000e+00       0.000000000000e+00       0.000000000000e+00 
  335       2.317881006957e-13       2.305320700457e-15       1.008640028449e-14       1.065232055729e-15       0.000000000000e+00       0.000000000000e+00       0.000000000000e+00 
  336       2.347493153228e-13       2.266830542980e-15       1.017604677525e-14       1.055298775515e-15       0.000000000000e+00       0.000000000000e+00       0.000000000000e+00 
  337       2.377624468778e-13       2.228445249921e-15       1.025063307665e-14       1.045659529389e-15       0.000000000000e+00       0.000000000000e+00       0.000000000000e+00 
  338       2.408146902406e-13       2.190218088580e-15       1.031030478590e-14       1.036317867861e-15       0.000000000000e+00       0.000000000000e+00       0.000000000000e+00 
  339       2.438929260613e-13       2.152203435759e-15       1.035521583654e-14       1.027277297662e-15       0.000000000000e+00       0.000000000000e+00       0.000000000000e+00 
  340       2.469837184202e-13       2.114456785405e-15       1.038552857202e-14       1.018541281055e-15       0.000000000000e+00       0.000000000000e+00       0.000000000000e+00 
  341       2.500733124884e-13       2.077034756265e-15       1.040141381927e-14       1.010113235150e-15       0.000000000000e+00       0.000000000000e+00       0.000000000000e+00 
  342       2.531476321870e-13       2.039995099535e-15       1.040305096233e-14       1.001996531214e-15       0.000000000000e+00       0.000000000000e+00       0.000000000000e+00 
  343       2.561922778484e-13       2.003396706503e-15       1.039062801591e-14       9.941944939862e-16       0.000000000000e+00       0.000000000000e+00       0.000000000000e+00 
  344       2.591925238753e-13       1.967299616205e-15       1.036434169900e-14       9.867104009888e-16       0.000000000000e+00       0.000000000000e+00       0.000000000000e+00 
  345       2.621333164017e-13       1.931765023072e-15       1.032439750844e-14       9.795474818412e-16       0.000000000000e+00       0.000000000000e+00       0.000000000000e+00 
  346       2.649992709524e-13       1.896855284578e-15       1.027100979250e-14       9.727089175718e-16       0.000000000000e+00       0.000000000000e+00       0.000000000000e+00 
  347       2.677746701036e-13       1.862633928889e-15       1.020440182452e-14       9.661978399311e-16       0.000000000000e+00       0.000000000000e+00       0.000000000000e+00 
  348       2.704434611428e-13       1.829165662515e-15       1.012480587643e-14       9.600173307041e-16       0.000000000000e+00       0.000000000000e+00       0.000000000000e+00 
  349       2.729919634075e-13       1.796506026207e-15       1.003247302543e-14       9.541691176410e-16       0.000000000000e+00       0.000000000000e+00       0.000000000000e+00 
  350       2.754171192081e-13       1.764669872779e-15       9.927702872800e-15       9.486496038693e-16       0.000000000000e+00       0.000000000000e+00       0.000000000000e+00 
  351       2.777185810447e-13       1.733661594915e-15       9.810815203632e-15       9.434536722072e-16       0.000000000000e+00       0.000000000000e+00       0.000000000000e+00 
  352       2.798960331738e-13       1.703485356266e-15       9.682140448025e-15       9.385759717043e-16       0.000000000000e+00       0.000000000000e+00       0.000000000000e+00 
  353       2.819491919306e-13       1.674145088927e-15       9.542019764238e-15       9.340109156738e-16       0.000000000000e+00       0.000000000000e+00       0.000000000000e+00 
  354       2.838778060509e-13       1.645644490920e-15       9.390805121839e-15       9.297526797244e-16       0.000000000000e+00       0.000000000000e+00       0.000000000000e+00 
  355       2.856816569934e-13       1.617987023668e-15       9.228859384856e-15       9.257951997927e-16       0.000000000000e+00       0.000000000000e+00       0.000000000000e+00 
  356       2.873605592616e-13       1.591175909481e-15       9.056556394929e-15       9.221321701759e-16       0.000000000000e+00       0.000000000000e+00       0.000000000000e+00 
  357       2.889143607262e-13       1.565214129030e-15       8.874281054462e-15       9.187570415634e-16       0.000000000000e+00       0.000000000000e+00       0.000000000000e+00 
  358       2.903429429469e-13       1.540104418832e-15       8.682429409771e-15       9.156630190695e-16       0.000000000000e+00       0.000000000000e+00       0.000000000000e+00 
  359       2.916462214947e-13       1.515849268725e-15       8.481408734236e-15       9.128430602656e-16       0.000000000000e+00       0.000000000000e+00       0.000000000000e+00 
  360       2.928241462739e-13       1.492450919352e-15       8.271637611454e-15       9.102898732125e-16       0.000000000000e+00       0.000000000000e+00       0.000000000000e+00 
  361       2.938767018443e-13       1.469911359635e-15       8.053546018387e-15       9.079959144925e-16       0.000000000000e+00       0.000000000000e+00       0.000000000000e+00 
  362       2.948039077434e-13       1.448232324262e-15       7.827575408517e-15       9.059533872419e-16       0.000000000000e+00       0.000000000000e+00       0.000000000000e+00 
  363       2.956058188081e-13       1.427415291159e-15       7.594178794991e-15       9.041542391831e-16       0.000000000000e+00       0.000000000000e+00       0.000000000000e+00 
  364       2.962825254975e-13       1.407461478976e-15       7.353820833778e-15       9.025901606568e-16       0.000000000000e+00       0.000000000000e+00       0.000000000000e+00 
  365       2.968341542141e-13       1.388371844563e-15       7.106977906815e-15       9.012525826546e-16       0.000000000000e+00       0.000000000000e+00       0.000000000000e+00 
  366       2.972608676270e-13       1.370147080451e-15       6.854138205164e-15       9.001326748510e-16       0.000000000000e+00       0.000000000000e+00       0.000000000000e+00 
  367       2.975628649929e-13       1.352787612330e-15       6.595801812154e-15       8.992213436357e-16       0.000000000000e+00       0.000000000000e+00       0.000000000000e+00 
  368       2.977403824791e-13       1.336293596532e-15       6.332480786542e-15       8.985092301460e-16       0.000000000000e+00       0.000000000000e+00       0.000000000000e+00 
  369       2.977936934850e-13       1.320664917508e-15       6.064699245656e-15       8.979867082989e-16       0.000000000000e+00       0.000000000000e+00       0.000000000000e+00 
  370       2.977231089647e-13       1.305901185307e-15       5.792993448551e-15       8.976438828235e-16       0.000000000000e+00       0.000000000000e+00       0.000000000000e+00 
  371       2.975289777486e-13       1.292001733060e-15       5.517911879158e-15       8.974705872932e-16       0.000000000000e+00       0.000000000000e+00       0.000000000000e+00 
  372       2.972116868660e-13       1.278965614454e-15       5.240015329433e-15       8.974563821580e-16       0.000000000000e+00       0.000000000000e+00       0.000000000000e+00 
  373       2.967716618669e-13       1.266791601215e-15       4.959876982512e-15       8.975905527768e-16       0.000000000000e+00       0.000000000000e+00       0.000000000000e+00 
  374       2.962093671441e-13       1.255478180588e-15       4.678082495860e-15       8.978621074496e-16       0.000000000000e+00       0.000000000000e+00       0.000000000000e+00 
  375       2.955253062556e-13       1.245023552814e-15       4.395230084421e-15       8.982597754498e-16       0.000000000000e+00       0.000000000000e+00       0.000000000000e+00 
  376       2.947200222464e-13       1.235425628612e-15       4.111930603770e-15       8.987720050567e-16       0.000000000000e+00       0.000000000000e+00       0.000000000000e+00 
  377       2.937940979707e-13       1.226682026660e-15       3.828807633265e-15       8.993869615871e-16       0.000000000000e+00       0.000000000000e+00       0.000000000000e+00 
  378       2.927481564141e-13       1.218790071070e-15       3.546497559195e-15       9.000925254286e-16       0.000000000000e+00       0.000000000000e+00       0.000000000000e+00 
  379       2.915828610156e-13       1.211746788871e-15       3.265649657934e-15       9.008762900707e-16       0.000000000000e+00       0.000000000000e+00       0.000000000000e+00 
  380       2.902989159898e-13       1.205548907489e-15       2.986926179092e-15       9.017255601382e-16       0.000000000000e+00       0.000000000000e+00       0.000000000000e+00 
  381       2.888970666490e-13       1.200192852224e-15       2.711002428662e-15       9.026273494225e-16       0.000000000000e+00       0.000000000000e+00       0.000000000000e+00 
  382       2.873780997251e-13       1.195674743732e-15       2.438566852174e-15       9.035683789147e-16       0.000000000000e+00       0.000000000000e+00       0.000000000000e+00 
  383       2.857428436922e-13       1.191990395506e-15       2.170321117849e-15       9.045350748372e-16       0.000000000000e+00       0.000000000000e+00       0.000000000000e+00 
  384       2.839921690880e-13       1.189135311351e-15       1.906980199743e-15       9.055135666764e-16       0.000000000000e+00       0.000000000000e+00       0.000000000000e+00 
  385       2.821269888366e-13       1.187104682867e-15       1.649272460903e-15       9.064896852147e-16       0.000000000000e+00       0.000000000000e+00       0.000000000000e+00 
  386       2.801482585702e-13       1.185893386929e-15       1.397939736516e-15       9.074489605630e-16       0.000000000000e+00       0.000000000000e+00       0.000000000000e+00 
  387       2.780569769514e-13       1.185495983164e-15       1.153737417061e-15       9.083766201929e-16       0.000000000000e+00       0.000000000000e+00       0.000000000000e+00 
  388       2.758545284522e-13       1.185904508106e-15       9.173085171669e-16       9.092597764006e-16       0.000000000000e+00       0.000000000000e+00       0.000000000000e+00 
  389       2.735437251693e-13       1.187101771835e-15       6.888005194140e-16       9.100940829200e-16       0.000000000000e+00       0.000000000000e+00       0.000000000000e+00 
  390       2.711278046112e-13       1.189067805644e-15       4.682343614694e-16       9.108773234440e-16       0.000000000000e+00       0.000000000000e+00       0.000000000000e+00 
  391       2.686100913520e-13       1.191782038471e-15       2.556291392335e-16       9.116072444495e-16       0.000000000000e+00       0.000000000000e+00       0.000000000000e+00 
  392       2.659939976258e-13       1.195223292625e-15       5.100208980246e-17       9.122815549709e-16       0.000000000000e+00       0.000000000000e+00       0.000000000000e+00 
  393       2.632830239216e-13       1.199369779513e-15      -1.456314255697e-16       9.128979263726e-16       0.000000000000e+00       0.000000000000e+00       0.000000000000e+00 
  394       2.604807595770e-13       1.204199095369e-15      -3.342579385092e-16       9.134539921227e-16       0.000000000000e+00       0.000000000000e+00       0.000000000000e+00 
  395       2.575908833731e-13       1.209688216983e-15      -5.148658905603e-16       9.139473475654e-16       0.000000000000e+00       0.000000000000e+00       0.000000000000e+00 
  396       2.546171641286e-13       1.215813497428e-15      -6.874456502236e-16       9.143755496941e-16       0.000000000000e+00       0.000000000000e+00       0.000000000000e+00 
  397       2.515634612943e-13       1.222550661785e-15      -8.519895299933e-16       9.147361169248e-16       0.000000000000e+00       0.000000000000e+00       0.000000000000e+00 
  398       2.484337255475e-13       1.229874802875e-15      -1.008491803396e-15       9.150265288686e-16       0.000000000000e+00       0.000000000000e+00       0.000000000000e+00 
  399       2.452319993862e-13       1.237760376987e-15      -1.156948722029e-15       9.152442261049e-16       0.000000000000e+00       0.000000000000e+00       0.000000000000e+00 
  400       2.419624177237e-13       1.246181199601e-15      -1.297358532595e-15       9.153866099546e-16       0.000000000000e+00       0.000000000000e+00       0.000000000000e+00 
  401       2.386292084831e-13       1.255110441121e-15      -1.429721493946e-15       9.154510422527e-16       0.000000000000e+00       0.000000000000e+00       0.000000000000e+00 
  402       2.352366931912e-13       1.264520622602e-15      -1.554039894115e-15       9.154348451217e-16       0.000000000000e+00       0.000000000000e+00       0.000000000000e+00 
  403       2.317892875733e-13       1.274383611475e-15      -1.670318067359e-15       9.153353007442e-16       0.000000000000e+00       0.000000000000e+00       0.000000000000e+00 
  404       2.282915021475e-13       1.284670617277e-15      -1.778562411194e-15       9.151496511364e-16       0.000000000000e+00       0.000000000000e+00       0.000000000000e+00 
  405       2.247479428189e-13       1.295352187380e-15      -1.878781403433e-15       9.148750979206e-16       0.000000000000e+00       0.000000000000e+00       0.000000000000e+00 
  406       2.211633114743e-13       1.306398202716e-15      -1.970985619225e-15       9.145088020984e-16       0.000000000000e+00       0.000000000000e+00       0.000000000000e+00 
  407       2.175424065764e-13       1.317777873507e-15      -2.055187748094e-15       9.140478838239e-16       0.000000000000e+00       0.000000000000e+00       0.000000000000e+00 
  408       2.138901237580e-13       1.329459734994e-15      -2.131402610975e-15       9.134894221764e-16       0.000000000000e+00       0.000000000000e+00       0.000000000000e+00 
  409       2.102114564168e-13       1.341411643160e-15      -2.199647177252e-15       9.128304549336e-16       0.000000000000e+00       0.000000000000e+00       0.000000000000e+00 
  410       2.065114963095e-13       1.353600770463e-15      -2.259940581797e-15       9.120679783444e-16       0.000000000000e+00       0.000000000000e+00       0.000000000000e+00 
  411       2.027954341461e-13       1.365993601563e-15      -2.312304142007e-15       9.111989469021e-16       0.000000000000e+00       0.000000000000e+00       0.000000000000e+00 
  412       1.990685601847e-13       1.378555929047e-15      -2.356761374844e-15       9.102202731173e-16       0.000000000000e+00       0.000000000000e+00       0.000000000000e+00 
  413       1.953362648254e-13       1.391252849159e-15      -2.393338013870e-15       9.091288272910e-16       0.000000000000e+00       0.000000000000e+00       0.000000000000e+00 
  414       1.916040392049e-13       1.404048757530e-15      -2.422062026287e-15       9.079214372875e-16       0.000000000000e+00       0.000000000000e+00       0.000000000000e+00 
  415       1.878774757910e-13       1.416907344900e-15      -2.442963629975e-15       9.065948883072e-16       0.000000000000e+00       0.000000000000e+00       0.000000000000e+00 
  416       1.841622689768e-13       1.429791592851e-15      -2.456075310529e-15       9.051459226603e-16       0.000000000000e+00       0.000000000000e+00       0.000000000000e+00 
  417       1.804642156752e-13       1.442663769534e-15      -2.461431838296e-15       9.035712395388e-16       0.000000000000e+00       0.000000000000e+00       0.000000000000e+00 
  418       1.767892159132e-13       1.455485425397e-15      -2.459070285416e-15       9.018674947905e-16       0.000000000000e+00       0.000000000000e+00       0.000000000000e+00 
  419       1.731432734263e-13       1.468217388908e-15      -2.449030042858e-15       9.000313006912e-16       0.000000000000e+00       0.000000000000e+00       0.000000000000e+00 
  420       1.695324962528e-13       1.480819762293e-15      -2.431352837458e-15       8.980592257181e-16       0.000000000000e+00       0.000000000000e+00       0.000000000000e+00 
  421       1.659630973286e-13       1.493251917252e-15      -2.406082748957e-15       8.959477943229e-16       0.000000000000e+00       0.000000000000e+00       0.000000000000e+00 
  422       1.624413950809e-13       1.505472490696e-15      -2.373266227039e-15       8.936934867044e-16       0.000000000000e+00       0.000000000000e+00       0.000000000000e+00 
  423       1.589738140232e-13       1.517439380472e-15      -2.332952108370e-15       8.912927385820e-16       0.000000000000e+00       0.000000000000e+00       0.000000000000e+00 
  424       1.555668853493e-13       1.529109741089e-15      -2.285191633634e-15       8.887419409681e-16       0.000000000000e+00       0.000000000000e+00       0.000000000000e+00 
  425       1.522272475279e-13       1.540439979448e-15      -2.230038464574e-15       8.860374399417e-16       0.000000000000e+00       0.000000000000e+00       0.000000000000e+00 
  426       1.489616468970e-13       1.551385750569e-15      -2.167548701025e-15       8.831755364212e-16       0.000000000000e+00       0.000000000000e+00       0.000000000000e+00 
  427       1.457757929556e-13       1.561908912103e-15      -2.097803904454e-15       8.801536682511e-16       0.000000000000e+00       0.000000000000e+00       0.000000000000e+00 
  428       1.426708801370e-13       1.571998657165e-15      -2.020980996553e-15       8.769740012208e-16       0.000000000000e+00       0.000000000000e+00       0.000000000000e+00 
  429       1.396469488687e-13       1.581651092074e-15      -1.937284772213e-15       8.736399597720e-16       0.000000000000e+00       0.000000000000e+00       0.000000000000e+00 
  430       1.367040200264e-13       1.590862342830e-15      -1.846925139927e-15       8.701550562715e-16       0.000000000000e+00       0.000000000000e+00       0.000000000000e+00 
  431       1.338420947762e-13       1.599628555411e-15      -1.750117153942e-15       8.665228915598e-16       0.000000000000e+00       0.000000000000e+00       0.000000000000e+00 
  432       1.310611544167e-13       1.607945896068e-15      -1.647081046398e-15       8.627471555012e-16       0.000000000000e+00       0.000000000000e+00       0.000000000000e+00 
  433       1.283611602219e-13       1.615810551623e-15      -1.538042259474e-15       8.588316275322e-16       0.000000000000e+00       0.000000000000e+00       0.000000000000e+00 
  434       1.257420532830e-13       1.623218729767e-15      -1.423231477535e-15       8.547801772116e-16       0.000000000000e+00       0.000000000000e+00       0.000000000000e+00 
  435       1.232037543510e-13       1.630166659357e-15      -1.302884659270e-15       8.505967647695e-16       0.000000000000e+00       0.000000000000e+00       0.000000000000e+00 
  436       1.207461636794e-13       1.636650590711e-15      -1.177243069844e-15       8.462854416565e-16       0.000000000000e+00       0.000000000000e+00       0.000000000000e+00 
  437       1.183691608657e-13       1.642666795908e-15      -1.046553313035e-15       8.418503510932e-16       0.000000000000e+00       0.000000000000e+00       0.000000000000e+00 
  438       1.160726046948e-13       1.648211569082e-15      -9.110673633849e-16       8.372957286198e-16       0.000000000000e+00       0.000000000000e+00       0.000000000000e+00 
  439       1.138563329805e-13       1.653281226724e-15      -7.710425983385e-16       8.326259026447e-16       0.000000000000e+00       0.000000000000e+00       0.000000000000e+00 
  440       1.117201624086e-13       1.657872107972e-15      -6.267418303914e-16       8.278452949946e-16       0.000000000000e+00       0.000000000000e+00       0.000000000000e+00 
  441       1.096638883785e-13       1.661980574915e-15      -4.784333392324e-16       8.229584214632e-16       0.000000000000e+00       0.000000000000e+00       0.000000000000e+00 
  442       1.076872848462e-13       1.665603012887e-15      -3.263909038888e-16       8.179698923609e-16       0.000000000000e+00       0.000000000000e+00       0.000000000000e+00 
  443       1.057901041663e-13       1.668735830763e-15      -1.708938348704e-16       8.128844130641e-16       0.000000000000e+00       0.000000000000e+00       0.000000000000e+00 
  444       1.039720769345e-13       1.671375461259e-15      -1.222700631346e-17       8.077067845643e-16       0.000000000000e+00       0.000000000000e+00       0.000000000000e+00 
  445       1.022329118301e-13       1.673518361226e-15       1.493191118741e-16       8.024419040177e-16       0.000000000000e+00       0.000000000000e+00       0.000000000000e+00 
  446       1.005722954580e-13       1.675161011950e-15       3.134484218693e-16       7.970947652943e-16       0.000000000000e+00       0.000000000000e+00       0.000000000000e+00 
  447       9.898989219126e-14       1.676299919447e-15       4.798591657889e-16       7.916704595273e-16       0.000000000000e+00       0.000000000000e+00       0.000000000000e+00 
  448       9.748534401364e-14       1.676931614761e-15       6.482438935458e-16       7.861741756626e-16       0.000000000000e+00       0.000000000000e+00       0.000000000000e+00 
  449       9.605827036170e-14       1.677052654263e-15       8.182894307043e-16       7.806112010078e-16       0.000000000000e+00       0.000000000000e+00       0.000000000000e+00 
  450       9.470826796726e-14       1.676659619943e-15       9.896768463360e-16       7.749869217817e-16       0.000000000000e+00       0.000000000000e+00       0.000000000000e+00 
  451       9.343491069977e-14       1.675749119713e-15       1.162081420875e-15       7.693068236636e-16       0.000000000000e+00       0.000000000000e+00       0.000000000000e+00 
  452       9.223774940868e-14       1.674317787698e-15       1.335172613974e-15       7.635764923429e-16       0.000000000000e+00       0.000000000000e+00       0.000000000000e+00 
  453       9.111631176576e-14       1.672362284541e-15       1.508614032361e-15       7.578016140677e-16       0.000000000000e+00       0.000000000000e+00       0.000000000000e+00 
  454       9.007010210752e-14       1.669879297693e-15       1.682063397691e-15       7.519879761949e-16       0.000000000000e+00       0.000000000000e+00       0.000000000000e+00 
  455       8.909860127752e-14       1.666865541712e-15       1.855172514408e-15       7.461414677392e-16       0.000000000000e+00       0.000000000000e+00       0.000000000000e+00 
  456       8.820126646879e-14       1.663317758563e-15       2.027587237594e-15       7.402680799224e-16       0.000000000000e+00       0.000000000000e+00       0.000000000000e+00 
  457       8.737753106614e-14       1.659232717911e-15       2.198947440831e-15       7.343739067225e-16       0.000000000000e+00       0.000000000000e+00       0.000000000000e+00 
  458       8.662680448855e-14       1.654607217423e-15       2.368886984050e-15       7.284651454238e-16       0.000000000000e+00       0.000000000000e+00       0.000000000000e+00 
  459       8.594847203153e-14       1.649438083058e-15       2.537033681394e-15       7.225480971651e-16       0.000000000000e+00       0.000000000000e+00       0.000000000000e+00 
  460       8.534189470948e-14       1.643722169372e-15       2.703009269066e-15       7.166291674902e-16       0.000000000000e+00       0.000000000000e+00       0.000000000000e+00 
  461       8.480640909806e-14       1.637456359809e-15       2.866429373191e-15       7.107148668962e-16       0.000000000000e+00       0.000000000000e+00       0.000000000000e+00 
  462       8.434132717653e-14       1.630637567004e-15       3.026903477669e-15       7.048118113835e-16       0.000000000000e+00       0.000000000000e+00       0.000000000000e+00 
  463       8.394593617017e-14       1.623262733071e-15       3.184034892029e-15       6.989267230049e-16       0.000000000000e+00       0.000000000000e+00       0.000000000000e+00 
  464       8.361949839257e-14       1.615328829912e-15       3.337420719290e-15       6.930664304148e-16       0.000000000000e+00       0.000000000000e+00       0.000000000000e+00 
  465       8.336125108804e-14       1.606832859504e-15       3.486651823808e-15       6.872378694189e-16       0.000000000000e+00       0.000000000000e+00       0.000000000000e+00 
  466       8.317023178484e-14       1.597774925869e-15       3.631379676368e-15       6.814472006708e-16       0.000000000000e+00       0.000000000000e+00       0.000000000000e+00 
  467       8.304474867915e-14       1.588167555842e-15       3.771519249923e-15       6.756971313534e-16       0.000000000000e+00       0.000000000000e+00       0.000000000000e+00 
  468       8.298289341713e-14       1.578026669687e-15       3.907052390741e-15       6.699895110177e-16       0.000000000000e+00       0.000000000000e+00       0.000000000000e+00 
  469       8.298271383729e-14       1.567368537703e-15       4.037961518129e-15       6.643262069441e-16       0.000000000000e+00       0.000000000000e+00       0.000000000000e+00 
  470       8.304221371663e-14       1.556209782210e-15       4.164229629156e-15       6.587091042047e-16       0.000000000000e+00       0.000000000000e+00       0.000000000000e+00 
  471       8.315935251676e-14       1.544567379548e-15       4.285840303395e-15       6.531401057260e-16       0.000000000000e+00       0.000000000000e+00       0.000000000000e+00 
  472       8.333204513006e-14       1.532458662061e-15       4.402777707647e-15       6.476211323510e-16       0.000000000000e+00       0.000000000000e+00       0.000000000000e+00 
  473       8.355816162583e-14       1.519901320089e-15       4.515026600681e-15       6.421541229023e-16       0.000000000000e+00       0.000000000000e+00       0.000000000000e+00 
  474       8.383552699646e-14       1.506913403963e-15       4.622572337964e-15       6.367410342439e-16       0.000000000000e+00       0.000000000000e+00       0.000000000000e+00 
  475       8.416192090353e-14       1.493513325991e-15       4.725400876391e-15       6.313838413445e-16       0.000000000000e+00       0.000000000000e+00       0.000000000000e+00 
  476       8.453507742400e-14       1.479719862451e-15       4.823498779024e-15       6.260845373392e-16       0.000000000000e+00       0.000000000000e+00       0.000000000000e+00 
  477       8.495268479632e-14       1.465552155582e-15       4.916853219817e-15       6.208451335927e-16       0.000000000000e+00       0.000000000000e+00       0.000000000000e+00 
  478       8.541238516662e-14       1.451029715575e-15       5.005451988357e-15       6.156676597612e-16       0.000000000000e+00       0.000000000000e+00       0.000000000000e+00 
  479       8.591177433481e-14       1.436172422563e-15       5.089283494589e-15       6.105541638556e-16       0.000000000000e+00       0.000000000000e+00       0.000000000000e+00 
  480       8.644840150078e-14       1.421000528612e-15       5.168336773556e-15       6.055067123032e-16       0.000000000000e+00       0.000000000000e+00       0.000000000000e+00 
  481       8.701976901050e-14       1.405534659714e-15       5.242601490125e-15       6.005273900110e-16       0.000000000000e+00       0.000000000000e+00       0.000000000000e+00 
  482       8.762333210219e-14       1.389795817774e-15       5.312067943725e-15       5.956183004275e-16       0.000000000000e+00       0.000000000000e+00       0.000000000000e+00 
  483       8.825649865247e-14       1.373805382604e-15       5.376727073077e-15       5.907815656057e-16       0.000000000000e+00       0.000000000000e+00       0.000000000000e+00 
  484       8.891662892250e-14       1.357585113913e-15       5.436570460927e-15       5.860193262654e-16       0.000000000000e+00       0.000000000000e+00       0.000000000000e+00 
  485       8.960103530412e-14       1.341157153297e-15       5.491590338780e-15       5.813337418559e-16       0.000000000000e+00       0.000000000000e+00       0.000000000000e+00 
  486       9.030698206602e-14       1.324544026232e-15       5.541779591631e-15       5.767269906180e-16       0.000000000000e+00       0.000000000000e+00       0.000000000000e+00 
  487       9.103168509987e-14       1.307768644062e-15       5.587131762701e-15       5.722012696473e-16       0.000000000000e+00       0.000000000000e+00       0.000000000000e+00 
  488       9.177231166646e-14       1.290854305993e-15       5.627641058165e-15       5.677587949558e-16       0.000000000000e+00       0.000000000000e+00       0.000000000000e+00 
  489       9.252598014188e-14       1.273824701080e-15       5.663302351888e-15       5.634018015353e-16       0.000000000000e+00       0.000000000000e+00       0.000000000000e+00 
  490       9.328975976362e-14       1.256703910223e-15       5.694111190158e-15       5.591325434192e-16       0.000000000000e+00       0.000000000000e+00       0.000000000000e+00 
  491       9.406067037676e-14       1.239516408154e-15       5.720063796417e-15       5.549532937454e-16       0.000000000000e+00       0.000000000000e+00       0.000000000000e+00 
  492       9.483568218011e-14       1.222287065427e-15       5.741157075994e-15       5.508663448187e-16       0.000000000000e+00       0.000000000000e+00       0.000000000000e+00 
  493       9.561171547232e-14       1.205041150413e-15       5.757388620839e-15       5.468740081731e-16       0.000000000000e+00       0.000000000000e+00       0.000000000000e+00 
  494       9.638564039808e-14       1.187804331288e-15       5.768756714256e-15       5.429786146349e-16       0.000000000000e+00       0.000000000000e+00       0.000000000000e+00 
  495       9.715427669423e-14       1.170602678026e-15       5.775260335633e-15       5.391825143843e-16       0.000000000000e+00       0.000000000000e+00       0.000000000000e+00 
  496       9.791439343593e-14       1.153462664385e-15       5.776899165178e-15       5.354880770188e-16       0.000000000000e+00       0.000000000000e+00       0.000000000000e+00 
  497       9.866270878279e-14       1.136411169905e-15       5.773673588650e-15       5.318976916153e-16       0.000000000000e+00       0.000000000000e+00       0.000000000000e+00 
  498       9.939588972503e-14       1.119475481894e-15       5.765584702091e-15       5.284137667924e-16       0.000000000000e+00       0.000000000000e+00       0.000000000000e+00 
  499       1.001105518296e-13       1.102683297418e-15       5.752634316562e-15       5.250387307733e-16       0.000000000000e+00       0.000000000000e+00       0.000000000000e+00 
  500       1.008032589864e-13       1.086062725297e-15       5.734824962872e-15       5.217750314481e-16       0.000000000000e+00       0.000000000000e+00       0.000000000000e+00 
