# dimensionless [l(l+1)/2pi] C_l's for tensor mode
# for l=2 to 500, i.e. number of multipoles equal to 499
#
# -> if you prefer output in CAMB/HealPix/LensPix units/order, set 'format' to 'camb' in input file
# -> if you don't want to see such a header, set 'headers' to 'no' in input file
# -> for CMB lensing (phi), these are C_l^phi-phi for the lensing potential.
#    Remember the conversion factors:
#    C_l^dd (deflection) = l(l+1) C_l^phi-phi
#    C_l^gg (shear/convergence) = 1/4 (l(l+1))^2 C_l^phi-phi
#
# 1:l     2:TT                     3:EE                     4:TE                     5:BB                     6:phiphi                 7:TPhi                   8:Ephi               
    2       1.417234210387e-10       2.681829279953e-15       1.659106333487e-13       4.793255806657e-15       0.000000000000e+00       0.000000000000e+00       0.000000000000e+00 
    3       1.087369877140e-10       2.838842937899e-15      -8.065414989539e-15       4.828063967929e-15       0.000000000000e+00       0.000000000000e+00       0.000000000000e+00 
    4       9.751759960061e-11       2.605299178663e-15      -6.048392379549e-14       4.199334767143e-15       0.000000000000e+00       0.000000000000e+00       0.000000000000e+00 
    5       9.281643506546e-11       2.082416017572e-15      -7.136599255135e-14       3.289749142851e-15       0.000000000000e+00       0.000000000000e+00       0.000000000000e+00 
    6       9.004014060543e-11       1.500843892923e-15      -6.785043410539e-14       2.387172527061e-15       0.000000000000e+00       0.000000000000e+00       0.000000000000e+00 
    7       8.828348582765e-11       1.021757927529e-15      -6.020364252037e-14       1.650242230313e-15       0.000000000000e+00       0.000000000000e+00       0.000000000000e+00 
    8       8.709586043438e-11       7.108923116504e-16      -5.295442783868e-14       1.132015911313e-15       0.000000000000e+00       0.000000000000e+00       0.000000000000e+00 
    9       8.623240188103e-11       5.631135785615e-16      -4.778564461580e-14       8.206681043617e-16       0.000000000000e+00       0.000000000000e+00       0.000000000000e+00 
   10       8.555177460781e-11       5.389547814481e-16      -4.502793128693e-14       6.743560970274e-16       0.000000000000e+00       0.000000000000e+00       0.000000000000e+00 
   11       8.497124388283e-11       5.930463636801e-16      -4.445706523108e-14       6.449994889794e-16       0.000000000000e+00       0.000000000000e+00       0.000000000000e+00 
   12       8.444279633280e-11       6.896976334899e-16      -4.568474222916e-14       6.906695718125e-16       0.000000000000e+00       0.000000000000e+00       0.000000000000e+00 
   13       8.393791261674e-11       8.065891605405e-16      -4.832393082961e-14       7.806933298200e-16       0.000000000000e+00       0.000000000000e+00       0.000000000000e+00 
   14       8.343886069724e-11       9.331430243329e-16      -5.206810636098e-14       8.949068935850e-16       0.000000000000e+00       0.000000000000e+00       0.000000000000e+00 
   15       8.293454751161e-11       1.065342124874e-15      -5.669887567075e-14       1.022140424593e-15       0.000000000000e+00       0.000000000000e+00       0.000000000000e+00 
   16       8.241837327956e-11       1.202441809238e-15      -6.205908590692e-14       1.156891696332e-15       0.000000000000e+00       0.000000000000e+00       0.000000000000e+00 
   17       8.188674081219e-11       1.345179633771e-15      -6.803575728765e-14       1.296400763185e-15       0.000000000000e+00       0.000000000000e+00       0.000000000000e+00 
   18       8.133195030539e-11       1.493404715182e-15      -7.455324511222e-14       1.440324451224e-15       0.000000000000e+00       0.000000000000e+00       0.000000000000e+00 
   19       8.077126502265e-11       1.646992288824e-15      -8.156432065369e-14       1.588446301226e-15       0.000000000000e+00       0.000000000000e+00       0.000000000000e+00 
   20       8.018545013951e-11       1.805995609865e-15      -8.900651075151e-14       1.740530821063e-15       0.000000000000e+00       0.000000000000e+00       0.000000000000e+00 
   21       7.958503631189e-11       1.970211965222e-15      -9.684667778217e-14       1.896478202019e-15       0.000000000000e+00       0.000000000000e+00       0.000000000000e+00 
   22       7.896459049113e-11       2.139389523087e-15      -1.050510482664e-13       2.056303319853e-15       0.000000000000e+00       0.000000000000e+00       0.000000000000e+00 
   23       7.833154669798e-11       2.313386031368e-15      -1.135860474593e-13       2.219908465289e-15       0.000000000000e+00       0.000000000000e+00       0.000000000000e+00 
   24       7.767984252887e-11       2.492129328327e-15      -1.224126263584e-13       2.387187303548e-15       0.000000000000e+00       0.000000000000e+00       0.000000000000e+00 
   25       7.701538769896e-11       2.675561354517e-15      -1.315006446620e-13       2.557948174016e-15       0.000000000000e+00       0.000000000000e+00       0.000000000000e+00 
   26       7.633489328491e-11       2.863679170959e-15      -1.408199611115e-13       2.731979031861e-15       0.000000000000e+00       0.000000000000e+00       0.000000000000e+00 
   27       7.564080185197e-11       3.056585685800e-15      -1.503448662052e-13       2.909023933770e-15       0.000000000000e+00       0.000000000000e+00       0.000000000000e+00 
   28       7.492911108314e-11       3.254393923829e-15      -1.600496823268e-13       3.088825049138e-15       0.000000000000e+00       0.000000000000e+00       0.000000000000e+00 
   29       7.420765706293e-11       3.456925500631e-15      -1.699113955800e-13       3.271163582087e-15       0.000000000000e+00       0.000000000000e+00       0.000000000000e+00 
   30       7.347731924771e-11       3.663880850659e-15      -1.799064361745e-13       3.455846551576e-15       0.000000000000e+00       0.000000000000e+00       0.000000000000e+00 
   31       7.272995293415e-11       3.874928681936e-15      -1.900104400569e-13       3.642686048700e-15       0.000000000000e+00       0.000000000000e+00       0.000000000000e+00 
   32       7.197074256476e-11       4.089777285229e-15      -2.002022375878e-13       3.831443720120e-15       0.000000000000e+00       0.000000000000e+00       0.000000000000e+00 
   33       7.120196502429e-11       4.308125025965e-15      -2.104613503879e-13       4.021865846489e-15       0.000000000000e+00       0.000000000000e+00       0.000000000000e+00 
   34       7.041983151306e-11       4.529664884639e-15      -2.207674658426e-13       4.213702746926e-15       0.000000000000e+00       0.000000000000e+00       0.000000000000e+00 
   35       6.962766721170e-11       4.754172517577e-15      -2.311021103539e-13       4.406726960566e-15       0.000000000000e+00       0.000000000000e+00       0.000000000000e+00 
   36       6.882585278848e-11       4.981448169540e-15      -2.414476596745e-13       4.600721791209e-15       0.000000000000e+00       0.000000000000e+00       0.000000000000e+00 
   37       6.801093482677e-11       5.211298165657e-15      -2.517862881861e-13       4.795466658654e-15       0.000000000000e+00       0.000000000000e+00       0.000000000000e+00 
   38       6.718715290756e-11       5.443550502141e-15      -2.620976367893e-13       4.990702074139e-15       0.000000000000e+00       0.000000000000e+00       0.000000000000e+00 
   39       6.635772210580e-11       5.678045067793e-15      -2.723604281200e-13       5.186152718546e-15       0.000000000000e+00       0.000000000000e+00       0.000000000000e+00 
   40       6.552112171787e-11       5.914630138983e-15      -2.825531056417e-13       5.381536152509e-15       0.000000000000e+00       0.000000000000e+00       0.000000000000e+00 
   41       6.467342644206e-11       6.153157241264e-15      -2.926576345937e-13       5.576569958590e-15       0.000000000000e+00       0.000000000000e+00       0.000000000000e+00 
   42       6.381738799319e-11       6.393462467036e-15      -3.026723604468e-13       5.770997213450e-15       0.000000000000e+00       0.000000000000e+00       0.000000000000e+00 
   43       6.295548689596e-11       6.635379955126e-15      -3.126033590811e-13       5.964568432952e-15       0.000000000000e+00       0.000000000000e+00       0.000000000000e+00 
   44       6.208707783593e-11       6.878747157134e-15      -3.224612795631e-13       6.157034632821e-15       0.000000000000e+00       0.000000000000e+00       0.000000000000e+00 
   45       6.121007247558e-11       7.123393046272e-15      -3.322542715958e-13       6.348142966822e-15       0.000000000000e+00       0.000000000000e+00       0.000000000000e+00 
   46       6.032728389390e-11       7.369098237995e-15      -3.419636038727e-13       6.537622071812e-15       0.000000000000e+00       0.000000000000e+00       0.000000000000e+00 
   47       5.944147643570e-11       7.615623165200e-15      -3.515612204261e-13       6.725192351871e-15       0.000000000000e+00       0.000000000000e+00       0.000000000000e+00 
   48       5.855337544347e-11       7.862718418916e-15      -3.610163066216e-13       6.910569726858e-15       0.000000000000e+00       0.000000000000e+00       0.000000000000e+00 
   49       5.766148580618e-11       8.110124190115e-15      -3.702951388274e-13       7.093465386992e-15       0.000000000000e+00       0.000000000000e+00       0.000000000000e+00 
   50       5.676348345473e-11       8.357562303377e-15      -3.793638877495e-13       7.273598666020e-15       0.000000000000e+00       0.000000000000e+00       0.000000000000e+00 
   51       5.586125609331e-11       8.604711063604e-15      -3.881982742773e-13       7.450740349510e-15       0.000000000000e+00       0.000000000000e+00       0.000000000000e+00 
   52       5.495691706817e-11       8.851222616878e-15      -3.967762747512e-13       7.624680697886e-15       0.000000000000e+00       0.000000000000e+00       0.000000000000e+00 
   53       5.405124712569e-11       9.096728876596e-15      -4.050753853024e-13       7.795217718384e-15       0.000000000000e+00       0.000000000000e+00       0.000000000000e+00 
   54       5.314358698222e-11       9.340840616663e-15      -4.130726105180e-13       7.962157536982e-15       0.000000000000e+00       0.000000000000e+00       0.000000000000e+00 
   55       5.223279040524e-11       9.583184589252e-15      -4.207468954872e-13       8.125316581001e-15       0.000000000000e+00       0.000000000000e+00       0.000000000000e+00 
   56       5.132060682926e-11       9.823527753354e-15      -4.280871554135e-13       8.284527909815e-15       0.000000000000e+00       0.000000000000e+00       0.000000000000e+00 
   57       5.040895088204e-11       1.006168231893e-14      -4.350862208756e-13       8.439637108287e-15       0.000000000000e+00       0.000000000000e+00       0.000000000000e+00 
   58       4.949885082403e-11       1.029747098839e-14      -4.417386512473e-13       8.590501046720e-15       0.000000000000e+00       0.000000000000e+00       0.000000000000e+00 
   59       4.859038243690e-11       1.053072753124e-14      -4.480408185588e-13       8.736988323329e-15       0.000000000000e+00       0.000000000000e+00       0.000000000000e+00 
   60       4.768260291198e-11       1.076129735876e-14      -4.539909913577e-13       8.878979706717e-15       0.000000000000e+00       0.000000000000e+00       0.000000000000e+00 
   61       4.677435899880e-11       1.098902938122e-14      -4.595880958783e-13       9.016366087663e-15       0.000000000000e+00       0.000000000000e+00       0.000000000000e+00 
   62       4.586707298742e-11       1.121374814347e-14      -4.648274848912e-13       9.149040796264e-15       0.000000000000e+00       0.000000000000e+00       0.000000000000e+00 
   63       4.496246759966e-11       1.143527642618e-14      -4.697043636173e-13       9.276906337620e-15       0.000000000000e+00       0.000000000000e+00       0.000000000000e+00 
   64       4.406170929875e-11       1.165344370359e-14      -4.742150696782e-13       9.399877086590e-15       0.000000000000e+00       0.000000000000e+00       0.000000000000e+00 
   65       4.316536991749e-11       1.186808644159e-14      -4.783571149884e-13       9.517879651240e-15       0.000000000000e+00       0.000000000000e+00       0.000000000000e+00 
   66       4.227338828633e-11       1.207904839579e-14      -4.821292276495e-13       9.630853236281e-15       0.000000000000e+00       0.000000000000e+00       0.000000000000e+00 
   67       4.138503186151e-11       1.228618090958e-14      -4.855313938425e-13       9.738750006522e-15       0.000000000000e+00       0.000000000000e+00       0.000000000000e+00 
   68       4.049949645723e-11       1.248933784214e-14      -4.885642989289e-13       9.841526729402e-15       0.000000000000e+00       0.000000000000e+00       0.000000000000e+00 
   69       3.961793232811e-11       1.268835849259e-14      -4.912274256024e-13       9.939116923730e-15       0.000000000000e+00       0.000000000000e+00       0.000000000000e+00 
   70       3.874176157774e-11       1.288308173537e-14      -4.935206438605e-13       1.003145369452e-14       0.000000000000e+00       0.000000000000e+00       0.000000000000e+00 
   71       3.787205472207e-11       1.307335124209e-14      -4.954448037526e-13       1.011847809249e-14       0.000000000000e+00       0.000000000000e+00       0.000000000000e+00 
   72       3.700950863731e-11       1.325901564222e-14      -4.970017619076e-13       1.020013925441e-14       0.000000000000e+00       0.000000000000e+00       0.000000000000e+00 
   73       3.615442450786e-11       1.343992868385e-14      -4.981944080612e-13       1.027639454358e-14       0.000000000000e+00       0.000000000000e+00       0.000000000000e+00 
   74       3.530668577422e-11       1.361594939442e-14      -4.990266915841e-13       1.034720969016e-14       0.000000000000e+00       0.000000000000e+00       0.000000000000e+00 
   75       3.446573608088e-11       1.378694224144e-14      -4.995036480090e-13       1.041255893163e-14       0.000000000000e+00       0.000000000000e+00       0.000000000000e+00 
   76       3.363099945380e-11       1.395277856253e-14      -4.996307619913e-13       1.047242498675e-14       0.000000000000e+00       0.000000000000e+00       0.000000000000e+00 
   77       3.280327803792e-11       1.411334080142e-14      -4.994118634344e-13       1.052679866169e-14       0.000000000000e+00       0.000000000000e+00       0.000000000000e+00 
   78       3.198357036379e-11       1.426851934001e-14      -4.988508941256e-13       1.057567942683e-14       0.000000000000e+00       0.000000000000e+00       0.000000000000e+00 
   79       3.117263895611e-11       1.441821148134e-14      -4.979525499799e-13       1.061907571157e-14       0.000000000000e+00       0.000000000000e+00       0.000000000000e+00 
   80       3.037099734984e-11       1.456232163629e-14      -4.967222939606e-13       1.065700504135e-14       0.000000000000e+00       0.000000000000e+00       0.000000000000e+00 
   81       2.957889710644e-11       1.470076151042e-14      -4.951663690000e-13       1.068949417462e-14       0.000000000000e+00       0.000000000000e+00       0.000000000000e+00 
   82       2.879631483005e-11       1.483345029069e-14      -4.932918109201e-13       1.071657923984e-14       0.000000000000e+00       0.000000000000e+00       0.000000000000e+00 
   83       2.802293918364e-11       1.496031483219e-14      -4.911064613533e-13       1.073830587248e-14       0.000000000000e+00       0.000000000000e+00       0.000000000000e+00 
   84       2.725845229225e-11       1.508128692380e-14      -4.886184130580e-13       1.075472440930e-14       0.000000000000e+00       0.000000000000e+00       0.000000000000e+00 
   85       2.650345599375e-11       1.519629415504e-14      -4.858342119091e-13       1.076587425590e-14       0.000000000000e+00       0.000000000000e+00       0.000000000000e+00 
   86       2.575867604961e-11       1.530526787050e-14      -4.827603791395e-13       1.077179716678e-14       0.000000000000e+00       0.000000000000e+00       0.000000000000e+00 
   87       2.502467349276e-11       1.540814609198e-14      -4.794039557738e-13       1.077254201072e-14       0.000000000000e+00       0.000000000000e+00       0.000000000000e+00 
   88       2.430183659151e-11       1.550487365620e-14      -4.757725060093e-13       1.076816482469e-14       0.000000000000e+00       0.000000000000e+00       0.000000000000e+00 
   89       2.359037281340e-11       1.559540235246e-14      -4.718741205977e-13       1.075872886781e-14       0.000000000000e+00       0.000000000000e+00       0.000000000000e+00 
   90       2.289030078905e-11       1.567969106025e-14      -4.677174202252e-13       1.074430467522e-14       0.000000000000e+00       0.000000000000e+00       0.000000000000e+00 
   91       2.220144227605e-11       1.575770588700e-14      -4.633115588944e-13       1.072497011205e-14       0.000000000000e+00       0.000000000000e+00       0.000000000000e+00 
   92       2.152341412282e-11       1.582942030567e-14      -4.586662273051e-13       1.070081042730e-14       0.000000000000e+00       0.000000000000e+00       0.000000000000e+00 
   93       2.085586231766e-11       1.589481300664e-14      -4.537911645670e-13       1.067191432277e-14       0.000000000000e+00       0.000000000000e+00       0.000000000000e+00 
   94       2.019922185723e-11       1.595386078452e-14      -4.486946019884e-13       1.063836136619e-14       0.000000000000e+00       0.000000000000e+00       0.000000000000e+00 
   95       1.955405683614e-11       1.600654483109e-14      -4.433845903952e-13       1.060023277591e-14       0.000000000000e+00       0.000000000000e+00       0.000000000000e+00 
   96       1.892082389475e-11       1.605285303061e-14      -4.378694676224e-13       1.055761523645e-14       0.000000000000e+00       0.000000000000e+00       0.000000000000e+00 
   97       1.829986750616e-11       1.609278006615e-14      -4.321578551450e-13       1.051060089778e-14       0.000000000000e+00       0.000000000000e+00       0.000000000000e+00 
   98       1.769141526309e-11       1.612632752585e-14      -4.262586547109e-13       1.045928737448e-14       0.000000000000e+00       0.000000000000e+00       0.000000000000e+00 
   99       1.709557316485e-11       1.615350400921e-14      -4.201810449724e-13       1.040377774500e-14       0.000000000000e+00       0.000000000000e+00       0.000000000000e+00 
  100       1.651232090425e-11       1.617432523342e-14      -4.139344781188e-13       1.034418055086e-14       0.000000000000e+00       0.000000000000e+00       0.000000000000e+00 
  101       1.594150715452e-11       1.618881413956e-14      -4.075286765075e-13       1.028060979587e-14       0.000000000000e+00       0.000000000000e+00       0.000000000000e+00 
  102       1.538284485629e-11       1.619700099900e-14      -4.009736292970e-13       1.021318494535e-14       0.000000000000e+00       0.000000000000e+00       0.000000000000e+00 
  103       1.483590650447e-11       1.619892351959e-14      -3.942795890782e-13       1.014203092537e-14       0.000000000000e+00       0.000000000000e+00       0.000000000000e+00 
  104       1.430030359638e-11       1.619462345089e-14      -3.874566764753e-13       1.006727358044e-14       0.000000000000e+00       0.000000000000e+00       0.000000000000e+00 
  105       1.377626273471e-11       1.618413564850e-14      -3.805136403703e-13       9.989025349614e-15       0.000000000000e+00       0.000000000000e+00       0.000000000000e+00 
  106       1.326411892346e-11       1.616749772372e-14      -3.734589231440e-13       9.907397644968e-15       0.000000000000e+00       0.000000000000e+00       0.000000000000e+00 
  107       1.276413569936e-11       1.614475347980e-14      -3.663010301693e-13       9.822505170255e-15       0.000000000000e+00       0.000000000000e+00       0.000000000000e+00 
  108       1.227650244257e-11       1.611595297967e-14      -3.590485221349e-13       9.734465870211e-15       0.000000000000e+00       0.000000000000e+00       0.000000000000e+00 
  109       1.180133168735e-11       1.608115261384e-14      -3.517100073691e-13       9.643400879867e-15       0.000000000000e+00       0.000000000000e+00       0.000000000000e+00 
  110       1.133865643274e-11       1.604041516814e-14      -3.442941341642e-13       9.549434473860e-15       0.000000000000e+00       0.000000000000e+00       0.000000000000e+00 
  111       1.088842745323e-11       1.599380989158e-14      -3.368095831001e-13       9.452694015749e-15       0.000000000000e+00       0.000000000000e+00       0.000000000000e+00 
  112       1.045051060947e-11       1.594141256416e-14      -3.292650593687e-13       9.353309907330e-15       0.000000000000e+00       0.000000000000e+00       0.000000000000e+00 
  113       1.002468415891e-11       1.588330556466e-14      -3.216692850974e-13       9.251415537942e-15       0.000000000000e+00       0.000000000000e+00       0.000000000000e+00 
  114       9.610636066526e-12       1.581957793847e-14      -3.140309916733e-13       9.147147233786e-15       0.000000000000e+00       0.000000000000e+00       0.000000000000e+00 
  115       9.207961315460e-12       1.575032546541e-14      -3.063589120674e-13       9.040644207236e-15       0.000000000000e+00       0.000000000000e+00       0.000000000000e+00 
  116       8.816288547366e-12       1.567564663822e-14      -2.986615982568e-13       8.932044555352e-15       0.000000000000e+00       0.000000000000e+00       0.000000000000e+00 
  117       8.435683200600e-12       1.559562989838e-14      -2.909468647208e-13       8.821472811856e-15       0.000000000000e+00       0.000000000000e+00       0.000000000000e+00 
  118       8.066288564030e-12       1.551036496852e-14      -2.832222625553e-13       8.709050779481e-15       0.000000000000e+00       0.000000000000e+00       0.000000000000e+00 
  119       7.708199304043e-12       1.541994683421e-14      -2.754952391977e-13       8.594901260668e-15       0.000000000000e+00       0.000000000000e+00       0.000000000000e+00 
  120       7.361459918719e-12       1.532447577560e-14      -2.677731292048e-13       8.479147971945e-15       0.000000000000e+00       0.000000000000e+00       0.000000000000e+00 
  121       7.026063192015e-12       1.522405739909e-14      -2.600631450300e-13       8.361915458310e-15       0.000000000000e+00       0.000000000000e+00       0.000000000000e+00 
  122       6.701948647939e-12       1.511880266896e-14      -2.523723678010e-13       8.243329007609e-15       0.000000000000e+00       0.000000000000e+00       0.000000000000e+00 
  123       6.389001004728e-12       1.500882793908e-14      -2.447077380973e-13       8.123514564918e-15       0.000000000000e+00       0.000000000000e+00       0.000000000000e+00 
  124       6.087048629032e-12       1.489425498450e-14      -2.370760467280e-13       8.002598646928e-15       0.000000000000e+00       0.000000000000e+00       0.000000000000e+00 
  125       5.795861990086e-12       1.477521103317e-14      -2.294839255090e-13       7.880708256321e-15       0.000000000000e+00       0.000000000000e+00       0.000000000000e+00 
  126       5.515152113892e-12       1.465182879756e-14      -2.219378380406e-13       7.757970796151e-15       0.000000000000e+00       0.000000000000e+00       0.000000000000e+00 
  127       5.244569037400e-12       1.452424650631e-14      -2.144440704854e-13       7.634513984232e-15       0.000000000000e+00       0.000000000000e+00       0.000000000000e+00 
  128       4.983700262679e-12       1.439260793594e-14      -2.070087223453e-13       7.510465767508e-15       0.000000000000e+00       0.000000000000e+00       0.000000000000e+00 
  129       4.732167544009e-12       1.425705703083e-14      -1.996377026973e-13       7.385951513300e-15       0.000000000000e+00       0.000000000000e+00       0.000000000000e+00 
  130       4.489932537097e-12       1.411772102887e-14      -1.923367380211e-13       7.261085416488e-15       0.000000000000e+00       0.000000000000e+00       0.000000000000e+00 
  131       4.257021914758e-12       1.397472553592e-14      -1.851113478052e-13       7.135977983494e-15       0.000000000000e+00       0.000000000000e+00       0.000000000000e+00 
  132       4.033431205718e-12       1.382819976445e-14      -1.779668300738e-13       7.010738566856e-15       0.000000000000e+00       0.000000000000e+00       0.000000000000e+00 
  133       3.819123952430e-12       1.367827652654e-14      -1.709082522025e-13       6.885475260124e-15       0.000000000000e+00       0.000000000000e+00       0.000000000000e+00 
  134       3.614030868890e-12       1.352509222674e-14      -1.639404417358e-13       6.760294792756e-15       0.000000000000e+00       0.000000000000e+00       0.000000000000e+00 
  135       3.418048998442e-12       1.336878685505e-14      -1.570679772029e-13       6.635302425011e-15       0.000000000000e+00       0.000000000000e+00       0.000000000000e+00 
  136       3.231040871597e-12       1.320950397986e-14      -1.502951789349e-13       6.510601842847e-15       0.000000000000e+00       0.000000000000e+00       0.000000000000e+00 
  137       3.052833663847e-12       1.304739074084e-14      -1.436260998811e-13       6.386295052815e-15       0.000000000000e+00       0.000000000000e+00       0.000000000000e+00 
  138       2.883218353470e-12       1.288259784192e-14      -1.370645164258e-13       6.262482276952e-15       0.000000000000e+00       0.000000000000e+00       0.000000000000e+00 
  139       2.721948879354e-12       1.271527954419e-14      -1.306139192045e-13       6.139261847681e-15       0.000000000000e+00       0.000000000000e+00       0.000000000000e+00 
  140       2.568741298799e-12       1.254559365886e-14      -1.242775039210e-13       6.016730102703e-15       0.000000000000e+00       0.000000000000e+00       0.000000000000e+00 
  141       2.423272945339e-12       1.237370154017e-14      -1.180581621638e-13       5.894981279890e-15       0.000000000000e+00       0.000000000000e+00       0.000000000000e+00 
  142       2.285181586547e-12       1.219976807835e-14      -1.119584722226e-13       5.774107412187e-15       0.000000000000e+00       0.000000000000e+00       0.000000000000e+00 
  143       2.154064581856e-12       1.202396169252e-14      -1.059806899051e-13       5.654198222501e-15       0.000000000000e+00       0.000000000000e+00       0.000000000000e+00 
  144       2.029553730488e-12       1.184644803942e-14      -1.001270095594e-13       5.535340581929e-15       0.000000000000e+00       0.000000000000e+00       0.000000000000e+00 
  145       1.911549909659e-12       1.166737045529e-14      -9.440039553319e-14       5.417617046123e-15       0.000000000000e+00       0.000000000000e+00       0.000000000000e+00 
  146       1.800010075290e-12       1.148686756339e-14      -8.880381560942e-14       5.301106974160e-15       0.000000000000e+00       0.000000000000e+00       0.000000000000e+00 
  147       1.694873245452e-12       1.130507934233e-14      -8.333997059841e-14       5.185886845592e-15       0.000000000000e+00       0.000000000000e+00       0.000000000000e+00 
  148       1.596060093179e-12       1.112214708286e-14      -7.801128670708e-14       5.072030152830e-15       0.000000000000e+00       0.000000000000e+00       0.000000000000e+00 
  149       1.503472539283e-12       1.093821334469e-14      -7.281990790849e-14       4.959607293532e-15       0.000000000000e+00       0.000000000000e+00       0.000000000000e+00 
  150       1.416993345167e-12       1.075342191332e-14      -6.776768831138e-14       4.848685462990e-15       0.000000000000e+00       0.000000000000e+00       0.000000000000e+00 
  151       1.336485705637e-12       1.056791775685e-14      -6.285618452964e-14       4.739328546510e-15       0.000000000000e+00       0.000000000000e+00       0.000000000000e+00 
  152       1.261792841718e-12       1.038184698280e-14      -5.808664805190e-14       4.631597011805e-15       0.000000000000e+00       0.000000000000e+00       0.000000000000e+00 
  153       1.192737593465e-12       1.019535679493e-14      -5.346001761094e-14       4.525547801373e-15       0.000000000000e+00       0.000000000000e+00       0.000000000000e+00 
  154       1.129122012780e-12       1.000859545003e-14      -4.897691155330e-14       4.421234224889e-15       0.000000000000e+00       0.000000000000e+00       0.000000000000e+00 
  155       1.070726956224e-12       9.821712214802e-15      -4.463762020872e-14       4.318705851588e-15       0.000000000000e+00       0.000000000000e+00       0.000000000000e+00 
  156       1.017311677828e-12       9.634857322598e-15      -4.044209825969e-14       4.218008402650e-15       0.000000000000e+00       0.000000000000e+00       0.000000000000e+00 
  157       9.686134219118e-13       9.448181930294e-15      -3.638995711096e-14       4.119183643586e-15       0.000000000000e+00       0.000000000000e+00       0.000000000000e+00 
  158       9.243470158935e-13       9.261838075086e-15      -3.248045725904e-14       4.022269276624e-15       0.000000000000e+00       0.000000000000e+00       0.000000000000e+00 
  159       8.842044631048e-13       9.075978631310e-15      -2.871250066173e-14       3.927298833096e-15       0.000000000000e+00       0.000000000000e+00       0.000000000000e+00 
  160       8.478545356043e-13       8.890757267259e-15      -2.508462310761e-14       3.834301565822e-15       0.000000000000e+00       0.000000000000e+00       0.000000000000e+00 
  161       8.149956994457e-13       8.706322492364e-15      -2.159546292606e-14       3.743305588245e-15       0.000000000000e+00       0.000000000000e+00       0.000000000000e+00 
  162       7.855210049731e-13       8.522799297786e-15      -1.824522971643e-14       3.654347829732e-15       0.000000000000e+00       0.000000000000e+00       0.000000000000e+00 
  163       7.593670679010e-13       8.340305802168e-15      -1.503435152413e-14       3.567464759080e-15       0.000000000000e+00       0.000000000000e+00       0.000000000000e+00 
  164       7.364618878108e-13       8.158958945432e-15      -1.196300478615e-14       3.482689125005e-15       0.000000000000e+00       0.000000000000e+00       0.000000000000e+00 
  165       7.167246863400e-13       7.978874418411e-15      -9.031108892241e-15       3.400049863464e-15       0.000000000000e+00       0.000000000000e+00       0.000000000000e+00 
  166       7.000657453721e-13       7.800166592475e-15      -6.238320745915e-15       3.319572004983e-15       0.000000000000e+00       0.000000000000e+00       0.000000000000e+00 
  167       6.863862452261e-13       7.622948449158e-15      -3.584029325605e-15       3.241276581976e-15       0.000000000000e+00       0.000000000000e+00       0.000000000000e+00 
  168       6.755781028455e-13       7.447331509791e-15      -1.067350245739e-15       3.165180536072e-15       0.000000000000e+00       0.000000000000e+00       0.000000000000e+00 
  169       6.675238099889e-13       7.273425765122e-15       1.312879682168e-15       3.091296625434e-15       0.000000000000e+00       0.000000000000e+00       0.000000000000e+00 
  170       6.620962714182e-13       7.101339604951e-15       3.558107888410e-15       3.019633332090e-15       0.000000000000e+00       0.000000000000e+00       0.000000000000e+00 
  171       6.591586430895e-13       6.931179747755e-15       5.670071484003e-15       2.950194769247e-15       0.000000000000e+00       0.000000000000e+00       0.000000000000e+00 
  172       6.585641703416e-13       6.763051170315e-15       7.650802699582e-15       2.882980588624e-15       0.000000000000e+00       0.000000000000e+00       0.000000000000e+00 
  173       6.601560260860e-13       6.597057037345e-15       9.502634324313e-15       2.817985887767e-15       0.000000000000e+00       0.000000000000e+00       0.000000000000e+00 
  174       6.637671489964e-13       6.433298631120e-15       1.122820514479e-14       2.755201117380e-15       0.000000000000e+00       0.000000000000e+00       0.000000000000e+00 
  175       6.692200816981e-13       6.271875281104e-15       1.283046538395e-14       2.694611988643e-15       0.000000000000e+00       0.000000000000e+00       0.000000000000e+00 
  176       6.763268089578e-13       6.112884293577e-15       1.431268213997e-14       2.636199380538e-15       0.000000000000e+00       0.000000000000e+00       0.000000000000e+00 
  177       6.848885958730e-13       5.956420881264e-15       1.567844482516e-14       2.579939247172e-15       0.000000000000e+00       0.000000000000e+00       0.000000000000e+00 
  178       6.946958260613e-13       5.802578092963e-15       1.693167060490e-14       2.525802525102e-15       0.000000000000e+00       0.000000000000e+00       0.000000000000e+00 
  179       7.055278398503e-13       5.651446743171e-15       1.807660983652e-14       2.473755040654e-15       0.000000000000e+00       0.000000000000e+00       0.000000000000e+00 
  180       7.171860847266e-13       5.503112427437e-15       1.911720594542e-14       2.423764933714e-15       0.000000000000e+00       0.000000000000e+00       0.000000000000e+00 
  181       7.295968513939e-13       5.357646450109e-15       2.005510679227e-14       2.375825782553e-15       0.000000000000e+00       0.000000000000e+00       0.000000000000e+00 
  182       7.427164123042e-13       5.215114038633e-15       2.089150530940e-14       2.329935143462e-15       0.000000000000e+00       0.000000000000e+00       0.000000000000e+00 
  183       7.564984044229e-13       5.075577112500e-15       2.162777389777e-14       2.286087134946e-15       0.000000000000e+00       0.000000000000e+00       0.000000000000e+00 
  184       7.708937901151e-13       4.939094202137e-15       2.226546748809e-14       2.244272372733e-15       0.000000000000e+00       0.000000000000e+00       0.000000000000e+00 
  185       7.858508180324e-13       4.805720367803e-15       2.280632660202e-14       2.204477904782e-15       0.000000000000e+00       0.000000000000e+00       0.000000000000e+00 
  186       8.013149839993e-13       4.675507118483e-15       2.325228041324e-14       2.166687146292e-15       0.000000000000e+00       0.000000000000e+00       0.000000000000e+00 
  187       8.172289919001e-13       4.548502330782e-15       2.360544980864e-14       2.130879814711e-15       0.000000000000e+00       0.000000000000e+00       0.000000000000e+00 
  188       8.335327145653e-13       4.424750167816e-15       2.386815044944e-14       2.097031864742e-15       0.000000000000e+00       0.000000000000e+00       0.000000000000e+00 
  189       8.501631546584e-13       4.304290998111e-15       2.404289583235e-14       2.065115423357e-15       0.000000000000e+00       0.000000000000e+00       0.000000000000e+00 
  190       8.670544055626e-13       4.187161314492e-15       2.413240035068e-14       2.035098724797e-15       0.000000000000e+00       0.000000000000e+00       0.000000000000e+00 
  191       8.841376122669e-13       4.073393652981e-15       2.413958235551e-14       2.006946045588e-15       0.000000000000e+00       0.000000000000e+00       0.000000000000e+00 
  192       9.013409322536e-13       3.963016511688e-15       2.406756721682e-14       1.980617639547e-15       0.000000000000e+00       0.000000000000e+00       0.000000000000e+00 
  193       9.185894963839e-13       3.856054269705e-15       2.391969038464e-14       1.956069672787e-15       0.000000000000e+00       0.000000000000e+00       0.000000000000e+00 
  194       9.358053697856e-13       3.752527106004e-15       2.369950045016e-14       1.933254158733e-15       0.000000000000e+00       0.000000000000e+00       0.000000000000e+00 
  195       9.529075127389e-13       3.652450918324e-15       2.341076220692e-14       1.912118893122e-15       0.000000000000e+00       0.000000000000e+00       0.000000000000e+00 
  196       9.698117415634e-13       3.555837242072e-15       2.305745971191e-14       1.892607389017e-15       0.000000000000e+00       0.000000000000e+00       0.000000000000e+00 
  197       9.864306895045e-13       3.462693169211e-15       2.264379934674e-14       1.874658811815e-15       0.000000000000e+00       0.000000000000e+00       0.000000000000e+00 
  198       1.002673767620e-12       3.373021267158e-15       2.217421287875e-14       1.858207914253e-15       0.000000000000e+00       0.000000000000e+00       0.000000000000e+00 
  199       1.018447125669e-12       3.286819497676e-15       2.165336052219e-14       1.843184971417e-15       0.000000000000e+00       0.000000000000e+00       0.000000000000e+00 
  200       1.033653612992e-12       3.204081135769e-15       2.108613399932e-14       1.829515715755e-15       0.000000000000e+00       0.000000000000e+00       0.000000000000e+00 
  201       1.048208259810e-12       3.124798035091e-15       2.047701113714e-14       1.817131703917e-15       0.000000000000e+00       0.000000000000e+00       0.000000000000e+00 
  202       1.062086034769e-12       3.048970852777e-15       1.982806191612e-14       1.806002377689e-15       0.000000000000e+00       0.000000000000e+00       0.000000000000e+00 
  203       1.075277427308e-12       2.976599399421e-15       1.914080572884e-14       1.796105170539e-15       0.000000000000e+00       0.000000000000e+00       0.000000000000e+00 
  204       1.087773240582e-12       2.907679287451e-15       1.841684818017e-14       1.787415247680e-15       0.000000000000e+00       0.000000000000e+00       0.000000000000e+00 
  205       1.099564598221e-12       2.842201859906e-15       1.765788223177e-14       1.779905471905e-15       0.000000000000e+00       0.000000000000e+00       0.000000000000e+00 
  206       1.110642951087e-12       2.780154119230e-15       1.686568934678e-14       1.773546369430e-15       0.000000000000e+00       0.000000000000e+00       0.000000000000e+00 
  207       1.121000084028e-12       2.721518656048e-15       1.604214063431e-14       1.768306095731e-15       0.000000000000e+00       0.000000000000e+00       0.000000000000e+00 
  208       1.130628122642e-12       2.666273577958e-15       1.518919799412e-14       1.764150401388e-15       0.000000000000e+00       0.000000000000e+00       0.000000000000e+00 
  209       1.139519540029e-12       2.614392438308e-15       1.430891526116e-14       1.761042597921e-15       0.000000000000e+00       0.000000000000e+00       0.000000000000e+00 
  210       1.147667163550e-12       2.565844164989e-15       1.340343935018e-14       1.758943523634e-15       0.000000000000e+00       0.000000000000e+00       0.000000000000e+00 
  211       1.155064181586e-12       2.520592989213e-15       1.247501140032e-14       1.757811509450e-15       0.000000000000e+00       0.000000000000e+00       0.000000000000e+00 
  212       1.161704150295e-12       2.478598374299e-15       1.152596791970e-14       1.757602344757e-15       0.000000000000e+00       0.000000000000e+00       0.000000000000e+00 
  213       1.167581000368e-12       2.439814944461e-15       1.055874193000e-14       1.758269243241e-15       0.000000000000e+00       0.000000000000e+00       0.000000000000e+00 
  214       1.172689043786e-12       2.404192413588e-15       9.575864111092e-15       1.759762808733e-15       0.000000000000e+00       0.000000000000e+00       0.000000000000e+00 
  215       1.177022980581e-12       2.371675514032e-15       8.579963945583e-15       1.762031001043e-15       0.000000000000e+00       0.000000000000e+00       0.000000000000e+00 
  216       1.180577905590e-12       2.342203925392e-15       7.573770863435e-15       1.765019101805e-15       0.000000000000e+00       0.000000000000e+00       0.000000000000e+00 
  217       1.183349315215e-12       2.315712203296e-15       6.560115386553e-15       1.768669680311e-15       0.000000000000e+00       0.000000000000e+00       0.000000000000e+00 
  218       1.185333114178e-12       2.292129708190e-15       5.541930273371e-15       1.772922559359e-15       0.000000000000e+00       0.000000000000e+00       0.000000000000e+00 
  219       1.186525622281e-12       2.271380534117e-15       4.522251663450e-15       1.777714781085e-15       0.000000000000e+00       0.000000000000e+00       0.000000000000e+00 
  220       1.186923581160e-12       2.253383437508e-15       3.504220222066e-15       1.782980572808e-15       0.000000000000e+00       0.000000000000e+00       0.000000000000e+00 
  221       1.186524161048e-12       2.238051765962e-15       2.491082284805e-15       1.788651312869e-15       0.000000000000e+00       0.000000000000e+00       0.000000000000e+00 
  222       1.185324967526e-12       2.225293387032e-15       1.486191002153e-15       1.794655496467e-15       0.000000000000e+00       0.000000000000e+00       0.000000000000e+00 
  223       1.183324048286e-12       2.215010617011e-15       4.930074840871e-16       1.800918701506e-15       0.000000000000e+00       0.000000000000e+00       0.000000000000e+00 
  224       1.180522121886e-12       2.207111636905e-15      -4.853894449001e-16       1.807374048153e-15       0.000000000000e+00       0.000000000000e+00       0.000000000000e+00 
  225       1.176929409219e-12       2.201545703312e-15      -1.447811369179e-15       1.813994395391e-15       0.000000000000e+00       0.000000000000e+00       0.000000000000e+00 
  226       1.172559254408e-12       2.198270063837e-15      -2.393546918860e-15       1.820762148661e-15       0.000000000000e+00       0.000000000000e+00       0.000000000000e+00 
  227       1.167425954261e-12       2.197238629789e-15      -3.321879121928e-15       1.827658943094e-15       0.000000000000e+00       0.000000000000e+00       0.000000000000e+00 
  228       1.161544770323e-12       2.198401932327e-15      -4.232085429618e-15       1.834665634344e-15       0.000000000000e+00       0.000000000000e+00       0.000000000000e+00 
  229       1.154931940924e-12       2.201707078584e-15      -5.123437741802e-15       1.841762289410e-15       0.000000000000e+00       0.000000000000e+00       0.000000000000e+00 
  230       1.147604693224e-12       2.207097707810e-15      -5.995202432371e-15       1.848928177460e-15       0.000000000000e+00       0.000000000000e+00       0.000000000000e+00 
  231       1.139581255266e-12       2.214513947504e-15      -6.846640374622e-15       1.856141760656e-15       0.000000000000e+00       0.000000000000e+00       0.000000000000e+00 
  232       1.130880868018e-12       2.223892369549e-15      -7.677006966636e-15       1.863380684982e-15       0.000000000000e+00       0.000000000000e+00       0.000000000000e+00 
  233       1.121523797425e-12       2.235165946346e-15      -8.485552156662e-15       1.870621771066e-15       0.000000000000e+00       0.000000000000e+00       0.000000000000e+00 
  234       1.111531346455e-12       2.248264006952e-15      -9.271520468505e-15       1.877841005007e-15       0.000000000000e+00       0.000000000000e+00       0.000000000000e+00 
  235       1.100925867150e-12       2.263112193215e-15      -1.003415102690e-14       1.885013529197e-15       0.000000000000e+00       0.000000000000e+00       0.000000000000e+00 
  236       1.089730772670e-12       2.279632415903e-15      -1.077267758291e-14       1.892113633151e-15       0.000000000000e+00       0.000000000000e+00       0.000000000000e+00 
  237       1.077970549343e-12       2.297742810848e-15      -1.148632853930e-14       1.899114744325e-15       0.000000000000e+00       0.000000000000e+00       0.000000000000e+00 
  238       1.065670768712e-12       2.317357695074e-15      -1.217432697590e-14       1.905989418950e-15       0.000000000000e+00       0.000000000000e+00       0.000000000000e+00 
  239       1.052858099585e-12       2.338387522938e-15      -1.283589067504e-14       1.912709332849e-15       0.000000000000e+00       0.000000000000e+00       0.000000000000e+00 
  240       1.039560320081e-12       2.360738842257e-15      -1.347023214688e-14       1.919245272265e-15       0.000000000000e+00       0.000000000000e+00       0.000000000000e+00 
  241       1.025806329678e-12       2.384314250453e-15      -1.407655865482e-14       1.925567124688e-15       0.000000000000e+00       0.000000000000e+00       0.000000000000e+00 
  242       1.011626161261e-12       2.409012350680e-15      -1.465407224088e-14       1.931643869676e-15       0.000000000000e+00       0.000000000000e+00       0.000000000000e+00 
  243       9.970509931728e-13       2.434727707962e-15      -1.520196975109e-14       1.937443569685e-15       0.000000000000e+00       0.000000000000e+00       0.000000000000e+00 
  244       9.821131612575e-13       2.461350805329e-15      -1.571944286084e-14       1.942933360889e-15       0.000000000000e+00       0.000000000000e+00       0.000000000000e+00 
  245       9.668461709113e-13       2.488767999953e-15      -1.620567810031e-14       1.948079444007e-15       0.000000000000e+00       0.000000000000e+00       0.000000000000e+00 
  246       9.512847091295e-13       2.516861479277e-15      -1.665985687983e-14       1.952847075130e-15       0.000000000000e+00       0.000000000000e+00       0.000000000000e+00 
  247       9.354646565550e-13       2.545509217158e-15      -1.708115551525e-14       1.957200556543e-15       0.000000000000e+00       0.000000000000e+00       0.000000000000e+00 
  248       9.194230995255e-13       2.574584929997e-15      -1.746874525336e-14       1.961103227552e-15       0.000000000000e+00       0.000000000000e+00       0.000000000000e+00 
  249       9.031983421223e-13       2.603958032876e-15      -1.782179229723e-14       1.964517455308e-15       0.000000000000e+00       0.000000000000e+00       0.000000000000e+00 
  250       8.868253504415e-13       2.633510508766e-15      -1.813964317256e-14       1.967411227460e-15       0.000000000000e+00       0.000000000000e+00       0.000000000000e+00 
  251       8.703217689773e-13       2.663188686321e-15      -1.842239263770e-14       1.969778370987e-15       0.000000000000e+00       0.000000000000e+00       0.000000000000e+00 
  252       8.537011204753e-13       2.692954365612e-15      -1.867034860390e-14       1.971619482621e-15       0.000000000000e+00       0.000000000000e+00       0.000000000000e+00 
  253       8.369773043739e-13       2.722768162522e-15      -1.888385012190e-14       1.972935435462e-15       0.000000000000e+00       0.000000000000e+00       0.000000000000e+00 
  254       8.201646001170e-13       2.752589497225e-15      -1.906326776178e-14       1.973727382434e-15       0.000000000000e+00       0.000000000000e+00       0.000000000000e+00 
  255       8.032776704671e-13       2.782376582662e-15      -1.920900399276e-14       1.973996759734e-15       0.000000000000e+00       0.000000000000e+00       0.000000000000e+00 
  256       7.863315648175e-13       2.812086413027e-15      -1.932149356302e-14       1.973745290278e-15       0.000000000000e+00       0.000000000000e+00       0.000000000000e+00 
  257       7.693417225054e-13       2.841674752238e-15      -1.940120387954e-14       1.972974987154e-15       0.000000000000e+00       0.000000000000e+00       0.000000000000e+00 
  258       7.523239761247e-13       2.871096122422e-15      -1.944863538790e-14       1.971688157073e-15       0.000000000000e+00       0.000000000000e+00       0.000000000000e+00 
  259       7.352945548386e-13       2.900303792388e-15      -1.946432195210e-14       1.969887403817e-15       0.000000000000e+00       0.000000000000e+00       0.000000000000e+00 
  260       7.182700876926e-13       2.929249766111e-15      -1.944883123439e-14       1.967575631690e-15       0.000000000000e+00       0.000000000000e+00       0.000000000000e+00 
  261       7.012676069269e-13       2.957884771208e-15      -1.940276507508e-14       1.964756048967e-15       0.000000000000e+00       0.000000000000e+00       0.000000000000e+00 
  262       6.843045512896e-13       2.986158247417e-15      -1.932675987239e-14       1.961432171346e-15       0.000000000000e+00       0.000000000000e+00       0.000000000000e+00 
  263       6.673987693492e-13       3.014018335076e-15      -1.922148696222e-14       1.957607825396e-15       0.000000000000e+00       0.000000000000e+00       0.000000000000e+00 
  264       6.505685228073e-13       3.041411863604e-15      -1.908765299801e-14       1.953287152007e-15       0.000000000000e+00       0.000000000000e+00       0.000000000000e+00 
  265       6.338324898117e-13       3.068284339974e-15      -1.892600033054e-14       1.948474609843e-15       0.000000000000e+00       0.000000000000e+00       0.000000000000e+00 
  266       6.172097682688e-13       3.094579937200e-15      -1.873730738776e-14       1.943174978788e-15       0.000000000000e+00       0.000000000000e+00       0.000000000000e+00 
  267       6.007198791568e-13       3.120241482807e-15      -1.852238905461e-14       1.937393363399e-15       0.000000000000e+00       0.000000000000e+00       0.000000000000e+00 
  268       5.843827698378e-13       3.145210447318e-15      -1.828209705283e-14       1.931135196356e-15       0.000000000000e+00       0.000000000000e+00       0.000000000000e+00 
  269       5.682188173714e-13       3.169426932726e-15      -1.801732032078e-14       1.924406241908e-15       0.000000000000e+00       0.000000000000e+00       0.000000000000e+00 
  270       5.522488318267e-13       3.192829660978e-15      -1.772898539330e-14       1.917212599328e-15       0.000000000000e+00       0.000000000000e+00       0.000000000000e+00 
  271       5.364940595956e-13       3.215355962451e-15      -1.741805678145e-14       1.909560706361e-15       0.000000000000e+00       0.000000000000e+00       0.000000000000e+00 
  272       5.209761867053e-13       3.236941764429e-15      -1.708553735241e-14       1.901457342675e-15       0.000000000000e+00       0.000000000000e+00       0.000000000000e+00 
  273       5.057173421312e-13       3.257521579588e-15      -1.673246870926e-14       1.892909633307e-15       0.000000000000e+00       0.000000000000e+00       0.000000000000e+00 
  274       4.907401011097e-13       3.277028494469e-15      -1.635993157080e-14       1.883925052120e-15       0.000000000000e+00       0.000000000000e+00       0.000000000000e+00 
  275       4.760674884506e-13       3.295394157957e-15      -1.596904615139e-14       1.874511425246e-15       0.000000000000e+00       0.000000000000e+00       0.000000000000e+00 
  276       4.617229818505e-13       3.312548769766e-15      -1.556097254074e-14       1.864676934541e-15       0.000000000000e+00       0.000000000000e+00       0.000000000000e+00 
  277       4.477305152050e-13       3.328421068908e-15      -1.513691108376e-14       1.854430121033e-15       0.000000000000e+00       0.000000000000e+00       0.000000000000e+00 
  278       4.341144819217e-13       3.342938322182e-15      -1.469810276037e-14       1.843779888371e-15       0.000000000000e+00       0.000000000000e+00       0.000000000000e+00 
  279       4.208956189119e-13       3.356039407854e-15      -1.424570096683e-14       1.832735672101e-15       0.000000000000e+00       0.000000000000e+00       0.000000000000e+00 
  280       4.080784157061e-13       3.367714840743e-15      -1.378037872534e-14       1.821307950085e-15       0.000000000000e+00       0.000000000000e+00       0.000000000000e+00 
  281       3.956630594742e-13       3.377968798345e-15      -1.330270186441e-14       1.809507765246e-15       0.000000000000e+00       0.000000000000e+00       0.000000000000e+00 
  282       3.836494925904e-13       3.386806220951e-15      -1.281325596585e-14       1.797346565817e-15       0.000000000000e+00       0.000000000000e+00       0.000000000000e+00 
  283       3.720374096174e-13       3.394232820245e-15      -1.231264654699e-14       1.784836209040e-15       0.000000000000e+00       0.000000000000e+00       0.000000000000e+00 
  284       3.608262542923e-13       3.400255087899e-15      -1.180149924299e-14       1.771988964876e-15       0.000000000000e+00       0.000000000000e+00       0.000000000000e+00 
  285       3.500152165112e-13       3.404880304165e-15      -1.128045998911e-14       1.758817519705e-15       0.000000000000e+00       0.000000000000e+00       0.000000000000e+00 
  286       3.396032293145e-13       3.408116546472e-15      -1.075019520299e-14       1.745334980038e-15       0.000000000000e+00       0.000000000000e+00       0.000000000000e+00 
  287       3.295889658720e-13       3.409972698017e-15      -1.021139196695e-14       1.731554876212e-15       0.000000000000e+00       0.000000000000e+00       0.000000000000e+00 
  288       3.199708364676e-13       3.410458456362e-15      -9.664758210229e-15       1.717491166105e-15       0.000000000000e+00       0.000000000000e+00       0.000000000000e+00 
  289       3.107469854850e-13       3.409584342028e-15      -9.111022891317e-15       1.703158238831e-15       0.000000000000e+00       0.000000000000e+00       0.000000000000e+00 
  290       3.019152883925e-13       3.407361707088e-15      -8.550936180193e-15       1.688570918454e-15       0.000000000000e+00       0.000000000000e+00       0.000000000000e+00 
  291       2.934733487277e-13       3.403802743762e-15      -7.985269640623e-15       1.673744467684e-15       0.000000000000e+00       0.000000000000e+00       0.000000000000e+00 
  292       2.854184950834e-13       3.398920493013e-15      -7.414816412438e-15       1.658694591589e-15       0.000000000000e+00       0.000000000000e+00       0.000000000000e+00 
  293       2.777477780920e-13       3.392728853137e-15      -6.840391393815e-15       1.643437441295e-15       0.000000000000e+00       0.000000000000e+00       0.000000000000e+00 
  294       2.704579674108e-13       3.385242588363e-15      -6.262831423554e-15       1.627989617694e-15       0.000000000000e+00       0.000000000000e+00       0.000000000000e+00 
  295       2.635455487072e-13       3.376477337442e-15      -5.682995463363e-15       1.612368175144e-15       0.000000000000e+00       0.000000000000e+00       0.000000000000e+00 
  296       2.570067206436e-13       3.366449622246e-15      -5.101764780134e-15       1.596590625182e-15       0.000000000000e+00       0.000000000000e+00       0.000000000000e+00 
  297       2.508373918629e-13       3.355176856358e-15      -4.520043128223e-15       1.580674940219e-15       0.000000000000e+00       0.000000000000e+00       0.000000000000e+00 
  298       2.450331779728e-13       3.342677353670e-15      -3.938756931735e-15       1.564639557251e-15       0.000000000000e+00       0.000000000000e+00       0.000000000000e+00 
  299       2.395893985317e-13       3.328970336975e-15      -3.358855466798e-15       1.548503381564e-15       0.000000000000e+00       0.000000000000e+00       0.000000000000e+00 
  300       2.345010740333e-13       3.314075946562e-15      -2.781311043848e-15       1.532285790434e-15       0.000000000000e+00       0.000000000000e+00       0.000000000000e+00 
  301       2.297629228918e-13       3.298015248810e-15      -2.207119189907e-15       1.516006636837e-15       0.000000000000e+00       0.000000000000e+00       0.000000000000e+00 
  302       2.253693584272e-13       3.280810244783e-15      -1.637298830861e-15       1.499686253150e-15       0.000000000000e+00       0.000000000000e+00       0.000000000000e+00 
  303       2.213144858501e-13       3.262483878826e-15      -1.072892473746e-15       1.483345454858e-15       0.000000000000e+00       0.000000000000e+00       0.000000000000e+00 
  304       2.175920992467e-13       3.243060047153e-15      -5.149663890231e-16       1.467005544257e-15       0.000000000000e+00       0.000000000000e+00       0.000000000000e+00 
  305       2.141956785643e-13       3.222563606450e-15       3.538920713996e-17       1.450688314161e-15       0.000000000000e+00       0.000000000000e+00       0.000000000000e+00 
  306       2.111183865962e-13       3.201020382463e-15       5.770599705877e-16       1.434416051605e-15       0.000000000000e+00       0.000000000000e+00       0.000000000000e+00 
  307       2.083530659666e-13       3.178457178593e-15       1.108907246898e-15       1.418211541548e-15       0.000000000000e+00       0.000000000000e+00       0.000000000000e+00 
  308       2.058922361159e-13       3.154901784496e-15       1.629767889100e-15       1.402098070583e-15       0.000000000000e+00       0.000000000000e+00       0.000000000000e+00 
  309       2.037280902857e-13       3.130382984667e-15       2.138454075397e-15       1.386099430638e-15       0.000000000000e+00       0.000000000000e+00       0.000000000000e+00 
  310       2.018524925038e-13       3.104930567046e-15       2.633753126884e-15       1.370239922680e-15       0.000000000000e+00       0.000000000000e+00       0.000000000000e+00 
  311       2.002569745697e-13       3.078575331603e-15       3.114427325267e-15       1.354544360421e-15       0.000000000000e+00       0.000000000000e+00       0.000000000000e+00 
  312       1.989333200924e-13       3.051348206536e-15       3.579420771242e-15       1.339034510863e-15       0.000000000000e+00       0.000000000000e+00       0.000000000000e+00 
  313       1.978753527406e-13       3.023277533901e-15       4.028490941654e-15       1.323718225783e-15       0.000000000000e+00       0.000000000000e+00       0.000000000000e+00 
  314       1.970772250772e-13       2.994391674825e-15       4.461606080303e-15       1.308599813188e-15       0.000000000000e+00       0.000000000000e+00       0.000000000000e+00 
  315       1.965328367028e-13       2.964719898016e-15       4.878740871066e-15       1.293683554341e-15       0.000000000000e+00       0.000000000000e+00       0.000000000000e+00 
  316       1.962358319616e-13       2.934292387266e-15       5.279876510029e-15       1.278973703085e-15       0.000000000000e+00       0.000000000000e+00       0.000000000000e+00 
  317       1.961795976486e-13       2.903140248945e-15       5.665000777621e-15       1.264474485173e-15       0.000000000000e+00       0.000000000000e+00       0.000000000000e+00 
  318       1.963572607157e-13       2.871295519499e-15       6.034108110744e-15       1.250190097592e-15       0.000000000000e+00       0.000000000000e+00       0.000000000000e+00 
  319       1.967616859779e-13       2.838791172948e-15       6.387199674903e-15       1.236124707888e-15       0.000000000000e+00       0.000000000000e+00       0.000000000000e+00 
  320       1.973854738204e-13       2.805661128384e-15       6.724283436343e-15       1.222282453498e-15       0.000000000000e+00       0.000000000000e+00       0.000000000000e+00 
  321       1.982209579044e-13       2.771940257471e-15       7.045374234178e-15       1.208667441069e-15       0.000000000000e+00       0.000000000000e+00       0.000000000000e+00 
  322       1.992602028740e-13       2.737664391938e-15       7.350493852522e-15       1.195283745788e-15       0.000000000000e+00       0.000000000000e+00       0.000000000000e+00 
  323       2.004950020625e-13       2.702870331080e-15       7.639671092626e-15       1.182135410709e-15       0.000000000000e+00       0.000000000000e+00       0.000000000000e+00 
  324       2.019168751990e-13       2.667595849256e-15       7.912941845004e-15       1.169226446079e-15       0.000000000000e+00       0.000000000000e+00       0.000000000000e+00 
  325       2.035170661145e-13       2.631879703384e-15       8.170349161566e-15       1.156560828662e-15       0.000000000000e+00       0.000000000000e+00       0.000000000000e+00 
  326       2.052865404486e-13       2.595761640441e-15       8.411943327757e-15       1.144142501068e-15       0.000000000000e+00       0.000000000000e+00       0.000000000000e+00 
  327       2.072159833563e-13       2.559282404962e-15       8.637781934679e-15       1.131975371079e-15       0.000000000000e+00       0.000000000000e+00       0.000000000000e+00 
  328       2.092957972137e-13       2.522483746533e-15       8.847929951230e-15       1.120063310973e-15       0.000000000000e+00       0.000000000000e+00       0.000000000000e+00 
  329       2.115160993250e-13       2.485408427294e-15       9.042459796233e-15       1.108410156853e-15       0.000000000000e+00       0.000000000000e+00       0.000000000000e+00 
  330       2.138667196290e-13       2.448100229434e-15       9.221451410569e-15       1.097019707973e-15       0.000000000000e+00       0.000000000000e+00       0.000000000000e+00 
  331       2.163371984051e-13       2.410603962689e-15       9.384992329310e-15       1.085895726061e-15       0.000000000000e+00       0.000000000000e+00       0.000000000000e+00 
  332       2.189167839804e-13       2.372965471839e-15       9.533177753849e-15       1.075041934651e-15       0.000000000000e+00       0.000000000000e+00       0.000000000000e+00 
  333       2.215944304354e-13       2.335231644208e-15       9.666110624032e-15       1.064462018405e-15       0.000000000000e+00       0.000000000000e+00       0.000000000000e+00 
  334       2.243587953112e-13       2.297450417160e-15       9.783901690294e-15       1.054159622440e-15       0.000000000000e+00       0.000000000000e+00       0.000000000000e+00 
  335       2.271982373156e-13       2.259670785596e-15       9.886669585786e-15       1.044138351655e-15       0.000000000000e+00       0.000000000000e+00       0.000000000000e+00 
  336       2.301008140293e-13       2.221942809456e-15       9.974540898508e-15       1.034401770059e-15       0.000000000000e+00       0.000000000000e+00       0.000000000000e+00 
  337       2.330542796129e-13       2.184317621210e-15       1.004765024345e-14       1.024953400094e-15       0.000000000000e+00       0.000000000000e+00       0.000000000000e+00 
  338       2.360460825130e-13       2.146847433361e-15       1.010614033470e-14       1.015796721963e-15       0.000000000000e+00       0.000000000000e+00       0.000000000000e+00 
  339       2.390633631690e-13       2.109585545942e-15       1.015016205760e-14       1.006935172956e-15       0.000000000000e+00       0.000000000000e+00       0.000000000000e+00 
  340       2.420929517188e-13       2.072586354010e-15       1.017987454089e-14       9.983721467771e-16       0.000000000000e+00       0.000000000000e+00       0.000000000000e+00 
  341       2.451213657064e-13       2.035905355151e-15       1.019544522879e-14       9.901109928700e-16       0.000000000000e+00       0.000000000000e+00       0.000000000000e+00 
  342       2.481348077873e-13       1.999599156970e-15       1.019704995317e-14       9.821550157446e-16       0.000000000000e+00       0.000000000000e+00       0.000000000000e+00 
  343       2.511191634355e-13       1.963725484592e-15       1.018487300570e-14       9.745074743033e-16       0.000000000000e+00       0.000000000000e+00       0.000000000000e+00 
  344       2.540599986500e-13       1.928343188162e-15       1.015910720991e-14       9.671715811672e-16       0.000000000000e+00       0.000000000000e+00       0.000000000000e+00 
  345       2.569425576610e-13       1.893512250338e-15       1.011995399342e-14       9.601505020028e-16       0.000000000000e+00       0.000000000000e+00       0.000000000000e+00 
  346       2.597517606365e-13       1.859293793794e-15       1.006762345998e-14       9.534473548476e-16       0.000000000000e+00       0.000000000000e+00       0.000000000000e+00 
  347       2.624722013887e-13       1.825750088713e-15       1.000233446166e-14       9.470652094374e-16       0.000000000000e+00       0.000000000000e+00       0.000000000000e+00 
  348       2.650881450806e-13       1.792944560287e-15       9.924314670959e-15       9.410070865317e-16       0.000000000000e+00       0.000000000000e+00       0.000000000000e+00 
  349       2.675861819539e-13       1.760931649450e-15       9.833810193244e-15       9.352746796680e-16       0.000000000000e+00       0.000000000000e+00       0.000000000000e+00 
  350       2.699633148674e-13       1.729725914902e-15       9.731114697101e-15       9.298644631986e-16       0.000000000000e+00       0.000000000000e+00       0.000000000000e+00 
  351       2.722192032022e-13       1.699331662342e-15       9.616541635243e-15       9.247714212724e-16       0.000000000000e+00       0.000000000000e+00       0.000000000000e+00 
  352       2.743535374674e-13       1.669752972973e-15       9.490414894599e-15       9.199903088983e-16       0.000000000000e+00       0.000000000000e+00       0.000000000000e+00 
  353       2.763660396151e-13       1.640993701028e-15       9.353068877817e-15       9.155156500169e-16       0.000000000000e+00       0.000000000000e+00       0.000000000000e+00 
  354       2.782564633568e-13       1.613057471298e-15       9.204848584773e-15       9.113417355714e-16       0.000000000000e+00       0.000000000000e+00       0.000000000000e+00 
  355       2.800245944787e-13       1.585947676665e-15       9.046109694067e-15       9.074626215790e-16       0.000000000000e+00       0.000000000000e+00       0.000000000000e+00 
  356       2.816702511575e-13       1.559667475629e-15       8.877218644535e-15       9.038721272021e-16       0.000000000000e+00       0.000000000000e+00       0.000000000000e+00 
  357       2.831932842762e-13       1.534219789841e-15       8.698552716750e-15       9.005638328195e-16       0.000000000000e+00       0.000000000000e+00       0.000000000000e+00 
  358       2.845935777401e-13       1.509607301627e-15       8.510500114528e-15       8.975310780978e-16       0.000000000000e+00       0.000000000000e+00       0.000000000000e+00 
  359       2.858710487918e-13       1.485832451523e-15       8.313460046429e-15       8.947669600623e-16       0.000000000000e+00       0.000000000000e+00       0.000000000000e+00 
  360       2.870256483279e-13       1.462897435800e-15       8.107842807266e-15       8.922643311687e-16       0.000000000000e+00       0.000000000000e+00       0.000000000000e+00 
  361       2.880573612137e-13       1.440804203999e-15       7.894069859607e-15       8.900157973739e-16       0.000000000000e+00       0.000000000000e+00       0.000000000000e+00 
  362       2.889662065999e-13       1.419554456455e-15       7.672573915279e-15       8.880137162074e-16       0.000000000000e+00       0.000000000000e+00       0.000000000000e+00 
  363       2.897522382377e-13       1.399149641829e-15       7.443799016872e-15       8.862501948428e-16       0.000000000000e+00       0.000000000000e+00       0.000000000000e+00 
  364       2.904155447945e-13       1.379590954640e-15       7.208200619247e-15       8.847170881685e-16       0.000000000000e+00       0.000000000000e+00       0.000000000000e+00 
  365       2.909562501703e-13       1.360879332790e-15       6.966245671037e-15       8.834059968594e-16       0.000000000000e+00       0.000000000000e+00       0.000000000000e+00 
  366       2.913745138126e-13       1.343015455095e-15       6.718412696150e-15       8.823082654480e-16       0.000000000000e+00       0.000000000000e+00       0.000000000000e+00 
  367       2.916705310327e-13       1.325999738818e-15       6.465191875280e-15       8.814149803954e-16       0.000000000000e+00       0.000000000000e+00       0.000000000000e+00 
  368       2.918445333211e-13       1.309832337195e-15       6.207085127402e-15       8.807169681629e-16       0.000000000000e+00       0.000000000000e+00       0.000000000000e+00 
  369       2.918967886636e-13       1.294513136963e-15       5.944606191287e-15       8.802047932831e-16       0.000000000000e+00       0.000000000000e+00       0.000000000000e+00 
  370       2.918276018565e-13       1.280041755895e-15       5.678280706996e-15       8.798687564309e-16       0.000000000000e+00       0.000000000000e+00       0.000000000000e+00 
  371       2.916373148229e-13       1.266417540326e-15       5.408646297392e-15       8.796988924953e-16       0.000000000000e+00       0.000000000000e+00       0.000000000000e+00 
  372       2.913263069281e-13       1.253639562682e-15       5.136252649642e-15       8.796849686499e-16       0.000000000000e+00       0.000000000000e+00       0.000000000000e+00 
  373       2.908949952953e-13       1.241706619013e-15       4.861661596720e-15       8.798164824247e-16       0.000000000000e+00       0.000000000000e+00       0.000000000000e+00 
  374       2.903438351215e-13       1.230617226517e-15       4.585447198912e-15       8.800826597773e-16       0.000000000000e+00       0.000000000000e+00       0.000000000000e+00 
  375       2.896733199931e-13       1.220369621075e-15       4.308195825323e-15       8.804724531637e-16       0.000000000000e+00       0.000000000000e+00       0.000000000000e+00 
  376       2.888839822019e-13       1.210961754779e-15       4.030506235379e-15       8.809745396100e-16       0.000000000000e+00       0.000000000000e+00       0.000000000000e+00 
  377       2.879763930604e-13       1.202391293459e-15       3.752989660329e-15       8.815773187834e-16       0.000000000000e+00       0.000000000000e+00       0.000000000000e+00 
  378       2.869511632178e-13       1.194655614217e-15       3.476269884755e-15       8.822689110636e-16       0.000000000000e+00       0.000000000000e+00       0.000000000000e+00 
  379       2.858089429757e-13       1.187751802953e-15       3.200983328074e-15       8.830371556139e-16       0.000000000000e+00       0.000000000000e+00       0.000000000000e+00 
  380       2.845504226039e-13       1.181676651895e-15       2.927779126041e-15       8.838696084523e-16       0.000000000000e+00       0.000000000000e+00       0.000000000000e+00 
  381       2.831763326559e-13       1.176426657130e-15       2.657319212252e-15       8.847535405231e-16       0.000000000000e+00       0.000000000000e+00       0.000000000000e+00 
  382       2.816874442850e-13       1.171998016134e-15       2.390278399656e-15       8.856759357679e-16       0.000000000000e+00       0.000000000000e+00       0.000000000000e+00 
  383       2.800845695596e-13       1.168386625298e-15       2.127344462050e-15       8.866234891969e-16       0.000000000000e+00       0.000000000000e+00       0.000000000000e+00 
  384       2.783685617793e-13       1.165588077463e-15       1.869218215590e-15       8.875826049600e-16       0.000000000000e+00       0.000000000000e+00       0.000000000000e+00 
  385       2.765403157903e-13       1.163597659444e-15       1.616613600291e-15       8.885393944184e-16       0.000000000000e+00       0.000000000000e+00       0.000000000000e+00 
  386       2.746007683015e-13       1.162410349564e-15       1.370257761536e-15       8.894796742153e-16       0.000000000000e+00       0.000000000000e+00       0.000000000000e+00 
  387       2.725508981999e-13       1.162020815181e-15       1.130891131575e-15       8.903889643475e-16       0.000000000000e+00       0.000000000000e+00       0.000000000000e+00 
  388       2.703920625422e-13       1.162421250520e-15       8.991439920745e-16       8.912546323134e-16       0.000000000000e+00       0.000000000000e+00       0.000000000000e+00 
  389       2.681270177402e-13       1.163594806056e-15       6.751609051682e-16       8.920724179117e-16       0.000000000000e+00       0.000000000000e+00       0.000000000000e+00 
  390       2.657589371932e-13       1.165521908503e-15       4.589623939156e-16       8.928401487224e-16       0.000000000000e+00       0.000000000000e+00       0.000000000000e+00 
  391       2.632910796420e-13       1.168182394145e-15       2.505671760803e-16       8.935556158466e-16       0.000000000000e+00       0.000000000000e+00       0.000000000000e+00 
  392       2.607267897520e-13       1.171555504652e-15       4.999214743014e-17       8.942165736843e-16       0.000000000000e+00       0.000000000000e+00       0.000000000000e+00 
  393       2.580694986954e-13       1.175619882889e-15      -1.427476349644e-16       8.948207397118e-16       0.000000000000e+00       0.000000000000e+00       0.000000000000e+00 
  394       2.553227247339e-13       1.180353568728e-15      -3.276389694298e-16       8.953657942589e-16       0.000000000000e+00       0.000000000000e+00       0.000000000000e+00 
  395       2.524900738014e-13       1.185733994865e-15      -5.046705263908e-16       8.958493802869e-16       0.000000000000e+00       0.000000000000e+00       0.000000000000e+00 
  396       2.495752400864e-13       1.191737982627e-15      -6.738328650706e-16       8.962691031655e-16       0.000000000000e+00       0.000000000000e+00       0.000000000000e+00 
  397       2.465820066152e-13       1.198341737789e-15      -8.351184501915e-16       8.966225304510e-16       0.000000000000e+00       0.000000000000e+00       0.000000000000e+00 
  398       2.435142458336e-13       1.205520846383e-15      -9.885216686755e-16       8.969071916633e-16       0.000000000000e+00       0.000000000000e+00       0.000000000000e+00 
  399       2.403759201904e-13       1.213250270512e-15      -1.134038846345e-15       8.971205780632e-16       0.000000000000e+00       0.000000000000e+00       0.000000000000e+00 
  400       2.371710827193e-13       1.221504344163e-15      -1.271668264623e-15       8.972601424307e-16       0.000000000000e+00       0.000000000000e+00       0.000000000000e+00 
  401       2.339038776221e-13       1.230256769020e-15      -1.401410177234e-15       8.973232988417e-16       0.000000000000e+00       0.000000000000e+00       0.000000000000e+00 
  402       2.305785408508e-13       1.239480610273e-15      -1.523266826905e-15       8.973074224460e-16       0.000000000000e+00       0.000000000000e+00       0.000000000000e+00 
  403       2.271994006907e-13       1.249148292436e-15      -1.637242462065e-15       8.972098492443e-16       0.000000000000e+00       0.000000000000e+00       0.000000000000e+00 
  404       2.237708783426e-13       1.259231595153e-15      -1.743343353546e-15       8.970278758664e-16       0.000000000000e+00       0.000000000000e+00       0.000000000000e+00 
  405       2.202974885057e-13       1.269701649016e-15      -1.841577811285e-15       8.967587593479e-16       0.000000000000e+00       0.000000000000e+00       0.000000000000e+00 
  406       2.167838399600e-13       1.280528931375e-15      -1.931956201023e-15       8.963997169083e-16       0.000000000000e+00       0.000000000000e+00       0.000000000000e+00 
  407       2.132346361491e-13       1.291683262151e-15      -2.014490961003e-15       8.959479257284e-16       0.000000000000e+00       0.000000000000e+00       0.000000000000e+00 
  408       2.096546757628e-13       1.303133799647e-15      -2.089196618679e-15       8.954005227274e-16       0.000000000000e+00       0.000000000000e+00       0.000000000000e+00 
  409       2.060488533195e-13       1.314849036364e-15      -2.156089807405e-15       8.947546043409e-16       0.000000000000e+00       0.000000000000e+00       0.000000000000e+00 
  410       2.024221597489e-13       1.326796794810e-15      -2.215189283147e-15       8.940072262980e-16       0.000000000000e+00       0.000000000000e+00       0.000000000000e+00 
  411       1.987796829749e-13       1.338944223314e-15      -2.266515941175e-15       8.931554033991e-16       0.000000000000e+00       0.000000000000e+00       0.000000000000e+00 
  412       1.951266084979e-13       1.351257791838e-15      -2.310092832768e-15       8.921961092932e-16       0.000000000000e+00       0.000000000000e+00       0.000000000000e+00 
  413       1.914682199773e-13       1.363703287790e-15      -2.345945181912e-15       8.911262762556e-16       0.000000000000e+00       0.000000000000e+00       0.000000000000e+00 
  414       1.878098998147e-13       1.376245811836e-15      -2.374100402005e-15       8.899427949649e-16       0.000000000000e+00       0.000000000000e+00       0.000000000000e+00 
  415       1.841571297357e-13       1.388849773713e-15      -2.394588112550e-15       8.886425142813e-16       0.000000000000e+00       0.000000000000e+00       0.000000000000e+00 
  416       1.805154913733e-13       1.401478888042e-15      -2.407440155865e-15       8.872222410234e-16       0.000000000000e+00       0.000000000000e+00       0.000000000000e+00 
  417       1.768906668500e-13       1.414096170138e-15      -2.412690613775e-15       8.856787397460e-16       0.000000000000e+00       0.000000000000e+00       0.000000000000e+00 
  418       1.732884393605e-13       1.426663931824e-15      -2.410375824319e-15       8.840087325174e-16       0.000000000000e+00       0.000000000000e+00       0.000000000000e+00 
  419       1.697146937544e-13       1.439143777247e-15      -2.400534398445e-15       8.822088986973e-16       0.000000000000e+00       0.000000000000e+00       0.000000000000e+00 
  420       1.661754171191e-13       1.451496598683e-15      -2.383207236716e-15       8.802758747138e-16       0.000000000000e+00       0.000000000000e+00       0.000000000000e+00 
  421       1.626766993617e-13       1.463682572356e-15      -2.358437546007e-15       8.782062538412e-16       0.000000000000e+00       0.000000000000e+00       0.000000000000e+00 
  422       1.592247337921e-13       1.475661154247e-15      -2.326270856206e-15       8.759965859776e-16       0.000000000000e+00       0.000000000000e+00       0.000000000000e+00 
  423       1.558258177059e-13       1.487391075908e-15      -2.286755036917e-15       8.736433774219e-16       0.000000000000e+00       0.000000000000e+00       0.000000000000e+00 
  424       1.524863529661e-13       1.498830340275e-15      -2.239940314156e-15       8.711430906519e-16       0.000000000000e+00       0.000000000000e+00       0.000000000000e+00 
  425       1.492128465868e-13       1.509936217478e-15      -2.185879287057e-15       8.684921441013e-16       0.000000000000e+00       0.000000000000e+00       0.000000000000e+00 
  426       1.460119113149e-13       1.520665240656e-15      -2.124626944569e-15       8.656869119376e-16       0.000000000000e+00       0.000000000000e+00       0.000000000000e+00 
  427       1.428891435902e-13       1.530980022755e-15      -2.056263233078e-15       8.627248827412e-16       0.000000000000e+00       0.000000000000e+00       0.000000000000e+00 
  428       1.398457141937e-13       1.540869970885e-15      -1.980961570879e-15       8.596081794144e-16       0.000000000000e+00       0.000000000000e+00       0.000000000000e+00 
  429       1.368816627525e-13       1.550331268468e-15      -1.898922697516e-15       8.563401585884e-16       0.000000000000e+00       0.000000000000e+00       0.000000000000e+00 
  430       1.339970097289e-13       1.559360118219e-15      -1.810352364879e-15       8.529242630780e-16       0.000000000000e+00       0.000000000000e+00       0.000000000000e+00 
  431       1.311917562657e-13       1.567952742432e-15      -1.715461368715e-15       8.493640224200e-16       0.000000000000e+00       0.000000000000e+00       0.000000000000e+00 
  432       1.284658840322e-13       1.576105383274e-15      -1.614465580132e-15       8.456630534121e-16       0.000000000000e+00       0.000000000000e+00       0.000000000000e+00 
  433       1.258193550690e-13       1.583814303076e-15      -1.507585977109e-15       8.418250606504e-16       0.000000000000e+00       0.000000000000e+00       0.000000000000e+00 
  434       1.232521116338e-13       1.591075784623e-15      -1.395048676000e-15       8.378538370688e-16       0.000000000000e+00       0.000000000000e+00       0.000000000000e+00 
  435       1.207640760471e-13       1.597886131449e-15      -1.277084963047e-15       8.337532644770e-16       0.000000000000e+00       0.000000000000e+00       0.000000000000e+00 
  436       1.183551505372e-13       1.604241668123e-15      -1.153931325887e-15       8.295273140989e-16       0.000000000000e+00       0.000000000000e+00       0.000000000000e+00 
  437       1.160252170862e-13       1.610138740543e-15      -1.025829485054e-15       8.251800471112e-16       0.000000000000e+00       0.000000000000e+00       0.000000000000e+00 
  438       1.137741372751e-13       1.615573716229e-15      -8.930264254961e-16       8.207156151818e-16       0.000000000000e+00       0.000000000000e+00       0.000000000000e+00 
  439       1.116017521294e-13       1.620542984610e-15      -7.557744280744e-16       8.161382610082e-16       0.000000000000e+00       0.000000000000e+00       0.000000000000e+00 
  440       1.095078819649e-13       1.625042957319e-15      -6.143311010767e-16       8.114523188561e-16       0.000000000000e+00       0.000000000000e+00       0.000000000000e+00 
  441       1.074923262324e-13       1.629070068481e-15      -4.689594117229e-16       8.066622150976e-16       0.000000000000e+00       0.000000000000e+00       0.000000000000e+00 
  442       1.055548633641e-13       1.632620775008e-15      -3.199277176732e-16       8.017724687498e-16       0.000000000000e+00       0.000000000000e+00       0.000000000000e+00 
  443       1.036952506184e-13       1.635691556887e-15      -1.675097985363e-16       7.967876920133e-16       0.000000000000e+00       0.000000000000e+00       0.000000000000e+00 
  444       1.019132239259e-13       1.638278917471e-15      -1.198488737655e-17       7.917125908105e-16       0.000000000000e+00       0.000000000000e+00       0.000000000000e+00 
  445       1.002084977345e-13       1.640379383776e-15       1.463622977776e-16       7.865519653242e-16       0.000000000000e+00       0.000000000000e+00       0.000000000000e+00 
  446       9.858076485484e-14       1.641989506762e-15       3.072415224263e-16       7.813107105360e-16       0.000000000000e+00       0.000000000000e+00       0.000000000000e+00 
  447       9.702969630628e-14       1.643105861636e-15       4.703570040901e-16       7.759938167644e-16       0.000000000000e+00       0.000000000000e+00       0.000000000000e+00 
  448       9.555494116189e-14       1.643725048133e-15       6.354073808023e-16       7.706063702039e-16       0.000000000000e+00       0.000000000000e+00       0.000000000000e+00 
  449       9.415612639414e-14       1.643843690812e-15       8.020856796013e-16       7.651535534631e-16       0.000000000000e+00       0.000000000000e+00       0.000000000000e+00 
  450       9.283285672038e-14       1.643458439350e-15       9.700792850224e-16       7.596406461028e-16       0.000000000000e+00       0.000000000000e+00       0.000000000000e+00 
  451       9.158471444829e-14       1.642565968827e-15       1.139069907590e-15       7.540730251753e-16       0.000000000000e+00       0.000000000000e+00       0.000000000000e+00 
  452       9.041125932138e-14       1.641162980021e-15       1.308733552311e-15       7.484561657618e-16       0.000000000000e+00       0.000000000000e+00       0.000000000000e+00 
  453       8.931202836446e-14       1.639246199699e-15       1.478740487165e-15       7.427956415119e-16       0.000000000000e+00       0.000000000000e+00       0.000000000000e+00 
  454       8.828653572915e-14       1.636812380907e-15       1.648755211598e-15       7.370971251812e-16       0.000000000000e+00       0.000000000000e+00       0.000000000000e+00 
  455       8.733427253935e-14       1.633858303262e-15       1.818436425014e-15       7.313663891702e-16       0.000000000000e+00       0.000000000000e+00       0.000000000000e+00 
  456       8.645470673674e-14       1.630380773245e-15       1.987436995266e-15       7.256093060625e-16       0.000000000000e+00       0.000000000000e+00       0.000000000000e+00 
  457       8.564728292622e-14       1.626376624487e-15       2.155403927151e-15       7.198318491637e-16       0.000000000000e+00       0.000000000000e+00       0.000000000000e+00 
  458       8.491142222145e-14       1.621842718068e-15       2.321978330901e-15       7.140400930391e-16       0.000000000000e+00       0.000000000000e+00       0.000000000000e+00 
  459       8.424652209031e-14       1.616775942799e-15       2.486795390673e-15       7.082402140529e-16       0.000000000000e+00       0.000000000000e+00       0.000000000000e+00 
  460       8.365195620038e-14       1.611173215523e-15       2.649484333045e-15       7.024384909062e-16       0.000000000000e+00       0.000000000000e+00       0.000000000000e+00 
  461       8.312707426443e-14       1.605031481397e-15       2.809668395504e-15       6.966413051754e-16       0.000000000000e+00       0.000000000000e+00       0.000000000000e+00 
  462       8.267120188591e-14       1.598347714192e-15       2.966964794943e-15       6.908551418511e-16       0.000000000000e+00       0.000000000000e+00       0.000000000000e+00 
  463       8.228364040443e-14       1.591118916575e-15       3.120984696148e-15       6.850865898761e-16       0.000000000000e+00       0.000000000000e+00       0.000000000000e+00 
  464       8.196366674123e-14       1.583342120409e-15       3.271333180294e-15       6.793423426839e-16       0.000000000000e+00       0.000000000000e+00       0.000000000000e+00 
  465       8.171053324471e-14       1.575014387038e-15       3.417609213436e-15       6.736291987373e-16       0.000000000000e+00       0.000000000000e+00       0.000000000000e+00 
  466       8.152329650198e-14       1.566135818426e-15       3.559471167925e-15       6.679531966972e-16       0.000000000000e+00       0.000000000000e+00       0.000000000000e+00 
  467       8.140029821025e-14       1.556718693350e-15       3.696835700419e-15       6.623169901385e-16       0.000000000000e+00       0.000000000000e+00       0.000000000000e+00 
  468       8.133966780491e-14       1.546778616822e-15       3.829685016667e-15       6.567223919876e-16       0.000000000000e+00       0.000000000000e+00       0.000000000000e+00 
  469       8.133949178111e-14       1.536331536956e-15       3.958001884106e-15       6.511712325491e-16       0.000000000000e+00       0.000000000000e+00       0.000000000000e+00 
  470       8.139781344502e-14       1.525393746919e-15       4.081769636500e-15       6.456653595670e-16       0.000000000000e+00       0.000000000000e+00       0.000000000000e+00 
  471       8.151263266494e-14       1.513981886884e-15       4.200972178575e-15       6.402066382858e-16       0.000000000000e+00       0.000000000000e+00       0.000000000000e+00 
  472       8.168190562253e-14       1.502112945981e-15       4.315593990664e-15       6.347969515124e-16       0.000000000000e+00       0.000000000000e+00       0.000000000000e+00 
  473       8.190354456393e-14       1.489804264246e-15       4.425620133341e-15       6.294381996765e-16       0.000000000000e+00       0.000000000000e+00       0.000000000000e+00 
  474       8.217541755099e-14       1.477073534578e-15       4.531036252064e-15       6.241323008926e-16       0.000000000000e+00       0.000000000000e+00       0.000000000000e+00 
  475       8.249534821237e-14       1.463938804684e-15       4.631828581809e-15       6.188811910208e-16       0.000000000000e+00       0.000000000000e+00       0.000000000000e+00 
  476       8.286111549481e-14       1.450418479036e-15       4.727983951716e-15       6.136868237285e-16       0.000000000000e+00       0.000000000000e+00       0.000000000000e+00 
  477       8.327045341421e-14       1.436531320818e-15       4.819489789722e-15       6.085511705512e-16       0.000000000000e+00       0.000000000000e+00       0.000000000000e+00 
  478       8.372105080688e-14       1.422296453880e-15       4.906334127201e-15       6.034762209541e-16       0.000000000000e+00       0.000000000000e+00       0.000000000000e+00 
  479       8.421055108066e-14       1.407733364690e-15       4.988505603607e-15       5.984639823931e-16       0.000000000000e+00       0.000000000000e+00       0.000000000000e+00 
  480       8.473655196611e-14       1.392861904284e-15       5.065993471109e-15       5.935164803764e-16       0.000000000000e+00       0.000000000000e+00       0.000000000000e+00 
  481       8.529660526772e-14       1.377702290215e-15       5.138787599232e-15       5.886357585256e-16       0.000000000000e+00       0.000000000000e+00       0.000000000000e+00 
  482       8.588821661502e-14       1.362275108511e-15       5.206878479493e-15       5.838238786368e-16       0.000000000000e+00       0.000000000000e+00       0.000000000000e+00 
  483       8.650884521381e-14       1.346601315622e-15       5.270257230046e-15       5.790829207422e-16       0.000000000000e+00       0.000000000000e+00       0.000000000000e+00 
  484       8.715590359730e-14       1.330702240370e-15       5.328915600314e-15       5.744149831711e-16       0.000000000000e+00       0.000000000000e+00       0.000000000000e+00 
  485       8.782675737731e-14       1.314599585905e-15       5.382845975636e-15       5.698221826112e-16       0.000000000000e+00       0.000000000000e+00       0.000000000000e+00 
  486       8.851872499541e-14       1.298315431653e-15       5.432041381896e-15       5.653066541701e-16       0.000000000000e+00       0.000000000000e+00       0.000000000000e+00 
  487       8.922907747413e-14       1.281872235269e-15       5.476495490172e-15       5.608705514364e-16       0.000000000000e+00       0.000000000000e+00       0.000000000000e+00 
  488       8.995503816812e-14       1.265292834587e-15       5.516202621370e-15       5.565160465409e-16       0.000000000000e+00       0.000000000000e+00       0.000000000000e+00 
  489       9.069378251531e-14       1.248600449574e-15       5.551157750861e-15       5.522453302178e-16       0.000000000000e+00       0.000000000000e+00       0.000000000000e+00 
  490       9.144243778810e-14       1.231818684278e-15       5.581356513125e-15       5.480606118664e-16       0.000000000000e+00       0.000000000000e+00       0.000000000000e+00 
  491       9.219808284455e-14       1.214971528784e-15       5.606795206389e-15       5.439641196119e-16       0.000000000000e+00       0.000000000000e+00       0.000000000000e+00 
  492       9.295774787951e-14       1.198083361161e-15       5.627470797261e-15       5.399581003668e-16       0.000000000000e+00       0.000000000000e+00       0.000000000000e+00 
  493       9.371841417584e-14       1.181178949415e-15       5.643380925377e-15       5.360448198925e-16       0.000000000000e+00       0.000000000000e+00       0.000000000000e+00 
  494       9.447701385555e-14       1.164283453441e-15       5.654523908033e-15       5.322265628599e-16       0.000000000000e+00       0.000000000000e+00       0.000000000000e+00 
  495       9.523042963098e-14       1.147422426976e-15       5.660898744829e-15       5.285056329113e-16       0.000000000000e+00       0.000000000000e+00       0.000000000000e+00 
  496       9.597549455601e-14       1.130621819546e-15       5.662505122303e-15       5.248843527214e-16       0.000000000000e+00       0.000000000000e+00       0.000000000000e+00 
  497       9.670899177719e-14       1.113907978422e-15       5.659343418577e-15       5.213650640585e-16       0.000000000000e+00       0.000000000000e+00       0.000000000000e+00 
  498       9.742765428493e-14       1.097307650569e-15       5.651414707990e-15       5.179501278460e-16       0.000000000000e+00       0.000000000000e+00       0.000000000000e+00 
  499       9.812816466467e-14       1.080847984598e-15       5.638720765739e-15       5.146419242233e-16       0.000000000000e+00       0.000000000000e+00       0.000000000000e+00 
  500       9.880715484806e-14       1.064556532716e-15       5.621264072518e-15       5.114428526075e-16       0.000000000000e+00       0.000000000000e+00       0.000000000000e+00 
