# dimensionless [l(l+1)/2pi] C_l's for tensor mode
# for l=2 to 500, i.e. number of multipoles equal to 499
#
# -> if you prefer output in CAMB/HealPix/LensPix units/order, set 'format' to 'camb' in input file
# -> if you don't want to see such a header, set 'headers' to 'no' in input file
# -> for CMB lensing (phi), these are C_l^phi-phi for the lensing potential.
#    Remember the conversion factors:
#    C_l^dd (deflection) = l(l+1) C_l^phi-phi
#    C_l^gg (shear/convergence) = 1/4 (l(l+1))^2 C_l^phi-phi
#
# 1:l     2:TT                     3:EE                     4:TE                     5:BB                     6:phiphi                 7:TPhi                   8:Ephi               
    2       1.427778809563e-10       2.745841209357e-15       1.655700071405e-13       4.881159044846e-15       0.000000000000e+00       0.000000000000e+00       0.000000000000e+00 
    3       1.088756448390e-10       2.932636073567e-15      -1.187947316118e-14       4.945268119751e-15       0.000000000000e+00       0.000000000000e+00       0.000000000000e+00 
    4       9.761394650752e-11       2.712501897818e-15      -6.474782776285e-14       4.325812691548e-15       0.000000000000e+00       0.000000000000e+00       0.000000000000e+00 
    5       9.287885943831e-11       2.184241157828e-15      -7.550756396331e-14       3.407738095022e-15       0.000000000000e+00       0.000000000000e+00       0.000000000000e+00 
    6       9.006867269277e-11       1.584077523745e-15      -7.149344421874e-14       2.485467077557e-15       0.000000000000e+00       0.000000000000e+00       0.000000000000e+00 
    7       8.829091980164e-11       1.081093235036e-15      -6.321088558416e-14       1.724473248992e-15       0.000000000000e+00       0.000000000000e+00       0.000000000000e+00 
    8       8.708743474033e-11       7.476402231576e-16      -5.532855853378e-14       1.183127250146e-15       0.000000000000e+00       0.000000000000e+00       0.000000000000e+00 
    9       8.621235220767e-11       5.824770019155e-16      -4.959301636640e-14       8.526088675127e-16       0.000000000000e+00       0.000000000000e+00       0.000000000000e+00 
   10       8.552363149422e-11       5.471634614791e-16      -4.637153135127e-14       6.921338226799e-16       0.000000000000e+00       0.000000000000e+00       0.000000000000e+00 
   11       8.493779049862e-11       5.952948807265e-16      -4.543867785095e-14       6.534541371522e-16       0.000000000000e+00       0.000000000000e+00       0.000000000000e+00 
   12       8.440611680400e-11       6.894909089103e-16      -4.639007238544e-14       6.936615183026e-16       0.000000000000e+00       0.000000000000e+00       0.000000000000e+00 
   13       8.389949311752e-11       8.059317793476e-16      -4.882877232265e-14       7.808170108530e-16       0.000000000000e+00       0.000000000000e+00       0.000000000000e+00 
   14       8.339970205285e-11       9.326287984193e-16      -5.242798473452e-14       8.939853343066e-16       0.000000000000e+00       0.000000000000e+00       0.000000000000e+00 
   15       8.289528264577e-11       1.065150132088e-15      -5.695098132536e-14       1.021024281726e-15       0.000000000000e+00       0.000000000000e+00       0.000000000000e+00 
   16       8.237937494479e-11       1.202670123543e-15      -6.223458086532e-14       1.155773194701e-15       0.000000000000e+00       0.000000000000e+00       0.000000000000e+00 
   17       8.184820229518e-11       1.345360018137e-15      -6.815649908738e-14       1.295697196114e-15       0.000000000000e+00       0.000000000000e+00       0.000000000000e+00 
   18       8.129394877949e-11       1.493636130211e-15      -7.462997399281e-14       1.439857262487e-15       0.000000000000e+00       0.000000000000e+00       0.000000000000e+00 
   19       8.073381237092e-11       1.647442184776e-15      -8.160618239366e-14       1.588016910606e-15       0.000000000000e+00       0.000000000000e+00       0.000000000000e+00 
   20       8.014852139066e-11       1.806602506189e-15      -8.902260080163e-14       1.740210636402e-15       0.000000000000e+00       0.000000000000e+00       0.000000000000e+00 
   21       7.954858775139e-11       1.970852355351e-15      -9.684305672207e-14       1.896308343395e-15       0.000000000000e+00       0.000000000000e+00       0.000000000000e+00 
   22       7.892858081652e-11       2.139942907256e-15      -1.050294968610e-13       2.056194555387e-15       0.000000000000e+00       0.000000000000e+00       0.000000000000e+00 
   23       7.829593505663e-11       2.313773073895e-15      -1.135484859586e-13       2.219743873608e-15       0.000000000000e+00       0.000000000000e+00       0.000000000000e+00 
   24       7.764459920535e-11       2.492328238633e-15      -1.223623624860e-13       2.386872470251e-15       0.000000000000e+00       0.000000000000e+00       0.000000000000e+00 
   25       7.698048876356e-11       2.675572464413e-15      -1.314411870382e-13       2.557473160093e-15       0.000000000000e+00       0.000000000000e+00       0.000000000000e+00 
   26       7.630032618686e-11       2.863511650193e-15      -1.407542178715e-13       2.731426520403e-15       0.000000000000e+00       0.000000000000e+00       0.000000000000e+00 
   27       7.560655724466e-11       3.056239907123e-15      -1.502738787271e-13       2.908439317944e-15       0.000000000000e+00       0.000000000000e+00       0.000000000000e+00 
   28       7.489518504705e-11       3.253855783520e-15      -1.599723962722e-13       3.088177657421e-15       0.000000000000e+00       0.000000000000e+00       0.000000000000e+00 
   29       7.417404611430e-11       3.456176801726e-15      -1.698271243579e-13       3.270407170317e-15       0.000000000000e+00       0.000000000000e+00       0.000000000000e+00 
   30       7.344402474377e-11       3.662902172569e-15      -1.798158359434e-13       3.454938964296e-15       0.000000000000e+00       0.000000000000e+00       0.000000000000e+00 
   31       7.269698532620e-11       3.873703316006e-15      -1.899154141700e-13       3.641593228579e-15       0.000000000000e+00       0.000000000000e+00       0.000000000000e+00 
   32       7.193811025442e-11       4.088309922705e-15      -2.001042184907e-13       3.830148025363e-15       0.000000000000e+00       0.000000000000e+00       0.000000000000e+00 
   33       7.116967386665e-11       4.306451831339e-15      -2.103605723444e-13       4.020372304685e-15       0.000000000000e+00       0.000000000000e+00       0.000000000000e+00 
   34       7.038788763075e-11       4.527849239756e-15      -2.206630040180e-13       4.212038154023e-15       0.000000000000e+00       0.000000000000e+00       0.000000000000e+00 
   35       6.959607577696e-11       4.752262645472e-15      -2.309932134625e-13       4.404916609037e-15       0.000000000000e+00       0.000000000000e+00       0.000000000000e+00 
   36       6.879462010556e-11       4.979458939913e-15      -2.413342459141e-13       4.598780606620e-15       0.000000000000e+00       0.000000000000e+00       0.000000000000e+00 
   37       6.798006989382e-11       5.209210268295e-15      -2.516689079887e-13       4.793397669608e-15       0.000000000000e+00       0.000000000000e+00       0.000000000000e+00 
   38       6.715666228286e-11       5.441336919327e-15      -2.619767344287e-13       4.988500652981e-15       0.000000000000e+00       0.000000000000e+00       0.000000000000e+00 
   39       6.632760969713e-11       5.675678956838e-15      -2.722360735310e-13       5.183806711327e-15       0.000000000000e+00       0.000000000000e+00       0.000000000000e+00 
   40       6.549139062202e-11       5.912085472614e-15      -2.824249067911e-13       5.379024341801e-15       0.000000000000e+00       0.000000000000e+00       0.000000000000e+00 
   41       6.464408013005e-11       6.150411208879e-15      -2.925247977502e-13       5.573865923655e-15       0.000000000000e+00       0.000000000000e+00       0.000000000000e+00 
   42       6.378842879243e-11       6.390503719475e-15      -3.025342653942e-13       5.768091718959e-15       0.000000000000e+00       0.000000000000e+00       0.000000000000e+00 
   43       6.292691663460e-11       6.632212998175e-15      -3.124597776786e-13       5.961479164463e-15       0.000000000000e+00       0.000000000000e+00       0.000000000000e+00 
   44       6.205889940710e-11       6.875395369542e-15      -3.223124602340e-13       6.153811241964e-15       0.000000000000e+00       0.000000000000e+00       0.000000000000e+00 
   45       6.118229047537e-11       7.119897186252e-15      -3.321009042257e-13       6.344862241829e-15       0.000000000000e+00       0.000000000000e+00       0.000000000000e+00 
   46       6.029990181441e-11       7.365499406259e-15      -3.418063715441e-13       6.534349298156e-15       0.000000000000e+00       0.000000000000e+00       0.000000000000e+00 
   47       5.941449651610e-11       7.611956953708e-15      -3.514006492861e-13       6.721966855413e-15       0.000000000000e+00       0.000000000000e+00       0.000000000000e+00 
   48       5.852679957964e-11       7.859013240634e-15      -3.608527274797e-13       6.907399401891e-15       0.000000000000e+00       0.000000000000e+00       0.000000000000e+00 
   49       5.763531654161e-11       8.106399509134e-15      -3.701286465685e-13       7.090320921760e-15       0.000000000000e+00       0.000000000000e+00       0.000000000000e+00 
   50       5.673772427218e-11       8.353826947267e-15      -3.791943401994e-13       7.270417651938e-15       0.000000000000e+00       0.000000000000e+00       0.000000000000e+00 
   51       5.583590919632e-11       8.600962039959e-15      -3.880254271151e-13       7.447464906088e-15       0.000000000000e+00       0.000000000000e+00       0.000000000000e+00 
   52       5.493198313182e-11       8.847443390293e-15      -3.965998135275e-13       7.621270156480e-15       0.000000000000e+00       0.000000000000e+00       0.000000000000e+00 
   53       5.402672581172e-11       9.092887386812e-15      -4.048949188301e-13       7.791652087499e-15       0.000000000000e+00       0.000000000000e+00       0.000000000000e+00 
   54       5.311947749869e-11       9.336887205633e-15      -4.128876640379e-13       7.958441144394e-15       0.000000000000e+00       0.000000000000e+00       0.000000000000e+00 
   55       5.220909187617e-11       9.579056290482e-15      -4.205569558222e-13       8.121476305890e-15       0.000000000000e+00       0.000000000000e+00       0.000000000000e+00 
   56       5.129731793700e-11       9.819173727593e-15      -4.278918877268e-13       8.280593205960e-15       0.000000000000e+00       0.000000000000e+00       0.000000000000e+00 
   57       5.038607013416e-11       1.005707323718e-14      -4.348855560612e-13       8.435634022432e-15       0.000000000000e+00       0.000000000000e+00       0.000000000000e+00 
   58       4.947637707357e-11       1.029260257868e-14      -4.415328266126e-13       8.586451387511e-15       0.000000000000e+00       0.000000000000e+00       0.000000000000e+00 
   59       4.856831543795e-11       1.052562428572e-14      -4.478304203165e-13       8.732908789413e-15       0.000000000000e+00       0.000000000000e+00       0.000000000000e+00 
   60       4.766094391067e-11       1.075601640122e-14      -4.537769989276e-13       8.874880973998e-15       0.000000000000e+00       0.000000000000e+00       0.000000000000e+00 
   61       4.675311068672e-11       1.098365544490e-14      -4.593718157341e-13       9.012252846196e-15       0.000000000000e+00       0.000000000000e+00       0.000000000000e+00 
   62       4.584623729523e-11       1.120835918573e-14      -4.646101199770e-13       9.144914977522e-15       0.000000000000e+00       0.000000000000e+00       0.000000000000e+00 
   63       4.494204522621e-11       1.142993227004e-14      -4.694868682336e-13       9.272767798295e-15       0.000000000000e+00       0.000000000000e+00       0.000000000000e+00 
   64       4.404169988423e-11       1.164818302328e-14      -4.739981076948e-13       9.395723355885e-15       0.000000000000e+00       0.000000000000e+00       0.000000000000e+00 
   65       4.314577223045e-11       1.186292362138e-14      -4.781410163061e-13       9.513705668749e-15       0.000000000000e+00       0.000000000000e+00       0.000000000000e+00 
   66       4.225420042484e-11       1.207397026195e-14      -4.819139429080e-13       9.626651080463e-15       0.000000000000e+00       0.000000000000e+00       0.000000000000e+00 
   67       4.136625146827e-11       1.228114333560e-14      -4.853164473770e-13       9.734508613759e-15       0.000000000000e+00       0.000000000000e+00       0.000000000000e+00 
   68       4.048112083964e-11       1.248426998853e-14      -4.883488485150e-13       9.837232638647e-15       0.000000000000e+00       0.000000000000e+00       0.000000000000e+00 
   69       3.959995823943e-11       1.268319203032e-14      -4.910106716151e-13       9.934758360268e-15       0.000000000000e+00       0.000000000000e+00       0.000000000000e+00 
   70       3.872418529336e-11       1.287775994353e-14      -4.933019569968e-13       1.002702197742e-14       0.000000000000e+00       0.000000000000e+00       0.000000000000e+00 
   71       3.785487222981e-11       1.306783086239e-14      -4.952237514816e-13       1.011396808364e-14       0.000000000000e+00       0.000000000000e+00       0.000000000000e+00 
   72       3.699271583898e-11       1.325326880529e-14      -4.967781359440e-13       1.019554982468e-14       0.000000000000e+00       0.000000000000e+00       0.000000000000e+00 
   73       3.613801743202e-11       1.343394490715e-14      -4.979682528626e-13       1.027172905595e-14       0.000000000000e+00       0.000000000000e+00       0.000000000000e+00 
   74       3.529066080018e-11       1.360973765191e-14      -4.987983338714e-13       1.034247650003e-14       0.000000000000e+00       0.000000000000e+00       0.000000000000e+00 
   75       3.445009017395e-11       1.378053310491e-14      -4.992737273105e-13       1.040777190406e-14       0.000000000000e+00       0.000000000000e+00       0.000000000000e+00 
   76       3.361573013842e-11       1.394622124234e-14      -4.994001816961e-13       1.046760258101e-14       0.000000000000e+00       0.000000000000e+00       0.000000000000e+00 
   77       3.278838250439e-11       1.410668365266e-14      -4.991814843781e-13       1.052195837815e-14       0.000000000000e+00       0.000000000000e+00       0.000000000000e+00 
   78       3.196904530314e-11       1.426180400434e-14      -4.986214403342e-13       1.057083607284e-14       0.000000000000e+00       0.000000000000e+00       0.000000000000e+00 
   79       3.115848065971e-11       1.441147189987e-14      -4.977245901455e-13       1.061424102970e-14       0.000000000000e+00       0.000000000000e+00       0.000000000000e+00 
   80       3.035720181475e-11       1.455558302816e-14      -4.964962222897e-13       1.065218732497e-14       0.000000000000e+00       0.000000000000e+00       0.000000000000e+00 
   81       2.956546014633e-11       1.469403931693e-14      -4.949423854338e-13       1.068469787077e-14       0.000000000000e+00       0.000000000000e+00       0.000000000000e+00 
   82       2.878323219174e-11       1.482674908514e-14      -4.930699007278e-13       1.071180453948e-14       0.000000000000e+00       0.000000000000e+00       0.000000000000e+00 
   83       2.801020666931e-11       1.495362719536e-14      -4.908863740971e-13       1.073354828801e-14       0.000000000000e+00       0.000000000000e+00       0.000000000000e+00 
   84       2.724606576847e-11       1.507459495305e-14      -4.883996975662e-13       1.074997543112e-14       0.000000000000e+00       0.000000000000e+00       0.000000000000e+00 
   85       2.649141102737e-11       1.518957945150e-14      -4.856164313129e-13       1.076112547917e-14       0.000000000000e+00       0.000000000000e+00       0.000000000000e+00 
   86       2.574696786496e-11       1.529851439719e-14      -4.825431746845e-13       1.076704150265e-14       0.000000000000e+00       0.000000000000e+00       0.000000000000e+00 
   87       2.501329704570e-11       1.540134049924e-14      -4.791870569709e-13       1.076777386269e-14       0.000000000000e+00       0.000000000000e+00       0.000000000000e+00 
   88       2.429078664712e-11       1.549800561753e-14      -4.755557411095e-13       1.076338027070e-14       0.000000000000e+00       0.000000000000e+00       0.000000000000e+00 
   89       2.357964402723e-11       1.558846491087e-14      -4.716574273912e-13       1.075392584787e-14       0.000000000000e+00       0.000000000000e+00       0.000000000000e+00 
   90       2.287988779213e-11       1.567268098514e-14      -4.675008571652e-13       1.073948318488e-14       0.000000000000e+00       0.000000000000e+00       0.000000000000e+00 
   91       2.219133976339e-11       1.575062404140e-14      -4.630953165448e-13       1.072013240140e-14       0.000000000000e+00       0.000000000000e+00       0.000000000000e+00 
   92       2.151361694565e-11       1.582227202409e-14      -4.584506401127e-13       1.069596120576e-14       0.000000000000e+00       0.000000000000e+00       0.000000000000e+00 
   93       2.084636547723e-11       1.588760755484e-14      -4.535766900371e-13       1.066706043914e-14       0.000000000000e+00       0.000000000000e+00       0.000000000000e+00 
   94       2.019002017870e-11       1.594660788482e-14      -4.484816957592e-13       1.063350981229e-14       0.000000000000e+00       0.000000000000e+00       0.000000000000e+00 
   95       1.954514492075e-11       1.599925369808e-14      -4.431736702836e-13       1.059539012379e-14       0.000000000000e+00       0.000000000000e+00       0.000000000000e+00 
   96       1.891219617196e-11       1.604553229387e-14      -4.376609090688e-13       1.055278758199e-14       0.000000000000e+00       0.000000000000e+00       0.000000000000e+00 
   97       1.829151828797e-11       1.608543769064e-14      -4.319519865317e-13       1.050579380260e-14       0.000000000000e+00       0.000000000000e+00       0.000000000000e+00 
   98       1.768333880061e-11       1.611897073004e-14      -4.260557525522e-13       1.045450580629e-14       0.000000000000e+00       0.000000000000e+00       0.000000000000e+00 
   99       1.708776370711e-11       1.614613918100e-14      -4.199813289771e-13       1.039902601633e-14       0.000000000000e+00       0.000000000000e+00       0.000000000000e+00 
  100       1.650477275924e-11       1.616695784368e-14      -4.137381061251e-13       1.033946225618e-14       0.000000000000e+00       0.000000000000e+00       0.000000000000e+00 
  101       1.593421475246e-11       1.618144865356e-14      -4.073357392910e-13       1.027592774715e-14       0.000000000000e+00       0.000000000000e+00       0.000000000000e+00 
  102       1.537580281509e-11       1.618964078544e-14      -4.007841452500e-13       1.020854110597e-14       0.000000000000e+00       0.000000000000e+00       0.000000000000e+00 
  103       1.482910969748e-11       1.619157075742e-14      -3.940934987625e-13       1.013742634245e-14       0.000000000000e+00       0.000000000000e+00       0.000000000000e+00 
  104       1.429374714012e-11       1.618727927681e-14      -3.872738563014e-13       1.006270849570e-14       0.000000000000e+00       0.000000000000e+00       0.000000000000e+00 
  105       1.376994171951e-11       1.617680106828e-14      -3.803339768775e-13       9.984499876809e-15       0.000000000000e+00       0.000000000000e+00       0.000000000000e+00 
  106       1.325802837046e-11       1.616017385915e-14      -3.732823346666e-13       9.902911954663e-15       0.000000000000e+00       0.000000000000e+00       0.000000000000e+00 
  107       1.275827059794e-11       1.613744158225e-14      -3.661274700616e-13       9.818059501658e-15       0.000000000000e+00       0.000000000000e+00       0.000000000000e+00 
  108       1.227085778911e-11       1.610865444417e-14      -3.588779820804e-13       9.730060543374e-15       0.000000000000e+00       0.000000000000e+00       0.000000000000e+00 
  109       1.179590252530e-11       1.607386899346e-14      -3.515425207735e-13       9.639036308270e-15       0.000000000000e+00       0.000000000000e+00       0.000000000000e+00 
  110       1.133343789407e-11       1.603314818885e-14      -3.441297796327e-13       9.545111177376e-15       0.000000000000e+00       0.000000000000e+00       0.000000000000e+00 
  111       1.088341480115e-11       1.598656146746e-14      -3.366484879986e-13       9.448412633977e-15       0.000000000000e+00       0.000000000000e+00       0.000000000000e+00 
  112       1.044569928249e-11       1.593418481305e-14      -3.291074034685e-13       9.349071213308e-15       0.000000000000e+00       0.000000000000e+00       0.000000000000e+00 
  113       1.002006981625e-11       1.587610082419e-14      -3.215153043049e-13       9.247220452241e-15       0.000000000000e+00       0.000000000000e+00       0.000000000000e+00 
  114       9.606214634840e-12       1.581239878254e-14      -3.138809818428e-13       9.142996838975e-15       0.000000000000e+00       0.000000000000e+00       0.000000000000e+00 
  115       9.203729036870e-12       1.574317472102e-14      -3.062132328984e-13       9.036539762727e-15       0.000000000000e+00       0.000000000000e+00       0.000000000000e+00 
  116       8.812241908347e-12       1.566852734340e-14      -2.985206562567e-13       8.927987465038e-15       0.000000000000e+00       0.000000000000e+00       0.000000000000e+00 
  117       8.431818484032e-12       1.558854507451e-14      -2.908110302970e-13       8.817464442823e-15       0.000000000000e+00       0.000000000000e+00       0.000000000000e+00 
  118       8.062601734538e-12       1.550331755633e-14      -2.830918450893e-13       8.705092412165e-15       0.000000000000e+00       0.000000000000e+00       0.000000000000e+00 
  119       7.704686009998e-12       1.541293968700e-14      -2.753704823214e-13       8.590994084926e-15       0.000000000000e+00       0.000000000000e+00       0.000000000000e+00 
  120       7.358115494501e-12       1.531751165229e-14      -2.676542059739e-13       8.475293083086e-15       0.000000000000e+00       0.000000000000e+00       0.000000000000e+00 
  121       7.022882660536e-12       1.521713895720e-14      -2.599501529962e-13       8.358113853079e-15       0.000000000000e+00       0.000000000000e+00       0.000000000000e+00 
  122       6.698926723430e-12       1.511193245747e-14      -2.522653239822e-13       8.239581580131e-15       0.000000000000e+00       0.000000000000e+00       0.000000000000e+00 
  123       6.386132095791e-12       1.500200839110e-14      -2.446065738460e-13       8.119822102596e-15       0.000000000000e+00       0.000000000000e+00       0.000000000000e+00 
  124       6.084326841941e-12       1.488748840991e-14      -2.369806024976e-13       7.998961826293e-15       0.000000000000e+00       0.000000000000e+00       0.000000000000e+00 
  125       5.793281132367e-12       1.476849961110e-14      -2.293939455188e-13       7.877127638846e-15       0.000000000000e+00       0.000000000000e+00       0.000000000000e+00 
  126       5.512705698149e-12       1.464517456873e-14      -2.218529648385e-13       7.754446824017e-15       0.000000000000e+00       0.000000000000e+00       0.000000000000e+00 
  127       5.242250285412e-12       1.451765136530e-14      -2.143638394087e-13       7.631046976045e-15       0.000000000000e+00       0.000000000000e+00       0.000000000000e+00 
  128       4.981502109755e-12       1.438607362328e-14      -2.069325558805e-13       7.507055913984e-15       0.000000000000e+00       0.000000000000e+00       0.000000000000e+00 
  129       4.730082728281e-12       1.425058514538e-14      -1.995649333479e-13       7.382598888174e-15       0.000000000000e+00       0.000000000000e+00       0.000000000000e+00 
  130       4.487953953609e-12       1.411131310356e-14      -1.922667204563e-13       7.257790035124e-15       0.000000000000e+00       0.000000000000e+00       0.000000000000e+00 
  131       4.255142734432e-12       1.396838305686e-14      -1.850434913762e-13       7.132739818970e-15       0.000000000000e+00       0.000000000000e+00       0.000000000000e+00 
  132       4.031644913115e-12       1.382192417039e-14      -1.779006036973e-13       7.007557551309e-15       0.000000000000e+00       0.000000000000e+00       0.000000000000e+00 
  133       3.817424384378e-12       1.367206920823e-14      -1.708431893491e-13       6.882351286154e-15       0.000000000000e+00       0.000000000000e+00       0.000000000000e+00 
  134       3.612412253969e-12       1.351895452648e-14      -1.638761455194e-13       6.757227714896e-15       0.000000000000e+00       0.000000000000e+00       0.000000000000e+00 
  135       3.416505997350e-12       1.336272006615e-14      -1.570041255743e-13       6.632292061270e-15       0.000000000000e+00       0.000000000000e+00       0.000000000000e+00 
  136       3.229568618378e-12       1.320350934614e-14      -1.502315299778e-13       6.507647976308e-15       0.000000000000e+00       0.000000000000e+00       0.000000000000e+00 
  137       3.051427807982e-12       1.304146945623e-14      -1.435624972109e-13       6.383397433305e-15       0.000000000000e+00       0.000000000000e+00       0.000000000000e+00 
  138       2.881875102844e-12       1.287675104998e-14      -1.370008946914e-13       6.259640622777e-15       0.000000000000e+00       0.000000000000e+00       0.000000000000e+00 
  139       2.720665044081e-12       1.270950833776e-14      -1.305503096933e-13       6.136475847422e-15       0.000000000000e+00       0.000000000000e+00       0.000000000000e+00 
  140       2.567514335925e-12       1.253989907963e-14      -1.242140402664e-13       6.013999417082e-15       0.000000000000e+00       0.000000000000e+00       0.000000000000e+00 
  141       2.422101004404e-12       1.236808457838e-14      -1.179950861556e-13       5.892305543702e-15       0.000000000000e+00       0.000000000000e+00       0.000000000000e+00 
  142       2.284063556018e-12       1.219422967244e-14      -1.118961397206e-13       5.771486236292e-15       0.000000000000e+00       0.000000000000e+00       0.000000000000e+00 
  143       2.153000136428e-12       1.201850272886e-14      -1.059195768551e-13       5.651631195887e-15       0.000000000000e+00       0.000000000000e+00       0.000000000000e+00 
  144       2.028543197114e-12       1.184106934997e-14      -1.000676897203e-13       5.532827270283e-15       0.000000000000e+00       0.000000000000e+00       0.000000000000e+00 
  145       1.910593567808e-12       1.166207280917e-14      -9.434342997282e-14       5.415156979405e-15       0.000000000000e+00       0.000000000000e+00       0.000000000000e+00 
  146       1.799107968588e-12       1.148165166400e-14      -8.874972188834e-14       5.298699644213e-15       0.000000000000e+00       0.000000000000e+00       0.000000000000e+00 
  147       1.694025170276e-12       1.129994582646e-14      -8.328921950490e-14       5.183531707247e-15       0.000000000000e+00       0.000000000000e+00       0.000000000000e+00 
  148       1.595265587072e-12       1.111709651984e-14      -7.796429893211e-14       5.069726625063e-15       0.000000000000e+00       0.000000000000e+00       0.000000000000e+00 
  149       1.502730869185e-12       1.093324623553e-14      -7.277705066040e-14       4.957354760663e-15       0.000000000000e+00       0.000000000000e+00       0.000000000000e+00 
  150       1.416303495472e-12       1.074853868991e-14      -6.772927187024e-14       4.846483275921e-15       0.000000000000e+00       0.000000000000e+00       0.000000000000e+00 
  151       1.335846366067e-12       1.056311878109e-14      -6.282245874135e-14       4.737176024022e-15       0.000000000000e+00       0.000000000000e+00       0.000000000000e+00 
  152       1.261202395020e-12       1.037713254582e-14      -5.805779876198e-14       4.629493441885e-15       0.000000000000e+00       0.000000000000e+00       0.000000000000e+00 
  153       1.192194102931e-12       1.019072711630e-14      -5.343616303812e-14       4.523492442597e-15       0.000000000000e+00       0.000000000000e+00       0.000000000000e+00 
  154       1.128623209579e-12       1.000405067698e-14      -4.895809860270e-14       4.419226307844e-15       0.000000000000e+00       0.000000000000e+00       0.000000000000e+00 
  155       1.070270226565e-12       9.817252421447e-15      -4.462382072489e-14       4.316744580339e-15       0.000000000000e+00       0.000000000000e+00       0.000000000000e+00 
  156       1.016894049938e-12       9.630482509213e-15      -4.043320521926e-14       4.216092956256e-15       0.000000000000e+00       0.000000000000e+00       0.000000000000e+00 
  157       9.682315528360e-13       9.443892022564e-15      -3.638578075506e-14       4.117313177658e-15       0.000000000000e+00       0.000000000000e+00       0.000000000000e+00 
  158       9.239971781149e-13       9.257632923390e-15      -3.248072116544e-14       4.020442924929e-15       0.000000000000e+00       0.000000000000e+00       0.000000000000e+00 
  159       8.838825309867e-13       9.071858010019e-15      -2.871683775668e-14       3.925515709204e-15       0.000000000000e+00       0.000000000000e+00       0.000000000000e+00 
  160       8.475559716525e-13       8.886720874044e-15      -2.509257161741e-14       3.832560764800e-15       0.000000000000e+00       0.000000000000e+00       0.000000000000e+00 
  161       8.147156469955e-13       8.702369951573e-15      -2.160648280416e-14       3.741606187953e-15       0.000000000000e+00       0.000000000000e+00       0.000000000000e+00 
  162       7.852547111066e-13       8.518930176400e-15      -1.825878265849e-14       3.652688890783e-15       0.000000000000e+00       0.000000000000e+00       0.000000000000e+00 
  163       7.591100051307e-13       8.336519614323e-15      -1.504992292932e-14       3.565845326098e-15       0.000000000000e+00       0.000000000000e+00       0.000000000000e+00 
  164       7.362097720941e-13       8.155255153021e-15      -1.198010572237e-14       3.481108228367e-15       0.000000000000e+00       0.000000000000e+00       0.000000000000e+00 
  165       7.164734954053e-13       7.975252431718e-15      -9.049278095480e-15       3.398506521080e-15       0.000000000000e+00       0.000000000000e+00       0.000000000000e+00 
  166       6.998117373553e-13       7.796625770845e-15      -6.257126653915e-15       3.318065224120e-15       0.000000000000e+00       0.000000000000e+00       0.000000000000e+00 
  167       6.861259776189e-13       7.619488101701e-15      -3.603072145630e-15       3.239805361124e-15       0.000000000000e+00       0.000000000000e+00       0.000000000000e+00 
  168       6.753084517551e-13       7.443950896112e-15      -1.086264056589e-15       3.163743866854e-15       0.000000000000e+00       0.000000000000e+00       0.000000000000e+00 
  169       6.672419897079e-13       7.270124096093e-15       1.294424793940e-15       3.089893494561e-15       0.000000000000e+00       0.000000000000e+00       0.000000000000e+00 
  170       6.617998543070e-13       7.098116043509e-15       3.540403658091e-15       3.018262723352e-15       0.000000000000e+00       0.000000000000e+00       0.000000000000e+00 
  171       6.588455797687e-13       6.928033409737e-15       5.653369264102e-15       2.948855665557e-15       0.000000000000e+00       0.000000000000e+00       0.000000000000e+00 
  172       6.582328101966e-13       6.759981125326e-15       7.635311221014e-15       2.881671974095e-15       0.000000000000e+00       0.000000000000e+00       0.000000000000e+00 
  173       6.598051380822e-13       6.594062309658e-15       9.488517423377e-15       2.816706749841e-15       0.000000000000e+00       0.000000000000e+00       0.000000000000e+00 
  174       6.633959428059e-13       6.430378200610e-15       1.121557945595e-14       2.753950448990e-15       0.000000000000e+00       0.000000000000e+00       0.000000000000e+00 
  175       6.688282291374e-13       6.269028084214e-15       1.281939799841e-14       2.693388790427e-15       0.000000000000e+00       0.000000000000e+00       0.000000000000e+00 
  176       6.759144657367e-13       6.110109224318e-15       1.430318823005e-14       2.635002663093e-15       0.000000000000e+00       0.000000000000e+00       0.000000000000e+00 
  177       6.844564236549e-13       5.953716792247e-15       1.567048523447e-14       2.578768033348e-15       0.000000000000e+00       0.000000000000e+00       0.000000000000e+00 
  178       6.942450148347e-13       5.799943796467e-15       1.692514940430e-14       2.524655852342e-15       0.000000000000e+00       0.000000000000e+00       0.000000000000e+00 
  179       7.050601306112e-13       5.648881012240e-15       1.807137184589e-14       2.472631963376e-15       0.000000000000e+00       0.000000000000e+00       0.000000000000e+00 
  180       7.167036798783e-13       5.500613997947e-15       1.911304625125e-14       2.422664522037e-15       0.000000000000e+00       0.000000000000e+00       0.000000000000e+00 
  181       7.291019776665e-13       5.355214025746e-15       2.005181739040e-14       2.374747109646e-15       0.000000000000e+00       0.000000000000e+00       0.000000000000e+00 
  182       7.422112040672e-13       5.212746293258e-15       2.088888751482e-14       2.328877283445e-15       0.000000000000e+00       0.000000000000e+00       0.000000000000e+00 
  183       7.559848970066e-13       5.073272691629e-15       2.162563899960e-14       2.285049164438e-15       0.000000000000e+00       0.000000000000e+00       0.000000000000e+00 
  184       7.703739130291e-13       4.936851724467e-15       2.226363741471e-14       2.243253372430e-15       0.000000000000e+00       0.000000000000e+00       0.000000000000e+00 
  185       7.853263880801e-13       4.803538426769e-15       2.280463459623e-14       2.203476961066e-15       0.000000000000e+00       0.000000000000e+00       0.000000000000e+00 
  186       8.007876982891e-13       4.673384283852e-15       2.325057171763e-14       2.165703352866e-15       0.000000000000e+00       0.000000000000e+00       0.000000000000e+00 
  187       8.167004207532e-13       4.546437150285e-15       2.360358236100e-14       2.129912274265e-15       0.000000000000e+00       0.000000000000e+00       0.000000000000e+00 
  188       8.330042943197e-13       4.422741168817e-15       2.386599558827e-14       2.096079690650e-15       0.000000000000e+00       0.000000000000e+00       0.000000000000e+00 
  189       8.496361803698e-13       4.302336689311e-15       2.404033901251e-14       2.064177741397e-15       0.000000000000e+00       0.000000000000e+00       0.000000000000e+00 
  190       8.665300236013e-13       4.185260187670e-15       2.412934186915e-14       2.034174674910e-15       0.000000000000e+00       0.000000000000e+00       0.000000000000e+00 
  191       8.836168128116e-13       4.071544184771e-15       2.413593808724e-14       2.006034783658e-15       0.000000000000e+00       0.000000000000e+00       0.000000000000e+00 
  192       9.008245416815e-13       3.961217165396e-15       2.406326936069e-14       1.979718339214e-15       0.000000000000e+00       0.000000000000e+00       0.000000000000e+00 
  193       9.180781695576e-13       3.854303497157e-15       2.391468821949e-14       1.955181527291e-15       0.000000000000e+00       0.000000000000e+00       0.000000000000e+00 
  194       9.352995822357e-13       3.750823349434e-15       2.369376110104e-14       1.932376382780e-15       0.000000000000e+00       0.000000000000e+00       0.000000000000e+00 
  195       9.524075527440e-13       3.650792612299e-15       2.340427142131e-14       1.911250724791e-15       0.000000000000e+00       0.000000000000e+00       0.000000000000e+00 
  196       9.693177021261e-13       3.554222815451e-15       2.305022264613e-14       1.891748091684e-15       0.000000000000e+00       0.000000000000e+00       0.000000000000e+00 
  197       9.859424602243e-13       3.461121047144e-15       2.263584136246e-14       1.873807676114e-15       0.000000000000e+00       0.000000000000e+00       0.000000000000e+00 
  198       1.002191026462e-12       3.371489873119e-15       2.216558034957e-14       1.857364260066e-15       0.000000000000e+00       0.000000000000e+00       0.000000000000e+00 
  199       1.017969330629e-12       3.285327255533e-15       2.164412165038e-14       1.842348149891e-15       0.000000000000e+00       0.000000000000e+00       0.000000000000e+00 
  200       1.033179993661e-12       3.202626471890e-15       2.107637964262e-14       1.828685111345e-15       0.000000000000e+00       0.000000000000e+00       0.000000000000e+00 
  201       1.047737855862e-12       3.123379379076e-15       2.046685103829e-14       1.816306731811e-15       0.000000000000e+00       0.000000000000e+00       0.000000000000e+00 
  202       1.061617879193e-12       3.047586633878e-15       1.981760675350e-14       1.805182466914e-15       0.000000000000e+00       0.000000000000e+00       0.000000000000e+00 
  203       1.074810595048e-12       2.975248047035e-15       1.913016235154e-14       1.795289760412e-15       0.000000000000e+00       0.000000000000e+00       0.000000000000e+00 
  204       1.087306851114e-12       2.906359233030e-15       1.840611935585e-14       1.786603788841e-15       0.000000000000e+00       0.000000000000e+00       0.000000000000e+00 
  205       1.099097818161e-12       2.840911538900e-15       1.764716639109e-14       1.779097427367e-15       0.000000000000e+00       0.000000000000e+00       0.000000000000e+00 
  206       1.110174996835e-12       2.778891973061e-15       1.685508032426e-14       1.772741215640e-15       0.000000000000e+00       0.000000000000e+00       0.000000000000e+00 
  207       1.120530224452e-12       2.720283134117e-15       1.603172740576e-14       1.767503323656e-15       0.000000000000e+00       0.000000000000e+00       0.000000000000e+00 
  208       1.130155681793e-12       2.665063139685e-15       1.517906441045e-14       1.763349517602e-15       0.000000000000e+00       0.000000000000e+00       0.000000000000e+00 
  209       1.139043899892e-12       2.613205555205e-15       1.429913977876e-14       1.760243125721e-15       0.000000000000e+00       0.000000000000e+00       0.000000000000e+00 
  210       1.147187766833e-12       2.564679322762e-15       1.339409475778e-14       1.758145004165e-15       0.000000000000e+00       0.000000000000e+00       0.000000000000e+00 
  211       1.154580534542e-12       2.519448689899e-15       1.246616454232e-14       1.757013502846e-15       0.000000000000e+00       0.000000000000e+00       0.000000000000e+00 
  212       1.161215825579e-12       2.477473138439e-15       1.151767941599e-14       1.756804431297e-15       0.000000000000e+00       0.000000000000e+00       0.000000000000e+00 
  213       1.167087639932e-12       2.438707313296e-15       1.055106589230e-14       1.757471024527e-15       0.000000000000e+00       0.000000000000e+00       0.000000000000e+00 
  214       1.172190361810e-12       2.403100951298e-15       9.568847855731e-15       1.758963908871e-15       0.000000000000e+00       0.000000000000e+00       0.000000000000e+00 
  215       1.176518766434e-12       2.370598809997e-15       8.573647702817e-15       1.761231067854e-15       0.000000000000e+00       0.000000000000e+00       0.000000000000e+00 
  216       1.180068026835e-12       2.341140596495e-15       7.568187483231e-15       1.764217808040e-15       0.000000000000e+00       0.000000000000e+00       0.000000000000e+00 
  217       1.182833720640e-12       2.314660896251e-15       6.555290040864e-15       1.767866724888e-15       0.000000000000e+00       0.000000000000e+00       0.000000000000e+00 
  218       1.184811836871e-12       2.291089101908e-15       5.537880154910e-15       1.772117668613e-15       0.000000000000e+00       0.000000000000e+00       0.000000000000e+00 
  219       1.185998782734e-12       2.270349342101e-15       4.518985680943e-15       1.776907710034e-15       0.000000000000e+00       0.000000000000e+00       0.000000000000e+00 
  220       1.186391390415e-12       2.252360410280e-15       3.501738692001e-15       1.782171106435e-15       0.000000000000e+00       0.000000000000e+00       0.000000000000e+00 
  221       1.185986923871e-12       2.237035693526e-15       2.489376619672e-15       1.787839267418e-15       0.000000000000e+00       0.000000000000e+00       0.000000000000e+00 
  222       1.184783085623e-12       2.224283101363e-15       1.485243395170e-15       1.793840720760e-15       0.000000000000e+00       0.000000000000e+00       0.000000000000e+00 
  223       1.182778023550e-12       2.214004994585e-15       4.927905904196e-16       1.800101078267e-15       0.000000000000e+00       0.000000000000e+00       0.000000000000e+00 
  224       1.179972541781e-12       2.206109596009e-15      -4.849110701168e-16       1.806553490566e-15       0.000000000000e+00       0.000000000000e+00       0.000000000000e+00 
  225       1.176376877215e-12       2.200546185286e-15      -1.446674429643e-15       1.813170828974e-15       0.000000000000e+00       0.000000000000e+00       0.000000000000e+00 
  226       1.172004371900e-12       2.197272029412e-15      -2.391787598440e-15       1.819935506906e-15       0.000000000000e+00       0.000000000000e+00       0.000000000000e+00 
  227       1.166869320064e-12       2.196241060606e-15      -3.319533034402e-15       1.826829167818e-15       0.000000000000e+00       0.000000000000e+00       0.000000000000e+00 
  228       1.160986980161e-12       2.197403832466e-15      -4.229187567740e-15       1.833832676043e-15       0.000000000000e+00       0.000000000000e+00       0.000000000000e+00 
  229       1.154373586908e-12       2.200707476120e-15      -5.120022425684e-15       1.840926107612e-15       0.000000000000e+00       0.000000000000e+00       0.000000000000e+00 
  230       1.147046363330e-12       2.206095656385e-15      -5.991303257181e-15       1.848088741090e-15       0.000000000000e+00       0.000000000000e+00       0.000000000000e+00 
  231       1.139023532798e-12       2.213508527922e-15      -6.842290157604e-15       1.855299048402e-15       0.000000000000e+00       0.000000000000e+00       0.000000000000e+00 
  232       1.130324331068e-12       2.222882691388e-15      -7.672237693447e-15       1.862534685663e-15       0.000000000000e+00       0.000000000000e+00       0.000000000000e+00 
  233       1.120969018328e-12       2.234151149592e-15      -8.480394927031e-15       1.869772484007e-15       0.000000000000e+00       0.000000000000e+00       0.000000000000e+00 
  234       1.110978891233e-12       2.247243263650e-15      -9.266005441205e-15       1.876988440415e-15       0.000000000000e+00       0.000000000000e+00       0.000000000000e+00 
  235       1.100376294947e-12       2.262084709143e-15      -1.002830736405e-14       1.884157708545e-15       0.000000000000e+00       0.000000000000e+00       0.000000000000e+00 
  236       1.089184635188e-12       2.278597432268e-15      -1.076653339357e-14       1.891254589564e-15       0.000000000000e+00       0.000000000000e+00       0.000000000000e+00 
  237       1.077428390262e-12       2.296699605992e-15      -1.147991082242e-14       1.898252522972e-15       0.000000000000e+00       0.000000000000e+00       0.000000000000e+00 
  238       1.065133123110e-12       2.316305586214e-15      -1.216766156258e-14       1.905124077435e-15       0.000000000000e+00       0.000000000000e+00       0.000000000000e+00 
  239       1.052325493346e-12       2.337325867911e-15      -1.282900217006e-14       1.911840941613e-15       0.000000000000e+00       0.000000000000e+00       0.000000000000e+00 
  240       1.039033269296e-12       2.359667041301e-15      -1.346314386962e-14       1.918373914988e-15       0.000000000000e+00       0.000000000000e+00       0.000000000000e+00 
  241       1.025285340043e-12       2.383231747990e-15      -1.406929257948e-14       1.924692898695e-15       0.000000000000e+00       0.000000000000e+00       0.000000000000e+00 
  242       1.011111727465e-12       2.407918637136e-15      -1.464664893596e-14       1.930766886351e-15       0.000000000000e+00       0.000000000000e+00       0.000000000000e+00 
  243       9.965435982778e-13       2.433622321595e-15      -1.519440831827e-14       1.936563954883e-15       0.000000000000e+00       0.000000000000e+00       0.000000000000e+00 
  244       9.816132760728e-13       2.460233334082e-15      -1.571176087314e-14       1.942051255358e-15       0.000000000000e+00       0.000000000000e+00       0.000000000000e+00 
  245       9.663542533607e-13       2.487638083325e-15      -1.619789153956e-14       1.947195003812e-15       0.000000000000e+00       0.000000000000e+00       0.000000000000e+00 
  246       9.508012036113e-13       2.515718810217e-15      -1.665198007348e-14       1.951960472078e-15       0.000000000000e+00       0.000000000000e+00       0.000000000000e+00 
  247       9.349899932942e-13       2.544353543976e-15      -1.707320107248e-14       1.956311978619e-15       0.000000000000e+00       0.000000000000e+00       0.000000000000e+00 
  248       9.189576939199e-13       2.573416058294e-15      -1.746072400052e-14       1.960212879352e-15       0.000000000000e+00       0.000000000000e+00       0.000000000000e+00 
  249       9.027425940803e-13       2.602775827496e-15      -1.781371321262e-14       1.963625558481e-15       0.000000000000e+00       0.000000000000e+00       0.000000000000e+00 
  250       8.863796428999e-13       2.632314888099e-15      -1.813151365673e-14       1.966518018162e-15       0.000000000000e+00       0.000000000000e+00       0.000000000000e+00 
  251       8.698864639157e-13       2.661979593121e-15      -1.841421981342e-14       1.968884088173e-15       0.000000000000e+00       0.000000000000e+00       0.000000000000e+00 
  252       8.532765572755e-13       2.691731759980e-15      -1.866213964459e-14       1.970724364977e-15       0.000000000000e+00       0.000000000000e+00       0.000000000000e+00 
  253       8.365637989712e-13       2.721532022443e-15      -1.887561224913e-14       1.972039721283e-15       0.000000000000e+00       0.000000000000e+00       0.000000000000e+00 
  254       8.197624441429e-13       2.751339819112e-15      -1.905500824272e-14       1.972831309497e-15       0.000000000000e+00       0.000000000000e+00       0.000000000000e+00 
  255       8.028871303831e-13       2.781113381909e-15      -1.920073013761e-14       1.973100565165e-15       0.000000000000e+00       0.000000000000e+00       0.000000000000e+00 
  256       7.859528810410e-13       2.810809724554e-15      -1.931321272238e-14       1.972849210426e-15       0.000000000000e+00       0.000000000000e+00       0.000000000000e+00 
  257       7.689751085261e-13       2.840384631058e-15      -1.939292344175e-14       1.972079257459e-15       0.000000000000e+00       0.000000000000e+00       0.000000000000e+00 
  258       7.519696176127e-13       2.869792644198e-15      -1.944036277634e-14       1.970793011933e-15       0.000000000000e+00       0.000000000000e+00       0.000000000000e+00 
  259       7.349526087436e-13       2.898987054008e-15      -1.945606462247e-14       1.968993076452e-15       0.000000000000e+00       0.000000000000e+00       0.000000000000e+00 
  260       7.179406813348e-13       2.927919886259e-15      -1.944059667192e-14       1.966682354006e-15       0.000000000000e+00       0.000000000000e+00       0.000000000000e+00 
  261       7.009508370789e-13       2.956541890945e-15      -1.939456079175e-14       1.963864051419e-15       0.000000000000e+00       0.000000000000e+00       0.000000000000e+00 
  262       6.840004832495e-13       2.984802530766e-15      -1.931859340404e-14       1.960541682799e-15       0.000000000000e+00       0.000000000000e+00       0.000000000000e+00 
  263       6.671074360056e-13       3.012649969613e-15      -1.921336586568e-14       1.956719072983e-15       0.000000000000e+00       0.000000000000e+00       0.000000000000e+00 
  264       6.502899236951e-13       3.040031061050e-15      -1.907958484817e-14       1.952400360988e-15       0.000000000000e+00       0.000000000000e+00       0.000000000000e+00 
  265       6.335665901591e-13       3.066891336802e-15      -1.891799271740e-14       1.947590003458e-15       0.000000000000e+00       0.000000000000e+00       0.000000000000e+00 
  266       6.169564980363e-13       3.093174995234e-15      -1.872936791343e-14       1.942292778115e-15       0.000000000000e+00       0.000000000000e+00       0.000000000000e+00 
  267       6.004791320667e-13       3.118824889839e-15      -1.851452533023e-14       1.936513787206e-15       0.000000000000e+00       0.000000000000e+00       0.000000000000e+00 
  268       5.841544023959e-13       3.143782517719e-15      -1.827431669555e-14       1.930258460948e-15       0.000000000000e+00       0.000000000000e+00       0.000000000000e+00 
  269       5.680026478790e-13       3.167988008072e-15      -1.800963095061e-14       1.923532560983e-15       0.000000000000e+00       0.000000000000e+00       0.000000000000e+00 
  270       5.520446393850e-13       3.191380110675e-15      -1.772139462993e-14       1.916342183822e-15       0.000000000000e+00       0.000000000000e+00       0.000000000000e+00 
  271       5.363015831004e-13       3.213896184366e-15      -1.741057224112e-14       1.908693764294e-15       0.000000000000e+00       0.000000000000e+00       0.000000000000e+00 
  272       5.207951238338e-13       3.235472185531e-15      -1.707816664464e-14       1.900594078996e-15       0.000000000000e+00       0.000000000000e+00       0.000000000000e+00 
  273       5.055473483199e-13       3.256042656586e-15      -1.672521943357e-14       1.892050249741e-15       0.000000000000e+00       0.000000000000e+00       0.000000000000e+00 
  274       4.905807885231e-13       3.275540714462e-15      -1.635281131344e-14       1.883069747004e-15       0.000000000000e+00       0.000000000000e+00       0.000000000000e+00 
  275       4.759184249423e-13       3.293898039089e-15      -1.596206248196e-14       1.873660393375e-15       0.000000000000e+00       0.000000000000e+00       0.000000000000e+00 
  276       4.615836899143e-13       3.311044861880e-15      -1.555413300883e-14       1.863830367003e-15       0.000000000000e+00       0.000000000000e+00       0.000000000000e+00 
  277       4.476004709186e-13       3.326909954214e-15      -1.513022321550e-14       1.853588205047e-15       0.000000000000e+00       0.000000000000e+00       0.000000000000e+00 
  278       4.339931138808e-13       3.341420615922e-15      -1.469157405501e-14       1.842942807124e-15       0.000000000000e+00       0.000000000000e+00       0.000000000000e+00 
  279       4.207823173129e-13       3.354515753028e-15      -1.423933885747e-14       1.831903604503e-15       0.000000000000e+00       0.000000000000e+00       0.000000000000e+00 
  280       4.079725724733e-13       3.366185884663e-15      -1.377419043041e-14       1.820481070291e-15       0.000000000000e+00       0.000000000000e+00       0.000000000000e+00 
  281       3.955640789342e-13       3.376435186420e-15      -1.329669434270e-14       1.808686242396e-15       0.000000000000e+00       0.000000000000e+00       0.000000000000e+00 
  282       3.835567921405e-13       3.385268596349e-15      -1.280743590667e-14       1.796530563853e-15       0.000000000000e+00       0.000000000000e+00       0.000000000000e+00 
  283       3.719504204021e-13       3.392691823539e-15      -1.230702036023e-14       1.784025886518e-15       0.000000000000e+00       0.000000000000e+00       0.000000000000e+00 
  284       3.607444218859e-13       3.398711356713e-15      -1.179607304910e-14       1.771184474782e-15       0.000000000000e+00       0.000000000000e+00       0.000000000000e+00 
  285       3.499380016073e-13       3.403334472817e-15      -1.127523960900e-14       1.758019009266e-15       0.000000000000e+00       0.000000000000e+00       0.000000000000e+00 
  286       3.395301084231e-13       3.406569245609e-15      -1.074518614780e-14       1.744542590525e-15       0.000000000000e+00       0.000000000000e+00       0.000000000000e+00 
  287       3.295194320225e-13       3.408424554254e-15      -1.020659942774e-14       1.730768742756e-15       0.000000000000e+00       0.000000000000e+00       0.000000000000e+00 
  288       3.199043999200e-13       3.408910091908e-15      -9.660187047616e-15       1.716711417497e-15       0.000000000000e+00       0.000000000000e+00       0.000000000000e+00 
  289       3.106831744468e-13       3.408036374314e-15      -9.106677624953e-15       1.702384997329e-15       0.000000000000e+00       0.000000000000e+00       0.000000000000e+00 
  290       3.018536497432e-13       3.405814748389e-15      -8.546820978198e-15       1.687804299582e-15       0.000000000000e+00       0.000000000000e+00       0.000000000000e+00 
  291       2.934134487501e-13       3.402257400817e-15      -7.981388308907e-15       1.672984580039e-15       0.000000000000e+00       0.000000000000e+00       0.000000000000e+00 
  292       2.853599202019e-13       3.397377366637e-15      -7.411172383931e-15       1.657941536634e-15       0.000000000000e+00       0.000000000000e+00       0.000000000000e+00 
  293       2.776901356173e-13       3.391188537834e-15      -6.836987717607e-15       1.642691313159e-15       0.000000000000e+00       0.000000000000e+00       0.000000000000e+00 
  294       2.704008862925e-13       3.383705671931e-15      -6.259670753940e-15       1.627250502968e-15       0.000000000000e+00       0.000000000000e+00       0.000000000000e+00 
  295       2.634886802924e-13       3.374944400577e-15      -5.680080048796e-15       1.611636152676e-15       0.000000000000e+00       0.000000000000e+00       0.000000000000e+00 
  296       2.569497394429e-13       3.364921238141e-15      -5.099096452082e-15       1.595865765865e-15       0.000000000000e+00       0.000000000000e+00       0.000000000000e+00 
  297       2.507799963229e-13       3.353653590298e-15      -4.517623289938e-15       1.579957306787e-15       0.000000000000e+00       0.000000000000e+00       0.000000000000e+00 
  298       2.449750912564e-13       3.341159762622e-15      -3.936586546924e-15       1.563929204066e-15       0.000000000000e+00       0.000000000000e+00       0.000000000000e+00 
  299       2.395303693042e-13       3.327458969177e-15      -3.356935048205e-15       1.547800354402e-15       0.000000000000e+00       0.000000000000e+00       0.000000000000e+00 
  300       2.344408772563e-13       3.312571341105e-15      -2.779640641739e-15       1.531590126273e-15       0.000000000000e+00       0.000000000000e+00       0.000000000000e+00 
  301       2.297013606236e-13       3.296517935218e-15      -2.205698380465e-15       1.515318363639e-15       0.000000000000e+00       0.000000000000e+00       0.000000000000e+00 
  302       2.253062606300e-13       3.279320742591e-15      -1.636126704488e-15       1.499005389644e-15       0.000000000000e+00       0.000000000000e+00       0.000000000000e+00 
  303       2.212497112045e-13       3.261002697146e-15      -1.071967623269e-15       1.482672010320e-15       0.000000000000e+00       0.000000000000e+00       0.000000000000e+00 
  304       2.175255359733e-13       3.241587684247e-15      -5.142868978090e-16       1.466339518291e-15       0.000000000000e+00       0.000000000000e+00       0.000000000000e+00 
  305       2.141272452512e-13       3.221100549292e-15       3.582577716150e-17       1.450029696475e-15       0.000000000000e+00       0.000000000000e+00       0.000000000000e+00 
  306       2.110480330346e-13       3.199567106298e-15       5.772565909965e-16       1.433764821784e-15       0.000000000000e+00       0.000000000000e+00       0.000000000000e+00 
  307       2.082807739926e-13       3.177014146495e-15       1.108867434947e-15       1.417567668833e-15       0.000000000000e+00       0.000000000000e+00       0.000000000000e+00 
  308       2.058180204594e-13       3.153469446918e-15       1.629495719974e-15       1.401461513640e-15       0.000000000000e+00       0.000000000000e+00       0.000000000000e+00 
  309       2.036519994265e-13       3.128961778992e-15       2.137954194562e-15       1.385470137328e-15       0.000000000000e+00       0.000000000000e+00       0.000000000000e+00 
  310       2.017746095342e-13       3.103520917128e-15       2.633030762531e-15       1.369617829829e-15       0.000000000000e+00       0.000000000000e+00       0.000000000000e+00 
  311       2.001774180642e-13       3.077177647310e-15       3.113488300850e-15       1.353929393588e-15       0.000000000000e+00       0.000000000000e+00       0.000000000000e+00 
  312       1.988522383960e-13       3.049962883692e-15       3.578271423704e-15       1.338426585722e-15       0.000000000000e+00       0.000000000000e+00       0.000000000000e+00 
  313       1.977928981614e-13       3.021904955462e-15       4.027137751701e-15       1.323117254443e-15       0.000000000000e+00       0.000000000000e+00       0.000000000000e+00 
  314       1.969935472559e-13       2.993032210871e-15       4.460055577454e-15       1.308005705802e-15       0.000000000000e+00       0.000000000000e+00       0.000000000000e+00 
  315       1.964480824847e-13       2.963373905339e-15       4.876999631875e-15       1.293096219119e-15       0.000000000000e+00       0.000000000000e+00       0.000000000000e+00 
  316       1.961501452684e-13       2.932960208956e-15       5.277951156288e-15       1.278393046305e-15       0.000000000000e+00       0.000000000000e+00       0.000000000000e+00 
  317       1.960931193483e-13       2.901822213968e-15       5.662897974532e-15       1.263900411197e-15       0.000000000000e+00       0.000000000000e+00       0.000000000000e+00 
  318       1.962701284914e-13       2.869991942278e-15       6.031834565077e-15       1.249622508874e-15       0.000000000000e+00       0.000000000000e+00       0.000000000000e+00 
  319       1.966740341961e-13       2.837502352936e-15       6.384762133128e-15       1.235563504993e-15       0.000000000000e+00       0.000000000000e+00       0.000000000000e+00 
  320       1.972974333970e-13       2.804387349636e-15       6.721688682736e-15       1.221727535110e-15       0.000000000000e+00       0.000000000000e+00       0.000000000000e+00 
  321       1.981326561705e-13       2.770681788209e-15       7.042629088909e-15       1.208118704009e-15       0.000000000000e+00       0.000000000000e+00       0.000000000000e+00 
  322       1.991717634401e-13       2.736421484117e-15       7.347605169715e-15       1.194741085028e-15       0.000000000000e+00       0.000000000000e+00       0.000000000000e+00 
  323       2.004065446815e-13       2.701643219949e-15       7.636645758400e-15       1.181598719385e-15       0.000000000000e+00       0.000000000000e+00       0.000000000000e+00 
  324       2.018285156279e-13       2.666384752914e-15       7.909786775488e-15       1.168695615507e-15       0.000000000000e+00       0.000000000000e+00       0.000000000000e+00 
  325       2.034289159757e-13       2.630684822336e-15       8.167071300899e-15       1.156035748352e-15       0.000000000000e+00       0.000000000000e+00       0.000000000000e+00 
  326       2.051987070891e-13       2.594583157146e-15       8.408549646049e-15       1.143623058741e-15       0.000000000000e+00       0.000000000000e+00       0.000000000000e+00 
  327       2.071285697059e-13       2.558120483382e-15       8.634279425967e-15       1.131461452682e-15       0.000000000000e+00       0.000000000000e+00       0.000000000000e+00 
  328       2.092089016426e-13       2.521338531676e-15       8.844325631399e-15       1.119554800695e-15       0.000000000000e+00       0.000000000000e+00       0.000000000000e+00 
  329       2.114298154997e-13       2.484280044755e-15       9.038760700919e-15       1.107906937143e-15       0.000000000000e+00       0.000000000000e+00       0.000000000000e+00 
  330       2.137811363670e-13       2.446988784930e-15       9.217664593039e-15       1.096521659554e-15       0.000000000000e+00       0.000000000000e+00       0.000000000000e+00 
  331       2.162523995289e-13       2.409509541595e-15       9.381124858316e-15       1.085402727949e-15       0.000000000000e+00       0.000000000000e+00       0.000000000000e+00 
  332       2.188328481696e-13       2.371888138716e-15       9.529236711463e-15       1.074553864173e-15       0.000000000000e+00       0.000000000000e+00       0.000000000000e+00 
  333       2.215114310787e-13       2.334171442331e-15       9.662103103455e-15       1.063978751213e-15       0.000000000000e+00       0.000000000000e+00       0.000000000000e+00 
  334       2.242768003558e-13       2.296407368041e-15       9.779834793645e-15       1.053681032535e-15       0.000000000000e+00       0.000000000000e+00       0.000000000000e+00 
  335       2.271173091165e-13       2.258644888505e-15       9.882550421863e-15       1.043664311399e-15       0.000000000000e+00       0.000000000000e+00       0.000000000000e+00 
  336       2.300210091975e-13       2.220934040934e-15       9.970376580535e-15       1.033932150198e-15       0.000000000000e+00       0.000000000000e+00       0.000000000000e+00 
  337       2.329756488616e-13       2.183325934586e-15       1.004344788678e-14       1.024488069774e-15       0.000000000000e+00       0.000000000000e+00       0.000000000000e+00 
  338       2.359686705032e-13       2.145872758260e-15       1.010190705455e-14       1.015335548751e-15       0.000000000000e+00       0.000000000000e+00       0.000000000000e+00 
  339       2.389872083535e-13       2.108627787790e-15       1.014590496668e-14       1.006478022859e-15       0.000000000000e+00       0.000000000000e+00       0.000000000000e+00 
  340       2.420180861862e-13       2.071645393541e-15       1.017560074705e-14       9.979188842613e-16       0.000000000000e+00       0.000000000000e+00       0.000000000000e+00 
  341       2.450478150220e-13       2.034981047900e-15       1.019116183270e-14       9.896614808823e-16       0.000000000000e+00       0.000000000000e+00       0.000000000000e+00 
  342       2.480625908345e-13       1.998691332775e-15       1.019276404587e-14       9.817091157317e-16       0.000000000000e+00       0.000000000000e+00       0.000000000000e+00 
  343       2.510482922553e-13       1.962833947085e-15       1.018059166620e-14       9.740650462330e-16       0.000000000000e+00       0.000000000000e+00       0.000000000000e+00 
  344       2.539904782794e-13       1.927467714256e-15       1.015483750277e-14       9.667324835493e-16       0.000000000000e+00       0.000000000000e+00       0.000000000000e+00 
  345       2.568743859702e-13       1.892652589717e-15       1.011570296623e-14       9.597145919102e-16       0.000000000000e+00       0.000000000000e+00       0.000000000000e+00 
  346       2.596849281650e-13       1.858449668389e-15       1.006339814092e-14       9.530144879384e-16       0.000000000000e+00       0.000000000000e+00       0.000000000000e+00 
  347       2.624066911803e-13       1.824921192188e-15       9.998141856982e-15       9.466352399765e-16       0.000000000000e+00       0.000000000000e+00       0.000000000000e+00 
  348       2.650239325170e-13       1.792130557512e-15       9.920161762445e-15       9.405798674132e-16       0.000000000000e+00       0.000000000000e+00       0.000000000000e+00 
  349       2.675232358612e-13       1.760132180579e-15       9.829703908649e-15       9.348500630175e-16       0.000000000000e+00       0.000000000000e+00       0.000000000000e+00 
  350       2.699016025007e-13       1.728940613477e-15       9.727061798382e-15       9.294423027427e-16       0.000000000000e+00       0.000000000000e+00       0.000000000000e+00 
  351       2.721586915108e-13       1.698560159953e-15       9.612548685545e-15       9.243515730146e-16       0.000000000000e+00       0.000000000000e+00       0.000000000000e+00 
  352       2.742941931008e-13       1.668994899356e-15       9.486488251883e-15       9.195726312235e-16       0.000000000000e+00       0.000000000000e+00       0.000000000000e+00 
  353       2.763078289290e-13       1.640248684168e-15       9.349214688433e-15       9.151000037960e-16       0.000000000000e+00       0.000000000000e+00       0.000000000000e+00 
  354       2.781993524192e-13       1.612325137536e-15       9.201072776983e-15       9.109279842672e-16       0.000000000000e+00       0.000000000000e+00       0.000000000000e+00 
  355       2.799685490762e-13       1.585227650800e-15       9.042417971528e-15       9.070506313529e-16       0.000000000000e+00       0.000000000000e+00       0.000000000000e+00 
  356       2.816152368016e-13       1.558959381029e-15       8.873616479723e-15       9.034617670215e-16       0.000000000000e+00       0.000000000000e+00       0.000000000000e+00 
  357       2.831392662098e-13       1.533523248543e-15       8.695045344337e-15       9.001549745664e-16       0.000000000000e+00       0.000000000000e+00       0.000000000000e+00 
  358       2.845405209433e-13       1.508921934453e-15       8.507092524710e-15       8.971235966779e-16       0.000000000000e+00       0.000000000000e+00       0.000000000000e+00 
  359       2.858189179894e-13       1.485157878186e-15       8.310156978207e-15       8.943607335152e-16       0.000000000000e+00       0.000000000000e+00       0.000000000000e+00 
  360       2.869744079950e-13       1.462233275016e-15       8.104648741674e-15       8.918592407790e-16       0.000000000000e+00       0.000000000000e+00       0.000000000000e+00 
  361       2.880069755833e-13       1.440150073599e-15       7.890989012890e-15       8.896117277831e-16       0.000000000000e+00       0.000000000000e+00       0.000000000000e+00 
  362       2.889166396689e-13       1.418909973497e-15       7.669610232027e-15       8.876105555267e-16       0.000000000000e+00       0.000000000000e+00       0.000000000000e+00 
  363       2.897034537741e-13       1.398514422715e-15       7.440956163100e-15       8.858478347666e-16       0.000000000000e+00       0.000000000000e+00       0.000000000000e+00 
  364       2.903675063444e-13       1.378964615227e-15       7.205481975424e-15       8.843154240891e-16       0.000000000000e+00       0.000000000000e+00       0.000000000000e+00 
  365       2.909089210645e-13       1.360261488511e-15       6.963654325070e-15       8.830049279824e-16       0.000000000000e+00       0.000000000000e+00       0.000000000000e+00 
  366       2.913278571740e-13       1.342405721074e-15       6.715951436317e-15       8.819076949084e-16       0.000000000000e+00       0.000000000000e+00       0.000000000000e+00 
  367       2.916245097833e-13       1.325397729990e-15       6.462863183112e-15       8.810148153751e-16       0.000000000000e+00       0.000000000000e+00       0.000000000000e+00 
  368       2.917991101894e-13       1.309237668424e-15       6.204891170518e-15       8.803171200086e-16       0.000000000000e+00       0.000000000000e+00       0.000000000000e+00 
  369       2.918519261915e-13       1.293925423166e-15       5.942548816176e-15       8.798051776250e-16       0.000000000000e+00       0.000000000000e+00       0.000000000000e+00 
  370       2.917832624072e-13       1.279460612161e-15       5.676361431755e-15       8.794692933027e-16       0.000000000000e+00       0.000000000000e+00       0.000000000000e+00 
  371       2.915934605878e-13       1.265842582041e-15       5.406866304408e-15       8.792995064549e-16       0.000000000000e+00       0.000000000000e+00       0.000000000000e+00 
  372       2.912828999347e-13       1.253070405653e-15       5.134612778229e-15       8.792855889008e-16       0.000000000000e+00       0.000000000000e+00       0.000000000000e+00 
  373       2.908519974146e-13       1.241142879593e-15       4.860162335706e-15       8.794170429386e-16       0.000000000000e+00       0.000000000000e+00       0.000000000000e+00 
  374       2.903012080759e-13       1.230058521733e-15       4.584088679177e-15       8.796830994171e-16       0.000000000000e+00       0.000000000000e+00       0.000000000000e+00 
  375       2.896310253641e-13       1.219815568755e-15       4.306977812283e-15       8.800727158081e-16       0.000000000000e+00       0.000000000000e+00       0.000000000000e+00 
  376       2.888419814377e-13       1.210411973679e-15       4.029428121427e-15       8.805745742780e-16       0.000000000000e+00       0.000000000000e+00       0.000000000000e+00 
  377       2.879346474840e-13       1.201845403396e-15       3.752050457224e-15       8.811770797608e-16       0.000000000000e+00       0.000000000000e+00       0.000000000000e+00 
  378       2.869096340350e-13       1.194113236197e-15       3.475468215959e-15       8.818683580293e-16       0.000000000000e+00       0.000000000000e+00       0.000000000000e+00 
  379       2.857675912833e-13       1.187212559306e-15       3.200317421042e-15       8.826362537677e-16       0.000000000000e+00       0.000000000000e+00       0.000000000000e+00 
  380       2.845092093974e-13       1.181140166407e-15       2.927246804461e-15       8.834683286439e-16       0.000000000000e+00       0.000000000000e+00       0.000000000000e+00 
  381       2.831352188384e-13       1.175892555178e-15       2.656917888239e-15       8.843518593808e-16       0.000000000000e+00       0.000000000000e+00       0.000000000000e+00 
  382       2.816463906747e-13       1.171465924820e-15       2.390005065888e-15       8.852738358295e-16       0.000000000000e+00       0.000000000000e+00       0.000000000000e+00 
  383       2.800435368988e-13       1.167856173589e-15       2.127195683864e-15       8.862209590404e-16       0.000000000000e+00       0.000000000000e+00       0.000000000000e+00 
  384       2.783275107427e-13       1.165058896324e-15       1.869190123023e-15       8.871796393360e-16       0.000000000000e+00       0.000000000000e+00       0.000000000000e+00 
  385       2.764992069933e-13       1.163069381981e-15       1.616701880074e-15       8.881359943829e-16       0.000000000000e+00       0.000000000000e+00       0.000000000000e+00 
  386       2.745595623092e-13       1.161882611162e-15       1.370457649034e-15       8.890758472634e-16       0.000000000000e+00       0.000000000000e+00       0.000000000000e+00 
  387       2.725095555355e-13       1.161493253646e-15       1.131197402685e-15       8.899847245484e-16       0.000000000000e+00       0.000000000000e+00       0.000000000000e+00 
  388       2.703505439569e-13       1.161893507203e-15       8.995510449436e-16       8.908499994712e-16       0.000000000000e+00       0.000000000000e+00       0.000000000000e+00 
  389       2.680852852766e-13       1.163066529956e-15       6.756631151948e-16       8.916674137646e-16       0.000000000000e+00       0.000000000000e+00       0.000000000000e+00 
  390       2.657169544850e-13       1.164992757505e-15       4.595542055951e-16       8.924347959950e-16       0.000000000000e+00       0.000000000000e+00       0.000000000000e+00 
  391       2.632488119558e-13       1.167652035289e-15       2.512431059196e-16       8.931499382663e-16       0.000000000000e+00       0.000000000000e+00       0.000000000000e+00 
  392       2.606842040288e-13       1.171023614402e-15       5.074678688429e-17       8.938105959981e-16       0.000000000000e+00       0.000000000000e+00       0.000000000000e+00 
  393       2.580265635930e-13       1.175086147404e-15      -1.419196165330e-16       8.944144877028e-16       0.000000000000e+00       0.000000000000e+00       0.000000000000e+00 
  394       2.552794106691e-13       1.179817684138e-15      -3.267428217709e-16       8.949592947634e-16       0.000000000000e+00       0.000000000000e+00       0.000000000000e+00 
  395       2.524463529931e-13       1.185195667544e-15      -5.037114153634e-16       8.954426612112e-16       0.000000000000e+00       0.000000000000e+00       0.000000000000e+00 
  396       2.495310865982e-13       1.191196929474e-15      -6.728158696180e-16       8.958621935033e-16       0.000000000000e+00       0.000000000000e+00       0.000000000000e+00 
  397       2.465373963989e-13       1.197797686503e-15      -8.340485592948e-16       8.962154603001e-16       0.000000000000e+00       0.000000000000e+00       0.000000000000e+00 
  398       2.434691567727e-13       1.204973535748e-15      -9.874037782844e-16       8.964999922431e-16       0.000000000000e+00       0.000000000000e+00       0.000000000000e+00 
  399       2.403303321439e-13       1.212699450680e-15      -1.132877756287e-15       8.967132817322e-16       0.000000000000e+00       0.000000000000e+00       0.000000000000e+00 
  400       2.371249775660e-13       1.220949776937e-15      -1.270468675491e-15       8.968527827038e-16       0.000000000000e+00       0.000000000000e+00       0.000000000000e+00 
  401       2.338572393049e-13       1.229698228142e-15      -1.400176687252e-15       8.969159104078e-16       0.000000000000e+00       0.000000000000e+00       0.000000000000e+00 
  402       2.305313554216e-13       1.238917881714e-15      -1.522003928770e-15       8.969000411855e-16       0.000000000000e+00       0.000000000000e+00       0.000000000000e+00 
  403       2.271516563550e-13       1.248581174685e-15      -1.635954539768e-15       8.968025122473e-16       0.000000000000e+00       0.000000000000e+00       0.000000000000e+00 
  404       2.237225655052e-13       1.258659899512e-15      -1.742034679173e-15       8.966206214502e-16       0.000000000000e+00       0.000000000000e+00       0.000000000000e+00 
  405       2.202485998161e-13       1.269125199893e-15      -1.840252541792e-15       8.963516270752e-16       0.000000000000e+00       0.000000000000e+00       0.000000000000e+00 
  406       2.167343703582e-13       1.279947566581e-15      -1.930618374992e-15       8.959927476052e-16       0.000000000000e+00       0.000000000000e+00       0.000000000000e+00 
  407       2.131845829117e-13       1.291096833198e-15      -2.013144495378e-15       8.955411615023e-16       0.000000000000e+00       0.000000000000e+00       0.000000000000e+00 
  408       2.096040385496e-13       1.302542172051e-15      -2.087845305471e-15       8.949940069858e-16       0.000000000000e+00       0.000000000000e+00       0.000000000000e+00 
  409       2.059976342201e-13       1.314252089943e-15      -2.154737310388e-15       8.943483818094e-16       0.000000000000e+00       0.000000000000e+00       0.000000000000e+00 
  410       2.023703633297e-13       1.326194423991e-15      -2.213839134521e-15       8.936013430390e-16       0.000000000000e+00       0.000000000000e+00       0.000000000000e+00 
  411       1.987273163263e-13       1.338336337439e-15      -2.265171538211e-15       8.927499068302e-16       0.000000000000e+00       0.000000000000e+00       0.000000000000e+00 
  412       1.950736812819e-13       1.350644315471e-15      -2.308757434432e-15       8.917910482059e-16       0.000000000000e+00       0.000000000000e+00       0.000000000000e+00 
  413       1.914147444757e-13       1.363084161027e-15      -2.344621905470e-15       8.907217008342e-16       0.000000000000e+00       0.000000000000e+00       0.000000000000e+00 
  414       1.877558909764e-13       1.375620990618e-15      -2.372792219594e-15       8.895387568055e-16       0.000000000000e+00       0.000000000000e+00       0.000000000000e+00 
  415       1.841026052261e-13       1.388219230138e-15      -2.393297847744e-15       8.882390664103e-16       0.000000000000e+00       0.000000000000e+00       0.000000000000e+00 
  416       1.804604716223e-13       1.400842610681e-15      -2.406170480203e-15       8.868194379171e-16       0.000000000000e+00       0.000000000000e+00       0.000000000000e+00 
  417       1.768351751011e-13       1.413454164353e-15      -2.411444043279e-15       8.852766373495e-16       0.000000000000e+00       0.000000000000e+00       0.000000000000e+00 
  418       1.732325017204e-13       1.426016220089e-15      -2.409154715982e-15       8.836073882640e-16       0.000000000000e+00       0.000000000000e+00       0.000000000000e+00 
  419       1.696583392424e-13       1.438490399464e-15      -2.399340946703e-15       8.818083715280e-16       0.000000000000e+00       0.000000000000e+00       0.000000000000e+00 
  420       1.661186777165e-13       1.450837612512e-15      -2.382043469893e-15       8.798762250965e-16       0.000000000000e+00       0.000000000000e+00       0.000000000000e+00 
  421       1.626196100625e-13       1.463018053535e-15      -2.357305322740e-15       8.778075437905e-16       0.000000000000e+00       0.000000000000e+00       0.000000000000e+00 
  422       1.591673326534e-13       1.474991196921e-15      -2.325171861851e-15       8.755988790745e-16       0.000000000000e+00       0.000000000000e+00       0.000000000000e+00 
  423       1.557681458981e-13       1.486715792959e-15      -2.285690779927e-15       8.732467388334e-16       0.000000000000e+00       0.000000000000e+00       0.000000000000e+00 
  424       1.524284548244e-13       1.498149863649e-15      -2.238912122441e-15       8.707475871512e-16       0.000000000000e+00       0.000000000000e+00       0.000000000000e+00 
  425       1.491547696621e-13       1.509250698522e-15      -2.184888304322e-15       8.680978440875e-16       0.000000000000e+00       0.000000000000e+00       0.000000000000e+00 
  426       1.459537064256e-13       1.519974850450e-15      -2.123674126629e-15       8.652938854559e-16       0.000000000000e+00       0.000000000000e+00       0.000000000000e+00 
  427       1.428308639467e-13       1.530284949352e-15      -2.055349374210e-15       8.623332009772e-16       0.000000000000e+00       0.000000000000e+00       0.000000000000e+00 
  428       1.397874117075e-13       1.540170407149e-15      -1.980087421452e-15       8.592179125899e-16       0.000000000000e+00       0.000000000000e+00       0.000000000000e+00 
  429       1.368233870655e-13       1.549627408996e-15      -1.898088993408e-15       8.559513754013e-16       0.000000000000e+00       0.000000000000e+00       0.000000000000e+00 
  430       1.339388081610e-13       1.558652159332e-15      -1.809559827112e-15       8.525370306633e-16       0.000000000000e+00       0.000000000000e+00       0.000000000000e+00 
  431       1.311336737623e-13       1.567240882166e-15      -1.714710703082e-15       8.489784063107e-16       0.000000000000e+00       0.000000000000e+00       0.000000000000e+00 
  432       1.284079631108e-13       1.575389821374e-15      -1.613757476829e-15       8.452791174990e-16       0.000000000000e+00       0.000000000000e+00       0.000000000000e+00 
  433       1.257616357661e-13       1.583095240983e-15      -1.506921110361e-15       8.414428671427e-16       0.000000000000e+00       0.000000000000e+00       0.000000000000e+00 
  434       1.231946314513e-13       1.590353425467e-15      -1.394427703687e-15       8.374734464538e-16       0.000000000000e+00       0.000000000000e+00       0.000000000000e+00 
  435       1.207068698981e-13       1.597160680038e-15      -1.276508526326e-15       8.333747354798e-16       0.000000000000e+00       0.000000000000e+00       0.000000000000e+00 
  436       1.182982506919e-13       1.603513330936e-15      -1.153400048811e-15       8.291507036418e-16       0.000000000000e+00       0.000000000000e+00       0.000000000000e+00 
  437       1.159686531168e-13       1.609407725718e-15      -1.025343974193e-15       8.248054102729e-16       0.000000000000e+00       0.000000000000e+00       0.000000000000e+00 
  438       1.137179360015e-13       1.614840233553e-15      -8.925872695468e-16       8.203430051563e-16       0.000000000000e+00       0.000000000000e+00       0.000000000000e+00 
  439       1.115459375633e-13       1.619807245511e-15      -7.553821974798e-16       8.157677290634e-16       0.000000000000e+00       0.000000000000e+00       0.000000000000e+00 
  440       1.094524752544e-13       1.624305174855e-15      -6.139863476342e-16       8.110839142923e-16       0.000000000000e+00       0.000000000000e+00       0.000000000000e+00 
  441       1.074373456062e-13       1.628330457329e-15      -4.686626681937e-16       8.062959852058e-16       0.000000000000e+00       0.000000000000e+00       0.000000000000e+00 
  442       1.055003240749e-13       1.631879551455e-15      -3.196794973889e-16       8.014084587694e-16       0.000000000000e+00       0.000000000000e+00       0.000000000000e+00 
  443       1.036411648868e-13       1.634948938819e-15      -1.673105950030e-16       7.964259450899e-16       0.000000000000e+00       0.000000000000e+00       0.000000000000e+00 
  444       1.018596008830e-13       1.637535124362e-15      -1.183517387741e-17       7.913531479536e-16       0.000000000000e+00       0.000000000000e+00       0.000000000000e+00 
  445       1.001553433648e-13       1.639634636677e-15       1.464620685830e-16       7.861948653639e-16       0.000000000000e+00       0.000000000000e+00       0.000000000000e+00 
  446       9.852808193882e-14       1.641244028294e-15       3.072909189042e-16       7.809559900803e-16       0.000000000000e+00       0.000000000000e+00       0.000000000000e+00 
  447       9.697748436239e-14       1.642359875971e-15       4.703556160374e-16       7.756415101560e-16       0.000000000000e+00       0.000000000000e+00       0.000000000000e+00 
  448       9.550319638836e-14       1.642978780990e-15       6.353548198535e-16       7.702565094765e-16       0.000000000000e+00       0.000000000000e+00       0.000000000000e+00 
  449       9.410484161047e-14       1.643097369445e-15       8.019815796376e-16       7.648061682975e-16       0.000000000000e+00       0.000000000000e+00       0.000000000000e+00 
  450       9.278202130844e-14       1.642712292532e-15       9.699233025836e-16       7.592957637834e-16       0.000000000000e+00       0.000000000000e+00       0.000000000000e+00 
  451       9.153431429314e-14       1.641820226843e-15       1.138861722288e-15       7.537306705451e-16       0.000000000000e+00       0.000000000000e+00       0.000000000000e+00 
  452       9.036127675179e-14       1.640417874655e-15       1.308472867246e-15       7.481163611786e-16       0.000000000000e+00       0.000000000000e+00       0.000000000000e+00 
  453       8.926244209308e-14       1.638501964221e-15       1.478427029343e-15       7.424584068031e-16       0.000000000000e+00       0.000000000000e+00       0.000000000000e+00 
  454       8.823732079233e-14       1.636069250063e-15       1.648388732353e-15       7.367624775990e-16       0.000000000000e+00       0.000000000000e+00       0.000000000000e+00 
  455       8.728540023668e-14       1.633116513262e-15       1.818016700428e-15       7.310343433463e-16       0.000000000000e+00       0.000000000000e+00       0.000000000000e+00 
  456       8.640614457022e-14       1.629640561748e-15       1.986963826599e-15       7.252798739628e-16       0.000000000000e+00       0.000000000000e+00       0.000000000000e+00 
  457       8.559899453917e-14       1.625638230593e-15       2.154877141264e-15       7.195050400422e-16       0.000000000000e+00       0.000000000000e+00       0.000000000000e+00 
  458       8.486336733705e-14       1.621106382300e-15       2.321397780687e-15       7.137159133922e-16       0.000000000000e+00       0.000000000000e+00       0.000000000000e+00 
  459       8.419865644981e-14       1.616041907097e-15       2.486160955488e-15       7.079186675732e-16       0.000000000000e+00       0.000000000000e+00       0.000000000000e+00 
  460       8.360423150101e-14       1.610441723225e-15       2.648795919144e-15       7.021195784358e-16       0.000000000000e+00       0.000000000000e+00       0.000000000000e+00 
  461       8.307943809699e-14       1.604302777231e-15       2.808925936476e-15       6.963250246597e-16       0.000000000000e+00       0.000000000000e+00       0.000000000000e+00 
  462       8.262359767200e-14       1.597622044259e-15       2.966168252151e-15       6.905414882912e-16       0.000000000000e+00       0.000000000000e+00       0.000000000000e+00 
  463       8.223600733341e-14       1.590396528340e-15       3.120134059167e-15       6.847755552820e-16       0.000000000000e+00       0.000000000000e+00       0.000000000000e+00 
  464       8.191593970682e-14       1.582623262685e-15       3.270428467359e-15       6.790339160272e-16       0.000000000000e+00       0.000000000000e+00       0.000000000000e+00 
  465       8.166264278125e-14       1.574299309974e-15       3.416650471884e-15       6.733233659032e-16       0.000000000000e+00       0.000000000000e+00       0.000000000000e+00 
  466       8.147517003396e-14       1.565424772124e-15       3.558458480981e-15       6.676499408293e-16       0.000000000000e+00       0.000000000000e+00       0.000000000000e+00 
  467       8.135186528730e-14       1.556011922339e-15       3.695769213215e-15       6.620162931759e-16       0.000000000000e+00       0.000000000000e+00       0.000000000000e+00 
  468       8.129086147496e-14       1.546076358545e-15       3.828564943633e-15       6.564242350458e-16       0.000000000000e+00       0.000000000000e+00       0.000000000000e+00 
  469       8.129024866176e-14       1.535634021614e-15       3.956828510083e-15       6.508755959126e-16       0.000000000000e+00       0.000000000000e+00       0.000000000000e+00 
  470       8.134807379518e-14       1.524701197318e-15       4.080543317856e-15       6.453722226810e-16       0.000000000000e+00       0.000000000000e+00       0.000000000000e+00 
  471       8.146234045700e-14       1.513294518273e-15       4.199693344331e-15       6.399159797486e-16       0.000000000000e+00       0.000000000000e+00       0.000000000000e+00 
  472       8.163100861482e-14       1.501430965896e-15       4.314263143621e-15       6.345087490671e-16       0.000000000000e+00       0.000000000000e+00       0.000000000000e+00 
  473       8.185199437364e-14       1.489127872351e-15       4.424237851219e-15       6.291524302033e-16       0.000000000000e+00       0.000000000000e+00       0.000000000000e+00 
  474       8.212316972746e-14       1.476402922502e-15       4.529603188638e-15       6.238489404006e-16       0.000000000000e+00       0.000000000000e+00       0.000000000000e+00 
  475       8.244236231084e-14       1.463274155863e-15       4.630345468061e-15       6.186002146400e-16       0.000000000000e+00       0.000000000000e+00       0.000000000000e+00 
  476       8.280735515048e-14       1.449759968549e-15       4.726451596983e-15       6.134082057015e-16       0.000000000000e+00       0.000000000000e+00       0.000000000000e+00 
  477       8.321588641678e-14       1.435879115226e-15       4.817909082856e-15       6.082748842254e-16       0.000000000000e+00       0.000000000000e+00       0.000000000000e+00 
  478       8.366564917543e-14       1.421650711061e-15       4.904706037737e-15       6.032022387733e-16       0.000000000000e+00       0.000000000000e+00       0.000000000000e+00 
  479       8.415429113898e-14       1.407094233674e-15       4.986831182926e-15       5.981922758895e-16       0.000000000000e+00       0.000000000000e+00       0.000000000000e+00 
  480       8.467941441843e-14       1.392229525087e-15       5.064273853618e-15       5.932470201624e-16       0.000000000000e+00       0.000000000000e+00       0.000000000000e+00 
  481       8.523857527476e-14       1.377076793677e-15       5.137024003544e-15       5.883685142853e-16       0.000000000000e+00       0.000000000000e+00       0.000000000000e+00 
  482       8.582928387055e-14       1.361656616122e-15       5.205072209615e-15       5.835588191181e-16       0.000000000000e+00       0.000000000000e+00       0.000000000000e+00 
  483       8.644900402154e-14       1.345989939358e-15       5.268409676570e-15       5.788200137483e-16       0.000000000000e+00       0.000000000000e+00       0.000000000000e+00 
  484       8.709515294821e-14       1.330098082524e-15       5.327028241620e-15       5.741541955523e-16       0.000000000000e+00       0.000000000000e+00       0.000000000000e+00 
  485       8.776510102734e-14       1.314002738916e-15       5.380920379089e-15       5.695634802566e-16       0.000000000000e+00       0.000000000000e+00       0.000000000000e+00 
  486       8.845617154357e-14       1.297725977934e-15       5.430079205064e-15       5.650500019990e-16       0.000000000000e+00       0.000000000000e+00       0.000000000000e+00 
  487       8.916564044105e-14       1.281290247037e-15       5.474498482037e-15       5.606159133900e-16       0.000000000000e+00       0.000000000000e+00       0.000000000000e+00 
  488       8.989073607491e-14       1.264718373690e-15       5.514172623550e-15       5.562633855740e-16       0.000000000000e+00       0.000000000000e+00       0.000000000000e+00 
  489       9.062863896291e-14       1.248033567318e-15       5.549096698840e-15       5.519946082904e-16       0.000000000000e+00       0.000000000000e+00       0.000000000000e+00 
  490       9.137648153700e-14       1.231259421252e-15       5.579266437485e-15       5.478117899348e-16       0.000000000000e+00       0.000000000000e+00       0.000000000000e+00 
  491       9.213134789488e-14       1.214419914684e-15       5.604678234046e-15       5.437171576208e-16       0.000000000000e+00       0.000000000000e+00       0.000000000000e+00 
  492       9.289027355156e-14       1.197539414615e-15       5.625329152715e-15       5.397129572403e-16       0.000000000000e+00       0.000000000000e+00       0.000000000000e+00 
  493       9.365024519098e-14       1.180642677805e-15       5.641216931958e-15       5.358014535256e-16       0.000000000000e+00       0.000000000000e+00       0.000000000000e+00 
  494       9.440820041756e-14       1.163754852727e-15       5.652339989160e-15       5.319849301102e-16       0.000000000000e+00       0.000000000000e+00       0.000000000000e+00 
  495       9.516102750776e-14       1.146901481515e-15       5.658697425270e-15       5.282656895900e-16       0.000000000000e+00       0.000000000000e+00       0.000000000000e+00 
  496       9.590556516168e-14       1.130108501912e-15       5.660289029446e-15       5.246460535850e-16       0.000000000000e+00       0.000000000000e+00       0.000000000000e+00 
  497       9.663860225462e-14       1.113402249229e-15       5.657115283698e-15       5.211283627998e-16       0.000000000000e+00       0.000000000000e+00       0.000000000000e+00 
  498       9.735687758866e-14       1.096809458284e-15       5.649177367537e-15       5.177149770856e-16       0.000000000000e+00       0.000000000000e+00       0.000000000000e+00 
  499       9.805707964423e-14       1.080357265363e-15       5.636477162615e-15       5.144082755008e-16       0.000000000000e+00       0.000000000000e+00       0.000000000000e+00 
  500       9.873584633169e-14       1.064073210166e-15       5.619017257373e-15       5.112106563729e-16       0.000000000000e+00       0.000000000000e+00       0.000000000000e+00 
