# dimensionless [l(l+1)/2pi] C_l's for tensor mode
# for l=2 to 500, i.e. number of multipoles equal to 499
#
# -> if you prefer output in CAMB/HealPix/LensPix units/order, set 'format' to 'camb' in input file
# -> if you don't want to see such a header, set 'headers' to 'no' in input file
# -> for CMB lensing (phi), these are C_l^phi-phi for the lensing potential.
#    Remember the conversion factors:
#    C_l^dd (deflection) = l(l+1) C_l^phi-phi
#    C_l^gg (shear/convergence) = 1/4 (l(l+1))^2 C_l^phi-phi
#
# 1:l     2:TT                     3:EE                     4:TE                     5:BB                     6:phiphi                 7:TPhi                   8:Ephi               
    2       1.434926540484e-10       2.708935980227e-15       1.685882225767e-13       4.844285671703e-15       0.000000000000e+00       0.000000000000e+00       0.000000000000e+00 
    3       1.098980987212e-10       2.862510250457e-15      -7.768727617954e-15       4.873654102575e-15       0.000000000000e+00       0.000000000000e+00       0.000000000000e+00 
    4       9.844843055776e-11       2.624786540883e-15      -6.083105456355e-14       4.235329499778e-15       0.000000000000e+00       0.000000000000e+00       0.000000000000e+00 
    5       9.362900736271e-11       2.096619037552e-15      -7.185439404201e-14       3.315591954377e-15       0.000000000000e+00       0.000000000000e+00       0.000000000000e+00 
    6       9.077233418174e-11       1.510100827159e-15      -6.832484156091e-14       2.404324046873e-15       0.000000000000e+00       0.000000000000e+00       0.000000000000e+00 
    7       8.895634365539e-11       1.027264014873e-15      -6.062015759821e-14       1.660900828943e-15       0.000000000000e+00       0.000000000000e+00       0.000000000000e+00 
    8       8.772217442347e-11       7.140181606352e-16      -5.331255472125e-14       1.138329053032e-15       0.000000000000e+00       0.000000000000e+00       0.000000000000e+00 
    9       8.682050990517e-11       5.649976238913e-16      -4.809923125237e-14       8.243694372688e-16       0.000000000000e+00       0.000000000000e+00       0.000000000000e+00 
   10       8.610742936601e-11       5.403692383181e-16      -4.531308842229e-14       6.766787899470e-16       0.000000000000e+00       0.000000000000e+00       0.000000000000e+00 
   11       8.549861679670e-11       5.944321096001e-16      -4.472773842576e-14       6.467343568623e-16       0.000000000000e+00       0.000000000000e+00       0.000000000000e+00 
   12       8.494505191245e-11       6.912655426683e-16      -4.595164274818e-14       6.922759905469e-16       0.000000000000e+00       0.000000000000e+00       0.000000000000e+00 
   13       8.441754206760e-11       8.084198671502e-16      -4.859477759919e-14       7.824121155374e-16       0.000000000000e+00       0.000000000000e+00       0.000000000000e+00 
   14       8.389788164877e-11       9.352591050475e-16      -5.234830458857e-14       8.968492996320e-16       0.000000000000e+00       0.000000000000e+00       0.000000000000e+00 
   15       8.337463220248e-11       1.067746773616e-15      -5.699219956166e-14       1.024350755113e-15       0.000000000000e+00       0.000000000000e+00       0.000000000000e+00 
   16       8.284093593076e-11       1.205136003104e-15      -6.236817916648e-14       1.159384022424e-15       0.000000000000e+00       0.000000000000e+00       0.000000000000e+00 
   17       8.229299845484e-11       1.348167647887e-15      -6.836247408327e-14       1.299177304138e-15       0.000000000000e+00       0.000000000000e+00       0.000000000000e+00 
   18       8.172291291376e-11       1.496692105829e-15      -7.489889251388e-14       1.443385903258e-15       0.000000000000e+00       0.000000000000e+00       0.000000000000e+00 
   19       8.114797589418e-11       1.650584971899e-15      -8.192990738159e-14       1.591793515144e-15       0.000000000000e+00       0.000000000000e+00       0.000000000000e+00 
   20       8.054868261377e-11       1.809900110523e-15      -8.939267778898e-14       1.744165332194e-15       0.000000000000e+00       0.000000000000e+00       0.000000000000e+00 
   21       7.993556382856e-11       1.974434519795e-15      -9.725388814665e-14       1.900402036356e-15       0.000000000000e+00       0.000000000000e+00       0.000000000000e+00 
   22       7.930306709715e-11       2.143935915098e-15      -1.054795934009e-13       2.060519213934e-15       0.000000000000e+00       0.000000000000e+00       0.000000000000e+00 
   23       7.865861969343e-11       2.318261918398e-15      -1.140360874383e-13       2.224419357857e-15       0.000000000000e+00       0.000000000000e+00       0.000000000000e+00 
   24       7.799605196158e-11       2.497340458418e-15      -1.228841748580e-13       2.391996263868e-15       0.000000000000e+00       0.000000000000e+00       0.000000000000e+00 
   25       7.732126780309e-11       2.681113585285e-15      -1.319936247805e-13       2.563058048387e-15       0.000000000000e+00       0.000000000000e+00       0.000000000000e+00 
   26       7.663090791660e-11       2.869578570307e-15      -1.413342079970e-13       2.737392352565e-15       0.000000000000e+00       0.000000000000e+00       0.000000000000e+00 
   27       7.592739321178e-11       3.062838590298e-15      -1.508801508242e-13       2.914742813575e-15       0.000000000000e+00       0.000000000000e+00       0.000000000000e+00 
   28       7.520665587913e-11       3.261006875132e-15      -1.606057125121e-13       3.094851163041e-15       0.000000000000e+00       0.000000000000e+00       0.000000000000e+00 
   29       7.447655582259e-11       3.463904559746e-15      -1.704878409877e-13       3.277498207673e-15       0.000000000000e+00       0.000000000000e+00       0.000000000000e+00 
   30       7.373794994322e-11       3.671231272250e-15      -1.805029275572e-13       3.462490592010e-15       0.000000000000e+00       0.000000000000e+00       0.000000000000e+00 
   31       7.298260904717e-11       3.882654808896e-15      -1.906265640257e-13       3.649640027712e-15       0.000000000000e+00       0.000000000000e+00       0.000000000000e+00 
   32       7.221572868286e-11       4.097882712832e-15      -2.008375552183e-13       3.838707705900e-15       0.000000000000e+00       0.000000000000e+00       0.000000000000e+00 
   33       7.143957986788e-11       4.316612578023e-15      -2.111153986908e-13       4.029439413867e-15       0.000000000000e+00       0.000000000000e+00       0.000000000000e+00 
   34       7.065032841824e-11       4.538536597739e-15      -2.214397558862e-13       4.221584976465e-15       0.000000000000e+00       0.000000000000e+00       0.000000000000e+00 
   35       6.985130267905e-11       4.763429928442e-15      -2.317921391403e-13       4.414916516462e-15       0.000000000000e+00       0.000000000000e+00       0.000000000000e+00 
   36       6.904286893321e-11       4.991092400262e-15      -2.421549116552e-13       4.609216943893e-15       0.000000000000e+00       0.000000000000e+00       0.000000000000e+00 
   37       6.822153552219e-11       5.221329936105e-15      -2.525102326577e-13       4.804265280057e-15       0.000000000000e+00       0.000000000000e+00       0.000000000000e+00 
   38       6.739155347570e-11       5.453970169125e-15      -2.628377260913e-13       4.999801616658e-15       0.000000000000e+00       0.000000000000e+00       0.000000000000e+00 
   39       6.655614408946e-11       5.688852645696e-15      -2.731160940817e-13       5.195550201402e-15       0.000000000000e+00       0.000000000000e+00       0.000000000000e+00 
   40       6.571376450214e-11       5.925825313071e-15      -2.833237549088e-13       5.391228149661e-15       0.000000000000e+00       0.000000000000e+00       0.000000000000e+00 
   41       6.486045317835e-11       6.164739397851e-15      -2.934426563634e-13       5.586552601117e-15       0.000000000000e+00       0.000000000000e+00       0.000000000000e+00 
   42       6.399896653398e-11       6.405430781162e-15      -3.034711779754e-13       5.781266246350e-15       0.000000000000e+00       0.000000000000e+00       0.000000000000e+00 
   43       6.313178907331e-11       6.647733439242e-15      -3.134154504848e-13       5.975119231518e-15       0.000000000000e+00       0.000000000000e+00       0.000000000000e+00 
   44       6.225826176988e-11       6.891484695439e-15      -3.232861869316e-13       6.167862202823e-15       0.000000000000e+00       0.000000000000e+00       0.000000000000e+00 
   45       6.137627459643e-11       7.136513371307e-15      -3.330915918000e-13       6.359241943500e-15       0.000000000000e+00       0.000000000000e+00       0.000000000000e+00 
   46       6.048864719136e-11       7.382599710981e-15      -3.428129174720e-13       6.548986717388e-15       0.000000000000e+00       0.000000000000e+00       0.000000000000e+00 
   47       5.959815069720e-11       7.629503695715e-15      -3.524220642987e-13       6.736816552288e-15       0.000000000000e+00       0.000000000000e+00       0.000000000000e+00 
   48       5.870550631574e-11       7.876975435948e-15      -3.618881626378e-13       6.922446987560e-15       0.000000000000e+00       0.000000000000e+00       0.000000000000e+00 
   49       5.780920296790e-11       8.124754610773e-15      -3.711774216503e-13       7.105588827631e-15       0.000000000000e+00       0.000000000000e+00       0.000000000000e+00 
   50       5.690689638126e-11       8.372562500165e-15      -3.802559438742e-13       7.285961041914e-15       0.000000000000e+00       0.000000000000e+00       0.000000000000e+00 
   51       5.600047708956e-11       8.620076832460e-15      -3.890994204040e-13       7.463334164425e-15       0.000000000000e+00       0.000000000000e+00       0.000000000000e+00 
   52       5.509206289824e-11       8.866949140584e-15      -3.976858059930e-13       7.637498248423e-15       0.000000000000e+00       0.000000000000e+00       0.000000000000e+00 
   53       5.418243233005e-11       9.112810685015e-15      -4.059925719209e-13       7.808251112950e-15       0.000000000000e+00       0.000000000000e+00       0.000000000000e+00 
   54       5.327091670494e-11       9.357271544673e-15      -4.139966943560e-13       7.975398714990e-15       0.000000000000e+00       0.000000000000e+00       0.000000000000e+00 
   55       5.235635805246e-11       9.599957821970e-15      -4.216770936857e-13       8.138757333138e-15       0.000000000000e+00       0.000000000000e+00       0.000000000000e+00 
   56       5.144050874903e-11       9.840636163957e-15      -4.290226887926e-13       8.298159901265e-15       0.000000000000e+00       0.000000000000e+00       0.000000000000e+00 
   57       5.052528739312e-11       1.007911858252e-14      -4.360263232490e-13       8.453451900146e-15       0.000000000000e+00       0.000000000000e+00       0.000000000000e+00 
   58       4.961172201766e-11       1.031522761376e-14      -4.426825716798e-13       8.604490116916e-15       0.000000000000e+00       0.000000000000e+00       0.000000000000e+00 
   59       4.869988369591e-11       1.054879689384e-14      -4.489878236174e-13       8.751143087811e-15       0.000000000000e+00       0.000000000000e+00       0.000000000000e+00 
   60       4.778882014743e-11       1.077967173484e-14      -4.549403673559e-13       8.893291540910e-15       0.000000000000e+00       0.000000000000e+00       0.000000000000e+00 
   61       4.687736776290e-11       1.100770095604e-14      -4.605391490795e-13       9.030826342820e-15       0.000000000000e+00       0.000000000000e+00       0.000000000000e+00 
   62       4.596695087187e-11       1.123270893231e-14      -4.657795350716e-13       9.163640798524e-15       0.000000000000e+00       0.000000000000e+00       0.000000000000e+00 
   63       4.505929584271e-11       1.145451826503e-14      -4.706567427599e-13       9.291637400938e-15       0.000000000000e+00       0.000000000000e+00       0.000000000000e+00 
   64       4.415557034886e-11       1.167295826545e-14      -4.751671224988e-13       9.414730530802e-15       0.000000000000e+00       0.000000000000e+00       0.000000000000e+00 
   65       4.325634484629e-11       1.188786525313e-14      -4.793081993905e-13       9.532846820219e-15       0.000000000000e+00       0.000000000000e+00       0.000000000000e+00 
   66       4.236155405098e-11       1.209908285434e-14      -4.830787151075e-13       9.645925516207e-15       0.000000000000e+00       0.000000000000e+00       0.000000000000e+00 
   67       4.147045841643e-11       1.230646230042e-14      -4.864786697139e-13       9.753918844236e-15       0.000000000000e+00       0.000000000000e+00       0.000000000000e+00 
   68       4.058224651746e-11       1.250985734727e-14      -4.895087630040e-13       9.856783638387e-15       0.000000000000e+00       0.000000000000e+00       0.000000000000e+00 
   69       3.969807004811e-11       1.270910717129e-14      -4.921684935850e-13       9.954453449807e-15       0.000000000000e+00       0.000000000000e+00       0.000000000000e+00 
   70       3.881935385893e-11       1.290405052785e-14      -4.944577479788e-13       1.004686141381e-14       0.000000000000e+00       0.000000000000e+00       0.000000000000e+00 
   71       3.794716980047e-11       1.309453098149e-14      -4.963773930155e-13       1.013394862091e-14       0.000000000000e+00       0.000000000000e+00       0.000000000000e+00 
   72       3.708221459219e-11       1.328039706675e-14      -4.979293022967e-13       1.021566425695e-14       0.000000000000e+00       0.000000000000e+00       0.000000000000e+00 
   73       3.622478769140e-11       1.346150244900e-14      -4.991163826604e-13       1.029196574335e-14       0.000000000000e+00       0.000000000000e+00       0.000000000000e+00 
   74       3.537476916225e-11       1.363770608526e-14      -4.999426006447e-13       1.036281887727e-14       0.000000000000e+00       0.000000000000e+00       0.000000000000e+00 
   75       3.453159754468e-11       1.380887238504e-14      -5.004130089522e-13       1.042819797175e-14       0.000000000000e+00       0.000000000000e+00       0.000000000000e+00 
   76       3.369469175380e-11       1.397487263898e-14      -5.005331094902e-13       1.048808583104e-14       0.000000000000e+00       0.000000000000e+00       0.000000000000e+00 
   77       3.286485452031e-11       1.413558925009e-14      -5.003067498956e-13       1.054247336117e-14       0.000000000000e+00       0.000000000000e+00       0.000000000000e+00 
   78       3.204308585562e-11       1.429091256984e-14      -4.997378897287e-13       1.059136014272e-14       0.000000000000e+00       0.000000000000e+00       0.000000000000e+00 
   79       3.123014891029e-11       1.444073988265e-14      -4.988312425211e-13       1.063475472400e-14       0.000000000000e+00       0.000000000000e+00       0.000000000000e+00 
   80       3.042655694821e-11       1.458497559265e-14      -4.975922886351e-13       1.067267475787e-14       0.000000000000e+00       0.000000000000e+00       0.000000000000e+00 
   81       2.963256032073e-11       1.472353141057e-14      -4.960272881245e-13       1.070514713855e-14       0.000000000000e+00       0.000000000000e+00       0.000000000000e+00 
   82       2.884813344085e-11       1.485632654049e-14      -4.941432935942e-13       1.073220813841e-14       0.000000000000e+00       0.000000000000e+00       0.000000000000e+00 
   83       2.807296175733e-11       1.498328786671e-14      -4.919481630604e-13       1.075390354477e-14       0.000000000000e+00       0.000000000000e+00       0.000000000000e+00 
   84       2.730672421540e-11       1.510434721392e-14      -4.894500056049e-13       1.077028384979e-14       0.000000000000e+00       0.000000000000e+00       0.000000000000e+00 
   85       2.655002297353e-11       1.521943219662e-14      -4.866553845774e-13       1.078138860426e-14       0.000000000000e+00       0.000000000000e+00       0.000000000000e+00 
   86       2.580358464838e-11       1.532847418818e-14      -4.835708387155e-13       1.078725970879e-14       0.000000000000e+00       0.000000000000e+00       0.000000000000e+00 
   87       2.506797059105e-11       1.543141124825e-14      -4.802034261448e-13       1.078794618289e-14       0.000000000000e+00       0.000000000000e+00       0.000000000000e+00 
   88       2.434356882745e-11       1.552818826038e-14      -4.765607277064e-13       1.078350421874e-14       0.000000000000e+00       0.000000000000e+00       0.000000000000e+00 
   89       2.363058599857e-11       1.561875706969e-14      -4.726508502838e-13       1.077399723477e-14       0.000000000000e+00       0.000000000000e+00       0.000000000000e+00 
   90       2.292903930085e-11       1.570307662046e-14      -4.684824301305e-13       1.075949592934e-14       0.000000000000e+00       0.000000000000e+00       0.000000000000e+00 
   91       2.223874842643e-11       1.578111309378e-14      -4.640646361970e-13       1.074007833443e-14       0.000000000000e+00       0.000000000000e+00       0.000000000000e+00 
   92       2.155932750351e-11       1.585284004522e-14      -4.594071734581e-13       1.071582986924e-14       0.000000000000e+00       0.000000000000e+00       0.000000000000e+00 
   93       2.089041994834e-11       1.591823625336e-14      -4.545197952343e-13       1.068683940822e-14       0.000000000000e+00       0.000000000000e+00       0.000000000000e+00 
   94       2.023246093172e-11       1.597727859655e-14      -4.494107490270e-13       1.065318669183e-14       0.000000000000e+00       0.000000000000e+00       0.000000000000e+00 
   95       1.958601521958e-11       1.602994835432e-14      -4.440881020011e-13       1.061495311274e-14       0.000000000000e+00       0.000000000000e+00       0.000000000000e+00 
   96       1.895153981708e-11       1.607623350576e-14      -4.385602077962e-13       1.057222553178e-14       0.000000000000e+00       0.000000000000e+00       0.000000000000e+00 
   97       1.832937924335e-11       1.611612883576e-14      -4.328357031145e-13       1.052509627689e-14       0.000000000000e+00       0.000000000000e+00       0.000000000000e+00 
   98       1.771976080624e-11       1.614963604118e-14      -4.269235043074e-13       1.047366314207e-14       0.000000000000e+00       0.000000000000e+00       0.000000000000e+00 
   99       1.712278987699e-11       1.617676383712e-14      -4.208328039632e-13       1.041802938633e-14       0.000000000000e+00       0.000000000000e+00       0.000000000000e+00 
  100       1.653844516504e-11       1.619752806309e-14      -4.145730674945e-13       1.035830373266e-14       0.000000000000e+00       0.000000000000e+00       0.000000000000e+00 
  101       1.596657399266e-11       1.621195178925e-14      -4.081540297252e-13       1.029460036694e-14       0.000000000000e+00       0.000000000000e+00       0.000000000000e+00 
  102       1.540688756974e-11       1.622006542261e-14      -4.015856914777e-13       1.022703893690e-14       0.000000000000e+00       0.000000000000e+00       0.000000000000e+00 
  103       1.485895626849e-11       1.622190681326e-14      -3.948783161606e-13       1.015574455109e-14       0.000000000000e+00       0.000000000000e+00       0.000000000000e+00 
  104       1.432238961906e-11       1.621751785624e-14      -3.880420351650e-13       1.008084323675e-14       0.000000000000e+00       0.000000000000e+00       0.000000000000e+00 
  105       1.379741416544e-11       1.620693354553e-14      -3.810856106959e-13       1.000244761686e-14       0.000000000000e+00       0.000000000000e+00       0.000000000000e+00 
  106       1.328436522361e-11       1.619019163256e-14      -3.740174986772e-13       9.920669287316e-15       0.000000000000e+00       0.000000000000e+00       0.000000000000e+00 
  107       1.278350646841e-11       1.616733606540e-14      -3.668462174000e-13       9.835623134858e-15       0.000000000000e+00       0.000000000000e+00       0.000000000000e+00 
  108       1.229502723819e-11       1.613841705642e-14      -3.595803398110e-13       9.747427286144e-15       0.000000000000e+00       0.000000000000e+00       0.000000000000e+00 
  109       1.181903983942e-11       1.610349115007e-14      -3.522284858013e-13       9.656203056779e-15       0.000000000000e+00       0.000000000000e+00       0.000000000000e+00 
  110       1.135557685130e-11       1.606262129051e-14      -3.447993144945e-13       9.562074900372e-15       0.000000000000e+00       0.000000000000e+00       0.000000000000e+00 
  111       1.090458843043e-11       1.601587688937e-14      -3.373015165354e-13       9.465170357577e-15       0.000000000000e+00       0.000000000000e+00       0.000000000000e+00 
  112       1.046593961538e-11       1.596333389342e-14      -3.297438063784e-13       9.365620005145e-15       0.000000000000e+00       0.000000000000e+00       0.000000000000e+00 
  113       1.003940763135e-11       1.590507485231e-14      -3.221349145762e-13       9.263557404969e-15       0.000000000000e+00       0.000000000000e+00       0.000000000000e+00 
  114       9.624679194809e-12       1.584118898625e-14      -3.144835800680e-13       9.159119053132e-15       0.000000000000e+00       0.000000000000e+00       0.000000000000e+00 
  115       9.221347818061e-12       1.577177225371e-14      -3.067985424682e-13       9.052444328952e-15       0.000000000000e+00       0.000000000000e+00       0.000000000000e+00 
  116       8.829040785605e-12       1.569692332785e-14      -2.990883604183e-13       8.943671495257e-15       0.000000000000e+00       0.000000000000e+00       0.000000000000e+00 
  117       8.447823359516e-12       1.561673082597e-14      -2.913608580755e-13       8.832925256450e-15       0.000000000000e+00       0.000000000000e+00       0.000000000000e+00 
  118       8.077838885037e-12       1.553128464730e-14      -2.836235965335e-13       8.720327585011e-15       0.000000000000e+00       0.000000000000e+00       0.000000000000e+00 
  119       7.719181984157e-12       1.544067995656e-14      -2.758840325882e-13       8.606001449993e-15       0.000000000000e+00       0.000000000000e+00       0.000000000000e+00 
  120       7.371897006761e-12       1.534501721553e-14      -2.681495094884e-13       8.490070731152e-15       0.000000000000e+00       0.000000000000e+00       0.000000000000e+00 
  121       7.035976481776e-12       1.524440221450e-14      -2.604272476865e-13       8.372660133079e-15       0.000000000000e+00       0.000000000000e+00       0.000000000000e+00 
  122       6.711359568315e-12       1.513894610390e-14      -2.527243355892e-13       8.253895099338e-15       0.000000000000e+00       0.000000000000e+00       0.000000000000e+00 
  123       6.397930506830e-12       1.502876542576e-14      -2.450477203076e-13       8.133901726592e-15       0.000000000000e+00       0.000000000000e+00       0.000000000000e+00 
  124       6.095517070252e-12       1.491398214528e-14      -2.374041984084e-13       8.012806678742e-15       0.000000000000e+00       0.000000000000e+00       0.000000000000e+00 
  125       5.803889015147e-12       1.479472368231e-14      -2.298004066640e-13       7.890737101059e-15       0.000000000000e+00       0.000000000000e+00       0.000000000000e+00 
  126       5.522756532854e-12       1.467112294297e-14      -2.222428128035e-13       7.767820534315e-15       0.000000000000e+00       0.000000000000e+00       0.000000000000e+00 
  127       5.251768700637e-12       1.454331835110e-14      -2.147377062629e-13       7.644184828919e-15       0.000000000000e+00       0.000000000000e+00       0.000000000000e+00 
  128       4.990511932834e-12       1.441145387981e-14      -2.072911889359e-13       7.519958059047e-15       0.000000000000e+00       0.000000000000e+00       0.000000000000e+00 
  129       4.738606988348e-12       1.427567366977e-14      -1.999091724185e-13       7.395265717938e-15       0.000000000000e+00       0.000000000000e+00       0.000000000000e+00 
  130       4.496015314896e-12       1.413610514935e-14      -1.925973890467e-13       7.270222138270e-15       0.000000000000e+00       0.000000000000e+00       0.000000000000e+00 
  131       4.262763540529e-12       1.399287411372e-14      -1.853613645958e-13       7.144937963941e-15       0.000000000000e+00       0.000000000000e+00       0.000000000000e+00 
  132       4.038847094418e-12       1.384610996494e-14      -1.782064027824e-13       7.019522680246e-15       0.000000000000e+00       0.000000000000e+00       0.000000000000e+00 
  133       3.824229363229e-12       1.369594570483e-14      -1.711375760619e-13       6.894084508565e-15       0.000000000000e+00       0.000000000000e+00       0.000000000000e+00 
  134       3.618840847506e-12       1.354251792770e-14      -1.641597164248e-13       6.768730301032e-15       0.000000000000e+00       0.000000000000e+00       0.000000000000e+00 
  135       3.422578318053e-12       1.338596681320e-14      -1.572774061947e-13       6.643565435220e-15       0.000000000000e+00       0.000000000000e+00       0.000000000000e+00 
  136       3.235303972308e-12       1.322643611906e-14      -1.504949688245e-13       6.518693708819e-15       0.000000000000e+00       0.000000000000e+00       0.000000000000e+00 
  137       3.056844590732e-12       1.306407317396e-14      -1.438164596941e-13       6.394217234308e-15       0.000000000000e+00       0.000000000000e+00       0.000000000000e+00 
  138       2.886990693182e-12       1.289902887025e-14      -1.372456569070e-13       6.270236333639e-15       0.000000000000e+00       0.000000000000e+00       0.000000000000e+00 
  139       2.725495695295e-12       1.273145765679e-14      -1.307860520877e-13       6.146849432914e-15       0.000000000000e+00       0.000000000000e+00       0.000000000000e+00 
  140       2.572075064869e-12       1.256151753174e-14      -1.244408411783e-13       6.024152957062e-15       0.000000000000e+00       0.000000000000e+00       0.000000000000e+00 
  141       2.426405478241e-12       1.238937003535e-14      -1.182129152363e-13       5.902241224517e-15       0.000000000000e+00       0.000000000000e+00       0.000000000000e+00 
  142       2.288123976670e-12       1.221518024276e-14      -1.121048512310e-13       5.781206341897e-15       0.000000000000e+00       0.000000000000e+00       0.000000000000e+00 
  143       2.156827122714e-12       1.203911675678e-14      -1.061189028406e-13       5.661138098682e-15       0.000000000000e+00       0.000000000000e+00       0.000000000000e+00 
  144       2.032145991445e-12       1.186134541597e-14      -1.002572626214e-13       5.542123432314e-15       0.000000000000e+00       0.000000000000e+00       0.000000000000e+00 
  145       1.913981257413e-12       1.168200973485e-14      -9.452289707136e-14       5.424244986406e-15       0.000000000000e+00       0.000000000000e+00       0.000000000000e+00 
  146       1.802289788320e-12       1.150124851270e-14      -8.891877678148e-14       5.307582209518e-15       0.000000000000e+00       0.000000000000e+00       0.000000000000e+00 
  147       1.697010487134e-12       1.131920190216e-14      -8.344760488058e-14       5.192211665137e-15       0.000000000000e+00       0.000000000000e+00       0.000000000000e+00 
  148       1.598063884298e-12       1.113601136594e-14      -7.811180939211e-14       5.078206923880e-15       0.000000000000e+00       0.000000000000e+00       0.000000000000e+00 
  149       1.505351729948e-12       1.095181963349e-14      -7.291353559086e-14       4.965638455714e-15       0.000000000000e+00       0.000000000000e+00       0.000000000000e+00 
  150       1.418756586123e-12       1.076677065766e-14      -6.785463835955e-14       4.854573522153e-15       0.000000000000e+00       0.000000000000e+00       0.000000000000e+00 
  151       1.338141418974e-12       1.058100957142e-14      -6.293667454552e-14       4.745076068478e-15       0.000000000000e+00       0.000000000000e+00       0.000000000000e+00 
  152       1.263349190987e-12       1.039468264448e-14      -5.816089531742e-14       4.637206615939e-15       0.000000000000e+00       0.000000000000e+00       0.000000000000e+00 
  153       1.194202453183e-12       1.020793724000e-14      -5.352823852184e-14       4.531022153969e-15       0.000000000000e+00       0.000000000000e+00       0.000000000000e+00 
  154       1.130502937342e-12       1.002092177128e-14      -4.903932103997e-14       4.426576032390e-15       0.000000000000e+00       0.000000000000e+00       0.000000000000e+00 
  155       1.072031148207e-12       9.833785658389e-15      -4.469443114433e-14       4.323917853625e-15       0.000000000000e+00       0.000000000000e+00       0.000000000000e+00 
  156       1.018545955704e-12       9.646679284894e-15      -4.049352085535e-14       4.223093364904e-15       0.000000000000e+00       0.000000000000e+00       0.000000000000e+00 
  157       9.697841871493e-13       9.459753954501e-15      -3.643619829809e-14       4.124144350477e-15       0.000000000000e+00       0.000000000000e+00       0.000000000000e+00 
  158       9.254602194644e-13       9.273161847748e-15      -3.252172005889e-14       4.027108523821e-15       0.000000000000e+00       0.000000000000e+00       0.000000000000e+00 
  159       8.852655713892e-13       9.087055978676e-15      -2.874898354204e-14       3.932019419851e-15       0.000000000000e+00       0.000000000000e+00       0.000000000000e+00 
  160       8.488684956939e-13       8.901590151508e-15      -2.511651932641e-14       3.838906287125e-15       0.000000000000e+00       0.000000000000e+00       0.000000000000e+00 
  161       8.159669888262e-13       8.716913009074e-15      -2.162296099223e-14       3.747797237017e-15       0.000000000000e+00       0.000000000000e+00       0.000000000000e+00 
  162       7.864539439907e-13       8.533149677579e-15      -1.826851733819e-14       3.658729230459e-15       0.000000000000e+00       0.000000000000e+00       0.000000000000e+00 
  163       7.602658916437e-13       8.350418408280e-15      -1.505361635490e-14       3.571738772458e-15       0.000000000000e+00       0.000000000000e+00       0.000000000000e+00 
  164       7.373307348909e-13       8.168836269800e-15      -1.197843406105e-14       3.486858642500e-15       0.000000000000e+00       0.000000000000e+00       0.000000000000e+00 
  165       7.175675874680e-13       7.988519077620e-15      -9.042889056840e-15       3.404117801747e-15       0.000000000000e+00       0.000000000000e+00       0.000000000000e+00 
  166       7.008866117194e-13       7.809581323574e-15      -6.246637077435e-15       3.323541300227e-15       0.000000000000e+00       0.000000000000e+00       0.000000000000e+00 
  167       6.871888565784e-13       7.632136105341e-15      -3.589065546418e-15       3.245150184034e-15       0.000000000000e+00       0.000000000000e+00       0.000000000000e+00 
  168       6.763660955469e-13       7.456295055942e-15      -1.069288129226e-15       3.168961402516e-15       0.000000000000e+00       0.000000000000e+00       0.000000000000e+00 
  169       6.683006646745e-13       7.282168273230e-15       1.313860713405e-15       3.094987715472e-15       0.000000000000e+00       0.000000000000e+00       0.000000000000e+00 
  170       6.628653005387e-13       7.109864249384e-15       3.561831171994e-15       3.023237600348e-15       0.000000000000e+00       0.000000000000e+00       0.000000000000e+00 
  171       6.599229782243e-13       6.939489800404e-15       5.676363534868e-15       2.953715159427e-15       0.000000000000e+00       0.000000000000e+00       0.000000000000e+00 
  172       6.593267493030e-13       6.771149995606e-15       7.659493634721e-15       2.886420027028e-15       0.000000000000e+00       0.000000000000e+00       0.000000000000e+00 
  173       6.609195798133e-13       6.604948087110e-15       9.513558295168e-15       2.821347276695e-15       0.000000000000e+00       0.000000000000e+00       0.000000000000e+00 
  174       6.645341882397e-13       6.440985439340e-15       1.124120077730e-14       2.758487328395e-15       0.000000000000e+00       0.000000000000e+00       0.000000000000e+00 
  175       6.699928834927e-13       6.279361458512e-15       1.284537622623e-14       2.697825855711e-15       0.000000000000e+00       0.000000000000e+00       0.000000000000e+00 
  176       6.771074028882e-13       6.120173522132e-15       1.432935711767e-14       2.639343693035e-15       0.000000000000e+00       0.000000000000e+00       0.000000000000e+00 
  177       6.856787501276e-13       5.963516908488e-15       1.569673870448e-14       2.583016742764e-15       0.000000000000e+00       0.000000000000e+00       0.000000000000e+00 
  178       6.954970332767e-13       5.809484726143e-15       1.695144446319e-14       2.528815882493e-15       0.000000000000e+00       0.000000000000e+00       0.000000000000e+00 
  179       7.063413027460e-13       5.658167843427e-15       1.809773154059e-14       2.476706872210e-15       0.000000000000e+00       0.000000000000e+00       0.000000000000e+00 
  180       7.180127463670e-13       5.509651908388e-15       1.913954958231e-14       2.426657791021e-15       0.000000000000e+00       0.000000000000e+00       0.000000000000e+00 
  181       7.304375637379e-13       5.364008291013e-15       2.007854884818e-14       2.378662202239e-15       0.000000000000e+00       0.000000000000e+00       0.000000000000e+00 
  182       7.435719770822e-13       5.221302283948e-15       2.091592385602e-14       2.332717655714e-15       0.000000000000e+00       0.000000000000e+00       0.000000000000e+00 
  183       7.573695701195e-13       5.081595866699e-15       2.165304881438e-14       2.288818259169e-15       0.000000000000e+00       0.000000000000e+00       0.000000000000e+00 
  184       7.717812489072e-13       4.944947624408e-15       2.229148068739e-14       2.246954613124e-15       0.000000000000e+00       0.000000000000e+00       0.000000000000e+00 
  185       7.867552026826e-13       4.811412666635e-15       2.283296225970e-14       2.207113745825e-15       0.000000000000e+00       0.000000000000e+00       0.000000000000e+00 
  186       8.022368647043e-13       4.681042546129e-15       2.327942520137e-14       2.169279048170e-15       0.000000000000e+00       0.000000000000e+00       0.000000000000e+00 
  187       8.181688730947e-13       4.553885177609e-15       2.363299313276e-14       2.133430208638e-15       0.000000000000e+00       0.000000000000e+00       0.000000000000e+00 
  188       8.344910316813e-13       4.429984756539e-15       2.389598468949e-14       2.099543148213e-15       0.000000000000e+00       0.000000000000e+00       0.000000000000e+00 
  189       8.511402708390e-13       4.309381677906e-15       2.407091658727e-14       2.067589955314e-15       0.000000000000e+00       0.000000000000e+00       0.000000000000e+00 
  190       8.680506083319e-13       4.192112454996e-15       2.416050668686e-14       2.037538820723e-15       0.000000000000e+00       0.000000000000e+00       0.000000000000e+00 
  191       8.851531101548e-13       4.078209638173e-15       2.416767705897e-14       2.009353972509e-15       0.000000000000e+00       0.000000000000e+00       0.000000000000e+00 
  192       9.023758513758e-13       3.967701733654e-15       2.409555704913e-14       1.982995610958e-15       0.000000000000e+00       0.000000000000e+00       0.000000000000e+00 
  193       9.196438769772e-13       3.860613122287e-15       2.394748634264e-14       1.958419843498e-15       0.000000000000e+00       0.000000000000e+00       0.000000000000e+00 
  194       9.368791626984e-13       3.756963978325e-15       2.372701802945e-14       1.935578619628e-15       0.000000000000e+00       0.000000000000e+00       0.000000000000e+00 
  195       9.540005758770e-13       3.656770188210e-15       2.343792166906e-14       1.914419665846e-15       0.000000000000e+00       0.000000000000e+00       0.000000000000e+00 
  196       9.709238362911e-13       3.560043269343e-15       2.308418635543e-14       1.894886420573e-15       0.000000000000e+00       0.000000000000e+00       0.000000000000e+00 
  197       9.875614770010e-13       3.466790288863e-15       2.267002378191e-14       1.876917969083e-15       0.000000000000e+00       0.000000000000e+00       0.000000000000e+00 
  198       1.003822805191e-12       3.377013782428e-15       2.219987130611e-14       1.860448978430e-15       0.000000000000e+00       0.000000000000e+00       0.000000000000e+00 
  199       1.019613863012e-12       3.290711672984e-15       2.167839501482e-14       1.845409632373e-15       0.000000000000e+00       0.000000000000e+00       0.000000000000e+00 
  200       1.034837388422e-12       3.207877189550e-15       2.111049278892e-14       1.831725566307e-15       0.000000000000e+00       0.000000000000e+00       0.000000000000e+00 
  201       1.049408314451e-12       3.128502142430e-15       2.050064805993e-14       1.819328248014e-15       0.000000000000e+00       0.000000000000e+00       0.000000000000e+00 
  202       1.063301582198e-12       3.052587178484e-15       1.985093326360e-14       1.808187081579e-15       0.000000000000e+00       0.000000000000e+00       0.000000000000e+00 
  203       1.076507671629e-12       2.980132102618e-15       1.916286951539e-14       1.798279473872e-15       0.000000000000e+00       0.000000000000e+00       0.000000000000e+00 
  204       1.089017376847e-12       2.911132516341e-15       1.843806423910e-14       1.789580560853e-15       0.000000000000e+00       0.000000000000e+00       0.000000000000e+00 
  205       1.100821812859e-12       2.845579746465e-15       1.767821231275e-14       1.782063173374e-15       0.000000000000e+00       0.000000000000e+00       0.000000000000e+00 
  206       1.111912422338e-12       2.783460773797e-15       1.688509721438e-14       1.775697802976e-15       0.000000000000e+00       0.000000000000e+00       0.000000000000e+00 
  207       1.122280982396e-12       2.724758161836e-15       1.606059216797e-14       1.770452567692e-15       0.000000000000e+00       0.000000000000e+00       0.000000000000e+00 
  208       1.131919611343e-12       2.669449985478e-15       1.520666128927e-14       1.766293177846e-15       0.000000000000e+00       0.000000000000e+00       0.000000000000e+00 
  209       1.140820775458e-12       2.617509759701e-15       1.432536073168e-14       1.763182901853e-15       0.000000000000e+00       0.000000000000e+00       0.000000000000e+00 
  210       1.148977295752e-12       2.568906368274e-15       1.341883983209e-14       1.761082532018e-15       0.000000000000e+00       0.000000000000e+00       0.000000000000e+00 
  211       1.156382354735e-12       2.523603992444e-15       1.248934225677e-14       1.759950350338e-15       0.000000000000e+00       0.000000000000e+00       0.000000000000e+00 
  212       1.163029503181e-12       2.481562039640e-15       1.153920714721e-14       1.759742094301e-15       0.000000000000e+00       0.000000000000e+00       0.000000000000e+00 
  213       1.168912666897e-12       2.442735072165e-15       1.057087026598e-14       1.760410922688e-15       0.000000000000e+00       0.000000000000e+00       0.000000000000e+00 
  214       1.174026153485e-12       2.407072735899e-15       9.586865142620e-15       1.761907381369e-15       0.000000000000e+00       0.000000000000e+00       0.000000000000e+00 
  215       1.178364659111e-12       2.374519688988e-15       8.589824219465e-15       1.764179369106e-15       0.000000000000e+00       0.000000000000e+00       0.000000000000e+00 
  216       1.181923275271e-12       2.345015530549e-15       7.582479997529e-15       1.767172103355e-15       0.000000000000e+00       0.000000000000e+00       0.000000000000e+00 
  217       1.184697495552e-12       2.318494729361e-15       6.567666182360e-15       1.770828086061e-15       0.000000000000e+00       0.000000000000e+00       0.000000000000e+00 
  218       1.186683222406e-12       2.294886552567e-15       5.548318829904e-15       1.775087069461e-15       0.000000000000e+00       0.000000000000e+00       0.000000000000e+00 
  219       1.187876773909e-12       2.274114994365e-15       4.527477492366e-15       1.779886021885e-15       0.000000000000e+00       0.000000000000e+00       0.000000000000e+00 
  220       1.188274890531e-12       2.256098704711e-15       3.508286364069e-15       1.785159093555e-15       0.000000000000e+00       0.000000000000e+00       0.000000000000e+00 
  221       1.187874741902e-12       2.240750918014e-15       2.493995427321e-15       1.790837582384e-15       0.000000000000e+00       0.000000000000e+00       0.000000000000e+00 
  222       1.186673933574e-12       2.227979381830e-15       1.487961598270e-15       1.796849899777e-15       0.000000000000e+00       0.000000000000e+00       0.000000000000e+00 
  223       1.184670513792e-12       2.217686285564e-15       4.936498727718e-16       1.803121536433e-15       0.000000000000e+00       0.000000000000e+00       0.000000000000e+00 
  224       1.181865204253e-12       2.209779692249e-15      -4.858574729505e-16       1.809585534260e-15       0.000000000000e+00       0.000000000000e+00       0.000000000000e+00 
  225       1.178268237724e-12       2.204208798158e-15      -1.449370710989e-15       1.816214720971e-15       0.000000000000e+00       0.000000000000e+00       0.000000000000e+00 
  226       1.173892973194e-12       2.200930802446e-15      -2.396177700522e-15       1.822991482049e-15       0.000000000000e+00       0.000000000000e+00       0.000000000000e+00 
  227       1.168753723392e-12       2.199899564194e-15      -3.325560694222e-15       1.829897431802e-15       0.000000000000e+00       0.000000000000e+00       0.000000000000e+00 
  228       1.162865766849e-12       2.201065558493e-15      -4.236796363690e-15       1.836913404175e-15       0.000000000000e+00       0.000000000000e+00       0.000000000000e+00 
  229       1.156245359953e-12       2.204375832533e-15      -5.129155824895e-15       1.844019443566e-15       0.000000000000e+00       0.000000000000e+00       0.000000000000e+00 
  230       1.148909749019e-12       2.209773961681e-15      -6.001904663609e-15       1.851194795643e-15       0.000000000000e+00       0.000000000000e+00       0.000000000000e+00 
  231       1.140877182343e-12       2.217200005574e-15      -6.854302960844e-15       1.858417898156e-15       0.000000000000e+00       0.000000000000e+00       0.000000000000e+00 
  232       1.132166922265e-12       2.226590464199e-15      -7.685605318285e-15       1.865666371752e-15       0.000000000000e+00       0.000000000000e+00       0.000000000000e+00 
  233       1.122799257234e-12       2.237878233982e-15      -8.495060883732e-15       1.872917010789e-15       0.000000000000e+00       0.000000000000e+00       0.000000000000e+00 
  234       1.112795513865e-12       2.250992563871e-15      -9.281913376532e-15       1.880145774154e-15       0.000000000000e+00       0.000000000000e+00       0.000000000000e+00 
  235       1.102178068999e-12       2.265859011421e-15      -1.004540111302e-14       1.887327776074e-15       0.000000000000e+00       0.000000000000e+00       0.000000000000e+00 
  236       1.090970361772e-12       2.282399398881e-15      -1.078475703194e-14       1.894437276930e-15       0.000000000000e+00       0.000000000000e+00       0.000000000000e+00 
  237       1.079196905666e-12       2.300531769279e-15      -1.149920871992e-14       1.901447674078e-15       0.000000000000e+00       0.000000000000e+00       0.000000000000e+00 
  238       1.066883300577e-12       2.320170342506e-15      -1.218797843685e-14       1.908331492655e-15       0.000000000000e+00       0.000000000000e+00       0.000000000000e+00 
  239       1.054056244875e-12       2.341225471403e-15      -1.285028314137e-14       1.915060376399e-15       0.000000000000e+00       0.000000000000e+00       0.000000000000e+00 
  240       1.040743547465e-12       2.363603597845e-15      -1.348533451629e-14       1.921605078465e-15       0.000000000000e+00       0.000000000000e+00       0.000000000000e+00 
  241       1.026974139845e-12       2.387207208828e-15      -1.409233899401e-14       1.927935452235e-15       0.000000000000e+00       0.000000000000e+00       0.000000000000e+00 
  242       1.012778088173e-12       2.411934792551e-15      -1.467049778198e-14       1.934020442133e-15       0.000000000000e+00       0.000000000000e+00       0.000000000000e+00 
  243       9.981866053232e-13       2.437680794505e-15      -1.521900688812e-14       1.939828074446e-15       0.000000000000e+00       0.000000000000e+00       0.000000000000e+00 
  244       9.832320629511e-13       2.464335573557e-15      -1.573705714626e-14       1.945325448131e-15       0.000000000000e+00       0.000000000000e+00       0.000000000000e+00 
  245       9.679480035514e-13       2.491785358035e-15      -1.622383424159e-14       1.950478725633e-15       0.000000000000e+00       0.000000000000e+00       0.000000000000e+00 
  246       9.523691525211e-13       2.519912201812e-15      -1.667851873608e-14       1.955253123701e-15       0.000000000000e+00       0.000000000000e+00       0.000000000000e+00 
  247       9.365314302203e-13       2.548593940395e-15      -1.710028609392e-14       1.959612904199e-15       0.000000000000e+00       0.000000000000e+00       0.000000000000e+00 
  248       9.204719640336e-13       2.577704147006e-15      -1.748830670695e-14       1.963521364924e-15       0.000000000000e+00       0.000000000000e+00       0.000000000000e+00 
  249       9.042291004307e-13       2.607112088671e-15      -1.784174592012e-14       1.966940830420e-15       0.000000000000e+00       0.000000000000e+00       0.000000000000e+00 
  250       8.878378441920e-13       2.636699614636e-15      -1.815994959032e-14       1.969839252047e-15       0.000000000000e+00       0.000000000000e+00       0.000000000000e+00 
  251       8.713158592990e-13       2.666412993123e-15      -1.844301258622e-14       1.972210449563e-15       0.000000000000e+00       0.000000000000e+00       0.000000000000e+00 
  252       8.546766834113e-13       2.696213981408e-15      -1.869124315285e-14       1.974055020090e-15       0.000000000000e+00       0.000000000000e+00       0.000000000000e+00 
  253       8.379342312920e-13       2.726063151251e-15      -1.890498070922e-14       1.975373837426e-15       0.000000000000e+00       0.000000000000e+00       0.000000000000e+00 
  254       8.211027981230e-13       2.755919877361e-15      -1.908459622858e-14       1.976168055502e-15       0.000000000000e+00       0.000000000000e+00       0.000000000000e+00 
  255       8.041970628223e-13       2.785742325866e-15      -1.923049261862e-14       1.976439111831e-15       0.000000000000e+00       0.000000000000e+00       0.000000000000e+00 
  256       7.872320913597e-13       2.815487442773e-15      -1.934310510176e-14       1.976188730968e-15       0.000000000000e+00       0.000000000000e+00       0.000000000000e+00 
  257       7.702233400734e-13       2.845110942439e-15      -1.942290159537e-14       1.975418927958e-15       0.000000000000e+00       0.000000000000e+00       0.000000000000e+00 
  258       7.531866589864e-13       2.874567296035e-15      -1.947038309198e-14       1.974132011796e-15       0.000000000000e+00       0.000000000000e+00       0.000000000000e+00 
  259       7.361382951227e-13       2.903809720010e-15      -1.948608403959e-14       1.972330588875e-15       0.000000000000e+00       0.000000000000e+00       0.000000000000e+00 
  260       7.190948958238e-13       2.932790164561e-15      -1.947057272184e-14       1.970017566441e-15       0.000000000000e+00       0.000000000000e+00       0.000000000000e+00 
  261       7.020735120649e-13       2.961459302093e-15      -1.942445163831e-14       1.967196156052e-15       0.000000000000e+00       0.000000000000e+00       0.000000000000e+00 
  262       6.850916017713e-13       2.989766515691e-15      -1.934835788472e-14       1.963869877025e-15       0.000000000000e+00       0.000000000000e+00       0.000000000000e+00 
  263       6.681670331348e-13       3.017659887584e-15      -1.924296353318e-14       1.960042559893e-15       0.000000000000e+00       0.000000000000e+00       0.000000000000e+00 
  264       6.513180879301e-13       3.045086187607e-15      -1.910897601246e-14       1.955718349861e-15       0.000000000000e+00       0.000000000000e+00       0.000000000000e+00 
  265       6.345634648308e-13       3.071990861672e-15      -1.894713848819e-14       1.950901710256e-15       0.000000000000e+00       0.000000000000e+00       0.000000000000e+00 
  266       6.179222827265e-13       3.098318020231e-15      -1.875823024313e-14       1.945597425983e-15       0.000000000000e+00       0.000000000000e+00       0.000000000000e+00 
  267       6.014140840380e-13       3.124010426744e-15      -1.854306705739e-14       1.939810606977e-15       0.000000000000e+00       0.000000000000e+00       0.000000000000e+00 
  268       5.850588380350e-13       3.149009486142e-15      -1.830250158871e-14       1.933546691661e-15       0.000000000000e+00       0.000000000000e+00       0.000000000000e+00 
  269       5.688769441511e-13       3.173255233295e-15      -1.803742375264e-14       1.926811450395e-15       0.000000000000e+00       0.000000000000e+00       0.000000000000e+00 
  270       5.528892353013e-13       3.196686321479e-15      -1.774876110283e-14       1.919610988932e-15       0.000000000000e+00       0.000000000000e+00       0.000000000000e+00 
  271       5.371169811977e-13       3.219240010837e-15      -1.743747921128e-14       1.911951751873e-15       0.000000000000e+00       0.000000000000e+00       0.000000000000e+00 
  272       5.215818916659e-13       3.240852156850e-15      -1.710458204852e-14       1.903840526119e-15       0.000000000000e+00       0.000000000000e+00       0.000000000000e+00 
  273       5.063061199615e-13       3.261457198801e-15      -1.675111236392e-14       1.895284444326e-15       0.000000000000e+00       0.000000000000e+00       0.000000000000e+00 
  274       4.913122660864e-13       3.280988148241e-15      -1.637815206588e-14       1.886290988357e-15       0.000000000000e+00       0.000000000000e+00       0.000000000000e+00 
  275       4.766233801053e-13       3.299376577453e-15      -1.598682260211e-14       1.876867992740e-15       0.000000000000e+00       0.000000000000e+00       0.000000000000e+00 
  276       4.622629654616e-13       3.316552607922e-15      -1.557828533984e-14       1.867023648117e-15       0.000000000000e+00       0.000000000000e+00       0.000000000000e+00 
  277       4.482549822943e-13       3.332444898798e-15      -1.515374194608e-14       1.856766504701e-15       0.000000000000e+00       0.000000000000e+00       0.000000000000e+00 
  278       4.346238507540e-13       3.346980635360e-15      -1.471443476786e-14       1.846105475728e-15       0.000000000000e+00       0.000000000000e+00       0.000000000000e+00 
  279       4.213903305265e-13       3.360098627138e-15      -1.426151847441e-14       1.835050006986e-15       0.000000000000e+00       0.000000000000e+00       0.000000000000e+00 
  280       4.085589162813e-13       3.371789377136e-15      -1.379566684039e-14       1.823610588008e-15       0.000000000000e+00       0.000000000000e+00       0.000000000000e+00 
  281       3.961297956581e-13       3.382057066074e-15      -1.331744633138e-14       1.811798274093e-15       0.000000000000e+00       0.000000000000e+00       0.000000000000e+00 
  282       3.841029112354e-13       3.390906638281e-15      -1.282744318860e-14       1.799624526307e-15       0.000000000000e+00       0.000000000000e+00       0.000000000000e+00 
  283       3.724779575126e-13       3.398343810304e-15      -1.232626361140e-14       1.787101215193e-15       0.000000000000e+00       0.000000000000e+00       0.000000000000e+00 
  284       3.612543778918e-13       3.404375079506e-15      -1.181453393975e-14       1.774240624480e-15       0.000000000000e+00       0.000000000000e+00       0.000000000000e+00 
  285       3.504313616594e-13       3.409007732673e-15      -1.129290083672e-14       1.761055454792e-15       0.000000000000e+00       0.000000000000e+00       0.000000000000e+00 
  286       3.400078409679e-13       3.412249854618e-15      -1.076203147097e-14       1.747558827359e-15       0.000000000000e+00       0.000000000000e+00       0.000000000000e+00 
  287       3.299824878180e-13       3.414110336782e-15      -1.022261369925e-14       1.733764287722e-15       0.000000000000e+00       0.000000000000e+00       0.000000000000e+00 
  288       3.203537110398e-13       3.414598885840e-15      -9.675356248851e-15       1.719685809445e-15       0.000000000000e+00       0.000000000000e+00       0.000000000000e+00 
  289       3.111196532754e-13       3.413726032304e-15      -9.120988900138e-15       1.705337797822e-15       0.000000000000e+00       0.000000000000e+00       0.000000000000e+00 
  290       3.022781879600e-13       3.411503139124e-15      -8.560262669005e-15       1.690735093588e-15       0.000000000000e+00       0.000000000000e+00       0.000000000000e+00 
  291       2.938269163041e-13       3.407942410296e-15      -7.993949989371e-15       1.675892976626e-15       0.000000000000e+00       0.000000000000e+00       0.000000000000e+00 
  292       2.857631642751e-13       3.403056899463e-15      -7.422844895673e-15       1.660827169679e-15       0.000000000000e+00       0.000000000000e+00       0.000000000000e+00 
  293       2.780839795792e-13       3.396860518518e-15      -6.847763205343e-15       1.645553842055e-15       0.000000000000e+00       0.000000000000e+00       0.000000000000e+00 
  294       2.707861286431e-13       3.389368046210e-15      -6.269542701303e-15       1.630089613337e-15       0.000000000000e+00       0.000000000000e+00       0.000000000000e+00 
  295       2.638660935960e-13       3.380595136745e-15      -5.689043314447e-15       1.614451557096e-15       0.000000000000e+00       0.000000000000e+00       0.000000000000e+00 
  296       2.573200692510e-13       3.370558328392e-15      -5.107147306132e-15       1.598657204593e-15       0.000000000000e+00       0.000000000000e+00       0.000000000000e+00 
  297       2.511439600874e-13       3.359275052082e-15      -4.524759450660e-15       1.582724548496e-15       0.000000000000e+00       0.000000000000e+00       0.000000000000e+00 
  298       2.453333772322e-13       3.346763640020e-15      -3.942807217772e-15       1.566672046580e-15       0.000000000000e+00       0.000000000000e+00       0.000000000000e+00 
  299       2.398836354418e-13       3.333043334279e-15      -3.362240955127e-15       1.550518625445e-15       0.000000000000e+00       0.000000000000e+00       0.000000000000e+00 
  300       2.347897500842e-13       3.318134295411e-15      -2.784034070795e-15       1.534283684219e-15       0.000000000000e+00       0.000000000000e+00       0.000000000000e+00 
  301       2.300464341203e-13       3.302057611047e-15      -2.209183215743e-15       1.517987098267e-15       0.000000000000e+00       0.000000000000e+00       0.000000000000e+00 
  302       2.256480950861e-13       3.284835304500e-15      -1.638708466320e-15       1.501649222904e-15       0.000000000000e+00       0.000000000000e+00       0.000000000000e+00 
  303       2.215888320742e-13       3.266490343372e-15      -1.073653506745e-15       1.485290897102e-15       0.000000000000e+00       0.000000000000e+00       0.000000000000e+00 
  304       2.178624327159e-13       3.247046648153e-15      -5.150858115936e-16       1.468933447195e-15       0.000000000000e+00       0.000000000000e+00       0.000000000000e+00 
  305       2.144623701627e-13       3.226529100828e-15       3.590317171272e-17       1.452598690596e-15       0.000000000000e+00       0.000000000000e+00       0.000000000000e+00 
  306       2.113818000682e-13       3.204963553481e-15       5.781978404225e-16       1.436308939499e-15       0.000000000000e+00       0.000000000000e+00       0.000000000000e+00 
  307       2.086135575700e-13       3.182376836897e-15       1.110658253966e-15       1.420087004591e-15       0.000000000000e+00       0.000000000000e+00       0.000000000000e+00 
  308       2.061501542715e-13       3.158796769163e-15       1.632119951468e-15       1.403956198759e-15       0.000000000000e+00       0.000000000000e+00       0.000000000000e+00 
  309       2.039837752236e-13       3.134252164277e-15       2.141393769260e-15       1.387940340804e-15       0.000000000000e+00       0.000000000000e+00       0.000000000000e+00 
  310       2.021062759062e-13       3.108772840749e-15       2.637265658397e-15       1.372063759143e-15       0.000000000000e+00       0.000000000000e+00       0.000000000000e+00 
  311       2.005091792109e-13       3.082389630203e-15       3.118496502164e-15       1.356351295522e-15       0.000000000000e+00       0.000000000000e+00       0.000000000000e+00 
  312       1.991842600071e-13       3.055133493172e-15       3.584029204339e-15       1.340824741603e-15       0.000000000000e+00       0.000000000000e+00       0.000000000000e+00 
  313       1.981253350144e-13       3.027032803478e-15       4.033620948198e-15       1.325491958363e-15       0.000000000000e+00       0.000000000000e+00       0.000000000000e+00 
  314       1.973265500837e-13       2.998115954656e-15       4.467239917635e-15       1.310357259086e-15       0.000000000000e+00       0.000000000000e+00       0.000000000000e+00 
  315       1.967817978127e-13       2.968412248877e-15       4.884860743209e-15       1.295424930292e-15       0.000000000000e+00       0.000000000000e+00       0.000000000000e+00 
  316       1.964847152502e-13       2.937951904459e-15       5.286464574352e-15       1.280699231067e-15       0.000000000000e+00       0.000000000000e+00       0.000000000000e+00 
  317       1.964286815993e-13       2.906766063370e-15       5.672039151578e-15       1.266184392388e-15       0.000000000000e+00       0.000000000000e+00       0.000000000000e+00 
  318       1.966068159215e-13       2.874886798738e-15       6.041578878687e-15       1.251884616449e-15       0.000000000000e+00       0.000000000000e+00       0.000000000000e+00 
  319       1.970119748407e-13       2.842347122351e-15       6.395084894979e-15       1.237804075984e-15       0.000000000000e+00       0.000000000000e+00       0.000000000000e+00 
  320       1.976367502468e-13       2.809180992173e-15       6.732565147457e-15       1.223946913597e-15       0.000000000000e+00       0.000000000000e+00       0.000000000000e+00 
  321       1.984734669993e-13       2.775423319842e-15       7.054034463038e-15       1.210317241084e-15       0.000000000000e+00       0.000000000000e+00       0.000000000000e+00 
  322       1.995141806318e-13       2.741109978180e-15       7.359514620757e-15       1.196919138759e-15       0.000000000000e+00       0.000000000000e+00       0.000000000000e+00 
  323       2.007506750551e-13       2.706277808701e-15       7.649034423981e-15       1.183756654784e-15       0.000000000000e+00       0.000000000000e+00       0.000000000000e+00 
  324       2.021744602614e-13       2.670964629114e-15       7.922629772609e-15       1.170833804489e-15       0.000000000000e+00       0.000000000000e+00       0.000000000000e+00 
  325       2.037767700283e-13       2.635209240833e-15       8.180343735288e-15       1.158154569700e-15       0.000000000000e+00       0.000000000000e+00       0.000000000000e+00 
  326       2.055485596220e-13       2.599051436481e-15       8.422226621615e-15       1.145722898065e-15       0.000000000000e+00       0.000000000000e+00       0.000000000000e+00 
  327       2.074805035018e-13       2.562532007397e-15       8.648336054349e-15       1.133542702380e-15       0.000000000000e+00       0.000000000000e+00       0.000000000000e+00 
  328       2.095629930236e-13       2.525692751144e-15       8.858737041615e-15       1.121617859915e-15       0.000000000000e+00       0.000000000000e+00       0.000000000000e+00 
  329       2.117861341436e-13       2.488576479012e-15       9.053502049116e-15       1.109952211736e-15       0.000000000000e+00       0.000000000000e+00       0.000000000000e+00 
  330       2.141397451225e-13       2.451227023529e-15       9.232711072337e-15       1.098549562036e-15       0.000000000000e+00       0.000000000000e+00       0.000000000000e+00 
  331       2.166133542289e-13       2.413689245965e-15       9.396451708756e-15       1.087413677458e-15       0.000000000000e+00       0.000000000000e+00       0.000000000000e+00 
  332       2.191961974436e-13       2.376009043838e-15       9.544819230050e-15       1.076548286418e-15       0.000000000000e+00       0.000000000000e+00       0.000000000000e+00 
  333       2.218772161629e-13       2.338233358423e-15       9.677916654304e-15       1.065957078438e-15       0.000000000000e+00       0.000000000000e+00       0.000000000000e+00 
  334       2.246450549027e-13       2.300410182254e-15       9.795854818218e-15       1.055643703463e-15       0.000000000000e+00       0.000000000000e+00       0.000000000000e+00 
  335       2.274880590026e-13       2.262588566636e-15       9.898752449316e-15       1.045611771193e-15       0.000000000000e+00       0.000000000000e+00       0.000000000000e+00 
  336       2.303942723290e-13       2.224818629147e-15       9.986736238155e-15       1.035864850407e-15       0.000000000000e+00       0.000000000000e+00       0.000000000000e+00 
  337       2.333514349797e-13       2.187151561147e-15       1.005994091053e-14       1.026406468287e-15       0.000000000000e+00       0.000000000000e+00       0.000000000000e+00 
  338       2.363469809873e-13       2.149639635285e-15       1.011850929968e-14       1.017240109745e-15       0.000000000000e+00       0.000000000000e+00       0.000000000000e+00 
  339       2.393680360229e-13       2.112336213002e-15       1.016259241850e-14       1.008369216749e-15       0.000000000000e+00       0.000000000000e+00       0.000000000000e+00 
  340       2.424014151004e-13       2.075295752042e-15       1.019234953175e-14       9.997971876491e-16       0.000000000000e+00       0.000000000000e+00       0.000000000000e+00 
  341       2.454336202798e-13       2.038573813955e-15       1.020794822827e-14       9.915273765003e-16       0.000000000000e+00       0.000000000000e+00       0.000000000000e+00 
  342       2.484508383716e-13       2.002227071604e-15       1.020956449316e-14       9.835630923917e-16       0.000000000000e+00       0.000000000000e+00       0.000000000000e+00 
  343       2.514389386401e-13       1.966313316675e-15       1.019738278002e-14       9.759075987702e-16       0.000000000000e+00       0.000000000000e+00       0.000000000000e+00 
  344       2.543834705072e-13       1.930891467179e-15       1.017159608315e-14       9.685641127668e-16       0.000000000000e+00       0.000000000000e+00       0.000000000000e+00 
  345       2.572696612570e-13       1.896021574959e-15       1.013240600972e-14       9.615358045221e-16       0.000000000000e+00       0.000000000000e+00       0.000000000000e+00 
  346       2.600824137386e-13       1.861764833201e-15       1.008002285206e-14       9.548257965120e-16       0.000000000000e+00       0.000000000000e+00       0.000000000000e+00 
  347       2.628063040705e-13       1.828183583935e-15       1.001466565978e-14       9.484371628735e-16       0.000000000000e+00       0.000000000000e+00       0.000000000000e+00 
  348       2.654255793445e-13       1.795341325545e-15       9.936562312039e-15       9.423729287301e-16       0.000000000000e+00       0.000000000000e+00       0.000000000000e+00 
  349       2.679268143486e-13       1.763292562090e-15       9.845959152190e-15       9.366347902899e-16       0.000000000000e+00       0.000000000000e+00       0.000000000000e+00 
  350       2.703070082329e-13       1.732051870557e-15       9.743150185862e-15       9.312192178413e-16       0.000000000000e+00       0.000000000000e+00       0.000000000000e+00 
  351       2.725658196616e-13       1.701623563444e-15       9.628449237123e-15       9.261211895647e-16       0.000000000000e+00       0.000000000000e+00       0.000000000000e+00 
  352       2.747029384548e-13       1.672011728543e-15       9.502180576735e-15       9.213354542310e-16       0.000000000000e+00       0.000000000000e+00       0.000000000000e+00 
  353       2.767180859045e-13       1.643220226466e-15       9.364679003753e-15       9.168565292706e-16       0.000000000000e+00       0.000000000000e+00       0.000000000000e+00 
  354       2.786110150909e-13       1.615252688173e-15       9.216289927133e-15       9.126786988419e-16       0.000000000000e+00       0.000000000000e+00       0.000000000000e+00 
  355       2.803815111980e-13       1.588112512498e-15       9.057369447329e-15       9.087960119008e-16       0.000000000000e+00       0.000000000000e+00       0.000000000000e+00 
  356       2.820293918301e-13       1.561802863679e-15       8.888284437897e-15       9.052022802691e-16       0.000000000000e+00       0.000000000000e+00       0.000000000000e+00 
  357       2.835545073277e-13       1.536326668881e-15       8.709412627096e-15       9.018910767040e-16       0.000000000000e+00       0.000000000000e+00       0.000000000000e+00 
  358       2.849567410832e-13       1.511686615729e-15       8.521142679494e-15       8.988557329668e-16       0.000000000000e+00       0.000000000000e+00       0.000000000000e+00 
  359       2.862360098575e-13       1.487885149826e-15       8.323874277563e-15       8.960893378920e-16       0.000000000000e+00       0.000000000000e+00       0.000000000000e+00 
  360       2.873922640956e-13       1.464924472291e-15       8.118018203290e-15       8.935847354561e-16       0.000000000000e+00       0.000000000000e+00       0.000000000000e+00 
  361       2.884254882429e-13       1.442806537276e-15       7.903996419769e-15       8.913345228465e-16       0.000000000000e+00       0.000000000000e+00       0.000000000000e+00 
  362       2.893357010611e-13       1.421533049501e-15       7.682242152812e-15       8.893310485308e-16       0.000000000000e+00       0.000000000000e+00       0.000000000000e+00 
  363       2.901229559443e-13       1.401105461777e-15       7.453199972547e-15       8.875664103256e-16       0.000000000000e+00       0.000000000000e+00       0.000000000000e+00 
  364       2.907873412351e-13       1.381524972532e-15       7.217325875019e-15       8.860324534653e-16       0.000000000000e+00       0.000000000000e+00       0.000000000000e+00 
  365       2.913289805404e-13       1.362792523344e-15       6.975087363796e-15       8.847207686713e-16       0.000000000000e+00       0.000000000000e+00       0.000000000000e+00 
  366       2.917480330478e-13       1.344908796460e-15       6.726963531565e-15       8.836226902208e-16       0.000000000000e+00       0.000000000000e+00       0.000000000000e+00 
  367       2.920446938413e-13       1.327874212331e-15       6.473445141742e-15       8.827292940160e-16       0.000000000000e+00       0.000000000000e+00       0.000000000000e+00 
  368       2.922191942176e-13       1.311688927132e-15       6.215034710067e-15       8.820313956527e-16       0.000000000000e+00       0.000000000000e+00       0.000000000000e+00 
  369       2.922718020021e-13       1.296352830296e-15       5.952246586211e-15       8.815195484897e-16       0.000000000000e+00       0.000000000000e+00       0.000000000000e+00 
  370       2.922028218648e-13       1.281865542034e-15       5.685607035373e-15       8.811840417172e-16       0.000000000000e+00       0.000000000000e+00       0.000000000000e+00 
  371       2.920125956362e-13       1.268226410869e-15       5.415654319890e-15       8.810148984266e-16       0.000000000000e+00       0.000000000000e+00       0.000000000000e+00 
  372       2.917015026240e-13       1.255434511159e-15       5.142938780828e-15       8.810018736785e-16       0.000000000000e+00       0.000000000000e+00       0.000000000000e+00 
  373       2.912699599284e-13       1.243488640623e-15       4.868022919596e-15       8.811344525724e-16       0.000000000000e+00       0.000000000000e+00       0.000000000000e+00 
  374       2.907184227585e-13       1.232387317873e-15       4.591481479540e-15       8.814018483154e-16       0.000000000000e+00       0.000000000000e+00       0.000000000000e+00 
  375       2.900473847483e-13       1.222128779936e-15       4.313901527546e-15       8.817930002911e-16       0.000000000000e+00       0.000000000000e+00       0.000000000000e+00 
  376       2.892573782729e-13       1.212710979784e-15       4.035882535647e-15       8.822965721285e-16       0.000000000000e+00       0.000000000000e+00       0.000000000000e+00 
  377       2.883489747641e-13       1.204131583862e-15       3.758036462618e-15       8.829009497715e-16       0.000000000000e+00       0.000000000000e+00       0.000000000000e+00 
  378       2.873227850267e-13       1.196387969611e-15       3.480987835584e-15       8.835942395471e-16       0.000000000000e+00       0.000000000000e+00       0.000000000000e+00 
  379       2.861794595550e-13       1.189477222999e-15       3.205373831620e-15       8.843642662349e-16       0.000000000000e+00       0.000000000000e+00       0.000000000000e+00 
  380       2.849196888478e-13       1.183396136047e-15       2.931844359352e-15       8.851985711358e-16       0.000000000000e+00       0.000000000000e+00       0.000000000000e+00 
  381       2.835442037253e-13       1.178141204356e-15       2.661062140560e-15       8.860844101413e-16       0.000000000000e+00       0.000000000000e+00       0.000000000000e+00 
  382       2.820537756451e-13       1.173708624633e-15       2.393702791780e-15       8.870087518019e-16       0.000000000000e+00       0.000000000000e+00       0.000000000000e+00 
  383       2.804492170177e-13       1.170094292219e-15       2.130454905907e-15       8.879582753968e-16       0.000000000000e+00       0.000000000000e+00       0.000000000000e+00 
  384       2.787313815230e-13       1.167293798618e-15       1.872020133795e-15       8.889193690020e-16       0.000000000000e+00       0.000000000000e+00       0.000000000000e+00 
  385       2.769011644261e-13       1.165302429021e-15       1.619113265863e-15       8.898781275602e-16       0.000000000000e+00       0.000000000000e+00       0.000000000000e+00 
  386       2.749595028935e-13       1.164115159835e-15       1.372462313690e-15       8.908203509489e-16       0.000000000000e+00       0.000000000000e+00       0.000000000000e+00 
  387       2.729073763092e-13       1.163726656208e-15       1.132808591626e-15       8.917315420501e-16       0.000000000000e+00       0.000000000000e+00       0.000000000000e+00 
  388       2.707461428052e-13       1.164129106450e-15       9.007831359057e-16       8.925990533655e-16       0.000000000000e+00       0.000000000000e+00       0.000000000000e+00 
  389       2.684785620856e-13       1.165305641020e-15       6.765306993269e-16       8.934186193264e-16       0.000000000000e+00       0.000000000000e+00       0.000000000000e+00 
  390       2.661078114829e-13       1.167236662518e-15       4.600718519549e-16       8.941880645399e-16       0.000000000000e+00       0.000000000000e+00       0.000000000000e+00 
  391       2.636371537785e-13       1.169901982385e-15       2.514253569321e-16       8.949051770846e-16       0.000000000000e+00       0.000000000000e+00       0.000000000000e+00 
  392       2.610699377867e-13       1.173280816711e-15       5.060815376064e-17       8.955677082873e-16       0.000000000000e+00       0.000000000000e+00       0.000000000000e+00 
  393       2.584095989379e-13       1.177351782041e-15      -1.423646584147e-16       8.961733725003e-16       0.000000000000e+00       0.000000000000e+00       0.000000000000e+00 
  394       2.556596598617e-13       1.182092891188e-15      -3.274798375230e-16       8.967198468788e-16       0.000000000000e+00       0.000000000000e+00       0.000000000000e+00 
  395       2.528237309706e-13       1.187481549032e-15      -5.047260152849e-16       8.972047711578e-16       0.000000000000e+00       0.000000000000e+00       0.000000000000e+00 
  396       2.499055110432e-13       1.193494548333e-15      -6.740937139289e-16       8.976257474293e-16       0.000000000000e+00       0.000000000000e+00       0.000000000000e+00 
  397       2.469087878075e-13       1.200108065539e-15      -8.355753629088e-16       8.979803399198e-16       0.000000000000e+00       0.000000000000e+00       0.000000000000e+00 
  398       2.438374385244e-13       1.207297656587e-15      -9.891653156208e-16       8.982660747670e-16       0.000000000000e+00       0.000000000000e+00       0.000000000000e+00 
  399       2.406954305709e-13       1.215038252718e-15      -1.134859866120e-15       8.984804397977e-16       0.000000000000e+00       0.000000000000e+00       0.000000000000e+00 
  400       2.374868220235e-13       1.223304156278e-15      -1.272657265838e-15       8.986208843041e-16       0.000000000000e+00       0.000000000000e+00       0.000000000000e+00 
  401       2.342157622416e-13       1.232069036531e-15      -1.402557740300e-15       8.986848188218e-16       0.000000000000e+00       0.000000000000e+00       0.000000000000e+00 
  402       2.308864924510e-13       1.241305925460e-15      -1.524563505840e-15       8.986696149064e-16       0.000000000000e+00       0.000000000000e+00       0.000000000000e+00 
  403       2.275033463266e-13       1.250987213581e-15      -1.638678786321e-15       8.985726049112e-16       0.000000000000e+00       0.000000000000e+00       0.000000000000e+00 
  404       2.240707505767e-13       1.261084645745e-15      -1.744909829850e-15       8.983910817638e-16       0.000000000000e+00       0.000000000000e+00       0.000000000000e+00 
  405       2.205932255257e-13       1.271569316947e-15      -1.843264925493e-15       8.981222987439e-16       0.000000000000e+00       0.000000000000e+00       0.000000000000e+00 
  406       2.170753856976e-13       1.282411668134e-15      -1.933754419999e-15       8.977634692600e-16       0.000000000000e+00       0.000000000000e+00       0.000000000000e+00 
  407       2.135219403995e-13       1.293581482014e-15      -2.016390734506e-15       8.973117666268e-16       0.000000000000e+00       0.000000000000e+00       0.000000000000e+00 
  408       2.099376943046e-13       1.305047878858e-15      -2.091188381271e-15       8.967643238427e-16       0.000000000000e+00       0.000000000000e+00       0.000000000000e+00 
  409       2.063275480360e-13       1.316779312312e-15      -2.158163980375e-15       8.961182333662e-16       0.000000000000e+00       0.000000000000e+00       0.000000000000e+00 
  410       2.026964987498e-13       1.328743565203e-15      -2.217336276448e-15       8.953705468939e-16       0.000000000000e+00       0.000000000000e+00       0.000000000000e+00 
  411       1.990496407184e-13       1.340907745346e-15      -2.268726155382e-15       8.945182751373e-16       0.000000000000e+00       0.000000000000e+00       0.000000000000e+00 
  412       1.953921659141e-13       1.353238281352e-15      -2.312356661052e-15       8.935583875998e-16       0.000000000000e+00       0.000000000000e+00       0.000000000000e+00 
  413       1.917293645922e-13       1.365700918434e-15      -2.348253012026e-15       8.924878123545e-16       0.000000000000e+00       0.000000000000e+00       0.000000000000e+00 
  414       1.880666258744e-13       1.378260714214e-15      -2.376442618290e-15       8.913034358208e-16       0.000000000000e+00       0.000000000000e+00       0.000000000000e+00 
  415       1.844094383323e-13       1.390882034534e-15      -2.396955097961e-15       8.900021025418e-16       0.000000000000e+00       0.000000000000e+00       0.000000000000e+00 
  416       1.807633905706e-13       1.403528549259e-15      -2.409822294002e-15       8.885806149616e-16       0.000000000000e+00       0.000000000000e+00       0.000000000000e+00 
  417       1.771341718106e-13       1.416163228087e-15      -2.415078290943e-15       8.870357332023e-16       0.000000000000e+00       0.000000000000e+00       0.000000000000e+00 
  418       1.735275724732e-13       1.428748336353e-15      -2.412759431598e-15       8.853641748414e-16       0.000000000000e+00       0.000000000000e+00       0.000000000000e+00 
  419       1.699494847628e-13       1.441245430842e-15      -2.402904333777e-15       8.835626146887e-16       0.000000000000e+00       0.000000000000e+00       0.000000000000e+00 
  420       1.664059032503e-13       1.453615355591e-15      -2.385553907009e-15       8.816276845640e-16       0.000000000000e+00       0.000000000000e+00       0.000000000000e+00 
  421       1.629029254563e-13       1.465818237697e-15      -2.360751369255e-15       8.795559730734e-16       0.000000000000e+00       0.000000000000e+00       0.000000000000e+00 
  422       1.594467524350e-13       1.477813483129e-15      -2.328542263628e-15       8.773440253877e-16       0.000000000000e+00       0.000000000000e+00       0.000000000000e+00 
  423       1.560436893569e-13       1.489559772530e-15      -2.288974475107e-15       8.749883430183e-16       0.000000000000e+00       0.000000000000e+00       0.000000000000e+00 
  424       1.527001460928e-13       1.501015057024e-15      -2.242098247255e-15       8.724853835955e-16       0.000000000000e+00       0.000000000000e+00       0.000000000000e+00 
  425       1.494226377964e-13       1.512136554030e-15      -2.187966198939e-15       8.698315606449e-16       0.000000000000e+00       0.000000000000e+00       0.000000000000e+00 
  426       1.462177854886e-13       1.522880743061e-15      -2.126633341043e-15       8.670232433652e-16       0.000000000000e+00       0.000000000000e+00       0.000000000000e+00 
  427       1.430911926502e-13       1.533210190623e-15      -2.058179681712e-15       8.640579168453e-16       0.000000000000e+00       0.000000000000e+00       0.000000000000e+00 
  428       1.400440317207e-13       1.543114289163e-15      -1.982778855067e-15       8.609377066459e-16       0.000000000000e+00       0.000000000000e+00       0.000000000000e+00 
  429       1.370763426136e-13       1.552589215455e-15      -1.900631860221e-15       8.576659736925e-16       0.000000000000e+00       0.000000000000e+00       0.000000000000e+00 
  430       1.341881460589e-13       1.561631165547e-15      -1.811944715164e-15       8.542461652066e-16       0.000000000000e+00       0.000000000000e+00       0.000000000000e+00 
  431       1.313794434490e-13       1.570236355055e-15      -1.716928488314e-15       8.506818152446e-16       0.000000000000e+00       0.000000000000e+00       0.000000000000e+00 
  432       1.286502166835e-13       1.578401019458e-15      -1.615799330060e-15       8.469765452373e-16       0.000000000000e+00       0.000000000000e+00       0.000000000000e+00 
  433       1.260004280147e-13       1.586121414382e-15      -1.508778504318e-15       8.431340645289e-16       0.000000000000e+00       0.000000000000e+00       0.000000000000e+00 
  434       1.234300198930e-13       1.593393815900e-15      -1.396092420074e-15       8.391581709162e-16       0.000000000000e+00       0.000000000000e+00       0.000000000000e+00 
  435       1.209389148121e-13       1.600214520815e-15      -1.277972662938e-15       8.350527511875e-16       0.000000000000e+00       0.000000000000e+00       0.000000000000e+00 
  436       1.185270151544e-13       1.606579846958e-15      -1.154656026689e-15       8.308217816621e-16       0.000000000000e+00       0.000000000000e+00       0.000000000000e+00 
  437       1.161942030363e-13       1.612486133476e-15      -1.026384544824e-15       8.264693287293e-16       0.000000000000e+00       0.000000000000e+00       0.000000000000e+00 
  438       1.139403401536e-13       1.617929741124e-15      -8.934055221108e-16       8.219995493876e-16       0.000000000000e+00       0.000000000000e+00       0.000000000000e+00 
  439       1.117652676266e-13       1.622907052556e-15      -7.559715661331e-16       8.174166917837e-16       0.000000000000e+00       0.000000000000e+00       0.000000000000e+00 
  440       1.096688058459e-13       1.627414472617e-15      -6.143406188411e-16       8.127250957518e-16       0.000000000000e+00       0.000000000000e+00       0.000000000000e+00 
  441       1.076507543172e-13       1.631448428636e-15      -4.687759880997e-16       8.079291933527e-16       0.000000000000e+00       0.000000000000e+00       0.000000000000e+00 
  442       1.057108915067e-13       1.635005370713e-15      -3.195463792383e-16       8.030335094129e-16       0.000000000000e+00       0.000000000000e+00       0.000000000000e+00 
  443       1.038489746868e-13       1.638081772014e-15      -1.669259265988e-16       7.980426620640e-16       0.000000000000e+00       0.000000000000e+00       0.000000000000e+00 
  444       1.020647397812e-13       1.640674129062e-15      -1.119422508530e-17       7.929613632814e-16       0.000000000000e+00       0.000000000000e+00       0.000000000000e+00 
  445       1.003579012101e-13       1.642778962027e-15       1.473636382873e-16       7.877944194240e-16       0.000000000000e+00       0.000000000000e+00       0.000000000000e+00 
  446       9.872815173572e-14       1.644392815019e-15       3.084570528445e-16       7.825467317726e-16       0.000000000000e+00       0.000000000000e+00       0.000000000000e+00 
  447       9.717516230744e-14       1.645512256377e-15       4.717898527030e-16       7.772232970701e-16       0.000000000000e+00       0.000000000000e+00       0.000000000000e+00 
  448       9.569858190735e-14       1.646133878964e-15       6.370602852218e-16       7.718292080596e-16       0.000000000000e+00       0.000000000000e+00       0.000000000000e+00 
  449       9.429803739543e-14       1.646254300453e-15       8.039609794535e-16       7.663696540241e-16       0.000000000000e+00       0.000000000000e+00       0.000000000000e+00 
  450       9.297313335490e-14       1.645870163626e-15       9.721789145952e-16       7.608499213258e-16       0.000000000000e+00       0.000000000000e+00       0.000000000000e+00 
  451       9.172345193755e-14       1.644978136657e-15       1.141395388439e-15       7.552753939448e-16       0.000000000000e+00       0.000000000000e+00       0.000000000000e+00 
  452       9.054855270908e-14       1.643574913409e-15       1.311285985825e-15       7.496515540184e-16       0.000000000000e+00       0.000000000000e+00       0.000000000000e+00 
  453       8.944797249441e-14       1.641657213725e-15       1.481520547090e-15       7.439839823805e-16       0.000000000000e+00       0.000000000000e+00       0.000000000000e+00 
  454       8.842122522301e-14       1.639221783716e-15       1.651763136519e-15       7.382783591004e-16       0.000000000000e+00       0.000000000000e+00       0.000000000000e+00 
  455       8.746780177424e-14       1.636265396056e-15       1.821672010798e-15       7.325404640223e-16       0.000000000000e+00       0.000000000000e+00       0.000000000000e+00 
  456       8.658716982264e-14       1.632784850271e-15       1.990899587463e-15       7.267761773040e-16       0.000000000000e+00       0.000000000000e+00       0.000000000000e+00 
  457       8.577877368330e-14       1.628776973032e-15       2.159092413353e-15       7.209914799566e-16       0.000000000000e+00       0.000000000000e+00       0.000000000000e+00 
  458       8.504203415715e-14       1.624238618445e-15       2.325891133059e-15       7.151924543831e-16       0.000000000000e+00       0.000000000000e+00       0.000000000000e+00 
  459       8.437634837631e-14       1.619166668343e-15       2.490930457376e-15       7.093852849180e-16       0.000000000000e+00       0.000000000000e+00       0.000000000000e+00 
  460       8.378108964941e-14       1.613558032578e-15       2.653839131756e-15       7.035762583663e-16       0.000000000000e+00       0.000000000000e+00       0.000000000000e+00 
  461       8.325560730690e-14       1.607409649312e-15       2.814239904755e-15       6.977717645423e-16       0.000000000000e+00       0.000000000000e+00       0.000000000000e+00 
  462       8.279922654639e-14       1.600718485306e-15       2.971749496488e-15       6.919782968095e-16       0.000000000000e+00       0.000000000000e+00       0.000000000000e+00 
  463       8.241124827799e-14       1.593481536218e-15       3.125978567076e-15       6.862024526190e-16       0.000000000000e+00       0.000000000000e+00       0.000000000000e+00 
  464       8.209094896961e-14       1.585695826885e-15       3.276531685102e-15       6.804509340491e-16       0.000000000000e+00       0.000000000000e+00       0.000000000000e+00 
  465       8.183758049228e-14       1.577358411622e-15       3.423007296059e-15       6.747305483443e-16       0.000000000000e+00       0.000000000000e+00       0.000000000000e+00 
  466       8.165019860543e-14       1.568469389915e-15       3.565063325745e-15       6.690473420256e-16       0.000000000000e+00       0.000000000000e+00       0.000000000000e+00 
  467       8.152714283828e-14       1.559041056464e-15       3.702616307118e-15       6.634039723950e-16       0.000000000000e+00       0.000000000000e+00       0.000000000000e+00 
  468       8.146654007663e-14       1.549089037189e-15       3.835648403919e-15       6.578022550856e-16       0.000000000000e+00       0.000000000000e+00       0.000000000000e+00 
  469       8.146647420760e-14       1.538629301578e-15       3.964142341956e-15       6.522440231384e-16       0.000000000000e+00       0.000000000000e+00       0.000000000000e+00 
  470       8.152498587050e-14       1.527678164639e-15       4.088081413746e-15       6.467311270642e-16       0.000000000000e+00       0.000000000000e+00       0.000000000000e+00 
  471       8.164007220761e-14       1.516252288861e-15       4.207449483154e-15       6.412654349043e-16       0.000000000000e+00       0.000000000000e+00       0.000000000000e+00 
  472       8.180968661506e-14       1.504368686160e-15       4.322230990041e-15       6.358488322925e-16       0.000000000000e+00       0.000000000000e+00       0.000000000000e+00 
  473       8.203173849364e-14       1.492044719839e-15       4.432410954906e-15       6.304832225161e-16       0.000000000000e+00       0.000000000000e+00       0.000000000000e+00 
  474       8.230409299965e-14       1.479298106538e-15       4.537974983527e-15       6.251705265775e-16       0.000000000000e+00       0.000000000000e+00       0.000000000000e+00 
  475       8.262457079573e-14       1.466146918193e-15       4.638909271607e-15       6.199126832553e-16       0.000000000000e+00       0.000000000000e+00       0.000000000000e+00 
  476       8.299094780170e-14       1.452609583983e-15       4.735200609414e-15       6.147116491661e-16       0.000000000000e+00       0.000000000000e+00       0.000000000000e+00 
  477       8.340095494539e-14       1.438704892293e-15       4.826836386429e-15       6.095693988257e-16       0.000000000000e+00       0.000000000000e+00       0.000000000000e+00 
  478       8.385227791345e-14       1.424451992659e-15       4.913804595982e-15       6.044879247103e-16       0.000000000000e+00       0.000000000000e+00       0.000000000000e+00 
  479       8.434255690226e-14       1.409870397730e-15       4.996093839904e-15       5.994692373182e-16       0.000000000000e+00       0.000000000000e+00       0.000000000000e+00 
  480       8.486938636868e-14       1.394979985216e-15       5.073693333161e-15       5.945153652310e-16       0.000000000000e+00       0.000000000000e+00       0.000000000000e+00 
  481       8.543031478094e-14       1.379800999846e-15       5.146592908504e-15       5.896283551750e-16       0.000000000000e+00       0.000000000000e+00       0.000000000000e+00 
  482       8.602284436944e-14       1.364354055321e-15       5.214783021110e-15       5.848102720827e-16       0.000000000000e+00       0.000000000000e+00       0.000000000000e+00 
  483       8.664443087762e-14       1.348660136269e-15       5.278254753222e-15       5.800631991540e-16       0.000000000000e+00       0.000000000000e+00       0.000000000000e+00 
  484       8.729248331279e-14       1.332740600194e-15       5.336999818800e-15       5.753892379179e-16       0.000000000000e+00       0.000000000000e+00       0.000000000000e+00 
  485       8.796436369691e-14       1.316617179440e-15       5.391010568154e-15       5.707905082934e-16       0.000000000000e+00       0.000000000000e+00       0.000000000000e+00 
  486       8.865738681752e-14       1.300311983134e-15       5.440279992594e-15       5.662691486516e-16       0.000000000000e+00       0.000000000000e+00       0.000000000000e+00 
  487       8.936881997849e-14       1.283847499149e-15       5.484801729074e-15       5.618273158762e-16       0.000000000000e+00       0.000000000000e+00       0.000000000000e+00 
  488       9.009588275090e-14       1.267246596053e-15       5.524570064830e-15       5.574671854258e-16       0.000000000000e+00       0.000000000000e+00       0.000000000000e+00 
  489       9.083574672388e-14       1.250532525065e-15       5.559579942025e-15       5.531909513944e-16       0.000000000000e+00       0.000000000000e+00       0.000000000000e+00 
  490       9.158553525541e-14       1.233728922009e-15       5.589826962395e-15       5.490008265736e-16       0.000000000000e+00       0.000000000000e+00       0.000000000000e+00 
  491       9.234232322319e-14       1.216859809268e-15       5.615307391889e-15       5.448990425135e-16       0.000000000000e+00       0.000000000000e+00       0.000000000000e+00 
  492       9.310313677546e-14       1.199949597737e-15       5.636018165314e-15       5.408878495842e-16       0.000000000000e+00       0.000000000000e+00       0.000000000000e+00 
  493       9.386495308183e-14       1.183023088779e-15       5.651956890976e-15       5.369695170372e-16       0.000000000000e+00       0.000000000000e+00       0.000000000000e+00 
  494       9.462470008412e-14       1.166105476179e-15       5.663121855325e-15       5.331463330667e-16       0.000000000000e+00       0.000000000000e+00       0.000000000000e+00 
  495       9.537925624721e-14       1.149222348095e-15       5.669512027599e-15       5.294206048714e-16       0.000000000000e+00       0.000000000000e+00       0.000000000000e+00 
  496       9.612545030986e-14       1.132399689018e-15       5.671127064464e-15       5.257946587152e-16       0.000000000000e+00       0.000000000000e+00       0.000000000000e+00 
  497       9.686006103555e-14       1.115663881719e-15       5.667967314659e-15       5.222708399891e-16       0.000000000000e+00       0.000000000000e+00       0.000000000000e+00 
  498       9.757981696330e-14       1.099041709209e-15       5.660033823640e-15       5.188515132725e-16       0.000000000000e+00       0.000000000000e+00       0.000000000000e+00 
  499       9.828139615854e-14       1.082560356690e-15       5.647328338222e-15       5.155390623946e-16       0.000000000000e+00       0.000000000000e+00       0.000000000000e+00 
  500       9.896142596391e-14       1.066247413511e-15       5.629853311223e-15       5.123358904955e-16       0.000000000000e+00       0.000000000000e+00       0.000000000000e+00 
