# dimensionless [l(l+1)/2pi] C_l's for tensor mode
# for l=2 to 500, i.e. number of multipoles equal to 499
#
# -> if you prefer output in CAMB/HealPix/LensPix units/order, set 'format' to 'camb' in input file
# -> if you don't want to see such a header, set 'headers' to 'no' in input file
# -> for CMB lensing (phi), these are C_l^phi-phi for the lensing potential.
#    Remember the conversion factors:
#    C_l^dd (deflection) = l(l+1) C_l^phi-phi
#    C_l^gg (shear/convergence) = 1/4 (l(l+1))^2 C_l^phi-phi
#
# 1:l     2:TT                     3:EE                     4:TE                     5:BB                     6:phiphi                 7:TPhi                   8:Ephi               
    2       1.422194598535e-10       2.674889773206e-15       1.673639483884e-13       4.784857433919e-15       0.000000000000e+00       0.000000000000e+00       0.000000000000e+00 
    3       1.089391107286e-10       2.825265935131e-15      -7.280757015539e-15       4.813678456592e-15       0.000000000000e+00       0.000000000000e+00       0.000000000000e+00 
    4       9.770820437468e-11       2.588535327005e-15      -5.970882224168e-14       4.181784147959e-15       0.000000000000e+00       0.000000000000e+00       0.000000000000e+00 
    5       9.300186507437e-11       2.065786544325e-15      -7.065817784297e-14       3.272137769717e-15       0.000000000000e+00       0.000000000000e+00       0.000000000000e+00 
    6       9.022249470964e-11       1.486914450797e-15      -6.723948699879e-14       2.371851206101e-15       0.000000000000e+00       0.000000000000e+00       0.000000000000e+00 
    7       8.846636614484e-11       1.011816145875e-15      -5.970825078796e-14       1.638403485336e-15       0.000000000000e+00       0.000000000000e+00       0.000000000000e+00 
    8       8.727956243471e-11       7.049480012459e-16      -5.257726678524e-14       1.123911073274e-15       0.000000000000e+00       0.000000000000e+00       0.000000000000e+00 
    9       8.641671685076e-11       5.604281356939e-16      -4.751464446943e-14       8.158670387718e-16       0.000000000000e+00       0.000000000000e+00       0.000000000000e+00 
   10       8.573634682718e-11       5.384657458160e-16      -4.484620365625e-14       6.721811027427e-16       0.000000000000e+00       0.000000000000e+00       0.000000000000e+00 
   11       8.515570043270e-11       5.938805293883e-16      -4.435041395655e-14       6.446556614227e-16       0.000000000000e+00       0.000000000000e+00       0.000000000000e+00 
   12       8.462681110090e-11       6.911917297235e-16      -4.563657644547e-14       6.915539880334e-16       0.000000000000e+00       0.000000000000e+00       0.000000000000e+00 
   13       8.412122804210e-11       8.084253776379e-16      -4.832142961559e-14       7.823252787195e-16       0.000000000000e+00       0.000000000000e+00       0.000000000000e+00 
   14       8.362128350209e-11       9.352250617241e-16      -5.210421878584e-14       8.969635892884e-16       0.000000000000e+00       0.000000000000e+00       0.000000000000e+00 
   15       8.311593638829e-11       1.067552638481e-15      -5.676625721849e-14       1.024564183312e-15       0.000000000000e+00       0.000000000000e+00       0.000000000000e+00 
   16       8.259862847234e-11       1.204973693465e-15      -6.215229410203e-14       1.159443844889e-15       0.000000000000e+00       0.000000000000e+00       0.000000000000e+00 
   17       8.206579205070e-11       1.347847934836e-15      -6.815357073154e-14       1.299279951942e-15       0.000000000000e+00       0.000000000000e+00       0.000000000000e+00 
   18       8.150973196756e-11       1.496342963589e-15      -7.469324687128e-14       1.443439232185e-15       0.000000000000e+00       0.000000000000e+00       0.000000000000e+00 
   19       8.094776198980e-11       1.650361074976e-15      -8.172530432341e-14       1.591712860118e-15       0.000000000000e+00       0.000000000000e+00       0.000000000000e+00 
   20       8.036061684683e-11       1.809786344852e-15      -8.918977919137e-14       1.744065541407e-15       0.000000000000e+00       0.000000000000e+00       0.000000000000e+00 
   21       7.975885192120e-11       1.974377984066e-15      -9.705211199313e-14       1.900400559554e-15       0.000000000000e+00       0.000000000000e+00       0.000000000000e+00 
   22       7.913702016825e-11       2.143889528930e-15      -1.052762143539e-13       2.060661621519e-15       0.000000000000e+00       0.000000000000e+00       0.000000000000e+00 
   23       7.850257128125e-11       2.318175094485e-15      -1.138301080993e-13       2.224704011956e-15       0.000000000000e+00       0.000000000000e+00       0.000000000000e+00 
   24       7.784942906957e-11       2.497175168418e-15      -1.226774174285e-13       2.392381858847e-15       0.000000000000e+00       0.000000000000e+00       0.000000000000e+00 
   25       7.718351549885e-11       2.680929681014e-15      -1.317873263526e-13       2.563494644160e-15       0.000000000000e+00       0.000000000000e+00       0.000000000000e+00 
   26       7.650153308386e-11       2.869536413387e-15      -1.411280705485e-13       2.737842960284e-15       0.000000000000e+00       0.000000000000e+00       0.000000000000e+00 
   27       7.580592688405e-11       3.063003512530e-15      -1.506740057110e-13       2.915230838116e-15       0.000000000000e+00       0.000000000000e+00       0.000000000000e+00 
   28       7.509268256271e-11       3.261297969910e-15      -1.604000279160e-13       3.095466428725e-15       0.000000000000e+00       0.000000000000e+00       0.000000000000e+00 
   29       7.436965271921e-11       3.464243490449e-15      -1.702831807019e-13       3.278308840084e-15       0.000000000000e+00       0.000000000000e+00       0.000000000000e+00 
   30       7.363771900381e-11       3.671599051952e-15      -1.802997908882e-13       3.463504806540e-15       0.000000000000e+00       0.000000000000e+00       0.000000000000e+00 
   31       7.288871929935e-11       3.883093046357e-15      -1.904254246385e-13       3.650805985934e-15       0.000000000000e+00       0.000000000000e+00       0.000000000000e+00 
   32       7.212784976125e-11       4.098432232279e-15      -2.006390416141e-13       3.839975960306e-15       0.000000000000e+00       0.000000000000e+00       0.000000000000e+00 
   33       7.135739272182e-11       4.317291072924e-15      -2.109203942779e-13       4.030786560034e-15       0.000000000000e+00       0.000000000000e+00       0.000000000000e+00 
   34       7.057355154398e-11       4.539339420367e-15      -2.212493639460e-13       4.223015110620e-15       0.000000000000e+00       0.000000000000e+00       0.000000000000e+00 
   35       6.977965854049e-11       4.764356818589e-15      -2.316072856330e-13       4.416439539480e-15       0.000000000000e+00       0.000000000000e+00       0.000000000000e+00 
   36       6.897609485325e-11       4.992157428711e-15      -2.419761801061e-13       4.610842154301e-15       0.000000000000e+00       0.000000000000e+00       0.000000000000e+00 
   37       6.815939913687e-11       5.222559389992e-15      -2.523378609761e-13       4.806000960784e-15       0.000000000000e+00       0.000000000000e+00       0.000000000000e+00 
   38       6.733382004285e-11       5.455381701511e-15      -2.626718474906e-13       5.001654359869e-15       0.000000000000e+00       0.000000000000e+00       0.000000000000e+00 
   39       6.650257952020e-11       5.690446850796e-15      -2.729568134998e-13       5.197524355519e-15       0.000000000000e+00       0.000000000000e+00       0.000000000000e+00 
   40       6.566415337571e-11       5.927582021307e-15      -2.831711619721e-13       5.393325293577e-15       0.000000000000e+00       0.000000000000e+00       0.000000000000e+00 
   41       6.481460760202e-11       6.166620824914e-15      -2.932968619358e-13       5.588772408916e-15       0.000000000000e+00       0.000000000000e+00       0.000000000000e+00 
   42       6.395670002032e-11       6.407408472948e-15      -3.033324270867e-13       5.783612147070e-15       0.000000000000e+00       0.000000000000e+00       0.000000000000e+00 
   43       6.309291676644e-11       6.649798781886e-15      -3.132841862724e-13       5.977600779387e-15       0.000000000000e+00       0.000000000000e+00       0.000000000000e+00 
   44       6.222261135839e-11       6.893653264240e-15      -3.231630976102e-13       6.170496222548e-15       0.000000000000e+00       0.000000000000e+00       0.000000000000e+00 
   45       6.134369113522e-11       7.138822835719e-15      -3.329775728475e-13       6.362050297634e-15       0.000000000000e+00       0.000000000000e+00       0.000000000000e+00 
   46       6.045897537000e-11       7.385085504180e-15      -3.427087421682e-13       6.551982584875e-15       0.000000000000e+00       0.000000000000e+00       0.000000000000e+00 
   47       5.957123444135e-11       7.632190709754e-15      -3.523282638264e-13       6.739998870013e-15       0.000000000000e+00       0.000000000000e+00       0.000000000000e+00 
   48       5.868119526890e-11       7.879875715762e-15      -3.618049843996e-13       6.925797904909e-15       0.000000000000e+00       0.000000000000e+00       0.000000000000e+00 
   49       5.778735946568e-11       8.127864919544e-15      -3.711047855313e-13       7.109071026832e-15       0.000000000000e+00       0.000000000000e+00       0.000000000000e+00 
   50       5.688739786166e-11       8.375866114446e-15      -3.801934826223e-13       7.289522179298e-15       0.000000000000e+00       0.000000000000e+00       0.000000000000e+00 
   51       5.598320220830e-11       8.623559678477e-15      -3.890468040441e-13       7.466935264443e-15       0.000000000000e+00       0.000000000000e+00       0.000000000000e+00 
   52       5.507689036736e-11       8.870605259770e-15      -3.976428557551e-13       7.641124414622e-15       0.000000000000e+00       0.000000000000e+00       0.000000000000e+00 
   53       5.416924467489e-11       9.116643756057e-15      -4.059592966896e-13       7.811915754362e-15       0.000000000000e+00       0.000000000000e+00       0.000000000000e+00 
   54       5.325960427577e-11       9.361296482029e-15      -4.139733291216e-13       7.979147979731e-15       0.000000000000e+00       0.000000000000e+00       0.000000000000e+00 
   55       5.234682031499e-11       9.604198837277e-15      -4.216640756389e-13       8.142665430395e-15       0.000000000000e+00       0.000000000000e+00       0.000000000000e+00 
   56       5.143264603693e-11       9.845113011928e-15      -4.290204236250e-13       8.302293963121e-15       0.000000000000e+00       0.000000000000e+00       0.000000000000e+00 
   57       5.051900027500e-11       1.008384182107e-14      -4.360351126359e-13       8.457860099544e-15       0.000000000000e+00       0.000000000000e+00       0.000000000000e+00 
   58       4.960691356775e-11       1.032019715765e-14      -4.427026000599e-13       8.609198288992e-15       0.000000000000e+00       0.000000000000e+00       0.000000000000e+00 
   59       4.869646190335e-11       1.055400050397e-14      -4.490191444665e-13       8.756151195364e-15       0.000000000000e+00       0.000000000000e+00       0.000000000000e+00 
   60       4.778670046422e-11       1.078508344329e-14      -4.549828889543e-13       8.898569984006e-15       0.000000000000e+00       0.000000000000e+00       0.000000000000e+00 
   61       4.687647352565e-11       1.101328344982e-14      -4.605926459400e-13       9.036319360124e-15       0.000000000000e+00       0.000000000000e+00       0.000000000000e+00 
   62       4.596720647359e-11       1.123842899751e-14      -4.658437442223e-13       9.169293356582e-15       0.000000000000e+00       0.000000000000e+00       0.000000000000e+00 
   63       4.506062576583e-11       1.146035200131e-14      -4.707313934075e-13       9.297403615037e-15       0.000000000000e+00       0.000000000000e+00       0.000000000000e+00 
   64       4.415790038498e-11       1.167889259824e-14      -4.752519415241e-13       9.420575376086e-15       0.000000000000e+00       0.000000000000e+00       0.000000000000e+00 
   65       4.325960338269e-11       1.189389950917e-14      -4.794029171686e-13       9.538747916895e-15       0.000000000000e+00       0.000000000000e+00       0.000000000000e+00 
   66       4.236567342390e-11       1.210523040047e-14      -4.831830716516e-13       9.651874988849e-15       0.000000000000e+00       0.000000000000e+00       0.000000000000e+00 
   67       4.147537633117e-11       1.231275224583e-14      -4.865924211436e-13       9.759925255180e-15       0.000000000000e+00       0.000000000000e+00       0.000000000000e+00 
   68       4.058790615120e-11       1.251633220108e-14      -4.896316829106e-13       9.862870237432e-15       0.000000000000e+00       0.000000000000e+00       0.000000000000e+00 
   69       3.970441574194e-11       1.271580727330e-14      -4.923003571599e-13       9.960644340436e-15       0.000000000000e+00       0.000000000000e+00       0.000000000000e+00 
   70       3.882633044281e-11       1.291100912745e-14      -4.945983304529e-13       1.005317747632e-14       0.000000000000e+00       0.000000000000e+00       0.000000000000e+00 
   71       3.795472325392e-11       1.310177314641e-14      -4.965264733984e-13       1.014040695505e-14       0.000000000000e+00       0.000000000000e+00       0.000000000000e+00 
   72       3.709029273638e-11       1.328793855013e-14      -4.980866673019e-13       1.022227760262e-14       0.000000000000e+00       0.000000000000e+00       0.000000000000e+00 
   73       3.623334091262e-11       1.346934851462e-14      -4.992818308159e-13       1.029874187922e-14       0.000000000000e+00       0.000000000000e+00       0.000000000000e+00 
   74       3.538375116675e-11       1.364585029117e-14      -5.001159465887e-13       1.036975999739e-14       0.000000000000e+00       0.000000000000e+00       0.000000000000e+00 
   75       3.454096614490e-11       1.381729532535e-14      -5.005940879144e-13       1.043530004020e-14       0.000000000000e+00       0.000000000000e+00       0.000000000000e+00 
   76       3.370440877308e-11       1.398354367871e-14      -5.007217699217e-13       1.049533912748e-14       0.000000000000e+00       0.000000000000e+00       0.000000000000e+00 
   77       3.287488279806e-11       1.414447796121e-14      -5.005028076377e-13       1.054986689863e-14       0.000000000000e+00       0.000000000000e+00       0.000000000000e+00 
   78       3.205338867786e-11       1.429999216762e-14      -4.999411139339e-13       1.059888288259e-14       0.000000000000e+00       0.000000000000e+00       0.000000000000e+00 
   79       3.124069031860e-11       1.444998780432e-14      -4.990413529277e-13       1.064239564350e-14       0.000000000000e+00       0.000000000000e+00       0.000000000000e+00 
   80       3.043730206138e-11       1.459437409665e-14      -4.978089527812e-13       1.068042292037e-14       0.000000000000e+00       0.000000000000e+00       0.000000000000e+00 
   81       2.964347566911e-11       1.473306819623e-14      -4.962501184998e-13       1.071299176676e-14       0.000000000000e+00       0.000000000000e+00       0.000000000000e+00 
   82       2.885918731326e-11       1.486599538826e-14      -4.943718447310e-13       1.074013869045e-14       0.000000000000e+00       0.000000000000e+00       0.000000000000e+00 
   83       2.808412456078e-11       1.499308929890e-14      -4.921819285628e-13       1.076190979306e-14       0.000000000000e+00       0.000000000000e+00       0.000000000000e+00 
   84       2.731796850151e-11       1.511428767800e-14      -4.896884299676e-13       1.077835598447e-14       0.000000000000e+00       0.000000000000e+00       0.000000000000e+00 
   85       2.656132237444e-11       1.522951848998e-14      -4.868979223232e-13       1.078951740844e-14       0.000000000000e+00       0.000000000000e+00       0.000000000000e+00 
   86       2.581491374478e-11       1.533871188655e-14      -4.838169739827e-13       1.079543667918e-14       0.000000000000e+00       0.000000000000e+00       0.000000000000e+00 
   87       2.507930511679e-11       1.544180455722e-14      -4.804526783061e-13       1.079616363302e-14       0.000000000000e+00       0.000000000000e+00       0.000000000000e+00 
   88       2.435488588090e-11       1.553873986229e-14      -4.768126571766e-13       1.079175538541e-14       0.000000000000e+00       0.000000000000e+00       0.000000000000e+00 
   89       2.364186426088e-11       1.562946796577e-14      -4.729050645151e-13       1.078227638770e-14       0.000000000000e+00       0.000000000000e+00       0.000000000000e+00 
   90       2.294025926106e-11       1.571394596839e-14      -4.687385897963e-13       1.076779848409e-14       0.000000000000e+00       0.000000000000e+00       0.000000000000e+00 
   91       2.224989261342e-11       1.579213804056e-14      -4.643224615640e-13       1.074840096849e-14       0.000000000000e+00       0.000000000000e+00       0.000000000000e+00 
   92       2.157038072483e-11       1.586401555528e-14      -4.596664509462e-13       1.072417064141e-14       0.000000000000e+00       0.000000000000e+00       0.000000000000e+00 
   93       2.090136914686e-11       1.592955535664e-14      -4.547803690822e-13       1.069519756862e-14       0.000000000000e+00       0.000000000000e+00       0.000000000000e+00 
   94       2.024329381527e-11       1.598873397830e-14      -4.496724653026e-13       1.066156150394e-14       0.000000000000e+00       0.000000000000e+00       0.000000000000e+00 
   95       1.959671994488e-11       1.604153279726e-14      -4.443507934138e-13       1.062334352010e-14       0.000000000000e+00       0.000000000000e+00       0.000000000000e+00 
   96       1.896210504771e-11       1.608793992681e-14      -4.388236929357e-13       1.058063012293e-14       0.000000000000e+00       0.000000000000e+00       0.000000000000e+00 
   97       1.833979420925e-11       1.612795032392e-14      -4.330997856697e-13       1.053351324925e-14       0.000000000000e+00       0.000000000000e+00       0.000000000000e+00 
   98       1.773001536468e-11       1.616156589662e-14      -4.271879722674e-13       1.048209026474e-14       0.000000000000e+00       0.000000000000e+00       0.000000000000e+00 
   99       1.713287457511e-11       1.618879561133e-14      -4.210974287988e-13       1.042646396185e-14       0.000000000000e+00       0.000000000000e+00       0.000000000000e+00 
  100       1.654835130382e-11       1.620965560029e-14      -4.148376033209e-13       1.036674255764e-14       0.000000000000e+00       0.000000000000e+00       0.000000000000e+00 
  101       1.597629369251e-11       1.622416926888e-14      -4.084182124463e-13       1.030303969171e-14       0.000000000000e+00       0.000000000000e+00       0.000000000000e+00 
  102       1.541641383750e-11       1.623236740302e-14      -4.018492379111e-13       1.023547442403e-14       0.000000000000e+00       0.000000000000e+00       0.000000000000e+00 
  103       1.486828306600e-11       1.623428827650e-14      -3.951409231437e-13       1.016417123288e-14       0.000000000000e+00       0.000000000000e+00       0.000000000000e+00 
  104       1.433151183668e-11       1.622997414632e-14      -3.883033840919e-13       1.008925561119e-14       0.000000000000e+00       0.000000000000e+00       0.000000000000e+00 
  105       1.380632729264e-11       1.621945996796e-14      -3.813453892221e-13       1.001084018267e-14       0.000000000000e+00       0.000000000000e+00       0.000000000000e+00 
  106       1.329306528417e-11       1.620278334880e-14      -3.742754075507e-13       9.929036697513e-15       0.000000000000e+00       0.000000000000e+00       0.000000000000e+00 
  107       1.279199004902e-11       1.617998809086e-14      -3.671019720915e-13       9.843960216537e-15       0.000000000000e+00       0.000000000000e+00       0.000000000000e+00 
  108       1.230329151742e-11       1.615112425854e-14      -3.598336721843e-13       9.755729060704e-15       0.000000000000e+00       0.000000000000e+00       0.000000000000e+00 
  109       1.182708261720e-11       1.611624824628e-14      -3.524791458253e-13       9.664464760638e-15       0.000000000000e+00       0.000000000000e+00       0.000000000000e+00 
  110       1.136339657886e-11       1.607542284622e-14      -3.450470719960e-13       9.570292006137e-15       0.000000000000e+00       0.000000000000e+00       0.000000000000e+00 
  111       1.091218424063e-11       1.602871731588e-14      -3.375461629929e-13       9.473338595688e-15       0.000000000000e+00       0.000000000000e+00       0.000000000000e+00 
  112       1.047331135354e-11       1.597620744586e-14      -3.299851567572e-13       9.373735385984e-15       0.000000000000e+00       0.000000000000e+00       0.000000000000e+00 
  113       1.004655588653e-11       1.591797562749e-14      -3.223728092038e-13       9.271616241439e-15       0.000000000000e+00       0.000000000000e+00       0.000000000000e+00 
  114       9.631605331499e-12       1.585411092053e-14      -3.147178865514e-13       9.167117983701e-15       0.000000000000e+00       0.000000000000e+00       0.000000000000e+00 
  115       9.228054008388e-12       1.578470912081e-14      -3.070291576517e-13       9.060380341166e-15       0.000000000000e+00       0.000000000000e+00       0.000000000000e+00 
  116       8.835529913939e-12       1.570986876934e-14      -2.993152064894e-13       8.951541895436e-15       0.000000000000e+00       0.000000000000e+00       0.000000000000e+00 
  117       8.454098525936e-12       1.562967848435e-14      -2.915838602187e-13       8.840727469494e-15       0.000000000000e+00       0.000000000000e+00       0.000000000000e+00 
  118       8.083903261805e-12       1.554422820898e-14      -2.838426768591e-13       8.728059104225e-15       0.000000000000e+00       0.000000000000e+00       0.000000000000e+00 
  119       7.725038795151e-12       1.545361316348e-14      -2.760991097429e-13       8.613659839332e-15       0.000000000000e+00       0.000000000000e+00       0.000000000000e+00 
  120       7.377549506220e-12       1.535793387706e-14      -2.683604982548e-13       8.497653627461e-15       0.000000000000e+00       0.000000000000e+00       0.000000000000e+00 
  121       7.041427932367e-12       1.525729621961e-14      -2.606340585714e-13       8.380165248313e-15       0.000000000000e+00       0.000000000000e+00       0.000000000000e+00 
  122       6.716613218525e-12       1.515181143357e-14      -2.529268744005e-13       8.261320222774e-15       0.000000000000e+00       0.000000000000e+00       0.000000000000e+00 
  123       6.402989567670e-12       1.504159616566e-14      -2.452458877209e-13       8.141244727032e-15       0.000000000000e+00       0.000000000000e+00       0.000000000000e+00 
  124       6.100384691285e-12       1.492677249869e-14      -2.375978895216e-13       8.020065506698e-15       0.000000000000e+00       0.000000000000e+00       0.000000000000e+00 
  125       5.808568259832e-12       1.480746798337e-14      -2.299895105418e-13       7.897909790927e-15       0.000000000000e+00       0.000000000000e+00       0.000000000000e+00 
  126       5.527250353213e-12       1.468381567006e-14      -2.224272120098e-13       7.774905206538e-15       0.000000000000e+00       0.000000000000e+00       0.000000000000e+00 
  127       5.256079911241e-12       1.455595414062e-14      -2.149172763828e-13       7.651179692139e-15       0.000000000000e+00       0.000000000000e+00       0.000000000000e+00 
  128       4.994643184104e-12       1.442402754013e-14      -2.074657980865e-13       7.526861412242e-15       0.000000000000e+00       0.000000000000e+00       0.000000000000e+00 
  129       4.742560819770e-12       1.428818017429e-14      -2.000786842895e-13       7.402075954733e-15       0.000000000000e+00       0.000000000000e+00       0.000000000000e+00 
  130       4.499794459307e-12       1.414853956376e-14      -1.927616769922e-13       7.276937758064e-15       0.000000000000e+00       0.000000000000e+00       0.000000000000e+00 
  131       4.266371003718e-12       1.400523158226e-14      -1.855203158719e-13       7.151557576941e-15       0.000000000000e+00       0.000000000000e+00       0.000000000000e+00 
  132       4.042286156498e-12       1.385838571737e-14      -1.783599193672e-13       7.026045010398e-15       0.000000000000e+00       0.000000000000e+00       0.000000000000e+00 
  133       3.827503579912e-12       1.370813506342e-14      -1.712855754883e-13       6.900508396473e-15       0.000000000000e+00       0.000000000000e+00       0.000000000000e+00 
  134       3.621954051268e-12       1.355461631441e-14      -1.643021326295e-13       6.775054706899e-15       0.000000000000e+00       0.000000000000e+00       0.000000000000e+00 
  135       3.425534619199e-12       1.339796975693e-14      -1.574141903795e-13       6.649789441775e-15       0.000000000000e+00       0.000000000000e+00       0.000000000000e+00 
  136       3.238107759935e-12       1.323833926301e-14      -1.506260903332e-13       6.524816524256e-15       0.000000000000e+00       0.000000000000e+00       0.000000000000e+00 
  137       3.059500533580e-12       1.307587228308e-14      -1.439419069033e-13       6.400238195230e-15       0.000000000000e+00       0.000000000000e+00       0.000000000000e+00 
  138       2.889503740392e-12       1.291071983886e-14      -1.373654381307e-13       6.276154908001e-15       0.000000000000e+00       0.000000000000e+00       0.000000000000e+00 
  139       2.727871077055e-12       1.274303651622e-14      -1.309001964969e-13       6.152665222970e-15       0.000000000000e+00       0.000000000000e+00       0.000000000000e+00 
  140       2.574318292960e-12       1.257298045816e-14      -1.245493997344e-13       6.029865702318e-15       0.000000000000e+00       0.000000000000e+00       0.000000000000e+00 
  141       2.428522346475e-12       1.240071335766e-14      -1.183159616385e-13       5.907850804685e-15       0.000000000000e+00       0.000000000000e+00       0.000000000000e+00 
  142       2.290120561230e-12       1.222640045059e-14      -1.122024828788e-13       5.786712779854e-15       0.000000000000e+00       0.000000000000e+00       0.000000000000e+00 
  143       2.158709782386e-12       1.205021050863e-14      -1.062112418097e-13       5.666541563430e-15       0.000000000000e+00       0.000000000000e+00       0.000000000000e+00 
  144       2.033921310495e-12       1.187230953722e-14      -1.003444525433e-13       5.547424230550e-15       0.000000000000e+00       0.000000000000e+00       0.000000000000e+00 
  145       1.915655810237e-12       1.169284118413e-14      -9.460508723724e-14       5.429443518634e-15       0.000000000000e+00       0.000000000000e+00       0.000000000000e+00 
  146       1.803870064472e-12       1.151194437694e-14      -8.899611778337e-14       5.312678958110e-15       0.000000000000e+00       0.000000000000e+00       0.000000000000e+00 
  147       1.698502871596e-12       1.132975940169e-14      -8.352024824126e-14       5.197207193417e-15       0.000000000000e+00       0.000000000000e+00       0.000000000000e+00 
  148       1.599474637322e-12       1.114642785960e-14      -7.817990718556e-14       5.083101875151e-15       0.000000000000e+00       0.000000000000e+00       0.000000000000e+00 
  149       1.506686966463e-12       1.096209262380e-14      -7.297724005333e-14       4.970433552212e-15       0.000000000000e+00       0.000000000000e+00       0.000000000000e+00 
  150       1.420022254706e-12       1.077689779603e-14      -6.791410149133e-14       4.859269563950e-15       0.000000000000e+00       0.000000000000e+00       0.000000000000e+00 
  151       1.339343280396e-12       1.059098866342e-14      -6.299204770326e-14       4.749673932315e-15       0.000000000000e+00       0.000000000000e+00       0.000000000000e+00 
  152       1.264492796315e-12       1.040451165514e-14      -5.821232879710e-14       4.641707254002e-15       0.000000000000e+00       0.000000000000e+00       0.000000000000e+00 
  153       1.195293121460e-12       1.021761429920e-14      -5.357588113240e-14       4.535426592598e-15       0.000000000000e+00       0.000000000000e+00       0.000000000000e+00 
  154       1.131545732828e-12       1.003044517915e-14      -4.908331966756e-14       4.430885370732e-15       0.000000000000e+00       0.000000000000e+00       0.000000000000e+00 
  155       1.073030857188e-12       9.843153890784e-15      -4.473493030710e-14       4.328133262218e-15       0.000000000000e+00       0.000000000000e+00       0.000000000000e+00 
  156       1.019507062868e-12       9.655890998889e-15      -4.053066224902e-14       4.227216084207e-15       0.000000000000e+00       0.000000000000e+00       0.000000000000e+00 
  157       9.707108515309e-13       9.468807993970e-15      -3.647012033201e-14       4.128175689330e-15       0.000000000000e+00       0.000000000000e+00       0.000000000000e+00 
  158       9.263562499544e-13       9.282057248973e-15      -3.255255738280e-14       4.031049857847e-15       0.000000000000e+00       0.000000000000e+00       0.000000000000e+00 
  159       8.861344018132e-13       9.095791976012e-15      -2.877686656344e-14       3.935872189794e-15       0.000000000000e+00       0.000000000000e+00       0.000000000000e+00 
  160       8.497131594569e-13       8.910166183091e-15      -2.514157371858e-14       3.842671997132e-15       0.000000000000e+00       0.000000000000e+00       0.000000000000e+00 
  161       8.167901589447e-13       8.725328707460e-15      -2.164530787697e-14       3.751477450660e-15       0.000000000000e+00       0.000000000000e+00       0.000000000000e+00 
  162       7.872581766950e-13       8.541404813535e-15      -1.828827557979e-14       3.662325559941e-15       0.000000000000e+00       0.000000000000e+00       0.000000000000e+00 
  163       7.610536836687e-13       8.358512877353e-15      -1.507090291254e-14       3.575252873910e-15       0.000000000000e+00       0.000000000000e+00       0.000000000000e+00 
  164       7.381045164369e-13       8.176770093620e-15      -1.199336366769e-14       3.490292213349e-15       0.000000000000e+00       0.000000000000e+00       0.000000000000e+00 
  165       7.183297150309e-13       7.996292405183e-15      -9.055573891908e-15       3.407472578005e-15       0.000000000000e+00       0.000000000000e+00       0.000000000000e+00 
  166       7.016393607916e-13       7.817194432505e-15      -6.257186433246e-15       3.326819053711e-15       0.000000000000e+00       0.000000000000e+00       0.000000000000e+00 
  167       6.879344142192e-13       7.639589403138e-15      -3.597585488399e-15       3.248352719510e-15       0.000000000000e+00       0.000000000000e+00       0.000000000000e+00 
  168       6.771065528225e-13       7.463589081199e-15      -1.075881149901e-15       3.172090554779e-15       0.000000000000e+00       0.000000000000e+00       0.000000000000e+00 
  169       6.690380089685e-13       7.289303696840e-15       1.309096046647e-15       3.098045346343e-15       0.000000000000e+00       0.000000000000e+00       0.000000000000e+00 
  170       6.636014077324e-13       7.116841875724e-15       3.558800575359e-15       3.026225595608e-15       0.000000000000e+00       0.000000000000e+00       0.000000000000e+00 
  171       6.606596047465e-13       6.946310568497e-15       5.674977372842e-15       2.956635425674e-15       0.000000000000e+00       0.000000000000e+00       0.000000000000e+00 
  172       6.600655240502e-13       6.777814980263e-15       7.659667290981e-15       2.889274488461e-15       0.000000000000e+00       0.000000000000e+00       0.000000000000e+00 
  173       6.616619959396e-13       6.611458500056e-15       9.515212549712e-15       2.824137871832e-15       0.000000000000e+00       0.000000000000e+00       0.000000000000e+00 
  174       6.652815948168e-13       6.447342630317e-15       1.124426218981e-14       2.761216006712e-15       0.000000000000e+00       0.000000000000e+00       0.000000000000e+00 
  175       6.707464770396e-13       6.285566916362e-15       1.284977752566e-14       2.700494574210e-15       0.000000000000e+00       0.000000000000e+00       0.000000000000e+00 
  176       6.778682187708e-13       6.126228875860e-15       1.433503759804e-14       2.641954412746e-15       0.000000000000e+00       0.000000000000e+00       0.000000000000e+00 
  177       6.864476538285e-13       5.969423928307e-15       1.570364462691e-14       2.585571425167e-15       0.000000000000e+00       0.000000000000e+00       0.000000000000e+00 
  178       6.962747115348e-13       5.815245324495e-15       1.695952946419e-14       2.531316485872e-15       0.000000000000e+00       0.000000000000e+00       0.000000000000e+00 
  179       7.071282545658e-13       5.663784075991e-15       1.810695704651e-14       2.479155347933e-15       0.000000000000e+00       0.000000000000e+00       0.000000000000e+00 
  180       7.188093069028e-13       5.515125964198e-15       1.914988338199e-14       2.429056082822e-15       0.000000000000e+00       0.000000000000e+00       0.000000000000e+00 
  181       7.312440299961e-13       5.369342449019e-15       2.008995796332e-14       2.381012254911e-15       0.000000000000e+00       0.000000000000e+00       0.000000000000e+00 
  182       7.443886396679e-13       5.226498900424e-15       2.092837267150e-14       2.335021415002e-15       0.000000000000e+00       0.000000000000e+00       0.000000000000e+00 
  183       7.581967126969e-13       5.086657373215e-15       2.166649901523e-14       2.291077668599e-15       0.000000000000e+00       0.000000000000e+00       0.000000000000e+00 
  184       7.726191476518e-13       4.949876525745e-15       2.230589119530e-14       2.249171610766e-15       0.000000000000e+00       0.000000000000e+00       0.000000000000e+00 
  185       7.876041257249e-13       4.816211538630e-15       2.284828916886e-14       2.209290261001e-15       0.000000000000e+00       0.000000000000e+00       0.000000000000e+00 
  186       8.030970715648e-13       4.685714033473e-15       2.329562171376e-14       2.171416998097e-15       0.000000000000e+00       0.000000000000e+00       0.000000000000e+00 
  187       8.190406141106e-13       4.558431991575e-15       2.365000949288e-14       2.135531495012e-15       0.000000000000e+00       0.000000000000e+00       0.000000000000e+00 
  188       8.353745474244e-13       4.434409672654e-15       2.391376811844e-14       2.101609653735e-15       0.000000000000e+00       0.000000000000e+00       0.000000000000e+00 
  189       8.520357915255e-13       4.313687533565e-15       2.408941121633e-14       2.069623540149e-15       0.000000000000e+00       0.000000000000e+00       0.000000000000e+00 
  190       8.689583532232e-13       4.196302147012e-15       2.417965349044e-14       2.039541318900e-15       0.000000000000e+00       0.000000000000e+00       0.000000000000e+00 
  191       8.860732869501e-13       4.082286120268e-15       2.418741378699e-14       2.011327188267e-15       0.000000000000e+00       0.000000000000e+00       0.000000000000e+00 
  192       9.033086555960e-13       3.971668013892e-15       2.411581815881e-14       1.984941315019e-15       0.000000000000e+00       0.000000000000e+00       0.000000000000e+00 
  193       9.205894913409e-13       3.864472260445e-15       2.396820292971e-14       1.960339769292e-15       0.000000000000e+00       0.000000000000e+00       0.000000000000e+00 
  194       9.378377564883e-13       3.760719083206e-15       2.374811775878e-14       1.937474459447e-15       0.000000000000e+00       0.000000000000e+00       0.000000000000e+00 
  195       9.549723042986e-13       3.660424414894e-15       2.345932870473e-14       1.916293066941e-15       0.000000000000e+00       0.000000000000e+00       0.000000000000e+00 
  196       9.719088398228e-13       3.563599816378e-15       2.310582129019e-14       1.896738981193e-15       0.000000000000e+00       0.000000000000e+00       0.000000000000e+00 
  197       9.885598807354e-13       3.470252395399e-15       2.269180356605e-14       1.878751234449e-15       0.000000000000e+00       0.000000000000e+00       0.000000000000e+00 
  198       1.004834718168e-12       3.380384725286e-15       2.222170917578e-14       1.862264436648e-15       0.000000000000e+00       0.000000000000e+00       0.000000000000e+00 
  199       1.020639377543e-12       3.293994763672e-15       2.170020041976e-14       1.847208710291e-15       0.000000000000e+00       0.000000000000e+00       0.000000000000e+00 
  200       1.035876579405e-12       3.211075771211e-15       2.113217131956e-14       1.833509625304e-15       0.000000000000e+00       0.000000000000e+00       0.000000000000e+00 
  201       1.050461233025e-12       3.131619584052e-15       2.052210255750e-14       1.821098588599e-15       0.000000000000e+00       0.000000000000e+00       0.000000000000e+00 
  202       1.064368231963e-12       3.055626860795e-15       1.987206857434e-14       1.809944975215e-15       0.000000000000e+00       0.000000000000e+00       0.000000000000e+00 
  203       1.077588001037e-12       2.983097411582e-15       1.918359386014e-14       1.800026169403e-15       0.000000000000e+00       0.000000000000e+00       0.000000000000e+00 
  204       1.090111277111e-12       2.914026839220e-15       1.845828942562e-14       1.791317282206e-15       0.000000000000e+00       0.000000000000e+00       0.000000000000e+00 
  205       1.101929115832e-12       2.848406467810e-15       1.769785395095e-14       1.783791117226e-15       0.000000000000e+00       0.000000000000e+00       0.000000000000e+00 
  206       1.113032898375e-12       2.786223271373e-15       1.690407493454e-14       1.777418136389e-15       0.000000000000e+00       0.000000000000e+00       0.000000000000e+00 
  207       1.123414338181e-12       2.727459802482e-15       1.607882984178e-14       1.772166425711e-15       0.000000000000e+00       0.000000000000e+00       0.000000000000e+00 
  208       1.133065487699e-12       2.672094120890e-15       1.522408725385e-14       1.768001661063e-15       0.000000000000e+00       0.000000000000e+00       0.000000000000e+00 
  209       1.141978745127e-12       2.620099722159e-15       1.434190801651e-14       1.764887073936e-15       0.000000000000e+00       0.000000000000e+00       0.000000000000e+00 
  210       1.150146861154e-12       2.571445466290e-15       1.343444638883e-14       1.762783417207e-15       0.000000000000e+00       0.000000000000e+00       0.000000000000e+00 
  211       1.157562945695e-12       2.526095506350e-15       1.250395119201e-14       1.761648930905e-15       0.000000000000e+00       0.000000000000e+00       0.000000000000e+00 
  212       1.164220474639e-12       2.484009217104e-15       1.155276695813e-14       1.761439307975e-15       0.000000000000e+00       0.000000000000e+00       0.000000000000e+00 
  213       1.170113296587e-12       2.445141123642e-15       1.058333507894e-14       1.762107660044e-15       0.000000000000e+00       0.000000000000e+00       0.000000000000e+00 
  214       1.175235639589e-12       2.409440830010e-15       9.598194954656e-15       1.763604483188e-15       0.000000000000e+00       0.000000000000e+00       0.000000000000e+00 
  215       1.179582117892e-12       2.376852947836e-15       8.599985142694e-15       1.765877623695e-15       0.000000000000e+00       0.000000000000e+00       0.000000000000e+00 
  216       1.183147738675e-12       2.347317024961e-15       7.591444506486e-15       1.768872243832e-15       0.000000000000e+00       0.000000000000e+00       0.000000000000e+00 
  217       1.185927908791e-12       2.320767474070e-15       6.575413364237e-15       1.772530787609e-15       0.000000000000e+00       0.000000000000e+00       0.000000000000e+00 
  218       1.187918441509e-12       2.297133501319e-15       5.554834637712e-15       1.776792946547e-15       0.000000000000e+00       0.000000000000e+00       0.000000000000e+00 
  219       1.189115563255e-12       2.276339034962e-15       4.532755001009e-15       1.781595625440e-15       0.000000000000e+00       0.000000000000e+00       0.000000000000e+00 
  220       1.189515920352e-12       2.258302653984e-15       3.512326029340e-15       1.786872908124e-15       0.000000000000e+00       0.000000000000e+00       0.000000000000e+00 
  221       1.189116585757e-12       2.242937516730e-15       2.496805347805e-15       1.792556023240e-15       0.000000000000e+00       0.000000000000e+00       0.000000000000e+00 
  222       1.187915065811e-12       2.230151289530e-15       1.489557780170e-15       1.798573309999e-15       0.000000000000e+00       0.000000000000e+00       0.000000000000e+00 
  223       1.185909306970e-12       2.219846075331e-15       4.940564976473e-16       1.804850183950e-15       0.000000000000e+00       0.000000000000e+00       0.000000000000e+00 
  224       1.183099954260e-12       2.211929854617e-15      -4.866091760339e-16       1.811319619353e-15       0.000000000000e+00       0.000000000000e+00       0.000000000000e+00 
  225       1.179497273983e-12       2.206351773200e-15      -1.451247885801e-15       1.817954415952e-15       0.000000000000e+00       0.000000000000e+00       0.000000000000e+00 
  226       1.175114689204e-12       2.203068985364e-15      -2.399147261892e-15       1.824736940766e-15       0.000000000000e+00       0.000000000000e+00       0.000000000000e+00 
  227       1.169966580084e-12       2.202035301818e-15      -3.329589352977e-15       1.831648788824e-15       0.000000000000e+00       0.000000000000e+00       0.000000000000e+00 
  228       1.164068295984e-12       2.203201145735e-15      -4.241850652007e-15       1.838670773974e-15       0.000000000000e+00       0.000000000000e+00       0.000000000000e+00 
  229       1.157436167564e-12       2.206513508796e-15      -5.135202122068e-15       1.845782919685e-15       0.000000000000e+00       0.000000000000e+00       0.000000000000e+00 
  230       1.150087518891e-12       2.211915907225e-15      -6.008909222231e-15       1.852964449855e-15       0.000000000000e+00       0.000000000000e+00       0.000000000000e+00 
  231       1.142040679532e-12       2.219348337829e-15      -6.862231933396e-15       1.860193779615e-15       0.000000000000e+00       0.000000000000e+00       0.000000000000e+00 
  232       1.133314996664e-12       2.228747234038e-15      -7.694424784153e-15       1.867448506131e-15       0.000000000000e+00       0.000000000000e+00       0.000000000000e+00 
  233       1.123930847173e-12       2.240045421946e-15      -8.504736876621e-15       1.874705399413e-15       0.000000000000e+00       0.000000000000e+00       0.000000000000e+00 
  234       1.113909649753e-12       2.253172076345e-15      -9.292411912308e-15       1.881940393120e-15       0.000000000000e+00       0.000000000000e+00       0.000000000000e+00 
  235       1.103273877014e-12       2.268052676772e-15      -1.005668821795e-14       1.889128575361e-15       0.000000000000e+00       0.000000000000e+00       0.000000000000e+00 
  236       1.092047067578e-12       2.284608963542e-15      -1.079679877139e-14       1.896244179503e-15       0.000000000000e+00       0.000000000000e+00       0.000000000000e+00 
  237       1.080253838185e-12       2.302758893788e-15      -1.151197122737e-14       1.903260574975e-15       0.000000000000e+00       0.000000000000e+00       0.000000000000e+00 
  238       1.067919895795e-12       2.322416597506e-15      -1.220142794345e-14       1.910150258076e-15       0.000000000000e+00       0.000000000000e+00       0.000000000000e+00 
  239       1.055072049685e-12       2.343492333586e-15      -1.286438600582e-14       1.916884842773e-15       0.000000000000e+00       0.000000000000e+00       0.000000000000e+00 
  240       1.041738223559e-12       2.365892445857e-15      -1.350005725514e-14       1.923435051514e-15       0.000000000000e+00       0.000000000000e+00       0.000000000000e+00 
  241       1.027947467641e-12       2.389519319126e-15      -1.410764831242e-14       1.929770706028e-15       0.000000000000e+00       0.000000000000e+00       0.000000000000e+00 
  242       1.013729970785e-12       2.414271335215e-15      -1.468636060487e-14       1.935860718131e-15       0.000000000000e+00       0.000000000000e+00       0.000000000000e+00 
  243       9.991170725728e-13       2.440042829001e-15      -1.523539039171e-14       1.941673080531e-15       0.000000000000e+00       0.000000000000e+00       0.000000000000e+00 
  244       9.841412754152e-13       2.466724044455e-15      -1.575392879007e-14       1.947174857634e-15       0.000000000000e+00       0.000000000000e+00       0.000000000000e+00 
  245       9.688362566567e-13       2.494201090686e-15      -1.624116180081e-14       1.952332176348e-15       0.000000000000e+00       0.000000000000e+00       0.000000000000e+00 
  246       9.532368806758e-13       2.522355897972e-15      -1.669627033438e-14       1.957110216888e-15       0.000000000000e+00       0.000000000000e+00       0.000000000000e+00 
  247       9.373792109873e-13       2.551066173805e-15      -1.711843023666e-14       1.961473203582e-15       0.000000000000e+00       0.000000000000e+00       0.000000000000e+00 
  248       9.213005223445e-13       2.580205358930e-15      -1.750681231484e-14       1.965384395673e-15       0.000000000000e+00       0.000000000000e+00       0.000000000000e+00 
  249       9.050393128408e-13       2.609642583382e-15      -1.786058236324e-14       1.968806078128e-15       0.000000000000e+00       0.000000000000e+00       0.000000000000e+00 
  250       8.886307112601e-13       2.639259572519e-15      -1.817908664991e-14       1.971706168688e-15       0.000000000000e+00       0.000000000000e+00       0.000000000000e+00 
  251       8.720923802188e-13       2.669002537832e-15      -1.846242019429e-14       1.974078480853e-15       0.000000000000e+00       0.000000000000e+00       0.000000000000e+00 
  252       8.554378228287e-13       2.698833195997e-15      -1.871089134194e-14       1.975923612657e-15       0.000000000000e+00       0.000000000000e+00       0.000000000000e+00 
  253       8.386809175093e-13       2.728712076915e-15      -1.892483963397e-14       1.977242439114e-15       0.000000000000e+00       0.000000000000e+00       0.000000000000e+00 
  254       8.218359212834e-13       2.758598512171e-15      -1.910463618754e-14       1.978036115666e-15       0.000000000000e+00       0.000000000000e+00       0.000000000000e+00 
  255       8.049174730736e-13       2.788450623483e-15      -1.925068407638e-14       1.978306081648e-15       0.000000000000e+00       0.000000000000e+00       0.000000000000e+00 
  256       7.879405969982e-13       2.818225311155e-15      -1.936341871133e-14       1.978054063741e-15       0.000000000000e+00       0.000000000000e+00       0.000000000000e+00 
  257       7.709207056675e-13       2.847878242535e-15      -1.944330822080e-14       1.977282079434e-15       0.000000000000e+00       0.000000000000e+00       0.000000000000e+00 
  258       7.538736034794e-13       2.877363840464e-15      -1.949085383133e-14       1.975992440475e-15       0.000000000000e+00       0.000000000000e+00       0.000000000000e+00 
  259       7.368154899158e-13       2.906635271735e-15      -1.950659024813e-14       1.974187756335e-15       0.000000000000e+00       0.000000000000e+00       0.000000000000e+00 
  260       7.197629628386e-13       2.935644435540e-15      -1.949108603551e-14       1.971870937663e-15       0.000000000000e+00       0.000000000000e+00       0.000000000000e+00 
  261       7.027330217859e-13       2.964341951928e-15      -1.944494399748e-14       1.969045199742e-15       0.000000000000e+00       0.000000000000e+00       0.000000000000e+00 
  262       6.857430712677e-13       2.992677150260e-15      -1.936880155825e-14       1.965714065950e-15       0.000000000000e+00       0.000000000000e+00       0.000000000000e+00 
  263       6.688109240625e-13       3.020598057657e-15      -1.926333114270e-14       1.961881371213e-15       0.000000000000e+00       0.000000000000e+00       0.000000000000e+00 
  264       6.519548045128e-13       3.048051387459e-15      -1.912924055694e-14       1.957551265469e-15       0.000000000000e+00       0.000000000000e+00       0.000000000000e+00 
  265       6.351933518215e-13       3.074982527677e-15      -1.896727336882e-14       1.952728217118e-15       0.000000000000e+00       0.000000000000e+00       0.000000000000e+00 
  266       6.185456233480e-13       3.101335529445e-15      -1.877820928845e-14       1.947417016486e-15       0.000000000000e+00       0.000000000000e+00       0.000000000000e+00 
  267       6.020310979041e-13       3.127053095476e-15      -1.856286454868e-14       1.941622779278e-15       0.000000000000e+00       0.000000000000e+00       0.000000000000e+00 
  268       5.856696790501e-13       3.152076568515e-15      -1.832209228568e-14       1.935350950039e-15       0.000000000000e+00       0.000000000000e+00       0.000000000000e+00 
  269       5.694816983909e-13       3.176345919790e-15      -1.805678291937e-14       1.928607305610e-15       0.000000000000e+00       0.000000000000e+00       0.000000000000e+00 
  270       5.534879188722e-13       3.199799737469e-15      -1.776786453405e-14       1.921397958584e-15       0.000000000000e+00       0.000000000000e+00       0.000000000000e+00 
  271       5.377095380762e-13       3.222375215115e-15      -1.745630325879e-14       1.913729360767e-15       0.000000000000e+00       0.000000000000e+00       0.000000000000e+00 
  272       5.221681915182e-13       3.244008140134e-15      -1.712310364806e-14       1.905608306632e-15       0.000000000000e+00       0.000000000000e+00       0.000000000000e+00 
  273       5.068859559421e-13       3.264632882232e-15      -1.676930906216e-14       1.897041936779e-15       0.000000000000e+00       0.000000000000e+00       0.000000000000e+00 
  274       4.918853526169e-13       3.284182381871e-15      -1.639600204779e-14       1.888037741394e-15       0.000000000000e+00       0.000000000000e+00       0.000000000000e+00 
  275       4.771893506326e-13       3.302588138718e-15      -1.600430471855e-14       1.878603563700e-15       0.000000000000e+00       0.000000000000e+00       0.000000000000e+00 
  276       4.628213701960e-13       3.319780200100e-15      -1.559537913544e-14       1.868747603423e-15       0.000000000000e+00       0.000000000000e+00       0.000000000000e+00 
  277       4.488052859275e-13       3.335687149462e-15      -1.517042768739e-14       1.858478420244e-15       0.000000000000e+00       0.000000000000e+00       0.000000000000e+00 
  278       4.351654301564e-13       3.350236094813e-15      -1.473069347181e-14       1.847804937257e-15       0.000000000000e+00       0.000000000000e+00       0.000000000000e+00 
  279       4.219224929327e-13       3.363365780983e-15      -1.427733191497e-14       1.836736610612e-15       0.000000000000e+00       0.000000000000e+00       0.000000000000e+00 
  280       4.090809801558e-13       3.375066702085e-15      -1.381101748831e-14       1.825283941046e-15       0.000000000000e+00       0.000000000000e+00       0.000000000000e+00 
  281       3.966411120888e-13       3.385343044734e-15      -1.333231735797e-14       1.813457995590e-15       0.000000000000e+00       0.000000000000e+00       0.000000000000e+00 
  282       3.846028651223e-13       3.394199760007e-15      -1.284181849142e-14       1.801270247465e-15       0.000000000000e+00       0.000000000000e+00       0.000000000000e+00 
  283       3.729659687678e-13       3.401642572058e-15      -1.234012784019e-14       1.788732579800e-15       0.000000000000e+00       0.000000000000e+00       0.000000000000e+00 
  284       3.617299026506e-13       3.407677986730e-15      -1.182787252261e-14       1.775857289339e-15       0.000000000000e+00       0.000000000000e+00       0.000000000000e+00 
  285       3.508938935030e-13       3.412313300170e-15      -1.130570000655e-14       1.762657090158e-15       0.000000000000e+00       0.000000000000e+00       0.000000000000e+00 
  286       3.404569121568e-13       3.415556607441e-15      -1.077427829212e-14       1.749145117377e-15       0.000000000000e+00       0.000000000000e+00       0.000000000000e+00 
  287       3.304176705370e-13       3.417416811132e-15      -1.023429609441e-14       1.735334930872e-15       0.000000000000e+00       0.000000000000e+00       0.000000000000e+00 
  288       3.207746186543e-13       3.417903629977e-15      -9.686463026240e-15       1.721240518988e-15       0.000000000000e+00       0.000000000000e+00       0.000000000000e+00 
  289       3.115259415983e-13       3.417027607463e-15      -9.131509780839e-15       1.706876302252e-15       0.000000000000e+00       0.000000000000e+00       0.000000000000e+00 
  290       3.026695565307e-13       3.414800120448e-15      -8.570188314622e-15       1.692257137086e-15       0.000000000000e+00       0.000000000000e+00       0.000000000000e+00 
  291       2.942031096780e-13       3.411233387769e-15      -8.003272029891e-15       1.677398319521e-15       0.000000000000e+00       0.000000000000e+00       0.000000000000e+00 
  292       2.861239733246e-13       3.406340478856e-15      -7.431555957575e-15       1.662315588907e-15       0.000000000000e+00       0.000000000000e+00       0.000000000000e+00 
  293       2.784292428060e-13       3.400135322350e-15      -6.855856939951e-15       1.647025131628e-15       0.000000000000e+00       0.000000000000e+00       0.000000000000e+00 
  294       2.711157335017e-13       3.392632714710e-15      -6.277013813376e-15       1.631543584814e-15       0.000000000000e+00       0.000000000000e+00       0.000000000000e+00 
  295       2.641799778281e-13       3.383848328828e-15      -5.695887591015e-15       1.615888040055e-15       0.000000000000e+00       0.000000000000e+00       0.000000000000e+00 
  296       2.576182222317e-13       3.373798722645e-15      -5.113361645569e-15       1.600076047111e-15       0.000000000000e+00       0.000000000000e+00       0.000000000000e+00 
  297       2.514264241821e-13       3.362501347761e-15      -4.530341892000e-15       1.584125617629e-15       0.000000000000e+00       0.000000000000e+00       0.000000000000e+00 
  298       2.456002491650e-13       3.349974558048e-15      -3.947756970265e-15       1.568055228852e-15       0.000000000000e+00       0.000000000000e+00       0.000000000000e+00 
  299       2.401350676749e-13       3.336237618263e-15      -3.366558428040e-15       1.551883827335e-15       0.000000000000e+00       0.000000000000e+00       0.000000000000e+00 
  300       2.350259522089e-13       3.321310712665e-15      -2.787720903451e-15       1.535630832655e-15       0.000000000000e+00       0.000000000000e+00       0.000000000000e+00 
  301       2.302676742587e-13       3.305214953623e-15      -2.212242307797e-15       1.519316141124e-15       0.000000000000e+00       0.000000000000e+00       0.000000000000e+00 
  302       2.258547013045e-13       3.287972390232e-15      -1.641144008287e-15       1.502960129507e-15       0.000000000000e+00       0.000000000000e+00       0.000000000000e+00 
  303       2.217811938075e-13       3.269606016924e-15      -1.075471010758e-15       1.486583658726e-15       0.000000000000e+00       0.000000000000e+00       0.000000000000e+00 
  304       2.180410022032e-13       3.250139782085e-15      -5.162921424127e-16       1.470208077580e-15       0.000000000000e+00       0.000000000000e+00       0.000000000000e+00 
  305       2.146276638942e-13       3.229598596661e-15       3.529976545993e-17       1.453855226456e-15       0.000000000000e+00       0.000000000000e+00       0.000000000000e+00 
  306       2.115344002433e-13       3.208008342781e-15       5.781876947515e-16       1.437547441039e-15       0.000000000000e+00       0.000000000000e+00       0.000000000000e+00 
  307       2.087541135667e-13       3.185395882360e-15       1.111230257808e-15       1.421307556030e-15       0.000000000000e+00       0.000000000000e+00       0.000000000000e+00 
  308       2.062793841267e-13       3.161789065720e-15       1.633261514702e-15       1.405158908855e-15       0.000000000000e+00       0.000000000000e+00       0.000000000000e+00 
  309       2.041024671248e-13       3.137216740197e-15       2.143090790502e-15       1.389125343376e-15       0.000000000000e+00       0.000000000000e+00       0.000000000000e+00 
  310       2.022152896951e-13       3.111708758759e-15       2.639502492548e-15       1.373231213610e-15       0.000000000000e+00       0.000000000000e+00       0.000000000000e+00 
  311       2.006094478967e-13       3.085295988617e-15       3.121255927719e-15       1.357501387438e-15       0.000000000000e+00       0.000000000000e+00       0.000000000000e+00 
  312       1.992767757384e-13       3.058009425488e-15       3.587292667112e-15       1.341957679377e-15       0.000000000000e+00       0.000000000000e+00       0.000000000000e+00 
  313       1.982110876007e-13       3.029877473299e-15       4.037369648975e-15       1.326607958343e-15       0.000000000000e+00       0.000000000000e+00       0.000000000000e+00 
  314       1.974065107871e-13       3.000928555089e-15       4.471455094588e-15       1.311456541750e-15       0.000000000000e+00       0.000000000000e+00       0.000000000000e+00 
  315       1.968569184873e-13       2.971192003464e-15       4.889523681277e-15       1.296507720206e-15       0.000000000000e+00       0.000000000000e+00       0.000000000000e+00 
  316       1.965559274734e-13       2.940698068107e-15       5.291556614721e-15       1.281765756841e-15       0.000000000000e+00       0.000000000000e+00       0.000000000000e+00 
  317       1.964968957955e-13       2.909477923293e-15       5.677541701261e-15       1.267234886632e-15       0.000000000000e+00       0.000000000000e+00       0.000000000000e+00 
  318       1.966729204778e-13       2.877563675406e-15       6.047473420204e-15       1.252919315730e-15       0.000000000000e+00       0.000000000000e+00       0.000000000000e+00 
  319       1.970768352144e-13       2.844988370449e-15       6.401352996130e-15       1.238823220779e-15       0.000000000000e+00       0.000000000000e+00       0.000000000000e+00 
  320       1.977012080657e-13       2.811786001562e-15       6.739188471200e-15       1.224950748246e-15       0.000000000000e+00       0.000000000000e+00       0.000000000000e+00 
  321       1.985383391536e-13       2.777991516534e-15       7.060994777462e-15       1.211306013744e-15       0.000000000000e+00       0.000000000000e+00       0.000000000000e+00 
  322       1.995802583580e-13       2.743640825316e-15       7.366793809158e-15       1.197893101359e-15       0.000000000000e+00       0.000000000000e+00       0.000000000000e+00 
  323       2.008187230124e-13       2.708770807537e-15       7.656614495029e-15       1.184716062968e-15       0.000000000000e+00       0.000000000000e+00       0.000000000000e+00 
  324       2.022452156001e-13       2.673419320019e-15       7.930492870626e-15       1.171778917574e-15       0.000000000000e+00       0.000000000000e+00       0.000000000000e+00 
  325       2.038509414500e-13       2.637625204289e-15       8.188472150612e-15       1.159085650623e-15       0.000000000000e+00       0.000000000000e+00       0.000000000000e+00 
  326       2.056268264325e-13       2.601428294091e-15       8.430602801068e-15       1.146640213332e-15       0.000000000000e+00       0.000000000000e+00       0.000000000000e+00 
  327       2.075635146554e-13       2.564869422909e-15       8.656942611807e-15       1.134446522013e-15       0.000000000000e+00       0.000000000000e+00       0.000000000000e+00 
  328       2.096513661600e-13       2.527990431468e-15       8.867556768673e-15       1.122508457398e-15       0.000000000000e+00       0.000000000000e+00       0.000000000000e+00 
  329       2.118804546170e-13       2.490834175261e-15       9.062517925851e-15       1.110829863965e-15       0.000000000000e+00       0.000000000000e+00       0.000000000000e+00 
  330       2.142405650221e-13       2.453444532054e-15       9.241906278172e-15       1.099414549261e-15       0.000000000000e+00       0.000000000000e+00       0.000000000000e+00 
  331       2.167211913924e-13       2.415866409404e-15       9.405809633424e-15       1.088266283227e-15       0.000000000000e+00       0.000000000000e+00       0.000000000000e+00 
  332       2.193115344621e-13       2.378145752173e-15       9.554323484652e-15       1.077388797527e-15       0.000000000000e+00       0.000000000000e+00       0.000000000000e+00 
  333       2.220004993785e-13       2.340329550042e-15       9.687551082472e-15       1.066785784864e-15       0.000000000000e+00       0.000000000000e+00       0.000000000000e+00 
  334       2.247766933978e-13       2.302465845022e-15       9.805603507370e-15       1.056460898315e-15       0.000000000000e+00       0.000000000000e+00       0.000000000000e+00 
  335       2.276284235813e-13       2.264603738974e-15       9.908599742017e-15       1.046417750649e-15       0.000000000000e+00       0.000000000000e+00       0.000000000000e+00 
  336       2.305436944908e-13       2.226793401118e-15       9.996666743567e-15       1.036659913654e-15       0.000000000000e+00       0.000000000000e+00       0.000000000000e+00 
  337       2.335102058853e-13       2.189086075551e-15       1.006993951597e-14       1.027190917463e-15       0.000000000000e+00       0.000000000000e+00       0.000000000000e+00 
  338       2.365153504164e-13       2.151534088756e-15       1.012856118228e-14       1.018014249876e-15       0.000000000000e+00       0.000000000000e+00       0.000000000000e+00 
  339       2.395462113241e-13       2.114190857122e-15       1.017268305695e-14       1.009133355687e-15       0.000000000000e+00       0.000000000000e+00       0.000000000000e+00 
  340       2.425895601333e-13       2.077110894454e-15       1.020246471816e-14       1.000551636010e-15       0.000000000000e+00       0.000000000000e+00       0.000000000000e+00 
  341       2.456318543494e-13       2.040349819490e-15       1.021807408010e-14       9.922724475995e-16       0.000000000000e+00       0.000000000000e+00       0.000000000000e+00 
  342       2.486592351540e-13       2.003964363410e-15       1.021968746529e-14       9.842991021804e-16       0.000000000000e+00       0.000000000000e+00       0.000000000000e+00 
  343       2.516575251013e-13       1.968012377358e-15       1.020748967689e-14       9.766348657694e-16       0.000000000000e+00       0.000000000000e+00       0.000000000000e+00 
  344       2.546122258139e-13       1.932552839948e-15       1.018167407098e-14       9.692829580014e-16       0.000000000000e+00       0.000000000000e+00       0.000000000000e+00 
  345       2.575085156784e-13       1.897645864785e-15       1.014244262892e-14       9.622465514536e-16       0.000000000000e+00       0.000000000000e+00       0.000000000000e+00 
  346       2.603312475417e-13       1.863352707975e-15       1.009000602960e-14       9.555287709709e-16       0.000000000000e+00       0.000000000000e+00       0.000000000000e+00 
  347       2.630649464068e-13       1.829735775638e-15       1.002458372179e-14       9.491326929905e-16       0.000000000000e+00       0.000000000000e+00       0.000000000000e+00 
  348       2.656938071288e-13       1.796858631427e-15       9.946403996397e-15       9.430613448669e-16       0.000000000000e+00       0.000000000000e+00       0.000000000000e+00 
  349       2.682043596316e-13       1.764775835123e-15       9.855713587818e-15       9.373164238346e-16       0.000000000000e+00       0.000000000000e+00       0.000000000000e+00 
  350       2.705935914595e-13       1.733501977206e-15       9.752806770002e-15       9.318943965498e-16       0.000000000000e+00       0.000000000000e+00       0.000000000000e+00 
  351       2.728611581031e-13       1.703041372776e-15       9.637997610545e-15       9.267902362115e-16       0.000000000000e+00       0.000000000000e+00       0.000000000000e+00 
  352       2.750067462374e-13       1.673398111944e-15       9.511610632120e-15       9.219986863787e-16       0.000000000000e+00       0.000000000000e+00       0.000000000000e+00 
  353       2.770300740379e-13       1.644576057358e-15       9.373980894143e-15       9.175142590377e-16       0.000000000000e+00       0.000000000000e+00       0.000000000000e+00 
  354       2.789308914974e-13       1.616578841721e-15       9.225454074446e-15       9.133312326686e-16       0.000000000000e+00       0.000000000000e+00       0.000000000000e+00 
  355       2.807089807425e-13       1.589409865322e-15       9.066386550938e-15       9.094436503129e-16       0.000000000000e+00       0.000000000000e+00       0.000000000000e+00 
  356       2.823641563499e-13       1.563072293557e-15       8.897145483277e-15       9.058453176400e-16       0.000000000000e+00       0.000000000000e+00       0.000000000000e+00 
  357       2.838962656633e-13       1.537569054453e-15       8.718108894538e-15       9.025298010146e-16       0.000000000000e+00       0.000000000000e+00       0.000000000000e+00 
  358       2.853051891093e-13       1.512902836192e-15       8.529665752880e-15       8.994904255637e-16       0.000000000000e+00       0.000000000000e+00       0.000000000000e+00 
  359       2.865908405145e-13       1.489076084638e-15       8.332216053215e-15       8.967202732431e-16       0.000000000000e+00       0.000000000000e+00       0.000000000000e+00 
  360       2.877531674216e-13       1.466091000858e-15       8.126170898873e-15       8.942121809054e-16       0.000000000000e+00       0.000000000000e+00       0.000000000000e+00 
  361       2.887921514061e-13       1.443949538645e-15       7.911952583274e-15       8.919587383661e-16       0.000000000000e+00       0.000000000000e+00       0.000000000000e+00 
  362       2.897078083927e-13       1.422653402049e-15       7.689994671594e-15       8.899522864711e-16       0.000000000000e+00       0.000000000000e+00       0.000000000000e+00 
  363       2.905001889718e-13       1.402204042892e-15       7.460742082431e-15       8.881849151636e-16       0.000000000000e+00       0.000000000000e+00       0.000000000000e+00 
  364       2.911693787162e-13       1.382602658300e-15       7.224651169477e-15       8.866484615512e-16       0.000000000000e+00       0.000000000000e+00       0.000000000000e+00 
  365       2.917154984974e-13       1.363850188223e-15       6.982189803184e-15       8.853345079729e-16       0.000000000000e+00       0.000000000000e+00       0.000000000000e+00 
  366       2.921387048019e-13       1.345947312959e-15       6.733837452430e-15       8.842343800659e-16       0.000000000000e+00       0.000000000000e+00       0.000000000000e+00 
  367       2.924391900484e-13       1.328894450681e-15       6.480085266189e-15       8.833391448331e-16       0.000000000000e+00       0.000000000000e+00       0.000000000000e+00 
  368       2.926171829034e-13       1.312691754959e-15       6.221436155201e-15       8.826396087096e-16       0.000000000000e+00       0.000000000000e+00       0.000000000000e+00 
  369       2.926729485984e-13       1.297339112284e-15       5.958404873636e-15       8.821263156302e-16       0.000000000000e+00       0.000000000000e+00       0.000000000000e+00 
  370       2.926067892461e-13       1.282836139593e-15       5.691518100763e-15       8.817895450960e-16       0.000000000000e+00       0.000000000000e+00       0.000000000000e+00 
  371       2.924190441569e-13       1.269182181795e-15       5.421314522620e-15       8.816193102418e-16       0.000000000000e+00       0.000000000000e+00       0.000000000000e+00 
  372       2.921100901557e-13       1.256376309289e-15       5.148344913680e-15       8.816053559028e-16       0.000000000000e+00       0.000000000000e+00       0.000000000000e+00 
  373       2.916803418977e-13       1.244417315497e-15       4.873172218518e-15       8.817371566819e-16       0.000000000000e+00       0.000000000000e+00       0.000000000000e+00 
  374       2.911302521858e-13       1.233303714381e-15       4.596371633483e-15       8.820039150166e-16       0.000000000000e+00       0.000000000000e+00       0.000000000000e+00 
  375       2.904603122864e-13       1.223033737970e-15       4.318530688363e-15       8.823945592459e-16       0.000000000000e+00       0.000000000000e+00       0.000000000000e+00 
  376       2.896710522462e-13       1.213605333885e-15       4.040249328050e-15       8.828977416776e-16       0.000000000000e+00       0.000000000000e+00       0.000000000000e+00 
  377       2.887630412088e-13       1.205016162861e-15       3.762139994216e-15       8.835018366551e-16       0.000000000000e+00       0.000000000000e+00       0.000000000000e+00 
  378       2.877368877308e-13       1.197263596272e-15       3.484827706973e-15       8.841949386244e-16       0.000000000000e+00       0.000000000000e+00       0.000000000000e+00 
  379       2.865932400989e-13       1.190344713657e-15       3.208950146545e-15       8.849648602016e-16       0.000000000000e+00       0.000000000000e+00       0.000000000000e+00 
  380       2.853327866458e-13       1.184256300242e-15       2.935157734935e-15       8.857991302392e-16       0.000000000000e+00       0.000000000000e+00       0.000000000000e+00 
  381       2.839562560670e-13       1.178994844464e-15       2.664113717594e-15       8.866849918937e-16       0.000000000000e+00       0.000000000000e+00       0.000000000000e+00 
  382       2.824644177374e-13       1.174556535496e-15       2.396494245088e-15       8.876094006921e-16       0.000000000000e+00       0.000000000000e+00       0.000000000000e+00 
  383       2.808580820275e-13       1.170937260774e-15       2.132988454763e-15       8.885590225996e-16       0.000000000000e+00       0.000000000000e+00       0.000000000000e+00 
  384       2.791381006202e-13       1.168132603513e-15       1.874298552420e-15       8.895202320861e-16       0.000000000000e+00       0.000000000000e+00       0.000000000000e+00 
  385       2.773053668272e-13       1.166137840243e-15       1.621139893977e-15       8.904791101934e-16       0.000000000000e+00       0.000000000000e+00       0.000000000000e+00 
  386       2.753608159052e-13       1.164947938322e-15       1.374241067138e-15       8.914214426022e-16       0.000000000000e+00       0.000000000000e+00       0.000000000000e+00 
  387       2.733054253731e-13       1.164557553466e-15       1.134343973064e-15       8.923327176991e-16       0.000000000000e+00       0.000000000000e+00       0.000000000000e+00 
  388       2.711405537235e-13       1.164958862861e-15       9.020801640654e-16       8.932002754053e-16       0.000000000000e+00       0.000000000000e+00       0.000000000000e+00 
  389       2.688689698819e-13       1.166134980197e-15       6.775945905210e-16       8.940198462193e-16       0.000000000000e+00       0.000000000000e+00       0.000000000000e+00 
  390       2.664938628765e-13       1.168066289461e-15       4.609079402024e-16       8.947892529784e-16       0.000000000000e+00       0.000000000000e+00       0.000000000000e+00 
  391       2.640185075038e-13       1.170732582918e-15       2.520390947384e-16       8.955062819615e-16       0.000000000000e+00       0.000000000000e+00       0.000000000000e+00 
  392       2.614462649131e-13       1.174113056922e-15       5.100511289834e-17       8.961686826662e-16       0.000000000000e+00       0.000000000000e+00       0.000000000000e+00 
  393       2.587805831931e-13       1.178186307714e-15      -1.421787861235e-16       8.967741675858e-16       0.000000000000e+00       0.000000000000e+00       0.000000000000e+00 
  394       2.560249979568e-13       1.182930327228e-15      -3.274992394238e-16       8.973204119859e-16       0.000000000000e+00       0.000000000000e+00       0.000000000000e+00 
  395       2.531831329271e-13       1.188322498893e-15      -5.049447571066e-16       8.978050536822e-16       0.000000000000e+00       0.000000000000e+00       0.000000000000e+00 
  396       2.502587005229e-13       1.194339593438e-15      -6.745057389984e-16       8.982256928167e-16       0.000000000000e+00       0.000000000000e+00       0.000000000000e+00 
  397       2.472555024437e-13       1.200957764693e-15      -8.361744913650e-16       8.985798916353e-16       0.000000000000e+00       0.000000000000e+00       0.000000000000e+00 
  398       2.441774302560e-13       1.208152545395e-15      -9.899452436268e-16       8.988651742645e-16       0.000000000000e+00       0.000000000000e+00       0.000000000000e+00 
  399       2.410284659785e-13       1.215898842988e-15      -1.135814165075e-15       8.990790264885e-16       0.000000000000e+00       0.000000000000e+00       0.000000000000e+00 
  400       2.378126826674e-13       1.224170935429e-15      -1.273779381588e-15       8.992188955262e-16       0.000000000000e+00       0.000000000000e+00       0.000000000000e+00 
  401       2.345342450026e-13       1.232942466992e-15      -1.403840992345e-15       8.992821898082e-16       0.000000000000e+00       0.000000000000e+00       0.000000000000e+00 
  402       2.311974098725e-13       1.242186444069e-15      -1.526001086547e-15       8.992662787538e-16       0.000000000000e+00       0.000000000000e+00       0.000000000000e+00 
  403       2.278065269601e-13       1.251875230973e-15      -1.640263760126e-15       8.991684925480e-16       0.000000000000e+00       0.000000000000e+00       0.000000000000e+00 
  404       2.243660393283e-13       1.261980545744e-15      -1.746635132467e-15       8.989861219188e-16       0.000000000000e+00       0.000000000000e+00       0.000000000000e+00 
  405       2.208804840055e-13       1.272473455951e-15      -1.845123363120e-15       8.987164179137e-16       0.000000000000e+00       0.000000000000e+00       0.000000000000e+00 
  406       2.173544925711e-13       1.283324374495e-15      -1.935738668518e-15       8.983565916769e-16       0.000000000000e+00       0.000000000000e+00       0.000000000000e+00 
  407       2.137927917410e-13       1.294503055413e-15      -2.018493338691e-15       8.979038142266e-16       0.000000000000e+00       0.000000000000e+00       0.000000000000e+00 
  408       2.102002039536e-13       1.305978589680e-15      -2.093401753986e-15       8.973552162318e-16       0.000000000000e+00       0.000000000000e+00       0.000000000000e+00 
  409       2.065816479545e-13       1.317719401015e-15      -2.160480401776e-15       8.967078877889e-16       0.000000000000e+00       0.000000000000e+00       0.000000000000e+00 
  410       2.029421393828e-13       1.329693241682e-15      -2.219747893183e-15       8.959588781997e-16       0.000000000000e+00       0.000000000000e+00       0.000000000000e+00 
  411       1.992867913563e-13       1.341867188292e-15      -2.271224979791e-15       8.951051957472e-16       0.000000000000e+00       0.000000000000e+00       0.000000000000e+00 
  412       1.956208150571e-13       1.354207637612e-15      -2.314934570361e-15       8.941438074738e-16       0.000000000000e+00       0.000000000000e+00       0.000000000000e+00 
  413       1.919495203173e-13       1.366680302361e-15      -2.350901747547e-15       8.930716389572e-16       0.000000000000e+00       0.000000000000e+00       0.000000000000e+00 
  414       1.882783162042e-13       1.379250207021e-15      -2.379153784615e-15       8.918855740884e-16       0.000000000000e+00       0.000000000000e+00       0.000000000000e+00 
  415       1.846127116061e-13       1.391881683633e-15      -2.399720162154e-15       8.905824548480e-16       0.000000000000e+00       0.000000000000e+00       0.000000000000e+00 
  416       1.809583158180e-13       1.404538367606e-15      -2.412632584798e-15       8.891590810836e-16       0.000000000000e+00       0.000000000000e+00       0.000000000000e+00 
  417       1.773208391266e-13       1.417183193516e-15      -2.417924997935e-15       8.876122102864e-16       0.000000000000e+00       0.000000000000e+00       0.000000000000e+00 
  418       1.737060933966e-13       1.429778390913e-15      -2.415633604429e-15       8.859385573688e-16       0.000000000000e+00       0.000000000000e+00       0.000000000000e+00 
  419       1.701199926556e-13       1.442285480122e-15      -2.405796881333e-15       8.841347944411e-16       0.000000000000e+00       0.000000000000e+00       0.000000000000e+00 
  420       1.665685536798e-13       1.454665268049e-15      -2.388455596604e-15       8.821975505882e-16       0.000000000000e+00       0.000000000000e+00       0.000000000000e+00 
  421       1.630578965798e-13       1.466877843979e-15      -2.363652825823e-15       8.801234116472e-16       0.000000000000e+00       0.000000000000e+00       0.000000000000e+00 
  422       1.595942453859e-13       1.478882575385e-15      -2.331433968905e-15       8.779089199840e-16       0.000000000000e+00       0.000000000000e+00       0.000000000000e+00 
  423       1.561839286339e-13       1.490638103729e-15      -2.291846766821e-15       8.755505742705e-16       0.000000000000e+00       0.000000000000e+00       0.000000000000e+00 
  424       1.528333799502e-13       1.502102340266e-15      -2.244941318310e-15       8.730448292615e-16       0.000000000000e+00       0.000000000000e+00       0.000000000000e+00 
  425       1.495491386377e-13       1.513232461846e-15      -2.190770096595e-15       8.703880955718e-16       0.000000000000e+00       0.000000000000e+00       0.000000000000e+00 
  426       1.463378502614e-13       1.523984906717e-15      -2.129387966101e-15       8.675767394531e-16       0.000000000000e+00       0.000000000000e+00       0.000000000000e+00 
  427       1.432051383027e-13       1.534322206209e-15      -2.060874863915e-15       8.646082440032e-16       0.000000000000e+00       0.000000000000e+00       0.000000000000e+00 
  428       1.401521756500e-13       1.544233744307e-15      -1.985404659991e-15       8.614847367587e-16       0.000000000000e+00       0.000000000000e+00       0.000000000000e+00 
  429       1.371789976155e-13       1.553715696102e-15      -1.903178672550e-15       8.582095816786e-16       0.000000000000e+00       0.000000000000e+00       0.000000000000e+00 
  430       1.342856201724e-13       1.562764256019e-15      -1.814403246508e-15       8.547862290938e-16       0.000000000000e+00       0.000000000000e+00       0.000000000000e+00 
  431       1.314720397988e-13       1.571375638104e-15      -1.719289785068e-15       8.512182162465e-16       0.000000000000e+00       0.000000000000e+00       0.000000000000e+00 
  432       1.287382333220e-13       1.579546076322e-15      -1.618054781323e-15       8.475091678298e-16       0.000000000000e+00       0.000000000000e+00       0.000000000000e+00 
  433       1.260841577632e-13       1.587271824844e-15      -1.510919849854e-15       8.436627965276e-16       0.000000000000e+00       0.000000000000e+00       0.000000000000e+00 
  434       1.235097501813e-13       1.594549158342e-15      -1.398111758323e-15       8.396829035540e-16       0.000000000000e+00       0.000000000000e+00       0.000000000000e+00 
  435       1.210149275173e-13       1.601374372277e-15      -1.279862459077e-15       8.355733791930e-16       0.000000000000e+00       0.000000000000e+00       0.000000000000e+00 
  436       1.185995864386e-13       1.607743783197e-15      -1.156409120742e-15       8.313382033381e-16       0.000000000000e+00       0.000000000000e+00       0.000000000000e+00 
  437       1.162636031836e-13       1.613653729023e-15      -1.027994159821e-15       8.269814460318e-16       0.000000000000e+00       0.000000000000e+00       0.000000000000e+00 
  438       1.140068334052e-13       1.619100569344e-15      -8.948652722938e-16       8.225072680055e-16       0.000000000000e+00       0.000000000000e+00       0.000000000000e+00 
  439       1.118291120161e-13       1.624080685707e-15      -7.572754652148e-16       8.179199212190e-16       0.000000000000e+00       0.000000000000e+00       0.000000000000e+00 
  440       1.097302530320e-13       1.628590481912e-15      -6.154830883090e-16       8.132237493999e-16       0.000000000000e+00       0.000000000000e+00       0.000000000000e+00 
  441       1.077100494168e-13       1.632626384301e-15      -4.697518655713e-16       8.084231885836e-16       0.000000000000e+00       0.000000000000e+00       0.000000000000e+00 
  442       1.057682729262e-13       1.636184842048e-15      -3.203509268639e-16       8.035227676525e-16       0.000000000000e+00       0.000000000000e+00       0.000000000000e+00 
  443       1.039046739524e-13       1.639262327458e-15      -1.675548395147e-16       7.985271088762e-16       0.000000000000e+00       0.000000000000e+00       0.000000000000e+00 
  444       1.021189813682e-13       1.641855336252e-15      -1.164363991473e-17       7.934409284503e-16       0.000000000000e+00       0.000000000000e+00       0.000000000000e+00 
  445       1.004109023714e-13       1.643960387861e-15       1.470971348837e-16       7.882690370371e-16       0.000000000000e+00       0.000000000000e+00       0.000000000000e+00 
  446       9.878012232864e-14       1.645574025719e-15       3.083764155692e-16       7.830163403040e-16       0.000000000000e+00       0.000000000000e+00       0.000000000000e+00 
  447       9.722630462042e-14       1.646692817554e-15       4.718975689734e-16       7.776878394642e-16       0.000000000000e+00       0.000000000000e+00       0.000000000000e+00 
  448       9.574909048474e-14       1.647313355678e-15       6.373583664729e-16       7.722886318156e-16       0.000000000000e+00       0.000000000000e+00       0.000000000000e+00 
  449       9.434809886165e-14       1.647432257285e-15       8.044509523915e-16       7.668239112808e-16       0.000000000000e+00       0.000000000000e+00       0.000000000000e+00 
  450       9.302292623750e-14       1.647046164733e-15       9.728618124024e-16       7.612989689466e-16       0.000000000000e+00       0.000000000000e+00       0.000000000000e+00 
  451       9.177314648917e-14       1.646151745847e-15       1.142271741930e-15       7.557191936035e-16       0.000000000000e+00       0.000000000000e+00       0.000000000000e+00 
  452       9.059831072837e-14       1.644745694202e-15       1.312355814552e-15       7.500900722858e-16       0.000000000000e+00       0.000000000000e+00       0.000000000000e+00 
  453       8.949794714593e-14       1.642824729419e-15       1.482783350403e-15       7.444171908104e-16       0.000000000000e+00       0.000000000000e+00       0.000000000000e+00 
  454       8.847156085604e-14       1.640385597457e-15       1.653217884572e-15       7.387062343172e-16       0.000000000000e+00       0.000000000000e+00       0.000000000000e+00 
  455       8.751863374056e-14       1.637425070901e-15       1.823317135512e-15       7.329629878083e-16       0.000000000000e+00       0.000000000000e+00       0.000000000000e+00 
  456       8.663862429327e-14       1.633939949261e-15       1.992732973435e-15       7.271933366878e-16       0.000000000000e+00       0.000000000000e+00       0.000000000000e+00 
  457       8.583096746417e-14       1.629927059258e-15       2.161111388717e-15       7.214032673014e-16       0.000000000000e+00       0.000000000000e+00       0.000000000000e+00 
  458       8.509507450372e-14       1.625383255115e-15       2.328092460301e-15       7.155988674757e-16       0.000000000000e+00       0.000000000000e+00       0.000000000000e+00 
  459       8.443033280714e-14       1.620305418856e-15       2.493310324099e-15       7.097863270586e-16       0.000000000000e+00       0.000000000000e+00       0.000000000000e+00 
  460       8.383610575870e-14       1.614690460590e-15       2.656393141390e-15       7.039719384579e-16       0.000000000000e+00       0.000000000000e+00       0.000000000000e+00 
  461       8.331173257596e-14       1.608535318807e-15       2.816963067230e-15       6.981620971818e-16       0.000000000000e+00       0.000000000000e+00       0.000000000000e+00 
  462       8.285652815405e-14       1.601836960670e-15       2.974636218844e-15       6.923633023780e-16       0.000000000000e+00       0.000000000000e+00       0.000000000000e+00 
  463       8.246978291000e-14       1.594592382305e-15       3.129022644038e-15       6.865821573735e-16       0.000000000000e+00       0.000000000000e+00       0.000000000000e+00 
  464       8.215076262692e-14       1.586798609094e-15       3.279726289595e-15       6.808253702143e-16       0.000000000000e+00       0.000000000000e+00       0.000000000000e+00 
  465       8.189870829835e-14       1.578452695966e-15       3.426344969678e-15       6.750997542049e-16       0.000000000000e+00       0.000000000000e+00       0.000000000000e+00 
  466       8.171266622255e-14       1.569554745108e-15       3.568536093926e-15       6.694113611888e-16       0.000000000000e+00       0.000000000000e+00       0.000000000000e+00 
  467       8.159097276844e-14       1.560117062101e-15       3.706216172775e-15       6.637628505340e-16       0.000000000000e+00       0.000000000000e+00       0.000000000000e+00 
  468       8.153175322818e-14       1.550155286025e-15       3.839367474326e-15       6.581560391245e-16       0.000000000000e+00       0.000000000000e+00       0.000000000000e+00 
  469       8.153308986545e-14       1.539685399807e-15       3.967972831968e-15       6.525927612603e-16       0.000000000000e+00       0.000000000000e+00       0.000000000000e+00 
  470       8.159302166604e-14       1.528723732184e-15       4.092015649035e-15       6.470748687189e-16       0.000000000000e+00       0.000000000000e+00       0.000000000000e+00 
  471       8.170954408861e-14       1.517286959655e-15       4.211479903472e-15       6.416042308170e-16       0.000000000000e+00       0.000000000000e+00       0.000000000000e+00 
  472       8.188060881532e-14       1.505392108436e-15       4.326350152500e-15       6.361827344712e-16       0.000000000000e+00       0.000000000000e+00       0.000000000000e+00 
  473       8.210412350249e-14       1.493056556420e-15       4.436611537274e-15       6.308122842601e-16       0.000000000000e+00       0.000000000000e+00       0.000000000000e+00 
  474       8.237795153131e-14       1.480298035128e-15       4.542249787549e-15       6.254948024854e-16       0.000000000000e+00       0.000000000000e+00       0.000000000000e+00 
  475       8.269991175849e-14       1.467134631666e-15       4.643251226345e-15       6.202322292331e-16       0.000000000000e+00       0.000000000000e+00       0.000000000000e+00 
  476       8.306777826692e-14       1.453584790684e-15       4.739602774605e-15       6.150265224354e-16       0.000000000000e+00       0.000000000000e+00       0.000000000000e+00 
  477       8.347928011639e-14       1.439667316326e-15       4.831291955861e-15       6.098796579317e-16       0.000000000000e+00       0.000000000000e+00       0.000000000000e+00 
  478       8.393210109420e-14       1.425401374191e-15       4.918306900899e-15       6.047936295300e-16       0.000000000000e+00       0.000000000000e+00       0.000000000000e+00 
  479       8.442387946588e-14       1.410806493285e-15       5.000636352415e-15       5.997704490687e-16       0.000000000000e+00       0.000000000000e+00       0.000000000000e+00 
  480       8.495220772584e-14       1.395902567980e-15       5.078269669688e-15       5.948121464775e-16       0.000000000000e+00       0.000000000000e+00       0.000000000000e+00 
  481       8.551463234806e-14       1.380709859966e-15       5.151196833231e-15       5.899207698392e-16       0.000000000000e+00       0.000000000000e+00       0.000000000000e+00 
  482       8.610865353673e-14       1.365249000209e-15       5.219408449467e-15       5.850983854508e-16       0.000000000000e+00       0.000000000000e+00       0.000000000000e+00 
  483       8.673172497698e-14       1.349540990909e-15       5.282895755380e-15       5.803470778851e-16       0.000000000000e+00       0.000000000000e+00       0.000000000000e+00 
  484       8.738125358547e-14       1.333607207449e-15       5.341650623187e-15       5.756689500520e-16       0.000000000000e+00       0.000000000000e+00       0.000000000000e+00 
  485       8.805459926116e-14       1.317469400357e-15       5.395665564995e-15       5.710661232600e-16       0.000000000000e+00       0.000000000000e+00       0.000000000000e+00 
  486       8.874907463588e-14       1.301149697259e-15       5.444933737467e-15       5.665407372776e-16       0.000000000000e+00       0.000000000000e+00       0.000000000000e+00 
  487       8.946194482511e-14       1.284670604837e-15       5.489448946485e-15       5.620949503945e-16       0.000000000000e+00       0.000000000000e+00       0.000000000000e+00 
  488       9.019042717855e-14       1.268055010781e-15       5.529205651811e-15       5.577309394832e-16       0.000000000000e+00       0.000000000000e+00       0.000000000000e+00 
  489       9.093169103087e-14       1.251326185746e-15       5.564198971751e-15       5.534509000605e-16       0.000000000000e+00       0.000000000000e+00       0.000000000000e+00 
  490       9.168285745233e-14       1.234507785310e-15       5.594424687820e-15       5.492570463484e-16       0.000000000000e+00       0.000000000000e+00       0.000000000000e+00 
  491       9.244099899949e-14       1.217623851929e-15       5.619879249401e-15       5.451516113362e-16       0.000000000000e+00       0.000000000000e+00       0.000000000000e+00 
  492       9.320313946587e-14       1.200698816888e-15       5.640559778411e-15       5.411368468415e-16       0.000000000000e+00       0.000000000000e+00       0.000000000000e+00 
  493       9.396625363262e-14       1.183757502265e-15       5.656464073964e-15       5.372150235715e-16       0.000000000000e+00       0.000000000000e+00       0.000000000000e+00 
  494       9.472726701917e-14       1.166825122879e-15       5.667590617030e-15       5.333884311848e-16       0.000000000000e+00       0.000000000000e+00       0.000000000000e+00 
  495       9.548305563396e-14       1.149927288250e-15       5.673938575104e-15       5.296593783522e-16       0.000000000000e+00       0.000000000000e+00       0.000000000000e+00 
  496       9.623044572506e-14       1.133090004556e-15       5.675507806865e-15       5.260301928189e-16       0.000000000000e+00       0.000000000000e+00       0.000000000000e+00 
  497       9.696621353085e-14       1.116339676582e-15       5.672298866838e-15       5.225032214652e-16       0.000000000000e+00       0.000000000000e+00       0.000000000000e+00 
  498       9.768708503073e-14       1.099703109683e-15       5.664313010063e-15       5.190808303682e-16       0.000000000000e+00       0.000000000000e+00       0.000000000000e+00 
  499       9.838973569574e-14       1.083207511737e-15       5.651552196749e-15       5.157654048633e-16       0.000000000000e+00       0.000000000000e+00       0.000000000000e+00 
  500       9.907079023929e-14       1.066880495098e-15       5.634019096945e-15       5.125593496053e-16       0.000000000000e+00       0.000000000000e+00       0.000000000000e+00 
