# dimensionless [l(l+1)/2pi] C_l's for tensor mode
# for l=2 to 500, i.e. number of multipoles equal to 499
#
# -> if you prefer output in CAMB/HealPix/LensPix units/order, set 'format' to 'camb' in input file
# -> if you don't want to see such a header, set 'headers' to 'no' in input file
# -> for CMB lensing (phi), these are C_l^phi-phi for the lensing potential.
#    Remember the conversion factors:
#    C_l^dd (deflection) = l(l+1) C_l^phi-phi
#    C_l^gg (shear/convergence) = 1/4 (l(l+1))^2 C_l^phi-phi
#
# 1:l     2:TT                     3:EE                     4:TE                     5:BB                     6:phiphi                 7:TPhi                   8:Ephi               
    2       1.419681433708e-10       2.686460155456e-15       1.661971213458e-13       4.801532608920e-15       0.000000000000e+00       0.000000000000e+00       0.000000000000e+00 
    3       1.089247503884e-10       2.843744938237e-15      -8.079342019101e-15       4.836400875615e-15       0.000000000000e+00       0.000000000000e+00       0.000000000000e+00 
    4       9.768598909522e-11       2.609797905097e-15      -6.058836479559e-14       4.206586010349e-15       0.000000000000e+00       0.000000000000e+00       0.000000000000e+00 
    5       9.297670679022e-11       2.086011850264e-15      -7.148922436256e-14       3.295429750036e-15       0.000000000000e+00       0.000000000000e+00       0.000000000000e+00 
    6       9.019561831183e-11       1.503435489997e-15      -6.796759554199e-14       2.391294601127e-15       0.000000000000e+00       0.000000000000e+00       0.000000000000e+00 
    7       8.843593021217e-11       1.023522258265e-15      -6.030759974262e-14       1.653091802396e-15       0.000000000000e+00       0.000000000000e+00       0.000000000000e+00 
    8       8.724625408703e-11       7.121198519277e-16      -5.304586736072e-14       1.133970631055e-15       0.000000000000e+00       0.000000000000e+00       0.000000000000e+00 
    9       8.638130454202e-11       5.640859405284e-16      -4.786815894902e-14       8.220852011023e-16       0.000000000000e+00       0.000000000000e+00       0.000000000000e+00 
   10       8.569950198157e-11       5.398854270179e-16      -4.510568373544e-14       6.755205480433e-16       0.000000000000e+00       0.000000000000e+00       0.000000000000e+00 
   11       8.511796882267e-11       5.940704122142e-16      -4.453383189464e-14       6.461132484740e-16       0.000000000000e+00       0.000000000000e+00       0.000000000000e+00 
   12       8.458860877490e-11       6.908885760630e-16      -4.576362888390e-14       6.918621922343e-16       0.000000000000e+00       0.000000000000e+00       0.000000000000e+00 
   13       8.408285324351e-11       8.079819465267e-16      -4.840737468665e-14       7.820414000242e-16       0.000000000000e+00       0.000000000000e+00       0.000000000000e+00 
   14       8.358293957893e-11       9.347543383364e-16      -5.215801546336e-14       8.964521834828e-16       0.000000000000e+00       0.000000000000e+00       0.000000000000e+00 
   15       8.307775556594e-11       1.067181715713e-15      -5.679678102945e-14       1.023905415630e-15       0.000000000000e+00       0.000000000000e+00       0.000000000000e+00 
   16       8.256069002326e-11       1.204518137740e-15      -6.216624702347e-14       1.158889370839e-15       0.000000000000e+00       0.000000000000e+00       0.000000000000e+00 
   17       8.202813955411e-11       1.347502435574e-15      -6.815323850389e-14       1.298639336609e-15       0.000000000000e+00       0.000000000000e+00       0.000000000000e+00 
   18       8.147239106926e-11       1.495983466223e-15      -7.468198064979e-14       1.442811545759e-15       0.000000000000e+00       0.000000000000e+00       0.000000000000e+00 
   19       8.091073762565e-11       1.649836249073e-15      -8.170516299837e-14       1.591189165977e-15       0.000000000000e+00       0.000000000000e+00       0.000000000000e+00 
   20       8.032391116317e-11       1.809114130513e-15      -8.916020402977e-14       1.743536299443e-15       0.000000000000e+00       0.000000000000e+00       0.000000000000e+00 
   21       7.972246054314e-11       1.973614048007e-15      -9.701390881590e-14       1.899752964755e-15       0.000000000000e+00       0.000000000000e+00       0.000000000000e+00 
   22       7.910094336842e-11       2.143083735717e-15      -1.052324457193e-13       2.059854062589e-15       0.000000000000e+00       0.000000000000e+00       0.000000000000e+00 
   23       7.846680648549e-11       2.317380694907e-15      -1.137821826167e-13       2.223741714879e-15       0.000000000000e+00       0.000000000000e+00       0.000000000000e+00 
   24       7.781397699575e-11       2.496432637887e-15      -1.226240036242e-13       2.391309403403e-15       0.000000000000e+00       0.000000000000e+00       0.000000000000e+00 
   25       7.714837480722e-11       2.680181406031e-15      -1.317277155099e-13       2.562365136668e-15       0.000000000000e+00       0.000000000000e+00       0.000000000000e+00 
   26       7.646670531519e-11       2.868624056923e-15      -1.410631238148e-13       2.736696503761e-15       0.000000000000e+00       0.000000000000e+00       0.000000000000e+00 
   27       7.577141532658e-11       3.061863675854e-15      -1.506044752881e-13       2.914047119537e-15       0.000000000000e+00       0.000000000000e+00       0.000000000000e+00 
   28       7.505849564212e-11       3.260013481602e-15      -1.603260490980e-13       3.094158708299e-15       0.000000000000e+00       0.000000000000e+00       0.000000000000e+00 
   29       7.433579586993e-11       3.462894781665e-15      -1.702047915657e-13       3.276812096312e-15       0.000000000000e+00       0.000000000000e+00       0.000000000000e+00 
   30       7.360419696231e-11       3.670207493567e-15      -1.802170917111e-13       3.461813969170e-15       0.000000000000e+00       0.000000000000e+00       0.000000000000e+00 
   31       7.285554012989e-11       3.881619753629e-15      -1.903385429203e-13       3.648976093362e-15       0.000000000000e+00       0.000000000000e+00       0.000000000000e+00 
   32       7.209501877203e-11       4.096839348921e-15      -2.005479390484e-13       3.838059703972e-15       0.000000000000e+00       0.000000000000e+00       0.000000000000e+00 
   33       7.132491372030e-11       4.315564123910e-15      -2.108247666094e-13       4.028810643595e-15       0.000000000000e+00       0.000000000000e+00       0.000000000000e+00 
   34       7.054142964744e-11       4.537486528834e-15      -2.211486781644e-13       4.220978800264e-15       0.000000000000e+00       0.000000000000e+00       0.000000000000e+00 
   35       6.974789747428e-11       4.762381832614e-15      -2.315011681987e-13       4.414336320356e-15       0.000000000000e+00       0.000000000000e+00       0.000000000000e+00 
   36       6.894469851875e-11       4.990049935096e-15      -2.418645819184e-13       4.608666133490e-15       0.000000000000e+00       0.000000000000e+00       0.000000000000e+00 
   37       6.812837339343e-11       5.220296826994e-15      -2.522210628118e-13       4.803747278574e-15       0.000000000000e+00       0.000000000000e+00       0.000000000000e+00 
   38       6.730316899968e-11       5.452950207514e-15      -2.625502166175e-13       4.999319818773e-15       0.000000000000e+00       0.000000000000e+00       0.000000000000e+00 
   39       6.647230596609e-11       5.687849688979e-15      -2.728307292589e-13       5.195107959555e-15       0.000000000000e+00       0.000000000000e+00       0.000000000000e+00 
   40       6.563426096574e-11       5.924843285767e-15      -2.830410070124e-13       5.390828773848e-15       0.000000000000e+00       0.000000000000e+00       0.000000000000e+00 
   41       6.478510192126e-11       6.163782267049e-15      -2.931629840107e-13       5.586199356544e-15       0.000000000000e+00       0.000000000000e+00       0.000000000000e+00 
   42       6.392758529913e-11       6.404502442209e-15      -3.031950028706e-13       5.780962340652e-15       0.000000000000e+00       0.000000000000e+00       0.000000000000e+00 
   43       6.306419590658e-11       6.646837663690e-15      -3.131431499570e-13       5.974867811224e-15       0.000000000000e+00       0.000000000000e+00       0.000000000000e+00 
   44       6.219428731400e-11       6.890625102431e-15      -3.230180927157e-13       6.167666354039e-15       0.000000000000e+00       0.000000000000e+00       0.000000000000e+00 
   45       6.131576757694e-11       7.135693436341e-15      -3.328279949132e-13       6.359104686249e-15       0.000000000000e+00       0.000000000000e+00       0.000000000000e+00 
   46       6.043145463181e-11       7.381822902040e-15      -3.425540928954e-13       6.548910976135e-15       0.000000000000e+00       0.000000000000e+00       0.000000000000e+00 
   47       5.954411759691e-11       7.628773518729e-15      -3.521682822467e-13       6.736805144997e-15       0.000000000000e+00       0.000000000000e+00       0.000000000000e+00 
   48       5.865448306736e-11       7.876295446741e-15      -3.616396951214e-13       6.922502622169e-15       0.000000000000e+00       0.000000000000e+00       0.000000000000e+00 
   49       5.776105335063e-11       8.124128428392e-15      -3.709345496525e-13       7.105714099183e-15       0.000000000000e+00       0.000000000000e+00       0.000000000000e+00 
   50       5.686150036470e-11       8.371993807893e-15      -3.800189581290e-13       7.286158425156e-15       0.000000000000e+00       0.000000000000e+00       0.000000000000e+00 
   51       5.595771507335e-11       8.619569334664e-15      -3.888685995174e-13       7.463605989854e-15       0.000000000000e+00       0.000000000000e+00       0.000000000000e+00 
   52       5.505181447202e-11       8.866506554148e-15      -3.974614121306e-13       7.637846691520e-15       0.000000000000e+00       0.000000000000e+00       0.000000000000e+00 
   53       5.414458065517e-11       9.112436744167e-15      -4.057748532437e-13       7.808678188582e-15       0.000000000000e+00       0.000000000000e+00       0.000000000000e+00 
   54       5.323535320064e-11       9.356970006553e-15      -4.137858877394e-13       7.975906272226e-15       0.000000000000e+00       0.000000000000e+00       0.000000000000e+00 
   55       5.232298389657e-11       9.599732448994e-15      -4.214734243528e-13       8.139347052775e-15       0.000000000000e+00       0.000000000000e+00       0.000000000000e+00 
   56       5.140922519834e-11       9.840490628075e-15      -4.288263591464e-13       8.298833301338e-15       0.000000000000e+00       0.000000000000e+00       0.000000000000e+00 
   57       5.049599503988e-11       1.007905642948e-14      -4.358375103179e-13       8.454210336147e-15       0.000000000000e+00       0.000000000000e+00       0.000000000000e+00 
   58       4.958432345725e-11       1.031525224945e-14      -4.425014278451e-13       8.605334780362e-15       0.000000000000e+00       0.000000000000e+00       0.000000000000e+00 
   59       4.867428636304e-11       1.054891157043e-14      -4.488144774917e-13       8.752075005310e-15       0.000000000000e+00       0.000000000000e+00       0.000000000000e+00 
   60       4.776493932066e-11       1.077987953676e-14      -4.547749248138e-13       8.894311573719e-15       0.000000000000e+00       0.000000000000e+00       0.000000000000e+00 
   61       4.685512708832e-11       1.100800479780e-14      -4.603816941898e-13       9.031935187975e-15       0.000000000000e+00       0.000000000000e+00       0.000000000000e+00 
   62       4.594627441203e-11       1.123311159542e-14      -4.656301303660e-13       9.164838993978e-15       0.000000000000e+00       0.000000000000e+00       0.000000000000e+00 
   63       4.504010698829e-11       1.145502240430e-14      -4.705154302848e-13       9.292925328474e-15       0.000000000000e+00       0.000000000000e+00       0.000000000000e+00 
   64       4.413779329449e-11       1.167356640420e-14      -4.750339252445e-13       9.416108418463e-15       0.000000000000e+00       0.000000000000e+00       0.000000000000e+00 
   65       4.323990615078e-11       1.188857977866e-14      -4.791831228648e-13       9.534314745270e-15       0.000000000000e+00       0.000000000000e+00       0.000000000000e+00 
   66       4.234638428194e-11       1.209990601349e-14      -4.829617490520e-13       9.647483408623e-15       0.000000000000e+00       0.000000000000e+00       0.000000000000e+00 
   67       4.145649387921e-11       1.230739619540e-14      -4.863697899649e-13       9.755566490722e-15       0.000000000000e+00       0.000000000000e+00       0.000000000000e+00 
   68       4.056942936809e-11       1.251090393123e-14      -4.894079321495e-13       9.858520684346e-15       0.000000000000e+00       0.000000000000e+00       0.000000000000e+00 
   69       3.968634298943e-11       1.271026824261e-14      -4.920756574061e-13       9.956279393509e-15       0.000000000000e+00       0.000000000000e+00       0.000000000000e+00 
   70       3.880865930244e-11       1.290532772574e-14      -4.943728355072e-13       1.004877560772e-14       0.000000000000e+00       0.000000000000e+00       0.000000000000e+00 
   71       3.793745067163e-11       1.309592578229e-14      -4.963003179692e-13       1.013595027591e-14       0.000000000000e+00       0.000000000000e+00       0.000000000000e+00 
   72       3.707341517658e-11       1.328191078034e-14      -4.978599646259e-13       1.021775244703e-14       0.000000000000e+00       0.000000000000e+00       0.000000000000e+00 
   73       3.621685452177e-11       1.346313621543e-14      -4.990546702020e-13       1.029413941075e-14       0.000000000000e+00       0.000000000000e+00       0.000000000000e+00 
   74       3.536765194646e-11       1.363946087156e-14      -4.998883908867e-13       1.036507683808e-14       0.000000000000e+00       0.000000000000e+00       0.000000000000e+00 
   75       3.452525013449e-11       1.381074898220e-14      -5.003661709067e-13       1.043053892202e-14       0.000000000000e+00       0.000000000000e+00       0.000000000000e+00 
   76       3.368907211728e-11       1.397687166280e-14      -5.004935043869e-13       1.049050835149e-14       0.000000000000e+00       0.000000000000e+00       0.000000000000e+00 
   77       3.285992142490e-11       1.413771115410e-14      -5.002742278446e-13       1.054497591679e-14       0.000000000000e+00       0.000000000000e+00       0.000000000000e+00 
   78       3.203879831212e-11       1.429315764873e-14      -4.997122898743e-13       1.059394108736e-14       0.000000000000e+00       0.000000000000e+00       0.000000000000e+00 
   79       3.122646662035e-11       1.444310827237e-14      -4.988123945006e-13       1.063741230718e-14       0.000000000000e+00       0.000000000000e+00       0.000000000000e+00 
   80       3.042344077132e-11       1.458746727089e-14      -4.975800141211e-13       1.067540713193e-14       0.000000000000e+00       0.000000000000e+00       0.000000000000e+00 
   81       2.962997276089e-11       1.472614619737e-14      -4.960214024492e-13       1.070795236625e-14       0.000000000000e+00       0.000000000000e+00       0.000000000000e+00 
   82       2.884603915280e-11       1.485906409922e-14      -4.941436074574e-13       1.073508420100e-14       0.000000000000e+00       0.000000000000e+00       0.000000000000e+00 
   83       2.807132807244e-11       1.498614770527e-14      -4.919544843199e-13       1.075684835041e-14       0.000000000000e+00       0.000000000000e+00       0.000000000000e+00 
   84       2.730552109596e-11       1.510732868661e-14      -4.894621397703e-13       1.077329523818e-14       0.000000000000e+00       0.000000000000e+00       0.000000000000e+00 
   85       2.654922110044e-11       1.522253450772e-14      -4.866731309863e-13       1.078446433794e-14       0.000000000000e+00       0.000000000000e+00       0.000000000000e+00 
   86       2.580315510053e-11       1.533169639463e-14      -4.835939904600e-13       1.079039747630e-14       0.000000000000e+00       0.000000000000e+00       0.000000000000e+00 
   87       2.506788509793e-11       1.543475226213e-14      -4.802317713730e-13       1.079114360641e-14       0.000000000000e+00       0.000000000000e+00       0.000000000000e+00 
   88       2.434380003133e-11       1.553164685168e-14      -4.765940509829e-13       1.078675886203e-14       0.000000000000e+00       0.000000000000e+00       0.000000000000e+00 
   89       2.363110772650e-11       1.562233186932e-14      -4.726889340102e-13       1.077730661150e-14       0.000000000000e+00       0.000000000000e+00       0.000000000000e+00 
   90       2.292982684619e-11       1.570676612354e-14      -4.685250560258e-13       1.076285751178e-14       0.000000000000e+00       0.000000000000e+00       0.000000000000e+00 
   91       2.223977884016e-11       1.578491566323e-14      -4.641115868370e-13       1.074348956243e-14       0.000000000000e+00       0.000000000000e+00       0.000000000000e+00 
   92       2.156057989518e-11       1.585675391555e-14      -4.594582338751e-13       1.071928815970e-14       0.000000000000e+00       0.000000000000e+00       0.000000000000e+00 
   93       2.089187538821e-11       1.592225953406e-14      -4.545747530654e-13       1.069034215852e-14       0.000000000000e+00       0.000000000000e+00       0.000000000000e+00 
   94       2.023410106705e-11       1.598140927332e-14      -4.494693899299e-13       1.065673126404e-14       0.000000000000e+00       0.000000000000e+00       0.000000000000e+00 
   95       1.958782200038e-11       1.603418429263e-14      -4.441502091974e-13       1.061853683483e-14       0.000000000000e+00       0.000000000000e+00       0.000000000000e+00 
   96       1.895349561709e-11       1.608057245533e-14      -4.386255631011e-13       1.057584570513e-14       0.000000000000e+00       0.000000000000e+00       0.000000000000e+00 
   97       1.833146698510e-11       1.612056843529e-14      -4.329040880046e-13       1.052875018400e-14       0.000000000000e+00       0.000000000000e+00       0.000000000000e+00 
   98       1.772196409016e-11       1.615417382341e-14      -4.269947010279e-13       1.047734805459e-14       0.000000000000e+00       0.000000000000e+00       0.000000000000e+00 
   99       1.712509311463e-11       1.618139723404e-14      -4.209065966742e-13       1.042174257334e-14       0.000000000000e+00       0.000000000000e+00       0.000000000000e+00 
  100       1.654083371626e-11       1.620225441150e-14      -4.146492434557e-13       1.036204246920e-14       0.000000000000e+00       0.000000000000e+00       0.000000000000e+00 
  101       1.596903430704e-11       1.621676833650e-14      -4.082323805197e-13       1.029836194282e-14       0.000000000000e+00       0.000000000000e+00       0.000000000000e+00 
  102       1.540940733190e-11       1.622496933266e-14      -4.016660142752e-13       1.023082066582e-14       0.000000000000e+00       0.000000000000e+00       0.000000000000e+00 
  103       1.486152454759e-11       1.622689517296e-14      -3.949604150188e-13       1.015954377999e-14       0.000000000000e+00       0.000000000000e+00       0.000000000000e+00 
  104       1.432499678062e-11       1.622258767905e-14      -3.881257208520e-13       1.008465734715e-14       0.000000000000e+00       0.000000000000e+00       0.000000000000e+00 
  105       1.380005102496e-11       1.621208176671e-14      -3.811706957646e-13       1.000627400048e-14       0.000000000000e+00       0.000000000000e+00       0.000000000000e+00 
  106       1.328702286310e-11       1.619541511220e-14      -3.741037967156e-13       9.924505344459e-15       0.000000000000e+00       0.000000000000e+00       0.000000000000e+00 
  107       1.278617628684e-11       1.617263159439e-14      -3.669335437647e-13       9.839466280897e-15       0.000000000000e+00       0.000000000000e+00       0.000000000000e+00 
  108       1.229770100337e-11       1.614378136268e-14      -3.596685123830e-13       9.751274958192e-15       0.000000000000e+00       0.000000000000e+00       0.000000000000e+00 
  109       1.182170974126e-11       1.610892090494e-14      -3.523173257636e-13       9.660052720541e-15       0.000000000000e+00       0.000000000000e+00       0.000000000000e+00 
  110       1.135823555655e-11       1.606811311543e-14      -3.448886471322e-13       9.565924057175e-15       0.000000000000e+00       0.000000000000e+00       0.000000000000e+00 
  111       1.090722913874e-11       1.602142736273e-14      -3.373911720584e-13       9.469016551576e-15       0.000000000000e+00       0.000000000000e+00       0.000000000000e+00 
  112       1.046855611685e-11       1.596893955769e-14      -3.298336207657e-13       9.369460830709e-15       0.000000000000e+00       0.000000000000e+00       0.000000000000e+00 
  113       1.004199436546e-11       1.591073222135e-14      -3.222247304428e-13       9.267390514242e-15       0.000000000000e+00       0.000000000000e+00       0.000000000000e+00 
  114       9.627231310743e-12       1.584689455287e-14      -3.145732475538e-13       9.162942163778e-15       0.000000000000e+00       0.000000000000e+00       0.000000000000e+00 
  115       9.223861236478e-12       1.577752249746e-14      -3.068879201494e-13       9.056255232073e-15       0.000000000000e+00       0.000000000000e+00       0.000000000000e+00 
  116       8.831512143087e-12       1.570271471792e-14      -2.991773149739e-13       8.947468054645e-15       0.000000000000e+00       0.000000000000e+00       0.000000000000e+00 
  117       8.450249581922e-12       1.562255980845e-14      -2.914492599992e-13       8.836705380256e-15       0.000000000000e+00       0.000000000000e+00       0.000000000000e+00 
  118       8.080217089280e-12       1.553714764662e-14      -2.837113193584e-13       8.724089221966e-15       0.000000000000e+00       0.000000000000e+00       0.000000000000e+00 
  119       7.721509495015e-12       1.544657338201e-14      -2.759709533472e-13       8.609742594269e-15       0.000000000000e+00       0.000000000000e+00       0.000000000000e+00 
  120       7.374171374046e-12       1.535093746793e-14      -2.682355091857e-13       8.493789427324e-15       0.000000000000e+00       0.000000000000e+00       0.000000000000e+00 
  121       7.038195497869e-12       1.525034569312e-14      -2.605122117795e-13       8.376354481188e-15       0.000000000000e+00       0.000000000000e+00       0.000000000000e+00 
  122       6.713521286064e-12       1.514490921349e-14      -2.528081544817e-13       8.257563260053e-15       0.000000000000e+00       0.000000000000e+00       0.000000000000e+00 
  123       6.400033257808e-12       1.503474458380e-14      -2.451302898544e-13       8.137541926477e-15       0.000000000000e+00       0.000000000000e+00       0.000000000000e+00 
  124       6.097559483378e-12       1.491997378938e-14      -2.374854204304e-13       8.016417215615e-15       0.000000000000e+00       0.000000000000e+00       0.000000000000e+00 
  125       5.805870035665e-12       1.480072427788e-14      -2.298801894748e-13       7.894316349456e-15       0.000000000000e+00       0.000000000000e+00       0.000000000000e+00 
  126       5.524675441683e-12       1.467712899091e-14      -2.223210717465e-13       7.771366951053e-15       0.000000000000e+00       0.000000000000e+00       0.000000000000e+00 
  127       5.253625134077e-12       1.454932639582e-14      -2.148143642599e-13       7.647696958759e-15       0.000000000000e+00       0.000000000000e+00       0.000000000000e+00 
  128       4.992305902631e-12       1.441746051737e-14      -2.073661770467e-13       7.523434540458e-15       0.000000000000e+00       0.000000000000e+00       0.000000000000e+00 
  129       4.740338848478e-12       1.428167554850e-14      -1.999824293852e-13       7.398705279952e-15       0.000000000000e+00       0.000000000000e+00       0.000000000000e+00 
  130       4.497685561087e-12       1.414209894682e-14      -1.926688576443e-13       7.273623569309e-15       0.000000000000e+00       0.000000000000e+00       0.000000000000e+00 
  131       4.264372759293e-12       1.399885653507e-14      -1.854309908457e-13       7.148300105768e-15       0.000000000000e+00       0.000000000000e+00       0.000000000000e+00 
  132       4.040395964065e-12       1.385207774884e-14      -1.782741361640e-13       7.022844430691e-15       0.000000000000e+00       0.000000000000e+00       0.000000000000e+00 
  133       3.825718654863e-12       1.370189562955e-14      -1.712033697276e-13       6.897364824281e-15       0.000000000000e+00       0.000000000000e+00       0.000000000000e+00 
  134       3.620271425999e-12       1.354844681729e-14      -1.642235274195e-13       6.771968200289e-15       0.000000000000e+00       0.000000000000e+00       0.000000000000e+00 
  135       3.423951142991e-12       1.339187154379e-14      -1.573391956777e-13       6.646760000734e-15       0.000000000000e+00       0.000000000000e+00       0.000000000000e+00 
  136       3.236620098928e-12       1.323231362535e-14      -1.505547022965e-13       6.521844090614e-15       0.000000000000e+00       0.000000000000e+00       0.000000000000e+00 
  137       3.058105170822e-12       1.306992045571e-14      -1.438741072268e-13       6.397322652617e-15       0.000000000000e+00       0.000000000000e+00       0.000000000000e+00 
  138       2.888196975973e-12       1.290484299902e-14      -1.373011933769e-13       6.273296081841e-15       0.000000000000e+00       0.000000000000e+00       0.000000000000e+00 
  139       2.726649028321e-12       1.273723578277e-14      -1.308394574137e-13       6.149862880504e-15       0.000000000000e+00       0.000000000000e+00       0.000000000000e+00 
  140       2.573176894811e-12       1.256725689066e-14      -1.244921005627e-13       6.027119552655e-15       0.000000000000e+00       0.000000000000e+00       0.000000000000e+00 
  141       2.427457351747e-12       1.239506795556e-14      -1.182620194093e-13       5.905160498895e-15       0.000000000000e+00       0.000000000000e+00       0.000000000000e+00 
  142       2.289127541153e-12       1.222083415241e-14      -1.121517966996e-13       5.784077911083e-15       0.000000000000e+00       0.000000000000e+00       0.000000000000e+00 
  143       2.157784127131e-12       1.204472419116e-14      -1.061636921406e-13       5.663961667056e-15       0.000000000000e+00       0.000000000000e+00       0.000000000000e+00 
  144       2.033058273062e-12       1.186690401460e-14      -1.002999038734e-13       5.544898787914e-15       0.000000000000e+00       0.000000000000e+00       0.000000000000e+00 
  145       1.914850685035e-12       1.168751720648e-14      -9.456340136344e-14       5.426971971864e-15       0.000000000000e+00       0.000000000000e+00       0.000000000000e+00 
  146       1.803118244707e-12       1.150670262943e-14      -8.895715751702e-14       5.310260715016e-15       0.000000000000e+00       0.000000000000e+00       0.000000000000e+00 
  147       1.697799864912e-12       1.132460050377e-14      -8.348387780627e-14       5.194841628984e-15       0.000000000000e+00       0.000000000000e+00       0.000000000000e+00 
  148       1.598816081774e-12       1.114135236421e-14      -7.814599262569e-14       5.080788333083e-15       0.000000000000e+00       0.000000000000e+00       0.000000000000e+00 
  149       1.506068646820e-12       1.095710101665e-14      -7.294564964843e-14       4.968171346532e-15       0.000000000000e+00       0.000000000000e+00       0.000000000000e+00 
  150       1.419440119088e-12       1.077199049486e-14      -6.788470618268e-14       4.857057980651e-15       0.000000000000e+00       0.000000000000e+00       0.000000000000e+00 
  151       1.338793457236e-12       1.058616601726e-14      -6.296472152792e-14       4.747512231063e-15       0.000000000000e+00       0.000000000000e+00       0.000000000000e+00 
  152       1.263971611657e-12       1.039977394368e-14      -5.818694933134e-14       4.639594669892e-15       0.000000000000e+00       0.000000000000e+00       0.000000000000e+00 
  153       1.194797116585e-12       1.021296173204e-14      -5.355232994409e-14       4.533362337965e-15       0.000000000000e+00       0.000000000000e+00       0.000000000000e+00 
  154       1.131071682211e-12       1.002587789516e-14      -4.906148277771e-14       4.428868637008e-15       0.000000000000e+00       0.000000000000e+00       0.000000000000e+00 
  155       1.072575786788e-12       9.838671957470e-15      -4.471469866036e-14       4.326163221852e-15       0.000000000000e+00       0.000000000000e+00       0.000000000000e+00 
  156       1.019068268743e-12       9.651494411746e-15      -4.051193219323e-14       4.225291892625e-15       0.000000000000e+00       0.000000000000e+00       0.000000000000e+00 
  157       9.702859187915e-13       9.464496675876e-15      -3.645279410685e-14       4.126296486958e-15       0.000000000000e+00       0.000000000000e+00       0.000000000000e+00 
  158       9.259430720434e-13       9.277831049586e-15      -3.253654361742e-14       4.029214772183e-15       0.000000000000e+00       0.000000000000e+00       0.000000000000e+00 
  159       8.857312001155e-13       9.091650671189e-15      -2.876208078315e-14       3.934080337532e-15       0.000000000000e+00       0.000000000000e+00       0.000000000000e+00 
  160       8.493185032423e-13       8.906109474327e-15      -2.512793886058e-14       3.840922486336e-15       0.000000000000e+00       0.000000000000e+00       0.000000000000e+00 
  161       8.164029269035e-13       8.721356224869e-15      -2.163275382471e-14       3.749769380585e-15       0.000000000000e+00       0.000000000000e+00       0.000000000000e+00 
  162       7.868773367553e-13       8.537516129808e-15      -1.827673563671e-14       3.660658013415e-15       0.000000000000e+00       0.000000000000e+00       0.000000000000e+00 
  163       7.606782390197e-13       8.354707511747e-15      -1.506031308176e-14       3.573624916595e-15       0.000000000000e+00       0.000000000000e+00       0.000000000000e+00 
  164       7.377335089039e-13       8.173047512538e-15      -1.198366290228e-14       3.488702895389e-15       0.000000000000e+00       0.000000000000e+00       0.000000000000e+00 
  165       7.179622285106e-13       7.992652022782e-15      -9.046704349587e-15       3.405920935721e-15       0.000000000000e+00       0.000000000000e+00       0.000000000000e+00 
  166       7.012745247480e-13       7.813635611342e-15      -6.249093735606e-15       3.325304111338e-15       0.000000000000e+00       0.000000000000e+00       0.000000000000e+00 
  167       6.875714072401e-13       7.636111454845e-15      -3.590218984595e-15       3.246873490972e-15       0.000000000000e+00       0.000000000000e+00       0.000000000000e+00 
  168       6.767446062366e-13       7.460191267190e-15      -1.069194184833e-15       3.170646045506e-15       0.000000000000e+00       0.000000000000e+00       0.000000000000e+00 
  169       6.686764105229e-13       7.285985229055e-15       1.315145859671e-15       3.096634555134e-15       0.000000000000e+00       0.000000000000e+00       0.000000000000e+00 
  170       6.632395053302e-13       7.113601917402e-15       3.564251077474e-15       3.024847516528e-15       0.000000000000e+00       0.000000000000e+00       0.000000000000e+00 
  171       6.602968102457e-13       6.943148234986e-15       5.679861577996e-15       2.955289050000e-15       0.000000000000e+00       0.000000000000e+00       0.000000000000e+00 
  172       6.597013171227e-13       6.774729339858e-15       7.664013099810e-15       2.887958806666e-15       0.000000000000e+00       0.000000000000e+00       0.000000000000e+00 
  173       6.612959279905e-13       6.608448574871e-15       9.519042458944e-15       2.822851875608e-15       0.000000000000e+00       0.000000000000e+00       0.000000000000e+00 
  174       6.649132929645e-13       6.444407397192e-15       1.124759299717e-14       2.759958691039e-15       0.000000000000e+00       0.000000000000e+00       0.000000000000e+00 
  175       6.703756481564e-13       6.282705307803e-15       1.285262003031e-14       2.699264939467e-15       0.000000000000e+00       0.000000000000e+00       0.000000000000e+00 
  176       6.774946535842e-13       6.123439781009e-15       1.433739629651e-14       2.640751466855e-15       0.000000000000e+00       0.000000000000e+00       0.000000000000e+00 
  177       6.860712310822e-13       5.966706193943e-15       1.570551740456e-14       2.584394185790e-15       0.000000000000e+00       0.000000000000e+00       0.000000000000e+00 
  178       6.958954022113e-13       5.812597756077e-15       1.696090728218e-14       2.530163982641e-15       0.000000000000e+00       0.000000000000e+00       0.000000000000e+00 
  179       7.067461261687e-13       5.661205438724e-15       1.810782362431e-14       2.478026624727e-15       0.000000000000e+00       0.000000000000e+00       0.000000000000e+00 
  180       7.184245074987e-13       5.512614985234e-15       1.915021666419e-14       2.427950196917e-15       0.000000000000e+00       0.000000000000e+00       0.000000000000e+00 
  181       7.308567096080e-13       5.366897823082e-15       2.008973710756e-14       2.379928266395e-15       0.000000000000e+00       0.000000000000e+00       0.000000000000e+00 
  182       7.439989294416e-13       5.224119292346e-15       2.092757994657e-14       2.333958385231e-15       0.000000000000e+00       0.000000000000e+00       0.000000000000e+00 
  183       7.578047239075e-13       5.084341419436e-15       2.166511995189e-14       2.290034661774e-15       0.000000000000e+00       0.000000000000e+00       0.000000000000e+00 
  184       7.722249706956e-13       4.947622835848e-15       2.230391473915e-14       2.248147695547e-15       0.000000000000e+00       0.000000000000e+00       0.000000000000e+00 
  185       7.872078290970e-13       4.814018696918e-15       2.284570783537e-14       2.208284512146e-15       0.000000000000e+00       0.000000000000e+00       0.000000000000e+00 
  186       8.026987008227e-13       4.683580600572e-15       2.329243174539e-14       2.170428498130e-15       0.000000000000e+00       0.000000000000e+00       0.000000000000e+00 
  187       8.186401908232e-13       4.556356506088e-15       2.364621101826e-14       2.134559335926e-15       0.000000000000e+00       0.000000000000e+00       0.000000000000e+00 
  188       8.349720681073e-13       4.432390652841e-15       2.390936531372e-14       2.100652938715e-15       0.000000000000e+00       0.000000000000e+00       0.000000000000e+00 
  189       8.516312265613e-13       4.311723479064e-15       2.408441246860e-14       2.068681385338e-15       0.000000000000e+00       0.000000000000e+00       0.000000000000e+00 
  190       8.685516457679e-13       4.194391540596e-15       2.417407156326e-14       2.038612855186e-15       0.000000000000e+00       0.000000000000e+00       0.000000000000e+00 
  191       8.856643518257e-13       4.080427429640e-15       2.418126598799e-14       2.010411563099e-15       0.000000000000e+00       0.000000000000e+00       0.000000000000e+00 
  192       9.028973781679e-13       3.969859693517e-15       2.410912650947e-14       1.984037694260e-15       0.000000000000e+00       0.000000000000e+00       0.000000000000e+00 
  193       9.201757263815e-13       3.862712753416e-15       2.396099433716e-14       1.959447339093e-15       0.000000000000e+00       0.000000000000e+00       0.000000000000e+00 
  194       9.374213270267e-13       3.759006823151e-15       2.374042418979e-14       1.936592428161e-15       0.000000000000e+00       0.000000000000e+00       0.000000000000e+00 
  195       9.545530004556e-13       3.658757827915e-15       2.345118736170e-14       1.915420667058e-15       0.000000000000e+00       0.000000000000e+00       0.000000000000e+00 
  196       9.714864176314e-13       3.561977323033e-15       2.309727478935e-14       1.895875471306e-15       0.000000000000e+00       0.000000000000e+00       0.000000000000e+00 
  197       9.881340609476e-13       3.468672412714e-15       2.268290011770e-14       1.877895901256e-15       0.000000000000e+00       0.000000000000e+00       0.000000000000e+00 
  198       1.004405185047e-12       3.378845668808e-15       2.221250276663e-14       1.861416596979e-15       0.000000000000e+00       0.000000000000e+00       0.000000000000e+00 
  199       1.020205777641e-12       3.292495049560e-15       2.169075099741e-14       1.846367713162e-15       0.000000000000e+00       0.000000000000e+00       0.000000000000e+00 
  200       1.035438520329e-12       3.209613818359e-15       2.112254497910e-14       1.832674854010e-15       0.000000000000e+00       0.000000000000e+00       0.000000000000e+00 
  201       1.050018296620e-12       3.130193814794e-15       2.051237027085e-14       1.820269457990e-15       0.000000000000e+00       0.000000000000e+00       0.000000000000e+00 
  202       1.063920031958e-12       3.054235697135e-15       1.986230042780e-14       1.809120914119e-15       0.000000000000e+00       0.000000000000e+00       0.000000000000e+00 
  203       1.077134199380e-12       2.981739275649e-15       1.917385746660e-14       1.799206616900e-15       0.000000000000e+00       0.000000000000e+00       0.000000000000e+00 
  204       1.089651586183e-12       2.912700155187e-15       1.844864976504e-14       1.790501688660e-15       0.000000000000e+00       0.000000000000e+00       0.000000000000e+00 
  205       1.101463300693e-12       2.847109663841e-15       1.768837320858e-14       1.782978945334e-15       0.000000000000e+00       0.000000000000e+00       0.000000000000e+00 
  206       1.112560779033e-12       2.784954781611e-15       1.689481233699e-14       1.776608862243e-15       0.000000000000e+00       0.000000000000e+00       0.000000000000e+00 
  207       1.122935791894e-12       2.726218069060e-15       1.606984149086e-14       1.771359539876e-15       0.000000000000e+00       0.000000000000e+00       0.000000000000e+00 
  208       1.132580451300e-12       2.670877595983e-15       1.521542595820e-14       1.767196669671e-15       0.000000000000e+00       0.000000000000e+00       0.000000000000e+00 
  209       1.141487217384e-12       2.618906870063e-15       1.433362312097e-14       1.764083499797e-15       0.000000000000e+00       0.000000000000e+00       0.000000000000e+00 
  210       1.149648905151e-12       2.570274765535e-15       1.342658360172e-14       1.761980800934e-15       0.000000000000e+00       0.000000000000e+00       0.000000000000e+00 
  211       1.157058691250e-12       2.524945451847e-15       1.249655241006e-14       1.760846832054e-15       0.000000000000e+00       0.000000000000e+00       0.000000000000e+00 
  212       1.163710120742e-12       2.482878322324e-15       1.154587008934e-14       1.760637306202e-15       0.000000000000e+00       0.000000000000e+00       0.000000000000e+00 
  213       1.169597113870e-12       2.444027922824e-15       1.057697386312e-14       1.761305356276e-15       0.000000000000e+00       0.000000000000e+00       0.000000000000e+00 
  214       1.174713972830e-12       2.408343880407e-15       9.592398781802e-15       1.762801500812e-15       0.000000000000e+00       0.000000000000e+00       0.000000000000e+00 
  215       1.179055388535e-12       2.375770831989e-15       8.594778869163e-15       1.765073609758e-15       0.000000000000e+00       0.000000000000e+00       0.000000000000e+00 
  216       1.182616447389e-12       2.346248353012e-15       7.586848268949e-15       1.768066870262e-15       0.000000000000e+00       0.000000000000e+00       0.000000000000e+00 
  217       1.185392638055e-12       2.319710886096e-15       6.571442391427e-15       1.771723752449e-15       0.000000000000e+00       0.000000000000e+00       0.000000000000e+00 
  218       1.187379858221e-12       2.296087669710e-15       5.551499059962e-15       1.775983975203e-15       0.000000000000e+00       0.000000000000e+00       0.000000000000e+00 
  219       1.188574421375e-12       2.275302666828e-15       4.530059657580e-15       1.780784471949e-15       0.000000000000e+00       0.000000000000e+00       0.000000000000e+00 
  220       1.188973063569e-12       2.257274493591e-15       3.510270273541e-15       1.786059356430e-15       0.000000000000e+00       0.000000000000e+00       0.000000000000e+00 
  221       1.188572950191e-12       2.241916347971e-15       2.495382849906e-15       1.791739888494e-15       0.000000000000e+00       0.000000000000e+00       0.000000000000e+00 
  222       1.187371682732e-12       2.229135938431e-15       1.488756328105e-15       1.797754439870e-15       0.000000000000e+00       0.000000000000e+00       0.000000000000e+00 
  223       1.185367305558e-12       2.218835412587e-15       4.938577955087e-16       1.804028459952e-15       0.000000000000e+00       0.000000000000e+00       0.000000000000e+00 
  224       1.182560538503e-12       2.210922792898e-15      -4.862286063027e-16       1.810494953421e-15       0.000000000000e+00       0.000000000000e+00       0.000000000000e+00 
  225       1.178961620109e-12       2.205347248339e-15      -1.450312409730e-15       1.817126732394e-15       0.000000000000e+00       0.000000000000e+00       0.000000000000e+00 
  226       1.174583917527e-12       2.202065952689e-15      -2.397681016886e-15       1.823906171931e-15       0.000000000000e+00       0.000000000000e+00       0.000000000000e+00 
  227       1.169441752237e-12       2.201032737677e-15      -3.327616218103e-15       1.830814875452e-15       0.000000000000e+00       0.000000000000e+00       0.000000000000e+00 
  228       1.163550412125e-12       2.202198049037e-15      -4.239394217353e-15       1.837833665554e-15       0.000000000000e+00       0.000000000000e+00       0.000000000000e+00 
  229       1.156926163542e-12       2.205508902571e-15      -5.132285657680e-15       1.844942574815e-15       0.000000000000e+00       0.000000000000e+00       0.000000000000e+00 
  230       1.149586263383e-12       2.210908840206e-15      -6.005555646625e-15       1.852120836607e-15       0.000000000000e+00       0.000000000000e+00       0.000000000000e+00 
  231       1.141548971145e-12       2.218337886055e-15      -6.858463781655e-15       1.859346875902e-15       0.000000000000e+00       0.000000000000e+00       0.000000000000e+00 
  232       1.132833561005e-12       2.227732502475e-15      -7.690264175587e-15       1.866598300083e-15       0.000000000000e+00       0.000000000000e+00       0.000000000000e+00 
  233       1.123460333883e-12       2.239025546127e-15      -8.500205482020e-15       1.873851889755e-15       0.000000000000e+00       0.000000000000e+00       0.000000000000e+00 
  234       1.113450629514e-12       2.252146224035e-15      -9.287530920759e-15       1.881083589550e-15       0.000000000000e+00       0.000000000000e+00       0.000000000000e+00 
  235       1.102826838514e-12       2.267020049647e-15      -1.005147830324e-14       1.888268498937e-15       0.000000000000e+00       0.000000000000e+00       0.000000000000e+00 
  236       1.091612414452e-12       2.283568798891e-15      -1.079128005797e-14       1.895380863036e-15       0.000000000000e+00       0.000000000000e+00       0.000000000000e+00 
  237       1.079831885914e-12       2.301710466238e-15      -1.150616325593e-14       1.902394063419e-15       0.000000000000e+00       0.000000000000e+00       0.000000000000e+00 
  238       1.067510868578e-12       2.321359220757e-15      -1.219534963602e-14       1.909280608928e-15       0.000000000000e+00       0.000000000000e+00       0.000000000000e+00 
  239       1.054676077277e-12       2.342425362180e-15      -1.285805563050e-14       1.916012126477e-15       0.000000000000e+00       0.000000000000e+00       0.000000000000e+00 
  240       1.041355338072e-12       2.364815276957e-15      -1.349349239039e-14       1.922559351866e-15       0.000000000000e+00       0.000000000000e+00       0.000000000000e+00 
  241       1.027577600317e-12       2.388431394314e-15      -1.410086581089e-14       1.928892120587e-15       0.000000000000e+00       0.000000000000e+00       0.000000000000e+00 
  242       1.013372948731e-12       2.413172142319e-15      -1.467937655685e-14       1.934979358634e-15       0.000000000000e+00       0.000000000000e+00       0.000000000000e+00 
  243       9.987726154656e-13       2.438931903935e-15      -1.522822008816e-14       1.940789073315e-15       0.000000000000e+00       0.000000000000e+00       0.000000000000e+00 
  244       9.838089921727e-13       2.465600973081e-15      -1.574658668519e-14       1.946288344055e-15       0.000000000000e+00       0.000000000000e+00       0.000000000000e+00 
  245       9.685156420747e-13       2.493065510692e-15      -1.623366147423e-14       1.951443313213e-15       0.000000000000e+00       0.000000000000e+00       0.000000000000e+00 
  246       9.529273120325e-13       2.521207500780e-15      -1.668862445289e-14       1.956219176884e-15       0.000000000000e+00       0.000000000000e+00       0.000000000000e+00 
  247       9.370799446144e-13       2.549904706490e-15      -1.711065051553e-14       1.960580175712e-15       0.000000000000e+00       0.000000000000e+00       0.000000000000e+00 
  248       9.210106901651e-13       2.579030626161e-15      -1.749890947873e-14       1.964489585700e-15       0.000000000000e+00       0.000000000000e+00       0.000000000000e+00 
  249       9.047579188741e-13       2.608454449384e-15      -1.785256610666e-14       1.967909709016e-15       0.000000000000e+00       0.000000000000e+00       0.000000000000e+00 
  250       8.883566571872e-13       2.638057955343e-15      -1.817096579732e-14       1.970808478034e-15       0.000000000000e+00       0.000000000000e+00       0.000000000000e+00 
  251       8.718245800619e-13       2.667787380016e-15      -1.845420347258e-14       1.973179709071e-15       0.000000000000e+00       0.000000000000e+00       0.000000000000e+00 
  252       8.551752335959e-13       2.697604457512e-15      -1.870258757503e-14       1.975023999889e-15       0.000000000000e+00       0.000000000000e+00       0.000000000000e+00 
  253       8.384225412306e-13       2.727469735705e-15      -1.891645774054e-14       1.976342225096e-15       0.000000000000e+00       0.000000000000e+00       0.000000000000e+00 
  254       8.215808070690e-13       2.757342564699e-15      -1.909618517871e-14       1.977135539609e-15       0.000000000000e+00       0.000000000000e+00       0.000000000000e+00 
  255       8.046647191948e-13       2.787181085281e-15      -1.924217305337e-14       1.977405382100e-15       0.000000000000e+00       0.000000000000e+00       0.000000000000e+00 
  256       7.876893529902e-13       2.816942217382e-15      -1.935485686301e-14       1.977153478462e-15       0.000000000000e+00       0.000000000000e+00       0.000000000000e+00 
  257       7.706701744552e-13       2.846581648537e-15      -1.943470482130e-14       1.976381845259e-15       0.000000000000e+00       0.000000000000e+00       0.000000000000e+00 
  258       7.536230435252e-13       2.876053822342e-15      -1.948221823756e-14       1.975092793185e-15       0.000000000000e+00       0.000000000000e+00       0.000000000000e+00 
  259       7.365642173902e-13       2.905311926916e-15      -1.949793189721e-14       1.973288930517e-15       0.000000000000e+00       0.000000000000e+00       0.000000000000e+00 
  260       7.195103538129e-13       2.934307883354e-15      -1.948241444228e-14       1.970973166573e-15       0.000000000000e+00       0.000000000000e+00       0.000000000000e+00 
  261       7.024785144475e-13       2.962992334194e-15      -1.943626875184e-14       1.968148715169e-15       0.000000000000e+00       0.000000000000e+00       0.000000000000e+00 
  262       6.854861681579e-13       2.991314631867e-15      -1.936013232254e-14       1.964819098071e-15       0.000000000000e+00       0.000000000000e+00       0.000000000000e+00 
  263       6.685511943361e-13       3.019222827165e-15      -1.925467764902e-14       1.960988148457e-15       0.000000000000e+00       0.000000000000e+00       0.000000000000e+00 
  264       6.516918862213e-13       3.046663657691e-15      -1.912061260443e-14       1.956660014367e-15       0.000000000000e+00       0.000000000000e+00       0.000000000000e+00 
  265       6.349269542176e-13       3.073582536326e-15      -1.895868082089e-14       1.951839162163e-15       0.000000000000e+00       0.000000000000e+00       0.000000000000e+00 
  266       6.182755292131e-13       3.099923539681e-15      -1.876966206995e-14       1.946530379982e-15       0.000000000000e+00       0.000000000000e+00       0.000000000000e+00 
  267       6.017571658981e-13       3.125629396562e-15      -1.855437264312e-14       1.940738781196e-15       0.000000000000e+00       0.000000000000e+00       0.000000000000e+00 
  268       5.853918460838e-13       3.150641476424e-15      -1.831366573227e-14       1.934469807862e-15       0.000000000000e+00       0.000000000000e+00       0.000000000000e+00 
  269       5.691999820202e-13       3.174899777832e-15      -1.804843181016e-14       1.927729234186e-15       0.000000000000e+00       0.000000000000e+00       0.000000000000e+00 
  270       5.532024197156e-13       3.198342916920e-15      -1.775959901090e-14       1.920523169970e-15       0.000000000000e+00       0.000000000000e+00       0.000000000000e+00 
  271       5.374204422542e-13       3.220908115851e-15      -1.744813351043e-14       1.912858064076e-15       0.000000000000e+00       0.000000000000e+00       0.000000000000e+00 
  272       5.218757731150e-13       3.242531191273e-15      -1.711503990698e-14       1.904740707877e-15       0.000000000000e+00       0.000000000000e+00       0.000000000000e+00 
  273       5.065905794901e-13       3.263146542779e-15      -1.676136160157e-14       1.896178238714e-15       0.000000000000e+00       0.000000000000e+00       0.000000000000e+00 
  274       4.915874756035e-13       3.282687141368e-15      -1.638818117846e-14       1.887178143353e-15       0.000000000000e+00       0.000000000000e+00       0.000000000000e+00 
  275       4.768895260293e-13       3.301084517901e-15      -1.599662078566e-14       1.877748261442e-15       0.000000000000e+00       0.000000000000e+00       0.000000000000e+00 
  276       4.625202490103e-13       3.318268751563e-15      -1.558784251535e-14       1.867896788962e-15       0.000000000000e+00       0.000000000000e+00       0.000000000000e+00 
  277       4.485036197763e-13       3.334168458318e-15      -1.516304878443e-14       1.857632281689e-15       0.000000000000e+00       0.000000000000e+00       0.000000000000e+00 
  278       4.348640738630e-13       3.348710779371e-15      -1.472348271492e-14       1.846963658647e-15       0.000000000000e+00       0.000000000000e+00       0.000000000000e+00 
  279       4.216223839957e-13       3.361834487446e-15      -1.427029969415e-14       1.835900371673e-15       0.000000000000e+00       0.000000000000e+00       0.000000000000e+00 
  280       4.087830474628e-13       3.373530080985e-15      -1.380417390654e-14       1.824452916723e-15       0.000000000000e+00       0.000000000000e+00       0.000000000000e+00 
  281       3.963462517631e-13       3.383801744696e-15      -1.332567215797e-14       1.812632355788e-15       0.000000000000e+00       0.000000000000e+00       0.000000000000e+00 
  282       3.843119391767e-13       3.392654427401e-15      -1.283538104168e-14       1.800450156869e-15       0.000000000000e+00       0.000000000000e+00       0.000000000000e+00 
  283       3.726798037452e-13       3.400093850646e-15      -1.233390712090e-14       1.787918197684e-15       0.000000000000e+00       0.000000000000e+00       0.000000000000e+00 
  284       3.614492882510e-13       3.406126517313e-15      -1.182187711143e-14       1.775048769381e-15       0.000000000000e+00       0.000000000000e+00       0.000000000000e+00 
  285       3.506195811976e-13       3.410759720224e-15      -1.129993806424e-14       1.761854580247e-15       0.000000000000e+00       0.000000000000e+00       0.000000000000e+00 
  286       3.401896137894e-13       3.414001550757e-15      -1.076875754807e-14       1.748348759424e-15       0.000000000000e+00       0.000000000000e+00       0.000000000000e+00 
  287       3.301580569118e-13       3.415860907447e-15      -1.022902383201e-14       1.734544860615e-15       0.000000000000e+00       0.000000000000e+00       0.000000000000e+00 
  288       3.205233181104e-13       3.416347504601e-15      -9.681446068113e-15       1.720456865798e-15       0.000000000000e+00       0.000000000000e+00       0.000000000000e+00 
  289       3.112835385717e-13       3.415471880906e-15      -9.126754473969e-15       1.706099188936e-15       0.000000000000e+00       0.000000000000e+00       0.000000000000e+00 
  290       3.024365901024e-13       3.413245408038e-15      -8.565700515323e-15       1.691486679688e-15       0.000000000000e+00       0.000000000000e+00       0.000000000000e+00 
  291       2.939800721096e-13       3.409680299269e-15      -7.999057088656e-15       1.676634627123e-15       0.000000000000e+00       0.000000000000e+00       0.000000000000e+00 
  292       2.859113085806e-13       3.404789618079e-15      -7.427618703784e-15       1.661558763425e-15       0.000000000000e+00       0.000000000000e+00       0.000000000000e+00 
  293       2.782273450627e-13       3.398587286765e-15      -6.852201666451e-15       1.646275267612e-15       0.000000000000e+00       0.000000000000e+00       0.000000000000e+00 
  294       2.709249456431e-13       3.391088095049e-15      -6.273644260926e-15       1.630800769239e-15       0.000000000000e+00       0.000000000000e+00       0.000000000000e+00 
  295       2.640005899288e-13       3.382307708686e-15      -5.692806932599e-15       1.615152352117e-15       0.000000000000e+00       0.000000000000e+00       0.000000000000e+00 
  296       2.574504700267e-13       3.372262678077e-15      -5.110572470572e-15       1.599347558019e-15       0.000000000000e+00       0.000000000000e+00       0.000000000000e+00 
  297       2.512704875232e-13       3.360970446873e-15      -4.527846190259e-15       1.583404390392e-15       0.000000000000e+00       0.000000000000e+00       0.000000000000e+00 
  298       2.454562504640e-13       3.348449360591e-15      -3.945556115977e-15       1.567341318068e-15       0.000000000000e+00       0.000000000000e+00       0.000000000000e+00 
  299       2.400030703343e-13       3.334718675214e-15      -3.364653163542e-15       1.551177278977e-15       0.000000000000e+00       0.000000000000e+00       0.000000000000e+00 
  300       2.349059590385e-13       3.319798565811e-15      -2.786111322867e-15       1.534931683858e-15       0.000000000000e+00       0.000000000000e+00       0.000000000000e+00 
  301       2.301596258801e-13       3.303710135135e-15      -2.210927840553e-15       1.518624419967e-15       0.000000000000e+00       0.000000000000e+00       0.000000000000e+00 
  302       2.257584745417e-13       3.286475422243e-15      -1.640123402486e-15       1.502275854791e-15       0.000000000000e+00       0.000000000000e+00       0.000000000000e+00 
  303       2.216966000647e-13       3.268117411094e-15      -1.074742316432e-15       1.485906839758e-15       0.000000000000e+00       0.000000000000e+00       0.000000000000e+00 
  304       2.179677858292e-13       3.248660039170e-15      -5.158526946309e-16       1.469538713951e-15       0.000000000000e+00       0.000000000000e+00       0.000000000000e+00 
  305       2.145655005339e-13       3.228128206075e-15       3.545336360552e-17       1.453193307812e-15       0.000000000000e+00       0.000000000000e+00       0.000000000000e+00 
  306       2.114828951762e-13       3.206547782150e-15       5.780595893023e-16       1.436892946863e-15       0.000000000000e+00       0.000000000000e+00       0.000000000000e+00 
  307       2.087128000318e-13       3.183945617079e-15       1.110825361224e-15       1.420660455408e-15       0.000000000000e+00       0.000000000000e+00       0.000000000000e+00 
  308       2.062477216348e-13       3.160349548502e-15       1.632585523280e-15       1.404519160251e-15       0.000000000000e+00       0.000000000000e+00       0.000000000000e+00 
  309       2.040798397572e-13       3.135788410620e-15       2.142150201931e-15       1.388492894402e-15       0.000000000000e+00       0.000000000000e+00       0.000000000000e+00 
  310       2.022010043892e-13       3.110292042807e-15       2.638304623590e-15       1.372606000791e-15       0.000000000000e+00       0.000000000000e+00       0.000000000000e+00 
  311       2.006027327192e-13       3.083891298217e-15       3.119808932032e-15       1.356883335979e-15       0.000000000000e+00       0.000000000000e+00       0.000000000000e+00 
  312       1.992767941764e-13       3.056617158454e-15       3.585605404096e-15       1.341346704554e-15       0.000000000000e+00       0.000000000000e+00       0.000000000000e+00 
  313       1.982170017592e-13       3.028498014514e-15       4.035451097790e-15       1.326003971851e-15       0.000000000000e+00       0.000000000000e+00       0.000000000000e+00 
  314       1.974174979241e-13       2.999562276495e-15       4.469314202158e-15       1.310859453316e-15       0.000000000000e+00       0.000000000000e+00       0.000000000000e+00 
  315       1.968721717283e-13       2.969839263647e-15       4.887169357448e-15       1.295917437604e-15       0.000000000000e+00       0.000000000000e+00       0.000000000000e+00 
  316       1.965746565315e-13       2.939359211882e-15       5.288997727365e-15       1.281182185905e-15       0.000000000000e+00       0.000000000000e+00       0.000000000000e+00 
  317       1.965183276991e-13       2.908153281283e-15       5.674787071330e-15       1.266657931267e-15       0.000000000000e+00       0.000000000000e+00       0.000000000000e+00 
  318       1.966963003045e-13       2.876253563615e-15       6.044531816738e-15       1.252348877924e-15       0.000000000000e+00       0.000000000000e+00       0.000000000000e+00 
  319       1.971014268312e-13       2.843693089837e-15       6.398233131212e-15       1.238259200620e-15       0.000000000000e+00       0.000000000000e+00       0.000000000000e+00 
  320       1.977262948759e-13       2.810505837611e-15       6.735898994862e-15       1.224393043934e-15       0.000000000000e+00       0.000000000000e+00       0.000000000000e+00 
  321       1.985632248505e-13       2.776726738816e-15       7.057544272538e-15       1.210754521605e-15       0.000000000000e+00       0.000000000000e+00       0.000000000000e+00 
  322       1.996042676850e-13       2.742391687054e-15       7.363190786092e-15       1.197347715857e-15       0.000000000000e+00       0.000000000000e+00       0.000000000000e+00 
  323       2.008412025295e-13       2.707537545163e-15       7.652867386631e-15       1.184176676725e-15       0.000000000000e+00       0.000000000000e+00       0.000000000000e+00 
  324       2.022655344573e-13       2.672202152730e-15       7.926610026772e-15       1.171245421380e-15       0.000000000000e+00       0.000000000000e+00       0.000000000000e+00 
  325       2.038684921670e-13       2.636424333598e-15       8.184461832905e-15       1.158557933454e-15       0.000000000000e+00       0.000000000000e+00       0.000000000000e+00 
  326       2.056410256849e-13       2.600243903376e-15       8.426473177443e-15       1.146118162364e-15       0.000000000000e+00       0.000000000000e+00       0.000000000000e+00 
  327       2.075738040679e-13       2.563701676955e-15       8.652701751081e-15       1.133930022639e-15       0.000000000000e+00       0.000000000000e+00       0.000000000000e+00 
  328       2.096572131057e-13       2.526839476015e-15       8.863212635055e-15       1.121997393243e-15       0.000000000000e+00       0.000000000000e+00       0.000000000000e+00 
  329       2.118813530235e-13       2.489700136534e-15       9.058078373395e-15       1.110324116905e-15       0.000000000000e+00       0.000000000000e+00       0.000000000000e+00 
  330       2.142360361840e-13       2.452327516303e-15       9.237379045184e-15       1.098913999436e-15       0.000000000000e+00       0.000000000000e+00       0.000000000000e+00 
  331       2.167107847907e-13       2.414766502433e-15       9.401202336813e-15       1.087770809063e-15       0.000000000000e+00       0.000000000000e+00       0.000000000000e+00 
  332       2.192948285897e-13       2.377063018868e-15       9.549643614241e-15       1.076898275747e-15       0.000000000000e+00       0.000000000000e+00       0.000000000000e+00 
  333       2.219771025725e-13       2.339264033896e-15       9.682805995246e-15       1.066300090513e-15       0.000000000000e+00       0.000000000000e+00       0.000000000000e+00 
  334       2.247462446785e-13       2.301417567656e-15       9.800800421687e-15       1.055979904771e-15       0.000000000000e+00       0.000000000000e+00       0.000000000000e+00 
  335       2.275905934975e-13       2.263572699654e-15       9.903745731757e-15       1.045941329647e-15       0.000000000000e+00       0.000000000000e+00       0.000000000000e+00 
  336       2.304981859720e-13       2.225779576268e-15       9.991768732242e-15       1.036187935302e-15       0.000000000000e+00       0.000000000000e+00       0.000000000000e+00 
  337       2.334567550999e-13       2.188089418264e-15       1.006500427078e-14       1.026723250260e-15       0.000000000000e+00       0.000000000000e+00       0.000000000000e+00 
  338       2.364537276370e-13       2.150554528304e-15       1.012359530810e-14       1.017550760733e-15       0.000000000000e+00       0.000000000000e+00       0.000000000000e+00 
  339       2.394762217994e-13       2.113228298457e-15       1.016769299032e-14       1.008673909948e-15       0.000000000000e+00       0.000000000000e+00       0.000000000000e+00 
  340       2.425110449660e-13       2.076165217708e-15       1.019745672115e-14       1.000096097467e-15       0.000000000000e+00       0.000000000000e+00       0.000000000000e+00 
  341       2.455446913811e-13       2.039420879472e-15       1.021305423419e-14       9.918206785179e-16       0.000000000000e+00       0.000000000000e+00       0.000000000000e+00 
  342       2.485633398566e-13       2.003051989104e-15       1.021466166516e-14       9.838509633166e-16       0.000000000000e+00       0.000000000000e+00       0.000000000000e+00 
  343       2.515528514751e-13       1.967116371406e-15       1.020246362419e-14       9.761902163921e-16       0.000000000000e+00       0.000000000000e+00       0.000000000000e+00 
  344       2.544987672917e-13       1.931672978143e-15       1.017665326803e-14       9.688416559130e-16       0.000000000000e+00       0.000000000000e+00       0.000000000000e+00 
  345       2.573863060369e-13       1.896781895550e-15       1.013743237236e-14       9.618084530114e-16       0.000000000000e+00       0.000000000000e+00       0.000000000000e+00 
  346       2.602003618190e-13       1.862504351844e-15       1.008501140399e-14       9.550937311090e-16       0.000000000000e+00       0.000000000000e+00       0.000000000000e+00 
  347       2.629255018267e-13       1.828902724735e-15       1.001960959315e-14       9.487005652416e-16       0.000000000000e+00       0.000000000000e+00       0.000000000000e+00 
  348       2.655459640313e-13       1.796040548935e-15       9.941455005765e-15       9.426319813847e-16       0.000000000000e+00       0.000000000000e+00       0.000000000000e+00 
  349       2.680483155030e-13       1.763972359385e-15       9.850794172408e-15       9.368896759997e-16       0.000000000000e+00       0.000000000000e+00       0.000000000000e+00 
  350       2.704295539292e-13       1.732712739923e-15       9.747921268933e-15       9.314701173512e-16       0.000000000000e+00       0.000000000000e+00       0.000000000000e+00 
  351       2.726893381127e-13       1.702266003684e-15       9.633150289466e-15       9.263682809269e-16       0.000000000000e+00       0.000000000000e+00       0.000000000000e+00 
  352       2.748273580381e-13       1.672636238918e-15       9.506805680366e-15       9.215789126790e-16       0.000000000000e+00       0.000000000000e+00       0.000000000000e+00 
  353       2.768433351878e-13       1.643827306512e-15       9.369222421876e-15       9.170965270923e-16       0.000000000000e+00       0.000000000000e+00       0.000000000000e+00 
  354       2.787370228586e-13       1.615842837518e-15       9.220746109765e-15       9.129154052519e-16       0.000000000000e+00       0.000000000000e+00       0.000000000000e+00 
  355       2.805082064779e-13       1.588686230676e-15       9.061733036973e-15       9.090295929114e-16       0.000000000000e+00       0.000000000000e+00       0.000000000000e+00 
  356       2.821567039196e-13       1.562360649940e-15       8.892550275258e-15       9.054328985603e-16       0.000000000000e+00       0.000000000000e+00       0.000000000000e+00 
  357       2.836823658211e-13       1.536869022004e-15       8.713575756841e-15       9.021188914926e-16       0.000000000000e+00       0.000000000000e+00       0.000000000000e+00 
  358       2.850850758990e-13       1.512214033828e-15       8.525198356049e-15       8.990808998740e-16       0.000000000000e+00       0.000000000000e+00       0.000000000000e+00 
  359       2.863647512654e-13       1.488398130160e-15       8.327817970963e-15       8.963120088104e-16       0.000000000000e+00       0.000000000000e+00       0.000000000000e+00 
  360       2.875213427445e-13       1.465423511066e-15       8.121845605060e-15       8.938050584152e-16       0.000000000000e+00       0.000000000000e+00       0.000000000000e+00 
  361       2.885548351889e-13       1.443292129451e-15       7.907703448863e-15       8.915526418780e-16       0.000000000000e+00       0.000000000000e+00       0.000000000000e+00 
  362       2.894652477952e-13       1.422005688587e-15       7.685824961579e-15       8.895471035316e-16       0.000000000000e+00       0.000000000000e+00       0.000000000000e+00 
  363       2.902526344213e-13       1.401565639636e-15       7.456654952753e-15       8.877805369206e-16       0.000000000000e+00       0.000000000000e+00       0.000000000000e+00 
  364       2.909170839018e-13       1.381973179179e-15       7.220649663904e-15       8.862447828690e-16       0.000000000000e+00       0.000000000000e+00       0.000000000000e+00 
  365       2.914587203648e-13       1.363229246738e-15       6.978276850179e-15       8.849314275483e-16       0.000000000000e+00       0.000000000000e+00       0.000000000000e+00 
  366       2.918777035479e-13       1.345334522303e-15       6.730015861990e-15       8.838318005450e-16       0.000000000000e+00       0.000000000000e+00       0.000000000000e+00 
  367       2.921742291147e-13       1.328289423854e-15       6.476357726665e-15       8.829369729290e-16       0.000000000000e+00       0.000000000000e+00       0.000000000000e+00 
  368       2.923485289710e-13       1.312094104892e-15       6.217805230092e-15       8.822377553212e-16       0.000000000000e+00       0.000000000000e+00       0.000000000000e+00 
  369       2.924008715807e-13       1.296748451960e-15       5.954872998361e-15       8.817246959615e-16       0.000000000000e+00       0.000000000000e+00       0.000000000000e+00 
  370       2.923315622830e-13       1.282252082171e-15       5.688087579414e-15       8.813880787768e-16       0.000000000000e+00       0.000000000000e+00       0.000000000000e+00 
  371       2.921409436076e-13       1.268604340729e-15       5.417987524686e-15       8.812179214485e-16       0.000000000000e+00       0.000000000000e+00       0.000000000000e+00 
  372       2.918293955917e-13       1.255804298460e-15       5.145123470752e-15       8.812039734810e-16       0.000000000000e+00       0.000000000000e+00       0.000000000000e+00 
  373       2.913973360961e-13       1.243850749333e-15       4.870058220974e-15       8.813357142692e-16       0.000000000000e+00       0.000000000000e+00       0.000000000000e+00 
  374       2.908452211214e-13       1.232742207987e-15       4.593366827142e-15       8.816023511666e-16       0.000000000000e+00       0.000000000000e+00       0.000000000000e+00 
  375       2.901735451244e-13       1.222476907257e-15       4.315636671122e-15       8.819928175530e-16       0.000000000000e+00       0.000000000000e+00       0.000000000000e+00 
  376       2.893828413340e-13       1.213052795697e-15       4.037467546501e-15       8.824957709026e-16       0.000000000000e+00       0.000000000000e+00       0.000000000000e+00 
  377       2.884736820681e-13       1.204467535109e-15       3.759471740231e-15       8.830995908518e-16       0.000000000000e+00       0.000000000000e+00       0.000000000000e+00 
  378       2.874466790495e-13       1.196718498062e-15       3.482274114276e-15       8.837923772672e-16       0.000000000000e+00       0.000000000000e+00       0.000000000000e+00 
  379       2.863024837221e-13       1.189802765426e-15       3.206512187256e-15       8.845619483133e-16       0.000000000000e+00       0.000000000000e+00       0.000000000000e+00 
  380       2.850417875675e-13       1.183717123890e-15       2.932836216092e-15       8.853958385209e-16       0.000000000000e+00       0.000000000000e+00       0.000000000000e+00 
  381       2.836653224211e-13       1.178458063490e-15       2.661909277650e-15       8.862812968542e-16       0.000000000000e+00       0.000000000000e+00       0.000000000000e+00 
  382       2.821738607881e-13       1.174021775135e-15       2.394407350390e-15       8.872052847794e-16       0.000000000000e+00       0.000000000000e+00       0.000000000000e+00 
  383       2.805682161603e-13       1.170404148132e-15       2.131019396008e-15       8.881544743325e-16       0.000000000000e+00       0.000000000000e+00       0.000000000000e+00 
  384       2.788492433321e-13       1.167600767709e-15       1.872447441080e-15       8.891152461867e-16       0.000000000000e+00       0.000000000000e+00       0.000000000000e+00 
  385       2.770178387168e-13       1.165606912544e-15       1.619406658713e-15       8.900736877212e-16       0.000000000000e+00       0.000000000000e+00       0.000000000000e+00 
  386       2.750749406629e-13       1.164417552288e-15       1.372625450183e-15       8.910155910880e-16       0.000000000000e+00       0.000000000000e+00       0.000000000000e+00 
  387       2.730215297703e-13       1.164027345090e-15       1.132845526584e-15       8.919264512809e-16       0.000000000000e+00       0.000000000000e+00       0.000000000000e+00 
  388       2.708589654564e-13       1.164428471699e-15       9.006982580680e-16       8.927936139849e-16       0.000000000000e+00       0.000000000000e+00       0.000000000000e+00 
  389       2.685900088866e-13       1.165604053492e-15       6.763284558958e-16       8.936128116425e-16       0.000000000000e+00       0.000000000000e+00       0.000000000000e+00 
  390       2.662178389279e-13       1.167534483385e-15       4.597566778968e-16       8.943818680822e-16       0.000000000000e+00       0.000000000000e+00       0.000000000000e+00 
  391       2.637457199363e-13       1.170199562847e-15       2.510016734723e-16       8.950985705911e-16       0.000000000000e+00       0.000000000000e+00       0.000000000000e+00 
  392       2.611770023398e-13       1.173578497701e-15       5.008036686515e-17       8.957606696913e-16       0.000000000000e+00       0.000000000000e+00       0.000000000000e+00 
  393       2.585151232227e-13       1.177649893934e-15      -1.429921595687e-16       8.963658789177e-16       0.000000000000e+00       0.000000000000e+00       0.000000000000e+00 
  394       2.557636069086e-13       1.182391753500e-15      -3.282026820904e-16       8.969118745946e-16       0.000000000000e+00       0.000000000000e+00       0.000000000000e+00 
  395       2.529260655446e-13       1.187781470126e-15      -5.055398523072e-16       8.973962956130e-16       0.000000000000e+00       0.000000000000e+00       0.000000000000e+00 
  396       2.500061996845e-13       1.193795825115e-15      -6.749942139027e-16       8.978167432079e-16       0.000000000000e+00       0.000000000000e+00       0.000000000000e+00 
  397       2.470077988726e-13       1.200410983155e-15      -8.365582193654e-16       8.981707807349e-16       0.000000000000e+00       0.000000000000e+00       0.000000000000e+00 
  398       2.439347422271e-13       1.207602488122e-15      -9.902262467191e-16       8.984559334481e-16       0.000000000000e+00       0.000000000000e+00       0.000000000000e+00 
  399       2.407909990242e-13       1.215345258886e-15      -1.135994616252e-15       8.986696882763e-16       0.000000000000e+00       0.000000000000e+00       0.000000000000e+00 
  400       2.375806292810e-13       1.223613585114e-15      -1.273861607246e-15       8.988094936008e-16       0.000000000000e+00       0.000000000000e+00       0.000000000000e+00 
  401       2.343077843400e-13       1.232381123078e-15      -1.403827474707e-15       8.988727590322e-16       0.000000000000e+00       0.000000000000e+00       0.000000000000e+00 
  402       2.309767074518e-13       1.241620891462e-15      -1.525894466093e-15       8.988568551877e-16       0.000000000000e+00       0.000000000000e+00       0.000000000000e+00 
  403       2.275917343595e-13       1.251305267160e-15      -1.640066838045e-15       8.987591134680e-16       0.000000000000e+00       0.000000000000e+00       0.000000000000e+00 
  404       2.241572938818e-13       1.261405981089e-15      -1.746350873117e-15       8.985768258344e-16       0.000000000000e+00       0.000000000000e+00       0.000000000000e+00 
  405       2.206779084968e-13       1.271894113991e-15      -1.844754896504e-15       8.983072445864e-16       0.000000000000e+00       0.000000000000e+00       0.000000000000e+00 
  406       2.171581949256e-13       1.282740092237e-15      -1.935289292770e-15       8.979475821379e-16       0.000000000000e+00       0.000000000000e+00       0.000000000000e+00 
  407       2.136028647161e-13       1.293913683635e-15      -2.017966522583e-15       8.974950107953e-16       0.000000000000e+00       0.000000000000e+00       0.000000000000e+00 
  408       2.100167248261e-13       1.305383993232e-15      -2.092801139438e-15       8.969466625340e-16       0.000000000000e+00       0.000000000000e+00       0.000000000000e+00 
  409       2.064046782077e-13       1.317119459124e-15      -2.159809806393e-15       8.962996287755e-16       0.000000000000e+00       0.000000000000e+00       0.000000000000e+00 
  410       2.027717243902e-13       1.329087848256e-15      -2.219011312792e-15       8.955509601650e-16       0.000000000000e+00       0.000000000000e+00       0.000000000000e+00 
  411       1.991229600640e-13       1.341256252230e-15      -2.270426590999e-15       8.946976663479e-16       0.000000000000e+00       0.000000000000e+00       0.000000000000e+00 
  412       1.954635796644e-13       1.353591083110e-15      -2.314078733127e-15       8.937367157474e-16       0.000000000000e+00       0.000000000000e+00       0.000000000000e+00 
  413       1.917988759548e-13       1.366058069229e-15      -2.349993007764e-15       8.926650353414e-16       0.000000000000e+00       0.000000000000e+00       0.000000000000e+00 
  414       1.881342406108e-13       1.378622250990e-15      -2.378196876709e-15       8.914795104394e-16       0.000000000000e+00       0.000000000000e+00       0.000000000000e+00 
  415       1.844751648034e-13       1.391247976675e-15      -2.398720011695e-15       8.901769844602e-16       0.000000000000e+00       0.000000000000e+00       0.000000000000e+00 
  416       1.808272397828e-13       1.403898898247e-15      -2.411594311121e-15       8.887542587083e-16       0.000000000000e+00       0.000000000000e+00       0.000000000000e+00 
  417       1.771961574621e-13       1.416537967160e-15      -2.416853916785e-15       8.872080921517e-16       0.000000000000e+00       0.000000000000e+00       0.000000000000e+00 
  418       1.735877110007e-13       1.429127430160e-15      -2.414535230606e-15       8.855352011983e-16       0.000000000000e+00       0.000000000000e+00       0.000000000000e+00 
  419       1.700077953882e-13       1.441628825090e-15      -2.404676931361e-15       8.837322594737e-16       0.000000000000e+00       0.000000000000e+00       0.000000000000e+00 
  420       1.664624080278e-13       1.454002976701e-15      -2.387319991410e-15       8.817958975980e-16       0.000000000000e+00       0.000000000000e+00       0.000000000000e+00 
  421       1.629576493199e-13       1.466209992449e-15      -2.362507693427e-15       8.797227029625e-16       0.000000000000e+00       0.000000000000e+00       0.000000000000e+00 
  422       1.594997232459e-13       1.478209258307e-15      -2.330285647130e-15       8.775092195078e-16       0.000000000000e+00       0.000000000000e+00       0.000000000000e+00 
  423       1.560949379515e-13       1.489959434566e-15      -2.290701806009e-15       8.751519474999e-16       0.000000000000e+00       0.000000000000e+00       0.000000000000e+00 
  424       1.527497063309e-13       1.501418451644e-15      -2.243806484056e-15       8.726473433079e-16       0.000000000000e+00       0.000000000000e+00       0.000000000000e+00 
  425       1.494705466098e-13       1.512543505887e-15      -2.189652372497e-15       8.699918191809e-16       0.000000000000e+00       0.000000000000e+00       0.000000000000e+00 
  426       1.462640829292e-13       1.523291055377e-15      -2.128294556517e-15       8.671817430254e-16       0.000000000000e+00       0.000000000000e+00       0.000000000000e+00 
  427       1.431359213745e-13       1.533623648503e-15      -2.059813121404e-15       8.642145990850e-16       0.000000000000e+00       0.000000000000e+00       0.000000000000e+00 
  428       1.400872347564e-13       1.543530674083e-15      -1.984381783950e-15       8.610925139279e-16       0.000000000000e+00       0.000000000000e+00       0.000000000000e+00 
  429       1.371180627855e-13       1.553008308951e-15      -1.902201628897e-15       8.578188499812e-16       0.000000000000e+00       0.000000000000e+00       0.000000000000e+00 
  430       1.342284259750e-13       1.562052749261e-15      -1.813478761956e-15       8.543970560050e-16       0.000000000000e+00       0.000000000000e+00       0.000000000000e+00 
  431       1.314183254855e-13       1.570660210786e-15      -1.718424341370e-15       8.508306676308e-16       0.000000000000e+00       0.000000000000e+00       0.000000000000e+00 
  432       1.286877429706e-13       1.578826929203e-15      -1.617254609476e-15       8.471233079016e-16       0.000000000000e+00       0.000000000000e+00       0.000000000000e+00 
  433       1.260366404220e-13       1.586549160390e-15      -1.510190924269e-15       8.432786878106e-16       0.000000000000e+00       0.000000000000e+00       0.000000000000e+00 
  434       1.234649600148e-13       1.593823180712e-15      -1.397459790957e-15       8.393006068414e-16       0.000000000000e+00       0.000000000000e+00       0.000000000000e+00 
  435       1.209726239523e-13       1.600645287320e-15      -1.279292893534e-15       8.351929535066e-16       0.000000000000e+00       0.000000000000e+00       0.000000000000e+00 
  436       1.185595343119e-13       1.607011798438e-15      -1.155927126331e-15       8.309597058876e-16       0.000000000000e+00       0.000000000000e+00       0.000000000000e+00 
  437       1.162255728898e-13       1.612919053652e-15      -1.027604625587e-15       8.266049321740e-16       0.000000000000e+00       0.000000000000e+00       0.000000000000e+00 
  438       1.139706010464e-13       1.618363414210e-15      -8.945728010028e-16       8.221327912025e-16       0.000000000000e+00       0.000000000000e+00       0.000000000000e+00 
  439       1.117944595515e-13       1.623341263307e-15      -7.570843673112e-16       8.175475329970e-16       0.000000000000e+00       0.000000000000e+00       0.000000000000e+00 
  440       1.096969684295e-13       1.627849006378e-15      -6.153973758331e-16       8.128534993075e-16       0.000000000000e+00       0.000000000000e+00       0.000000000000e+00 
  441       1.076779268047e-13       1.631883071393e-15      -4.697752460418e-16       8.080551241495e-16       0.000000000000e+00       0.000000000000e+00       0.000000000000e+00 
  442       1.057371127466e-13       1.635439909143e-15      -3.204867971248e-16       8.031569343435e-16       0.000000000000e+00       0.000000000000e+00       0.000000000000e+00 
  443       1.038742831147e-13       1.638515993538e-15      -1.678062795459e-16       7.981635500543e-16       0.000000000000e+00       0.000000000000e+00       0.000000000000e+00 
  444       1.020891734041e-13       1.641107821894e-15      -1.201340660683e-17       7.930796853305e-16       0.000000000000e+00       0.000000000000e+00       0.000000000000e+00 
  445       1.003814975909e-13       1.643211915227e-15       1.466066139903e-16       7.879101486438e-16       0.000000000000e+00       0.000000000000e+00       0.000000000000e+00 
  446       9.875094797668e-14       1.644824818545e-15       3.077630485812e-16       7.826598434282e-16       0.000000000000e+00       0.000000000000e+00       0.000000000000e+00 
  447       9.719719503458e-14       1.645943101137e-15       4.711596059773e-16       7.773337686196e-16       0.000000000000e+00       0.000000000000e+00       0.000000000000e+00 
  448       9.571988725396e-14       1.646563356868e-15       6.364944059038e-16       7.719370191952e-16       0.000000000000e+00       0.000000000000e+00       0.000000000000e+00 
  449       9.431865098581e-14       1.646682204471e-15       8.034599474377e-16       7.664747867127e-16       0.000000000000e+00       0.000000000000e+00       0.000000000000e+00 
  450       9.299309028794e-14       1.646296287833e-15       9.717430774454e-16       7.609523598498e-16       0.000000000000e+00       0.000000000000e+00       0.000000000000e+00 
  451       9.174278677023e-14       1.645402276294e-15       1.141024959021e-15       7.553751249437e-16       0.000000000000e+00       0.000000000000e+00       0.000000000000e+00 
  452       9.056729943981e-14       1.643996864936e-15       1.310981039925e-15       7.497485665299e-16       0.000000000000e+00       0.000000000000e+00       0.000000000000e+00 
  453       8.946616454633e-14       1.642076774873e-15       1.481281021020e-15       7.440782678825e-16       0.000000000000e+00       0.000000000000e+00       0.000000000000e+00 
  454       8.843889542712e-14       1.639638753544e-15       1.651588824712e-15       7.383699115527e-16       0.000000000000e+00       0.000000000000e+00       0.000000000000e+00 
  455       8.748498235244e-14       1.636679575006e-15       1.821562563385e-15       7.326292799086e-16       0.000000000000e+00       0.000000000000e+00       0.000000000000e+00 
  456       8.660389237072e-14       1.633196040223e-15       1.990854507841e-15       7.268622556748e-16       0.000000000000e+00       0.000000000000e+00       0.000000000000e+00 
  457       8.579506915375e-14       1.629184977361e-15       2.159111055738e-15       7.210748224711e-16       0.000000000000e+00       0.000000000000e+00       0.000000000000e+00 
  458       8.505793284190e-14       1.624643242076e-15       2.325972700028e-15       7.152730653525e-16       0.000000000000e+00       0.000000000000e+00       0.000000000000e+00 
  459       8.439187988938e-14       1.619567717811e-15       2.491073997392e-15       7.094631713485e-16       0.000000000000e+00       0.000000000000e+00       0.000000000000e+00 
  460       8.379628290940e-14       1.613955316081e-15       2.654043536683e-15       7.036514300019e-16       0.000000000000e+00       0.000000000000e+00       0.000000000000e+00 
  461       8.327049051944e-14       1.607802976770e-15       2.814503907360e-15       6.978442339090e-16       0.000000000000e+00       0.000000000000e+00       0.000000000000e+00 
  462       8.281382718644e-14       1.601107668421e-15       2.972071667930e-15       6.920480792583e-16       0.000000000000e+00       0.000000000000e+00       0.000000000000e+00 
  463       8.242559307203e-14       1.593866388528e-15       3.126357314378e-15       6.862695663705e-16       0.000000000000e+00       0.000000000000e+00       0.000000000000e+00 
  464       8.210506387778e-14       1.586076163827e-15       3.276965248616e-15       6.805154002371e-16       0.000000000000e+00       0.000000000000e+00       0.000000000000e+00 
  465       8.185149069035e-14       1.577734050587e-15       3.423493746913e-15       6.747923910605e-16       0.000000000000e+00       0.000000000000e+00       0.000000000000e+00 
  466       8.166392849060e-14       1.568840150948e-15       3.565600593747e-15       6.691065879288e-16       0.000000000000e+00       0.000000000000e+00       0.000000000000e+00 
  467       8.154071610750e-14       1.559406764890e-15       3.703202301088e-15       6.634606489992e-16       0.000000000000e+00       0.000000000000e+00       0.000000000000e+00 
  468       8.147997973445e-14       1.549449524371e-15       3.836281042453e-15       6.578563903283e-16       0.000000000000e+00       0.000000000000e+00       0.000000000000e+00 
  469       8.147980255022e-14       1.538984405041e-15       3.964819553984e-15       6.522956453812e-16       0.000000000000e+00       0.000000000000e+00       0.000000000000e+00 
  470       8.153822446973e-14       1.528027728204e-15       4.088801139090e-15       6.467802650921e-16       0.000000000000e+00       0.000000000000e+00       0.000000000000e+00 
  471       8.165324189476e-14       1.516596162766e-15       4.208209673098e-15       6.413121179266e-16       0.000000000000e+00       0.000000000000e+00       0.000000000000e+00 
  472       8.182280746469e-14       1.504706727191e-15       4.323029607899e-15       6.358930899423e-16       0.000000000000e+00       0.000000000000e+00       0.000000000000e+00 
  473       8.204482980728e-14       1.492376791460e-15       4.433245976593e-15       6.305250848506e-16       0.000000000000e+00       0.000000000000e+00       0.000000000000e+00 
  474       8.231717328936e-14       1.479624079020e-15       4.538844398140e-15       6.252100240779e-16       0.000000000000e+00       0.000000000000e+00       0.000000000000e+00 
  475       8.263765776763e-14       1.466466668744e-15       4.639811082000e-15       6.199498468270e-16       0.000000000000e+00       0.000000000000e+00       0.000000000000e+00 
  476       8.300405833934e-14       1.452922996883e-15       4.736132832789e-15       6.147465101385e-16       0.000000000000e+00       0.000000000000e+00       0.000000000000e+00 
  477       8.341410509311e-14       1.439011859020e-15       4.827797054915e-15       6.096019889523e-16       0.000000000000e+00       0.000000000000e+00       0.000000000000e+00 
  478       8.386548285958e-14       1.424752412028e-15       4.914791757237e-15       6.045182761686e-16       0.000000000000e+00       0.000000000000e+00       0.000000000000e+00 
  479       8.435583096224e-14       1.410164176023e-15       4.997105557701e-15       5.994973827099e-16       0.000000000000e+00       0.000000000000e+00       0.000000000000e+00 
  480       8.488274296811e-14       1.395267036317e-15       5.074727687993e-15       5.945413375815e-16       0.000000000000e+00       0.000000000000e+00       0.000000000000e+00 
  481       8.544376643854e-14       1.380081245377e-15       5.147647998184e-15       5.896521879338e-16       0.000000000000e+00       0.000000000000e+00       0.000000000000e+00 
  482       8.603640267989e-14       1.364627424776e-15       5.215856961378e-15       5.848319991230e-16       0.000000000000e+00       0.000000000000e+00       0.000000000000e+00 
  483       8.665810649431e-14       1.348926567150e-15       5.279345678357e-15       5.800828547728e-16       0.000000000000e+00       0.000000000000e+00       0.000000000000e+00 
  484       8.730628593049e-14       1.333000038152e-15       5.338105882230e-15       5.754068568357e-16       0.000000000000e+00       0.000000000000e+00       0.000000000000e+00 
  485       8.797830203438e-14       1.316869578407e-15       5.392129943077e-15       5.708061256543e-16       0.000000000000e+00       0.000000000000e+00       0.000000000000e+00 
  486       8.867146859995e-14       1.300557305466e-15       5.441410872599e-15       5.662828000228e-16       0.000000000000e+00       0.000000000000e+00       0.000000000000e+00 
  487       8.938305191991e-14       1.284085715763e-15       5.485942328764e-15       5.618390372484e-16       0.000000000000e+00       0.000000000000e+00       0.000000000000e+00 
  488       9.011027053648e-14       1.267477686568e-15       5.525718620451e-15       5.574770132123e-16       0.000000000000e+00       0.000000000000e+00       0.000000000000e+00 
  489       9.085029499213e-14       1.250756477943e-15       5.560734712101e-15       5.531989224317e-16       0.000000000000e+00       0.000000000000e+00       0.000000000000e+00 
  490       9.160024758030e-14       1.233945734694e-15       5.590986228362e-15       5.490069781207e-16       0.000000000000e+00       0.000000000000e+00       0.000000000000e+00 
  491       9.235720209615e-14       1.217069488331e-15       5.616469458736e-15       5.449034122516e-16       0.000000000000e+00       0.000000000000e+00       0.000000000000e+00 
  492       9.311818358733e-14       1.200152159017e-15       5.637181362224e-15       5.408904756170e-16       0.000000000000e+00       0.000000000000e+00       0.000000000000e+00 
  493       9.388016810470e-14       1.183218557526e-15       5.653119571977e-15       5.369704378900e-16       0.000000000000e+00       0.000000000000e+00       0.000000000000e+00 
  494       9.464008245305e-14       1.166293887201e-15       5.664282399938e-15       5.331455876869e-16       0.000000000000e+00       0.000000000000e+00       0.000000000000e+00 
  495       9.539480394191e-14       1.149403745899e-15       5.670668841494e-15       5.294182326274e-16       0.000000000000e+00       0.000000000000e+00       0.000000000000e+00 
  496       9.614116013622e-14       1.132574127958e-15       5.672278580118e-15       5.257906993967e-16       0.000000000000e+00       0.000000000000e+00       0.000000000000e+00 
  497       9.687592860712e-14       1.115831426143e-15       5.669111992020e-15       5.222653338067e-16       0.000000000000e+00       0.000000000000e+00       0.000000000000e+00 
  498       9.759583668266e-14       1.099202433604e-15       5.661170150790e-15       5.188445008572e-16       0.000000000000e+00       0.000000000000e+00       0.000000000000e+00 
  499       9.829756119858e-14       1.082714345831e-15       5.648454832048e-15       5.155305847974e-16       0.000000000000e+00       0.000000000000e+00       0.000000000000e+00 
  500       9.897772824903e-14       1.066394762607e-15       5.630968518089e-15       5.123259891875e-16       0.000000000000e+00       0.000000000000e+00       0.000000000000e+00 
