# dimensionless [l(l+1)/2pi] C_l's for tensor mode
# for l=2 to 500, i.e. number of multipoles equal to 499
#
# -> if you prefer output in CAMB/HealPix/LensPix units/order, set 'format' to 'camb' in input file
# -> if you don't want to see such a header, set 'headers' to 'no' in input file
# -> for CMB lensing (phi), these are C_l^phi-phi for the lensing potential.
#    Remember the conversion factors:
#    C_l^dd (deflection) = l(l+1) C_l^phi-phi
#    C_l^gg (shear/convergence) = 1/4 (l(l+1))^2 C_l^phi-phi
#
# 1:l     2:TT                     3:EE                     4:TE                     5:BB                     6:phiphi                 7:TPhi                   8:Ephi               
    2       1.417530588156e-10       2.693083772702e-15       1.674825006147e-13       4.820520023190e-15       0.000000000000e+00       0.000000000000e+00       0.000000000000e+00 
    3       1.088362522488e-10       2.841533887148e-15      -6.866823383324e-15       4.846633618692e-15       0.000000000000e+00       0.000000000000e+00       0.000000000000e+00 
    4       9.763503291455e-11       2.600138286242e-15      -5.939015127798e-14       4.207078057377e-15       0.000000000000e+00       0.000000000000e+00       0.000000000000e+00 
    5       9.293413082983e-11       2.072254621304e-15      -7.037424951852e-14       3.288867196992e-15       0.000000000000e+00       0.000000000000e+00       0.000000000000e+00 
    6       9.016007256318e-11       1.489368192957e-15      -6.699625885161e-14       2.381578591587e-15       0.000000000000e+00       0.000000000000e+00       0.000000000000e+00 
    7       8.840488598063e-11       1.012143837694e-15      -5.951360629558e-14       1.643347284570e-15       0.000000000000e+00       0.000000000000e+00       0.000000000000e+00 
    8       8.721871745522e-11       7.047355011521e-16      -5.243620770756e-14       1.126208517868e-15       0.000000000000e+00       0.000000000000e+00       0.000000000000e+00 
    9       8.635626117511e-11       5.606314741709e-16      -4.743031672321e-14       8.171198759642e-16       0.000000000000e+00       0.000000000000e+00       0.000000000000e+00 
   10       8.567586309021e-11       5.395747933974e-16      -4.481792130765e-14       6.732527984653e-16       0.000000000000e+00       0.000000000000e+00       0.000000000000e+00 
   11       8.509488036858e-11       5.956906277947e-16      -4.437394609461e-14       6.462329771307e-16       0.000000000000e+00       0.000000000000e+00       0.000000000000e+00 
   12       8.456554621706e-11       6.937440208146e-16      -4.570609294774e-14       6.936263785321e-16       0.000000000000e+00       0.000000000000e+00       0.000000000000e+00 
   13       8.405943411542e-11       8.114867215993e-16      -4.842948955768e-14       7.850093208634e-16       0.000000000000e+00       0.000000000000e+00       0.000000000000e+00 
   14       8.355882265899e-11       9.387121508153e-16      -5.224741822787e-14       9.002120145637e-16       0.000000000000e+00       0.000000000000e+00       0.000000000000e+00 
   15       8.305270302155e-11       1.071498498910e-15      -5.694222884616e-14       1.028273002836e-15       0.000000000000e+00       0.000000000000e+00       0.000000000000e+00 
   16       8.253456625482e-11       1.209357260741e-15      -6.235933233866e-14       1.163635934815e-15       0.000000000000e+00       0.000000000000e+00       0.000000000000e+00 
   17       8.200080394508e-11       1.352729736511e-15      -6.839065504492e-14       1.303910800761e-15       0.000000000000e+00       0.000000000000e+00       0.000000000000e+00 
   18       8.144371703971e-11       1.501683268268e-15      -7.495799148129e-14       1.448567132059e-15       0.000000000000e+00       0.000000000000e+00       0.000000000000e+00 
   19       8.088062046071e-11       1.656133950883e-15      -8.201654938681e-14       1.597371977014e-15       0.000000000000e+00       0.000000000000e+00       0.000000000000e+00 
   20       8.029227920352e-11       1.816038545870e-15      -8.950872708374e-14       1.750198122654e-15       0.000000000000e+00       0.000000000000e+00       0.000000000000e+00 
   21       7.968925500927e-11       1.981141797958e-15      -9.739953226261e-14       1.906932926260e-15       0.000000000000e+00       0.000000000000e+00       0.000000000000e+00 
   22       7.906611493573e-11       2.151159126959e-15      -1.056515819889e-13       2.067538084049e-15       0.000000000000e+00       0.000000000000e+00       0.000000000000e+00 
   23       7.843029923768e-11       2.325969754364e-15      -1.142329157700e-13       2.231907911461e-15       0.000000000000e+00       0.000000000000e+00       0.000000000000e+00 
   24       7.777572820489e-11       2.505558908901e-15      -1.231076479943e-13       2.399944677755e-15       0.000000000000e+00       0.000000000000e+00       0.000000000000e+00 
   25       7.710833113250e-11       2.689973933838e-15      -1.322451659133e-13       2.571466544520e-15       0.000000000000e+00       0.000000000000e+00       0.000000000000e+00 
   26       7.642482791792e-11       2.879296058819e-15      -1.416136914574e-13       2.746272510052e-15       0.000000000000e+00       0.000000000000e+00       0.000000000000e+00 
   27       7.572765867961e-11       3.073468835744e-15      -1.511868126995e-13       2.924112275304e-15       0.000000000000e+00       0.000000000000e+00       0.000000000000e+00 
   28       7.501280384197e-11       3.272384879104e-15      -1.609385103628e-13       3.104732119023e-15       0.000000000000e+00       0.000000000000e+00       0.000000000000e+00 
   29       7.428811682944e-11       3.475866977548e-15      -1.708458508981e-13       3.287915841721e-15       0.000000000000e+00       0.000000000000e+00       0.000000000000e+00 
   30       7.355449031490e-11       3.683702547112e-15      -1.808855808192e-13       3.473472592279e-15       0.000000000000e+00       0.000000000000e+00       0.000000000000e+00 
   31       7.280377841048e-11       3.895653528015e-15      -1.910336865446e-13       3.661215667201e-15       0.000000000000e+00       0.000000000000e+00       0.000000000000e+00 
   32       7.204117351753e-11       4.111443412152e-15      -2.012689295571e-13       3.850903893927e-15       0.000000000000e+00       0.000000000000e+00       0.000000000000e+00 
   33       7.126895126454e-11       4.330760959852e-15      -2.115706302476e-13       4.042278451737e-15       0.000000000000e+00       0.000000000000e+00       0.000000000000e+00 
   34       7.048331278818e-11       4.553293165244e-15      -2.219183363758e-13       4.235077117820e-15       0.000000000000e+00       0.000000000000e+00       0.000000000000e+00 
   35       6.968759382523e-11       4.778837391306e-15      -2.322937669392e-13       4.429032245783e-15       0.000000000000e+00       0.000000000000e+00       0.000000000000e+00 
   36       6.888218484103e-11       5.007228029344e-15      -2.426796543925e-13       4.623871486307e-15       0.000000000000e+00       0.000000000000e+00       0.000000000000e+00 
   37       6.806363645662e-11       5.238295339858e-15      -2.530584026861e-13       4.819326979726e-15       0.000000000000e+00       0.000000000000e+00       0.000000000000e+00 
   38       6.723619975620e-11       5.471823666251e-15      -2.634089777722e-13       5.015166322622e-15       0.000000000000e+00       0.000000000000e+00       0.000000000000e+00 
   39       6.640309842306e-11       5.707579196690e-15      -2.737090331701e-13       5.211172065477e-15       0.000000000000e+00       0.000000000000e+00       0.000000000000e+00 
   40       6.556281293919e-11       5.945320527571e-15      -2.839357409668e-13       5.407133937943e-15       0.000000000000e+00       0.000000000000e+00       0.000000000000e+00 
   41       6.471141552509e-11       6.184823745974e-15      -2.940700712951e-13       5.602834242240e-15       0.000000000000e+00       0.000000000000e+00       0.000000000000e+00 
   42       6.385166636115e-11       6.425968642781e-15      -3.041113037194e-13       5.797997359636e-15       0.000000000000e+00       0.000000000000e+00       0.000000000000e+00 
   43       6.298605422940e-11       6.668679762730e-15      -3.140672415683e-13       5.992324475279e-15       0.000000000000e+00       0.000000000000e+00       0.000000000000e+00 
   44       6.211393729112e-11       6.912904524967e-15      -3.239506310389e-13       6.185506540701e-15       0.000000000000e+00       0.000000000000e+00       0.000000000000e+00 
   45       6.123322800976e-11       7.158571171420e-15      -3.337714034645e-13       6.377235274435e-15       0.000000000000e+00       0.000000000000e+00       0.000000000000e+00 
   46       6.034674575003e-11       7.405444622491e-15      -3.435099440060e-13       6.567241580259e-15       0.000000000000e+00       0.000000000000e+00       0.000000000000e+00 
   47       5.945726012232e-11       7.653229691845e-15      -3.531363311862e-13       6.755267535588e-15       0.000000000000e+00       0.000000000000e+00       0.000000000000e+00 
   48       5.856549805264e-11       7.901609477788e-15      -3.626175292138e-13       6.941055788611e-15       0.000000000000e+00       0.000000000000e+00       0.000000000000e+00 
   49       5.766996201805e-11       8.150244140346e-15      -3.719172181253e-13       7.124349594095e-15       0.000000000000e+00       0.000000000000e+00       0.000000000000e+00 
   50       5.676832455089e-11       8.398780914216e-15      -3.809992544842e-13       7.304895958669e-15       0.000000000000e+00       0.000000000000e+00       0.000000000000e+00 
   51       5.586247968675e-11       8.646890188997e-15      -3.898395549728e-13       7.482456000117e-15       0.000000000000e+00       0.000000000000e+00       0.000000000000e+00 
   52       5.495454848376e-11       8.894237108625e-15      -3.984171448566e-13       7.656797461891e-15       0.000000000000e+00       0.000000000000e+00       0.000000000000e+00 
   53       5.404531755922e-11       9.140470513743e-15      -4.067108103192e-13       7.827692027201e-15       0.000000000000e+00       0.000000000000e+00       0.000000000000e+00 
   54       5.313413150237e-11       9.385222247524e-15      -4.146990994540e-13       7.994915501155e-15       0.000000000000e+00       0.000000000000e+00       0.000000000000e+00 
   55       5.221984712887e-11       9.628141244487e-15      -4.223624225528e-13       8.158258404847e-15       0.000000000000e+00       0.000000000000e+00       0.000000000000e+00 
   56       5.130422031813e-11       9.869007304006e-15      -4.296899616935e-13       8.317560422300e-15       0.000000000000e+00       0.000000000000e+00       0.000000000000e+00 
   57       5.038917209167e-11       1.010764436467e-14      -4.366744793787e-13       8.472684829909e-15       0.000000000000e+00       0.000000000000e+00       0.000000000000e+00 
   58       4.947573571093e-11       1.034388884422e-14      -4.433104506067e-13       8.623509409223e-15       0.000000000000e+00       0.000000000000e+00       0.000000000000e+00 
   59       4.856399046059e-11       1.057759030052e-14      -4.495941456535e-13       8.769927034740e-15       0.000000000000e+00       0.000000000000e+00       0.000000000000e+00 
   60       4.765299543178e-11       1.080861209257e-14      -4.555237128553e-13       8.911846261701e-15       0.000000000000e+00       0.000000000000e+00       0.000000000000e+00 
   61       4.674159867708e-11       1.103681805118e-14      -4.610979576537e-13       9.049181955024e-15       0.000000000000e+00       0.000000000000e+00       0.000000000000e+00 
   62       4.583122671473e-11       1.126202749917e-14      -4.663121722063e-13       9.181823388363e-15       0.000000000000e+00       0.000000000000e+00       0.000000000000e+00 
   63       4.492360650528e-11       1.148405126199e-14      -4.711615123258e-13       9.309659994999e-15       0.000000000000e+00       0.000000000000e+00       0.000000000000e+00 
   64       4.401990765069e-11       1.170270497994e-14      -4.756422592090e-13       9.432590961277e-15       0.000000000000e+00       0.000000000000e+00       0.000000000000e+00 
   65       4.312070395245e-11       1.191780932532e-14      -4.797518608521e-13       9.550525498405e-15       0.000000000000e+00       0.000000000000e+00       0.000000000000e+00 
   66       4.222593496971e-11       1.212919021947e-14      -4.834889734665e-13       9.663383114266e-15       0.000000000000e+00       0.000000000000e+00       0.000000000000e+00 
   67       4.133486757741e-11       1.233667904990e-14      -4.868535028940e-13       9.771093885225e-15       0.000000000000e+00       0.000000000000e+00       0.000000000000e+00 
   68       4.044669692375e-11       1.254011202567e-14      -4.898460892395e-13       9.873595560529e-15       0.000000000000e+00       0.000000000000e+00       0.000000000000e+00 
   69       3.956257663326e-11       1.273932760654e-14      -4.924663469297e-13       9.970823586623e-15       0.000000000000e+00       0.000000000000e+00       0.000000000000e+00 
   70       3.868393280780e-11       1.293416894052e-14      -4.947143408065e-13       1.006271954050e-14       0.000000000000e+00       0.000000000000e+00       0.000000000000e+00 
   71       3.781183933231e-11       1.312448487102e-14      -4.965911380445e-13       1.014923430564e-14       0.000000000000e+00       0.000000000000e+00       0.000000000000e+00 
   72       3.694699578597e-11       1.331013013199e-14      -4.980988353273e-13       1.023032826279e-14       0.000000000000e+00       0.000000000000e+00       0.000000000000e+00 
   73       3.608970535314e-11       1.349096554287e-14      -4.992405860225e-13       1.030597148080e-14       0.000000000000e+00       0.000000000000e+00       0.000000000000e+00 
   74       3.523985273451e-11       1.366685820376e-14      -5.000206273574e-13       1.037614390740e-14       0.000000000000e+00       0.000000000000e+00       0.000000000000e+00 
   75       3.439688205807e-11       1.383768169040e-14      -5.004443075946e-13       1.044083555997e-14       0.000000000000e+00       0.000000000000e+00       0.000000000000e+00 
   76       3.356021752789e-11       1.400331537264e-14      -5.005173870558e-13       1.050004292853e-14       0.000000000000e+00       0.000000000000e+00       0.000000000000e+00 
   77       3.273066275597e-11       1.416364179508e-14      -5.002437339699e-13       1.055375700529e-14       0.000000000000e+00       0.000000000000e+00       0.000000000000e+00 
   78       3.190921765964e-11       1.431854917093e-14      -4.996272558719e-13       1.060197340876e-14       0.000000000000e+00       0.000000000000e+00       0.000000000000e+00 
   79       3.109664556179e-11       1.446793239048e-14      -4.986726005659e-13       1.064469608918e-14       0.000000000000e+00       0.000000000000e+00       0.000000000000e+00 
   80       3.029346018052e-11       1.461169319819e-14      -4.973851684097e-13       1.068193744173e-14       0.000000000000e+00       0.000000000000e+00       0.000000000000e+00 
   81       2.949991261897e-11       1.474974036977e-14      -4.957711246004e-13       1.071371841961e-14       0.000000000000e+00       0.000000000000e+00       0.000000000000e+00 
   82       2.871597835503e-11       1.488198988928e-14      -4.938374114596e-13       1.074006864718e-14       0.000000000000e+00       0.000000000000e+00       0.000000000000e+00 
   83       2.794134423111e-11       1.500836512617e-14      -4.915917607182e-13       1.076102653309e-14       0.000000000000e+00       0.000000000000e+00       0.000000000000e+00 
   84       2.717569058484e-11       1.512879492172e-14      -4.890421915625e-13       1.077663630832e-14       0.000000000000e+00       0.000000000000e+00       0.000000000000e+00 
   85       2.641961987914e-11       1.524320709568e-14      -4.861953822505e-13       1.078693832840e-14       0.000000000000e+00       0.000000000000e+00       0.000000000000e+00 
   86       2.567385888149e-11       1.535153418284e-14      -4.830580498131e-13       1.079197736345e-14       0.000000000000e+00       0.000000000000e+00       0.000000000000e+00 
   87       2.493896927935e-11       1.545371556783e-14      -4.796374438806e-13       1.079180559085e-14       0.000000000000e+00       0.000000000000e+00       0.000000000000e+00 
   88       2.421533963027e-11       1.554969762712e-14      -4.759413503250e-13       1.078648265666e-14       0.000000000000e+00       0.000000000000e+00       0.000000000000e+00 
   89       2.350317731202e-11       1.563943387092e-14      -4.719780949029e-13       1.077607573708e-14       0.000000000000e+00       0.000000000000e+00       0.000000000000e+00 
   90       2.280250047265e-11       1.572288508517e-14      -4.677565468977e-13       1.076065959991e-14       0.000000000000e+00       0.000000000000e+00       0.000000000000e+00 
   91       2.211312998060e-11       1.580001947342e-14      -4.632861227620e-13       1.074031666596e-14       0.000000000000e+00       0.000000000000e+00       0.000000000000e+00 
   92       2.143468137484e-11       1.587081279887e-14      -4.585767897605e-13       1.071513707052e-14       0.000000000000e+00       0.000000000000e+00       0.000000000000e+00 
   93       2.076679921167e-11       1.593524589682e-14      -4.536385362637e-13       1.068521400136e-14       0.000000000000e+00       0.000000000000e+00       0.000000000000e+00 
   94       2.010991790772e-11       1.599329647599e-14      -4.484796835856e-13       1.065062877731e-14       0.000000000000e+00       0.000000000000e+00       0.000000000000e+00 
   95       1.946460097683e-11       1.604494634088e-14      -4.431083258001e-13       1.061146362866e-14       0.000000000000e+00       0.000000000000e+00       0.000000000000e+00 
   96       1.883130417001e-11       1.609018401573e-14      -4.375328368362e-13       1.056780621728e-14       0.000000000000e+00       0.000000000000e+00       0.000000000000e+00 
   97       1.821037075289e-11       1.612900485031e-14      -4.317618667999e-13       1.051974963322e-14       0.000000000000e+00       0.000000000000e+00       0.000000000000e+00 
   98       1.760202678318e-11       1.616141112589e-14      -4.258043382954e-13       1.046739239133e-14       0.000000000000e+00       0.000000000000e+00       0.000000000000e+00 
   99       1.700637638810e-11       1.618741216098e-14      -4.196694427461e-13       1.041083842786e-14       0.000000000000e+00       0.000000000000e+00       0.000000000000e+00 
  100       1.642339704182e-11       1.620702441724e-14      -4.133666367165e-13       1.035019709704e-14       0.000000000000e+00       0.000000000000e+00       0.000000000000e+00 
  101       1.585293484289e-11       1.622027160534e-14      -4.069056382330e-13       1.028558316774e-14       0.000000000000e+00       0.000000000000e+00       0.000000000000e+00 
  102       1.529469979174e-11       1.622718479077e-14      -4.002964231053e-13       1.021711682004e-14       0.000000000000e+00       0.000000000000e+00       0.000000000000e+00 
  103       1.474826106804e-11       1.622780249973e-14      -3.935492212480e-13       1.014492364181e-14       0.000000000000e+00       0.000000000000e+00       0.000000000000e+00 
  104       1.421322697228e-11       1.622216741780e-14      -3.866741429380e-13       1.006913020939e-14       0.000000000000e+00       0.000000000000e+00       0.000000000000e+00 
  105       1.368982260526e-11       1.621031575009e-14      -3.796800080133e-13       9.989850156729e-15       0.000000000000e+00       0.000000000000e+00       0.000000000000e+00 
  106       1.317838178375e-11       1.619228661447e-14      -3.725753509214e-13       9.907196209266e-15       0.000000000000e+00       0.000000000000e+00       0.000000000000e+00 
  107       1.267916668414e-11       1.616812538795e-14      -3.653687690083e-13       9.821284380598e-15       0.000000000000e+00       0.000000000000e+00       0.000000000000e+00 
  108       1.219236514912e-11       1.613788377510e-14      -3.580689147726e-13       9.732233920553e-15       0.000000000000e+00       0.000000000000e+00       0.000000000000e+00 
  109       1.171808799446e-11       1.610161987646e-14      -3.506844881203e-13       9.640167263268e-15       0.000000000000e+00       0.000000000000e+00       0.000000000000e+00 
  110       1.125636631567e-11       1.605939825695e-14      -3.432242286199e-13       9.545209975269e-15       0.000000000000e+00       0.000000000000e+00       0.000000000000e+00 
  111       1.080714879474e-11       1.601129001427e-14      -3.356969077565e-13       9.447490703553e-15       0.000000000000e+00       0.000000000000e+00       0.000000000000e+00 
  112       1.037029900689e-11       1.595737284734e-14      -3.281113211868e-13       9.347141123658e-15       0.000000000000e+00       0.000000000000e+00       0.000000000000e+00 
  113       9.945592727211e-12       1.589773112467e-14      -3.204762809937e-13       9.244295887752e-15       0.000000000000e+00       0.000000000000e+00       0.000000000000e+00 
  114       9.532715237472e-12       1.583245595282e-14      -3.128006079409e-13       9.139092572705e-15       0.000000000000e+00       0.000000000000e+00       0.000000000000e+00 
  115       9.131258632774e-12       1.576164524475e-14      -3.050931237278e-13       9.031671628170e-15       0.000000000000e+00       0.000000000000e+00       0.000000000000e+00 
  116       8.740848692432e-12       1.568539956844e-14      -2.973624520864e-13       8.922172336759e-15       0.000000000000e+00       0.000000000000e+00       0.000000000000e+00 
  117       8.361548750012e-12       1.560380897367e-14      -2.896164111959e-13       8.810720248357e-15       0.000000000000e+00       0.000000000000e+00       0.000000000000e+00 
  118       7.993500097248e-12       1.551696468463e-14      -2.818625325090e-13       8.697438113446e-15       0.000000000000e+00       0.000000000000e+00       0.000000000000e+00 
  119       7.636795282646e-12       1.542496320719e-14      -2.741082359666e-13       8.582449648075e-15       0.000000000000e+00       0.000000000000e+00       0.000000000000e+00 
  120       7.291476563774e-12       1.532790636002e-14      -2.663608205623e-13       8.465879446679e-15       0.000000000000e+00       0.000000000000e+00       0.000000000000e+00 
  121       6.957534359552e-12       1.522590130569e-14      -2.586274549073e-13       8.347852894897e-15       0.000000000000e+00       0.000000000000e+00       0.000000000000e+00 
  122       6.634905702541e-12       1.511906058178e-14      -2.509151677944e-13       8.228496082391e-15       0.000000000000e+00       0.000000000000e+00       0.000000000000e+00 
  123       6.323472691232e-12       1.500750213193e-14      -2.432308387628e-13       8.107935715665e-15       0.000000000000e+00       0.000000000000e+00       0.000000000000e+00 
  124       6.023060942336e-12       1.489134933702e-14      -2.355811886627e-13       7.986299030885e-15       0.000000000000e+00       0.000000000000e+00       0.000000000000e+00 
  125       5.733438043073e-12       1.477073104621e-14      -2.279727702195e-13       7.863713706693e-15       0.000000000000e+00       0.000000000000e+00       0.000000000000e+00 
  126       5.454312003465e-12       1.464578160804e-14      -2.204119585986e-13       7.740307777033e-15       0.000000000000e+00       0.000000000000e+00       0.000000000000e+00 
  127       5.185329708618e-12       1.451664090157e-14      -2.129049419698e-13       7.616209543964e-15       0.000000000000e+00       0.000000000000e+00       0.000000000000e+00 
  128       4.926075371020e-12       1.438345436746e-14      -2.054577120717e-13       7.491547490481e-15       0.000000000000e+00       0.000000000000e+00       0.000000000000e+00 
  129       4.676167642830e-12       1.424636760437e-14      -1.980760893537e-13       7.366447479728e-15       0.000000000000e+00       0.000000000000e+00       0.000000000000e+00 
  130       4.435566285080e-12       1.410550942204e-14      -1.907658215596e-13       7.241024190440e-15       0.000000000000e+00       0.000000000000e+00       0.000000000000e+00 
  131       4.204296372218e-12       1.396100697923e-14      -1.835324781783e-13       7.115388572829e-15       0.000000000000e+00       0.000000000000e+00       0.000000000000e+00 
  132       3.982351814291e-12       1.381299104407e-14      -1.763814077376e-13       6.989650372421e-15       0.000000000000e+00       0.000000000000e+00       0.000000000000e+00 
  133       3.769694515211e-12       1.366159598624e-14      -1.693177286166e-13       6.863918023459e-15       0.000000000000e+00       0.000000000000e+00       0.000000000000e+00 
  134       3.566253531023e-12       1.350695976920e-14      -1.623463198577e-13       6.738298542296e-15       0.000000000000e+00       0.000000000000e+00       0.000000000000e+00 
  135       3.371924228161e-12       1.334922394238e-14      -1.554718119779e-13       6.612897420806e-15       0.000000000000e+00       0.000000000000e+00       0.000000000000e+00 
  136       3.186567441722e-12       1.318853363342e-14      -1.486985777816e-13       6.487818519779e-15       0.000000000000e+00       0.000000000000e+00       0.000000000000e+00 
  137       3.010008633724e-12       1.302503754036e-14      -1.420307231720e-13       6.363163962323e-15       0.000000000000e+00       0.000000000000e+00       0.000000000000e+00 
  138       2.842037051373e-12       1.285888792388e-14      -1.354720779630e-13       6.239034027270e-15       0.000000000000e+00       0.000000000000e+00       0.000000000000e+00 
  139       2.682404885329e-12       1.269024059946e-14      -1.290261866915e-13       6.115527042568e-15       0.000000000000e+00       0.000000000000e+00       0.000000000000e+00 
  140       2.530826427967e-12       1.251925492965e-14      -1.226962994289e-13       5.992739278691e-15       0.000000000000e+00       0.000000000000e+00       0.000000000000e+00 
  141       2.386977231643e-12       1.234609381623e-14      -1.164853625934e-13       5.870764842037e-15       0.000000000000e+00       0.000000000000e+00       0.000000000000e+00 
  142       2.250493266962e-12       1.217092369247e-14      -1.103960097617e-13       5.749695568326e-15       0.000000000000e+00       0.000000000000e+00       0.000000000000e+00 
  143       2.120970081035e-12       1.199391451528e-14      -1.044305524811e-13       5.629620916006e-15       0.000000000000e+00       0.000000000000e+00       0.000000000000e+00 
  144       1.998037719881e-12       1.181523339548e-14      -9.859122228756e-14       5.510627484630e-15       0.000000000000e+00       0.000000000000e+00       0.000000000000e+00 
  145       1.881595597313e-12       1.163502479691e-14      -9.288094304794e-14       5.392797741516e-15       0.000000000000e+00       0.000000000000e+00       0.000000000000e+00 
  146       1.771599288669e-12       1.145342836130e-14      -8.730261764892e-14       5.276210966332e-15       0.000000000000e+00       0.000000000000e+00       0.000000000000e+00 
  147       1.667986443163e-12       1.127058505106e-14      -8.185887595195e-14       5.160943507047e-15       0.000000000000e+00       0.000000000000e+00       0.000000000000e+00 
  148       1.570676377575e-12       1.108663710486e-14      -7.655206704903e-14       5.047068671187e-15       0.000000000000e+00       0.000000000000e+00       0.000000000000e+00 
  149       1.479569669938e-12       1.090172799336e-14      -7.138425151828e-14       4.934656617070e-15       0.000000000000e+00       0.000000000000e+00       0.000000000000e+00 
  150       1.394547753236e-12       1.071600237480e-14      -6.635719367964e-14       4.823774245062e-15       0.000000000000e+00       0.000000000000e+00       0.000000000000e+00 
  151       1.315472509086e-12       1.052960605068e-14      -6.147235385047e-14       4.714485088815e-15       0.000000000000e+00       0.000000000000e+00       0.000000000000e+00 
  152       1.242185861436e-12       1.034268592138e-14      -5.673088060124e-14       4.606849206518e-15       0.000000000000e+00       0.000000000000e+00       0.000000000000e+00 
  153       1.174509370249e-12       1.015538994184e-14      -5.213360301116e-14       4.500923072140e-15       0.000000000000e+00       0.000000000000e+00       0.000000000000e+00 
  154       1.112243825199e-12       9.967867077188e-15      -4.768102292383e-14       4.396759466677e-15       0.000000000000e+00       0.000000000000e+00       0.000000000000e+00 
  155       1.055168839360e-12       9.780267258396e-15      -4.337330720288e-14       4.294407369399e-15       0.000000000000e+00       0.000000000000e+00       0.000000000000e+00 
  156       1.003042442894e-12       9.592741337919e-15      -3.921027998761e-14       4.193911849094e-15       0.000000000000e+00       0.000000000000e+00       0.000000000000e+00 
  157       9.556006767433e-13       9.405441045353e-15      -3.519141494869e-14       4.095313955312e-15       0.000000000000e+00       0.000000000000e+00       0.000000000000e+00 
  158       9.125571863232e-13       9.218518943076e-15      -3.131582754373e-14       3.998650609617e-15       0.000000000000e+00       0.000000000000e+00       0.000000000000e+00 
  159       8.736028152093e-13       9.032128381902e-15      -2.758226727298e-14       3.903954496828e-15       0.000000000000e+00       0.000000000000e+00       0.000000000000e+00 
  160       8.384051988296e-13       8.846423456724e-15      -2.398910993497e-14       3.811253956266e-15       0.000000000000e+00       0.000000000000e+00       0.000000000000e+00 
  161       8.066618054288e-13       8.661553047385e-15      -2.053485228731e-14       3.720576213334e-15       0.000000000000e+00       0.000000000000e+00       0.000000000000e+00 
  162       7.782651831111e-13       8.477642442180e-15      -1.721966144634e-14       3.631957623731e-15       0.000000000000e+00       0.000000000000e+00       0.000000000000e+00 
  163       7.531516175442e-13       8.294809996941e-15      -1.404394834222e-14       3.545434131530e-15       0.000000000000e+00       0.000000000000e+00       0.000000000000e+00 
  164       7.312488398666e-13       8.113172832662e-15      -1.100787224750e-14       3.461037917684e-15       0.000000000000e+00       0.000000000000e+00       0.000000000000e+00 
  165       7.124758662832e-13       7.932846763935e-15      -8.111335344218e-15       3.378797306638e-15       0.000000000000e+00       0.000000000000e+00       0.000000000000e+00 
  166       6.967428376595e-13       7.753946227383e-15      -5.353977291077e-15       3.298736672943e-15       0.000000000000e+00       0.000000000000e+00       0.000000000000e+00 
  167       6.839508591163e-13       7.576584210097e-15      -2.735169790596e-15       3.220876347872e-15       0.000000000000e+00       0.000000000000e+00       0.000000000000e+00 
  168       6.739918396249e-13       7.400872178070e-15      -2.540111562565e-16       3.145232526030e-15       0.000000000000e+00       0.000000000000e+00       0.000000000000e+00 
  169       6.667483316014e-13       7.226920004630e-15       2.090679120348e-15       3.071817171975e-15       0.000000000000e+00       0.000000000000e+00       0.000000000000e+00 
  170       6.620933705017e-13       7.054835898880e-15       4.300365802359e-15       3.000637926828e-15       0.000000000000e+00       0.000000000000e+00       0.000000000000e+00 
  171       6.598903144163e-13       6.884726334126e-15       6.376803340506e-15       2.931698014888e-15       0.000000000000e+00       0.000000000000e+00       0.000000000000e+00 
  172       6.599926836645e-13       6.716695976319e-15       8.322041305952e-15       2.864996150245e-15       0.000000000000e+00       0.000000000000e+00       0.000000000000e+00 
  173       6.622440003899e-13       6.550847612484e-15       1.013842982315e-14       2.800526443399e-15       0.000000000000e+00       0.000000000000e+00       0.000000000000e+00 
  174       6.664776281547e-13       6.387282079158e-15       1.182862500267e-14       2.738278307868e-15       0.000000000000e+00       0.000000000000e+00       0.000000000000e+00 
  175       6.725166115345e-13       6.226098190825e-15       1.339559437409e-14       2.678236366809e-15       0.000000000000e+00       0.000000000000e+00       0.000000000000e+00 
  176       6.801735157130e-13       6.067392668349e-15       1.484262231880e-14       2.620380359625e-15       0.000000000000e+00       0.000000000000e+00       0.000000000000e+00 
  177       6.892502660770e-13       5.911260067413e-15       1.617331550289e-14       2.564685048587e-15       0.000000000000e+00       0.000000000000e+00       0.000000000000e+00 
  178       6.995379878108e-13       5.757792706947e-15       1.739160830997e-14       2.511120125442e-15       0.000000000000e+00       0.000000000000e+00       0.000000000000e+00 
  179       7.108168454911e-13       5.607080597570e-15       1.850176827404e-14       2.459650118032e-15       0.000000000000e+00       0.000000000000e+00       0.000000000000e+00 
  180       7.228890549916e-13       5.459208511661e-15       1.950775888294e-14       2.410241950494e-15       0.000000000000e+00       0.000000000000e+00       0.000000000000e+00 
  181       7.356811886567e-13       5.314247082640e-15       2.041126000040e-14       2.362888490964e-15       0.000000000000e+00       0.000000000000e+00       0.000000000000e+00 
  182       7.491497130857e-13       5.172260859108e-15       2.121350015739e-14       2.317586700668e-15       0.000000000000e+00       0.000000000000e+00       0.000000000000e+00 
  183       7.632485096529e-13       5.033311018126e-15       2.191588808510e-14       2.274330083803e-15       0.000000000000e+00       0.000000000000e+00       0.000000000000e+00 
  184       7.779288362839e-13       4.897455283118e-15       2.252001578076e-14       2.233108622347e-15       0.000000000000e+00       0.000000000000e+00       0.000000000000e+00 
  185       7.931392892317e-13       4.764747841779e-15       2.302766157362e-14       2.193908710857e-15       0.000000000000e+00       0.000000000000e+00       0.000000000000e+00 
  186       8.088257648537e-13       4.635239263980e-15       2.344079319080e-14       2.156713091278e-15       0.000000000000e+00       0.000000000000e+00       0.000000000000e+00 
  187       8.249314213872e-13       4.508976419679e-15       2.376157082315e-14       2.121500787748e-15       0.000000000000e+00       0.000000000000e+00       0.000000000000e+00 
  188       8.413966407267e-13       4.386002396824e-15       2.399235019120e-14       2.088247041396e-15       0.000000000000e+00       0.000000000000e+00       0.000000000000e+00 
  189       8.581589901993e-13       4.266356419264e-15       2.413568561101e-14       2.056923245156e-15       0.000000000000e+00       0.000000000000e+00       0.000000000000e+00 
  190       8.751531843419e-13       4.150073764649e-15       2.419433306008e-14       2.027496878560e-15       0.000000000000e+00       0.000000000000e+00       0.000000000000e+00 
  191       8.923110466771e-13       4.037185682345e-15       2.417125324322e-14       1.999931442555e-15       0.000000000000e+00       0.000000000000e+00       0.000000000000e+00 
  192       9.095614714897e-13       3.927719311336e-15       2.406961465847e-14       1.974186394294e-15       0.000000000000e+00       0.000000000000e+00       0.000000000000e+00 
  193       9.268303856030e-13       3.821697598131e-15       2.389279666296e-14       1.950217081953e-15       0.000000000000e+00       0.000000000000e+00       0.000000000000e+00 
  194       9.440407101551e-13       3.719139214672e-15       2.364439253882e-14       1.927974679527e-15       0.000000000000e+00       0.000000000000e+00       0.000000000000e+00 
  195       9.611123223755e-13       3.620058476242e-15       2.332821255905e-14       1.907406121635e-15       0.000000000000e+00       0.000000000000e+00       0.000000000000e+00 
  196       9.779620173615e-13       3.524465259371e-15       2.294828705345e-14       1.888454038329e-15       0.000000000000e+00       0.000000000000e+00       0.000000000000e+00 
  197       9.945034698539e-13       3.432364919739e-15       2.250886947447e-14       1.871056689895e-15       0.000000000000e+00       0.000000000000e+00       0.000000000000e+00 
  198       1.010647196014e-12       3.343758210091e-15       2.201443946311e-14       1.855147901657e-15       0.000000000000e+00       0.000000000000e+00       0.000000000000e+00 
  199       1.026300515201e-12       3.258641198136e-15       2.146970591482e-14       1.840656998783e-15       0.000000000000e+00       0.000000000000e+00       0.000000000000e+00 
  200       1.041367511744e-12       3.177005184459e-15       2.087961004540e-14       1.827508741089e-15       0.000000000000e+00       0.000000000000e+00       0.000000000000e+00 
  201       1.055764371002e-12       3.098840143501e-15       2.024867216700e-14       1.815633803181e-15       0.000000000000e+00       0.000000000000e+00       0.000000000000e+00 
  202       1.069466687782e-12       3.024145491144e-15       1.957897364243e-14       1.805001184710e-15       0.000000000000e+00       0.000000000000e+00       0.000000000000e+00 
  203       1.082465467433e-12       2.952919928848e-15       1.887203652437e-14       1.795587992184e-15       0.000000000000e+00       0.000000000000e+00       0.000000000000e+00 
  204       1.094752062465e-12       2.885157918483e-15       1.812946800790e-14       1.787369067901e-15       0.000000000000e+00       0.000000000000e+00       0.000000000000e+00 
  205       1.106318179764e-12       2.820849610650e-15       1.735296155673e-14       1.780316955919e-15       0.000000000000e+00       0.000000000000e+00       0.000000000000e+00 
  206       1.117155887810e-12       2.759980772999e-15       1.654429802939e-14       1.774401868026e-15       0.000000000000e+00       0.000000000000e+00       0.000000000000e+00 
  207       1.127257623891e-12       2.702532718552e-15       1.570534680548e-14       1.769591649714e-15       0.000000000000e+00       0.000000000000e+00       0.000000000000e+00 
  208       1.136616201318e-12       2.648482234015e-15       1.483806691185e-14       1.765851746149e-15       0.000000000000e+00       0.000000000000e+00       0.000000000000e+00 
  209       1.145224816641e-12       2.597801508107e-15       1.394450814884e-14       1.763145168141e-15       0.000000000000e+00       0.000000000000e+00       0.000000000000e+00 
  210       1.153077056862e-12       2.550458059870e-15       1.302681221646e-14       1.761432458119e-15       0.000000000000e+00       0.000000000000e+00       0.000000000000e+00 
  211       1.160166906654e-12       2.506414666997e-15       1.208721384063e-14       1.760671656099e-15       0.000000000000e+00       0.000000000000e+00       0.000000000000e+00 
  212       1.166488755576e-12       2.465629294144e-15       1.112804189940e-14       1.760818265655e-15       0.000000000000e+00       0.000000000000e+00       0.000000000000e+00 
  213       1.172037405285e-12       2.428055021255e-15       1.015172054912e-14       1.761825219894e-15       0.000000000000e+00       0.000000000000e+00       0.000000000000e+00 
  214       1.176808076753e-12       2.393639971877e-15       9.160770350706e-15       1.763642847423e-15       0.000000000000e+00       0.000000000000e+00       0.000000000000e+00 
  215       1.180796417484e-12       2.362327241484e-15       8.157809395811e-15       1.766218838323e-15       0.000000000000e+00       0.000000000000e+00       0.000000000000e+00 
  216       1.183998508726e-12       2.334054825791e-15       7.145554433060e-15       1.769498210119e-15       0.000000000000e+00       0.000000000000e+00       0.000000000000e+00 
  217       1.186410872691e-12       2.308755549079e-15       6.126821994261e-15       1.773423273754e-15       0.000000000000e+00       0.000000000000e+00       0.000000000000e+00 
  218       1.188030479767e-12       2.286356992510e-15       5.104529520609e-15       1.777933599555e-15       0.000000000000e+00       0.000000000000e+00       0.000000000000e+00 
  219       1.188854755731e-12       2.266781422448e-15       4.081696488908e-15       1.782965983210e-15       0.000000000000e+00       0.000000000000e+00       0.000000000000e+00 
  220       1.188881588971e-12       2.249945718781e-15       3.061445537779e-15       1.788454411736e-15       0.000000000000e+00       0.000000000000e+00       0.000000000000e+00 
  221       1.188109337696e-12       2.235761303235e-15       2.047003593875e-15       1.794330029451e-15       0.000000000000e+00       0.000000000000e+00       0.000000000000e+00 
  222       1.186536837152e-12       2.224134067697e-15       1.041702998093e-15       1.800521103946e-15       0.000000000000e+00       0.000000000000e+00       0.000000000000e+00 
  223       1.184163406841e-12       2.214964302536e-15       4.898263178615e-17       1.806952992055e-15       0.000000000000e+00       0.000000000000e+00       0.000000000000e+00 
  224       1.180990915935e-12       2.208158336617e-15      -9.281003604658e-16       1.813558656158e-15       0.000000000000e+00       0.000000000000e+00       0.000000000000e+00 
  225       1.177030112119e-12       2.203664437273e-15      -1.888372612371e-15       1.820311034748e-15       0.000000000000e+00       0.000000000000e+00       0.000000000000e+00 
  226       1.172294713675e-12       2.201439080038e-15      -2.831136899169e-15       1.827192687494e-15       0.000000000000e+00       0.000000000000e+00       0.000000000000e+00 
  227       1.166799399905e-12       2.201435400889e-15      -3.755691454298e-15       1.834185423148e-15       0.000000000000e+00       0.000000000000e+00       0.000000000000e+00 
  228       1.160559823246e-12       2.203603152456e-15      -4.661330008437e-15       1.841270290637e-15       0.000000000000e+00       0.000000000000e+00       0.000000000000e+00 
  229       1.153592621384e-12       2.207888660223e-15      -5.547341828531e-15       1.848427570152e-15       0.000000000000e+00       0.000000000000e+00       0.000000000000e+00 
  230       1.145915429373e-12       2.214234778733e-15      -6.413011756829e-15       1.855636764238e-15       0.000000000000e+00       0.000000000000e+00       0.000000000000e+00 
  231       1.137546891748e-12       2.222580847796e-15      -7.257620249917e-15       1.862876588888e-15       0.000000000000e+00       0.000000000000e+00       0.000000000000e+00 
  232       1.128506674644e-12       2.232862648686e-15      -8.080443417748e-15       1.870124964634e-15       0.000000000000e+00       0.000000000000e+00       0.000000000000e+00 
  233       1.118815477906e-12       2.245012360354e-15      -8.880753062679e-15       1.877359007635e-15       0.000000000000e+00       0.000000000000e+00       0.000000000000e+00 
  234       1.108495047212e-12       2.258958515625e-15      -9.657816718505e-15       1.884555020772e-15       0.000000000000e+00       0.000000000000e+00       0.000000000000e+00 
  235       1.097568186185e-12       2.274625957406e-15      -1.041089768949e-14       1.891688484737e-15       0.000000000000e+00       0.000000000000e+00       0.000000000000e+00 
  236       1.086058768509e-12       2.291935794892e-15      -1.113925508939e-14       1.898734049123e-15       0.000000000000e+00       0.000000000000e+00       0.000000000000e+00 
  237       1.073991750043e-12       2.310805359768e-15      -1.184214388052e-14       1.905665523520e-15       0.000000000000e+00       0.000000000000e+00       0.000000000000e+00 
  238       1.061393180942e-12       2.331148162411e-15      -1.251881491275e-14       1.912455868598e-15       0.000000000000e+00       0.000000000000e+00       0.000000000000e+00 
  239       1.048290217768e-12       2.352873848100e-15      -1.316851496254e-14       1.919077187209e-15       0.000000000000e+00       0.000000000000e+00       0.000000000000e+00 
  240       1.034711135609e-12       2.375888153216e-15      -1.379048677202e-14       1.925500715467e-15       0.000000000000e+00       0.000000000000e+00       0.000000000000e+00 
  241       1.020685340190e-12       2.400092861451e-15      -1.438396908796e-14       1.931696813847e-15       0.000000000000e+00       0.000000000000e+00       0.000000000000e+00 
  242       1.006243379997e-12       2.425385760005e-15      -1.494819670084e-14       1.937634958272e-15       0.000000000000e+00       0.000000000000e+00       0.000000000000e+00 
  243       9.914169583849e-13       2.451660595798e-15      -1.548240048389e-14       1.943283731208e-15       0.000000000000e+00       0.000000000000e+00       0.000000000000e+00 
  244       9.762389456963e-13       2.478807031671e-15      -1.598580743210e-14       1.948610812751e-15       0.000000000000e+00       0.000000000000e+00       0.000000000000e+00 
  245       9.607433913786e-13       2.506710602589e-15      -1.645764070124e-14       1.953582971719e-15       0.000000000000e+00       0.000000000000e+00       0.000000000000e+00 
  246       9.449655360983e-13       2.535252671848e-15      -1.689711964697e-14       1.958166056746e-15       0.000000000000e+00       0.000000000000e+00       0.000000000000e+00 
  247       9.289418238571e-13       2.564310387279e-15      -1.730345986376e-14       1.962324987371e-15       0.000000000000e+00       0.000000000000e+00       0.000000000000e+00 
  248       9.127099141078e-13       2.593756637451e-15      -1.767587322403e-14       1.966023745128e-15       0.000000000000e+00       0.000000000000e+00       0.000000000000e+00 
  249       8.963086938701e-13       2.623460007878e-15      -1.801356791712e-14       1.969225364640e-15       0.000000000000e+00       0.000000000000e+00       0.000000000000e+00 
  250       8.797736032079e-13       2.653301827780e-15      -1.831592907117e-14       1.971898458112e-15       0.000000000000e+00       0.000000000000e+00       0.000000000000e+00 
  251       8.631222874838e-13       2.683228491773e-15      -1.858307209806e-14       1.974037224774e-15       0.000000000000e+00       0.000000000000e+00       0.000000000000e+00 
  252       8.463681404547e-13       2.713202073236e-15      -1.881532136451e-14       1.975642579126e-15       0.000000000000e+00       0.000000000000e+00       0.000000000000e+00 
  253       8.295249195256e-13       2.743183494453e-15      -1.901303286570e-14       1.976715725021e-15       0.000000000000e+00       0.000000000000e+00       0.000000000000e+00 
  254       8.126067489028e-13       2.773132515503e-15      -1.917659460964e-14       1.977258159258e-15       0.000000000000e+00       0.000000000000e+00       0.000000000000e+00 
  255       7.956281227473e-13       2.803007723141e-15      -1.930642700152e-14       1.977271675165e-15       0.000000000000e+00       0.000000000000e+00       0.000000000000e+00 
  256       7.786039083282e-13       2.832766519693e-15      -1.940298322809e-14       1.976758366179e-15       0.000000000000e+00       0.000000000000e+00       0.000000000000e+00 
  257       7.615493491759e-13       2.862365111939e-15      -1.946674964205e-14       1.975720629441e-15       0.000000000000e+00       0.000000000000e+00       0.000000000000e+00 
  258       7.444800682354e-13       2.891758500002e-15      -1.949824614639e-14       1.974161169374e-15       0.000000000000e+00       0.000000000000e+00       0.000000000000e+00 
  259       7.274120710199e-13       2.920900466236e-15      -1.949802657879e-14       1.972083001269e-15       0.000000000000e+00       0.000000000000e+00       0.000000000000e+00 
  260       7.103617487637e-13       2.949743564113e-15      -1.946667909596e-14       1.969489454875e-15       0.000000000000e+00       0.000000000000e+00       0.000000000000e+00 
  261       6.933458815759e-13       2.978239107108e-15      -1.940482655804e-14       1.966384177978e-15       0.000000000000e+00       0.000000000000e+00       0.000000000000e+00 
  262       6.763816415934e-13       3.006337157593e-15      -1.931312691296e-14       1.962771139991e-15       0.000000000000e+00       0.000000000000e+00       0.000000000000e+00 
  263       6.594865961345e-13       3.033986515717e-15      -1.919227358081e-14       1.958654635539e-15       0.000000000000e+00       0.000000000000e+00       0.000000000000e+00 
  264       6.426787108521e-13       3.061134708301e-15      -1.904299583820e-14       1.954039288039e-15       0.000000000000e+00       0.000000000000e+00       0.000000000000e+00 
  265       6.259763528870e-13       3.087727977718e-15      -1.886605920266e-14       1.948930053294e-15       0.000000000000e+00       0.000000000000e+00       0.000000000000e+00 
  266       6.093982940212e-13       3.113711270786e-15      -1.866226581699e-14       1.943332223070e-15       0.000000000000e+00       0.000000000000e+00       0.000000000000e+00 
  267       5.929637138313e-13       3.139028227653e-15      -1.843245483362e-14       1.937251428687e-15       0.000000000000e+00       0.000000000000e+00       0.000000000000e+00 
  268       5.766922028418e-13       3.163621170687e-15      -1.817750279901e-14       1.930693644602e-15       0.000000000000e+00       0.000000000000e+00       0.000000000000e+00 
  269       5.606037656785e-13       3.187431093361e-15      -1.789832403801e-14       1.923665191995e-15       0.000000000000e+00       0.000000000000e+00       0.000000000000e+00 
  270       5.447188242216e-13       3.210397649141e-15      -1.759587103822e-14       1.916172742352e-15       0.000000000000e+00       0.000000000000e+00       0.000000000000e+00 
  271       5.290582207591e-13       3.232459140375e-15      -1.727113483436e-14       1.908223321054e-15       0.000000000000e+00       0.000000000000e+00       0.000000000000e+00 
  272       5.136432211403e-13       3.253552507178e-15      -1.692514539268e-14       1.899824310959e-15       0.000000000000e+00       0.000000000000e+00       0.000000000000e+00 
  273       4.984955179292e-13       3.273613316323e-15      -1.655897199526e-14       1.890983455991e-15       0.000000000000e+00       0.000000000000e+00       0.000000000000e+00 
  274       4.836372335571e-13       3.292575750125e-15      -1.617372362447e-14       1.881708864722e-15       0.000000000000e+00       0.000000000000e+00       0.000000000000e+00 
  275       4.690909234770e-13       3.310372595331e-15      -1.577054934724e-14       1.872009013958e-15       0.000000000000e+00       0.000000000000e+00       0.000000000000e+00 
  276       4.548795793159e-13       3.326935232008e-15      -1.535063869953e-14       1.861892752325e-15       0.000000000000e+00       0.000000000000e+00       0.000000000000e+00 
  277       4.410266320289e-13       3.342193622427e-15      -1.491522207064e-14       1.851369303854e-15       0.000000000000e+00       0.000000000000e+00       0.000000000000e+00 
  278       4.275559550521e-13       3.356076299955e-15      -1.446557108759e-14       1.840448271568e-15       0.000000000000e+00       0.000000000000e+00       0.000000000000e+00 
  279       4.144878069400e-13       3.368523361300e-15      -1.400286518004e-14       1.829139706093e-15       0.000000000000e+00       0.000000000000e+00       0.000000000000e+00 
  280       4.018264201092e-13       3.379526211199e-15      -1.352778283203e-14       1.817454308076e-15       0.000000000000e+00       0.000000000000e+00       0.000000000000e+00 
  281       3.895717752268e-13       3.389089855206e-15      -1.304088990232e-14       1.805403243238e-15       0.000000000000e+00       0.000000000000e+00       0.000000000000e+00 
  282       3.777236007382e-13       3.397220090618e-15      -1.254277171443e-14       1.792998081961e-15       0.000000000000e+00       0.000000000000e+00       0.000000000000e+00 
  283       3.662813697835e-13       3.403923515341e-15      -1.203403323536e-14       1.780250802972e-15       0.000000000000e+00       0.000000000000e+00       0.000000000000e+00 
  284       3.552442971137e-13       3.409207536752e-15      -1.151529925451e-14       1.767173797028e-15       0.000000000000e+00       0.000000000000e+00       0.000000000000e+00 
  285       3.446113360062e-13       3.413080380558e-15      -1.098721456239e-14       1.753779870602e-15       0.000000000000e+00       0.000000000000e+00       0.000000000000e+00 
  286       3.343811751810e-13       3.415551099661e-15      -1.045044412953e-14       1.740082249566e-15       0.000000000000e+00       0.000000000000e+00       0.000000000000e+00 
  287       3.245522357165e-13       3.416629583018e-15      -9.905673285181e-15       1.726094582879e-15       0.000000000000e+00       0.000000000000e+00       0.000000000000e+00 
  288       3.151226679660e-13       3.416326564504e-15      -9.353607896234e-15       1.711830946270e-15       0.000000000000e+00       0.000000000000e+00       0.000000000000e+00 
  289       3.060903484729e-13       3.414653631774e-15      -8.794974545960e-15       1.697305845925e-15       0.000000000000e+00       0.000000000000e+00       0.000000000000e+00 
  290       2.974528768872e-13       3.411623235124e-15      -8.230520712847e-15       1.682534222171e-15       0.000000000000e+00       0.000000000000e+00       0.000000000000e+00 
  291       2.892075728814e-13       3.407248696354e-15      -7.661014949409e-15       1.667531453160e-15       0.000000000000e+00       0.000000000000e+00       0.000000000000e+00 
  292       2.813514730663e-13       3.401544217631e-15      -7.087247060994e-15       1.652313358559e-15       0.000000000000e+00       0.000000000000e+00       0.000000000000e+00 
  293       2.738813279070e-13       3.394524890348e-15      -6.510028284599e-15       1.636896203228e-15       0.000000000000e+00       0.000000000000e+00       0.000000000000e+00 
  294       2.667935986390e-13       3.386206703989e-15      -5.930191467680e-15       1.621296700912e-15       0.000000000000e+00       0.000000000000e+00       0.000000000000e+00 
  295       2.600844541843e-13       3.376606554987e-15      -5.348591246962e-15       1.605532017923e-15       0.000000000000e+00       0.000000000000e+00       0.000000000000e+00 
  296       2.537497680668e-13       3.365742255594e-15      -4.766104227249e-15       1.589619776824e-15       0.000000000000e+00       0.000000000000e+00       0.000000000000e+00 
  297       2.477851153288e-13       3.353632542731e-15      -4.183629160240e-15       1.573578060116e-15       0.000000000000e+00       0.000000000000e+00       0.000000000000e+00 
  298       2.421857694471e-13       3.340297086863e-15      -3.602087123335e-15       1.557425413926e-15       0.000000000000e+00       0.000000000000e+00       0.000000000000e+00 
  299       2.369466992481e-13       3.325756500850e-15      -3.022421698451e-15       1.541180851685e-15       0.000000000000e+00       0.000000000000e+00       0.000000000000e+00 
  300       2.320625658249e-13       3.310032348817e-15      -2.445599150829e-15       1.524863857820e-15       0.000000000000e+00       0.000000000000e+00       0.000000000000e+00 
  301       2.275277194525e-13       3.293147155009e-15      -1.872608607848e-15       1.508494391435e-15       0.000000000000e+00       0.000000000000e+00       0.000000000000e+00 
  302       2.233361965038e-13       3.275124412661e-15      -1.304462237833e-15       1.492092889999e-15       0.000000000000e+00       0.000000000000e+00       0.000000000000e+00 
  303       2.194817163662e-13       3.255988592852e-15      -7.421954288728e-16       1.475680273030e-15       0.000000000000e+00       0.000000000000e+00       0.000000000000e+00 
  304       2.159576783567e-13       3.235765153373e-15      -1.868669676227e-16       1.459277945779e-15       0.000000000000e+00       0.000000000000e+00       0.000000000000e+00 
  305       2.127571586386e-13       3.214480547585e-15       3.604407818781e-16       1.442907802917e-15       0.000000000000e+00       0.000000000000e+00       0.000000000000e+00 
  306       2.098729071370e-13       3.192162233283e-15       8.986216993975e-16       1.426592232220e-15       0.000000000000e+00       0.000000000000e+00       0.000000000000e+00 
  307       2.072973444551e-13       3.168838681559e-15       1.426545729699e-15       1.410354118254e-15       0.000000000000e+00       0.000000000000e+00       0.000000000000e+00 
  308       2.050225587898e-13       3.144539385662e-15       1.943058703731e-15       1.394216846059e-15       0.000000000000e+00       0.000000000000e+00       0.000000000000e+00 
  309       2.030403028481e-13       3.119294869859e-15       2.446982159815e-15       1.378204304835e-15       0.000000000000e+00       0.000000000000e+00       0.000000000000e+00 
  310       2.013419907626e-13       3.093136698301e-15       2.937113164834e-15       1.362340891629e-15       0.000000000000e+00       0.000000000000e+00       0.000000000000e+00 
  311       1.999186950081e-13       3.066097483880e-15       3.412224135422e-15       1.346651515018e-15       0.000000000000e+00       0.000000000000e+00       0.000000000000e+00 
  312       1.987618061029e-13       3.038209724027e-15       3.871269665983e-15       1.331157990177e-15       0.000000000000e+00       0.000000000000e+00       0.000000000000e+00 
  313       1.978650518720e-13       3.009502230205e-15       4.314017986113e-15       1.315868031659e-15       0.000000000000e+00       0.000000000000e+00       0.000000000000e+00 
  314       1.972225658525e-13       2.980003550057e-15       4.740448453292e-15       1.300785757085e-15       0.000000000000e+00       0.000000000000e+00       0.000000000000e+00 
  315       1.968282306947e-13       2.949743132928e-15       5.150547262830e-15       1.285915248964e-15       0.000000000000e+00       0.000000000000e+00       0.000000000000e+00 
  316       1.966756758919e-13       2.918751337283e-15       5.544307523427e-15       1.271260553952e-15       0.000000000000e+00       0.000000000000e+00       0.000000000000e+00 
  317       1.967582755116e-13       2.887059438130e-15       5.921729332731e-15       1.256825682095e-15       0.000000000000e+00       0.000000000000e+00       0.000000000000e+00 
  318       1.970691459251e-13       2.854699634440e-15       6.282819852896e-15       1.242614606085e-15       0.000000000000e+00       0.000000000000e+00       0.000000000000e+00 
  319       1.976011435386e-13       2.821705056569e-15       6.627593386147e-15       1.228631260509e-15       0.000000000000e+00       0.000000000000e+00       0.000000000000e+00 
  320       1.983468625232e-13       2.788109773675e-15       6.956071450333e-15       1.214879541101e-15       0.000000000000e+00       0.000000000000e+00       0.000000000000e+00 
  321       1.992986325452e-13       2.753948801140e-15       7.268282854490e-15       1.201363303991e-15       0.000000000000e+00       0.000000000000e+00       0.000000000000e+00 
  322       2.004485164972e-13       2.719258107994e-15       7.564263774400e-15       1.188086364958e-15       0.000000000000e+00       0.000000000000e+00       0.000000000000e+00 
  323       2.017883082275e-13       2.684074624330e-15       7.844057828148e-15       1.175052498679e-15       0.000000000000e+00       0.000000000000e+00       0.000000000000e+00 
  324       2.033095302714e-13       2.648436248726e-15       8.107716151687e-15       1.162265437983e-15       0.000000000000e+00       0.000000000000e+00       0.000000000000e+00 
  325       2.050034315808e-13       2.612381855671e-15       8.355297474389e-15       1.149728873099e-15       0.000000000000e+00       0.000000000000e+00       0.000000000000e+00 
  326       2.068609852556e-13       2.575951302976e-15       8.586868194615e-15       1.137446450907e-15       0.000000000000e+00       0.000000000000e+00       0.000000000000e+00 
  327       2.088728862729e-13       2.539185439204e-15       8.802502455264e-15       1.125421774190e-15       0.000000000000e+00       0.000000000000e+00       0.000000000000e+00 
  328       2.110295492185e-13       2.502126111082e-15       9.002282219338e-15       1.113658400885e-15       0.000000000000e+00       0.000000000000e+00       0.000000000000e+00 
  329       2.133211060167e-13       2.464816170929e-15       9.186297345504e-15       1.102159843335e-15       0.000000000000e+00       0.000000000000e+00       0.000000000000e+00 
  330       2.157374036606e-13       2.427299484072e-15       9.354645663645e-15       1.090929567536e-15       0.000000000000e+00       0.000000000000e+00       0.000000000000e+00 
  331       2.182680019432e-13       2.389620936267e-15       9.507433050427e-15       1.079970992392e-15       0.000000000000e+00       0.000000000000e+00       0.000000000000e+00 
  332       2.209021711869e-13       2.351826441122e-15       9.644773504856e-15       1.069287488964e-15       0.000000000000e+00       0.000000000000e+00       0.000000000000e+00 
  333       2.236288899746e-13       2.313962947513e-15       9.766789223837e-15       1.058882379722e-15       0.000000000000e+00       0.000000000000e+00       0.000000000000e+00 
  334       2.264368428797e-13       2.276078447011e-15       9.873610677733e-15       1.048758937795e-15       0.000000000000e+00       0.000000000000e+00       0.000000000000e+00 
  335       2.293144181969e-13       2.238221981295e-15       9.965376685926e-15       1.038920386221e-15       0.000000000000e+00       0.000000000000e+00       0.000000000000e+00 
  336       2.322497056721e-13       2.200443649578e-15       1.004223449237e-14       1.029369897200e-15       0.000000000000e+00       0.000000000000e+00       0.000000000000e+00 
  337       2.352304942332e-13       2.162794616027e-15       1.010433984117e-14       1.020110591345e-15       0.000000000000e+00       0.000000000000e+00       0.000000000000e+00 
  338       2.382442697202e-13       2.125327117180e-15       1.015185705212e-14       1.011145536930e-15       0.000000000000e+00       0.000000000000e+00       0.000000000000e+00 
  339       2.412782126161e-13       2.088094469371e-15       1.018495909625e-14       1.002477749144e-15       0.000000000000e+00       0.000000000000e+00       0.000000000000e+00 
  340       2.443191957765e-13       2.051151076148e-15       1.020382767144e-14       9.941101893415e-16       0.000000000000e+00       0.000000000000e+00       0.000000000000e+00 
  341       2.473537821610e-13       2.014552435692e-15       1.020865327792e-14       9.860457642915e-16       0.000000000000e+00       0.000000000000e+00       0.000000000000e+00 
  342       2.503682225627e-13       1.978355148242e-15       1.019963529387e-14       9.782873254300e-16       0.000000000000e+00       0.000000000000e+00       0.000000000000e+00 
  343       2.533484533391e-13       1.942616923512e-15       1.017698205094e-14       9.708376681109e-16       0.000000000000e+00       0.000000000000e+00       0.000000000000e+00 
  344       2.562800941423e-13       1.907396588112e-15       1.014091090986e-14       9.636995308564e-16       0.000000000000e+00       0.000000000000e+00       0.000000000000e+00 
  345       2.591484456498e-13       1.872754092969e-15       1.009164833596e-14       9.568755946080e-16       0.000000000000e+00       0.000000000000e+00       0.000000000000e+00 
  346       2.619384872941e-13       1.838750520748e-15       1.002942997475e-14       9.503684819780e-16       0.000000000000e+00       0.000000000000e+00       0.000000000000e+00 
  347       2.646348749941e-13       1.805448093273e-15       9.954500727441e-15       9.441807564996e-16       0.000000000000e+00       0.000000000000e+00       0.000000000000e+00 
  348       2.672219388846e-13       1.772910178945e-15       9.867114826574e-15       9.383149218784e-16       0.000000000000e+00       0.000000000000e+00       0.000000000000e+00 
  349       2.696863443234e-13       1.741191058374e-15       9.767541133657e-15       9.327722167190e-16       0.000000000000e+00       0.000000000000e+00       0.000000000000e+00 
  350       2.720252015483e-13       1.710304736890e-15       9.656079120583e-15       9.275489449815e-16       0.000000000000e+00       0.000000000000e+00       0.000000000000e+00 
  351       2.742382884292e-13       1.680254851113e-15       9.533043700036e-15       9.226399916348e-16       0.000000000000e+00       0.000000000000e+00       0.000000000000e+00 
  352       2.763254179327e-13       1.651044791229e-15       9.398760143645e-15       9.180400115017e-16       0.000000000000e+00       0.000000000000e+00       0.000000000000e+00 
  353       2.782864384690e-13       1.622677698341e-15       9.253564162668e-15       9.137434273266e-16       0.000000000000e+00       0.000000000000e+00       0.000000000000e+00 
  354       2.801212342387e-13       1.595156461833e-15       9.097801988687e-15       9.097444278434e-16       0.000000000000e+00       0.000000000000e+00       0.000000000000e+00 
  355       2.818297255793e-13       1.568483716726e-15       8.931830454292e-15       9.060369658428e-16       0.000000000000e+00       0.000000000000e+00       0.000000000000e+00 
  356       2.834118693125e-13       1.542661841042e-15       8.756017073774e-15       9.026147562397e-16       0.000000000000e+00       0.000000000000e+00       0.000000000000e+00 
  357       2.848676590904e-13       1.517692953155e-15       8.570740123816e-15       8.994712741415e-16       0.000000000000e+00       0.000000000000e+00       0.000000000000e+00 
  358       2.861971257431e-13       1.493578909159e-15       8.376388724178e-15       8.965997529150e-16       0.000000000000e+00       0.000000000000e+00       0.000000000000e+00 
  359       2.874003376245e-13       1.470321300217e-15       8.173362918391e-15       8.939931822543e-16       0.000000000000e+00       0.000000000000e+00       0.000000000000e+00 
  360       2.884774009601e-13       1.447921449932e-15       7.962073754444e-15       8.916443062485e-16       0.000000000000e+00       0.000000000000e+00       0.000000000000e+00 
  361       2.894284601931e-13       1.426380411694e-15       7.742943365475e-15       8.895456214491e-16       0.000000000000e+00       0.000000000000e+00       0.000000000000e+00 
  362       2.902536983315e-13       1.405698966048e-15       7.516405050460e-15       8.876893749378e-16       0.000000000000e+00       0.000000000000e+00       0.000000000000e+00 
  363       2.909533372949e-13       1.385877618047e-15       7.282903354904e-15       8.860675623938e-16       0.000000000000e+00       0.000000000000e+00       0.000000000000e+00 
  364       2.915276382611e-13       1.366916594616e-15       7.042894151528e-15       8.846719261619e-16       0.000000000000e+00       0.000000000000e+00       0.000000000000e+00 
  365       2.919769020133e-13       1.348815841906e-15       6.796844720961e-15       8.834939533194e-16       0.000000000000e+00       0.000000000000e+00       0.000000000000e+00 
  366       2.923014692864e-13       1.331575022658e-15       6.545233832429e-15       8.825248737445e-16       0.000000000000e+00       0.000000000000e+00       0.000000000000e+00 
  367       2.925017211142e-13       1.315193513558e-15       6.288551824443e-15       8.817556581833e-16       0.000000000000e+00       0.000000000000e+00       0.000000000000e+00 
  368       2.925780791760e-13       1.299670402597e-15       6.027300685492e-15       8.811770163176e-16       0.000000000000e+00       0.000000000000e+00       0.000000000000e+00 
  369       2.925310061437e-13       1.285004486432e-15       5.761994134731e-15       8.807793948327e-16       0.000000000000e+00       0.000000000000e+00       0.000000000000e+00 
  370       2.923610060279e-13       1.271194267742e-15       5.493157702668e-15       8.805529754845e-16       0.000000000000e+00       0.000000000000e+00       0.000000000000e+00 
  371       2.920686245256e-13       1.258237952590e-15       5.221328811857e-15       8.804876731677e-16       0.000000000000e+00       0.000000000000e+00       0.000000000000e+00 
  372       2.916544493663e-13       1.246133447781e-15       4.947056857590e-15       8.805731339830e-16       0.000000000000e+00       0.000000000000e+00       0.000000000000e+00 
  373       2.911191106593e-13       1.234878358217e-15       4.670903288578e-15       8.807987333050e-16       0.000000000000e+00       0.000000000000e+00       0.000000000000e+00 
  374       2.904632812400e-13       1.224469984263e-15       4.393441687649e-15       8.811535738493e-16       0.000000000000e+00       0.000000000000e+00       0.000000000000e+00 
  375       2.896876770173e-13       1.214905319102e-15       4.115257852435e-15       8.816264837407e-16       0.000000000000e+00       0.000000000000e+00       0.000000000000e+00 
  376       2.887930573197e-13       1.206181046093e-15       3.836949876060e-15       8.822060145805e-16       0.000000000000e+00       0.000000000000e+00       0.000000000000e+00 
  377       2.877802252429e-13       1.198293536133e-15       3.559128227831e-15       8.828804395141e-16       0.000000000000e+00       0.000000000000e+00       0.000000000000e+00 
  378       2.866500279959e-13       1.191238845013e-15       3.282415833929e-15       8.836377512986e-16       0.000000000000e+00       0.000000000000e+00       0.000000000000e+00 
  379       2.854033572481e-13       1.185012710781e-15       3.007448158096e-15       8.844656603705e-16       0.000000000000e+00       0.000000000000e+00       0.000000000000e+00 
  380       2.840411494762e-13       1.179610551095e-15       2.734873282326e-15       8.853515929133e-16       0.000000000000e+00       0.000000000000e+00       0.000000000000e+00 
  381       2.825643863108e-13       1.175027460590e-15       2.465351987554e-15       8.862826889249e-16       0.000000000000e+00       0.000000000000e+00       0.000000000000e+00 
  382       2.809740948835e-13       1.171258208228e-15       2.199557834348e-15       8.872458002856e-16       0.000000000000e+00       0.000000000000e+00       0.000000000000e+00 
  383       2.792713481732e-13       1.168297234665e-15       1.938177243594e-15       8.882274888253e-16       0.000000000000e+00       0.000000000000e+00       0.000000000000e+00 
  384       2.774572653534e-13       1.166138649604e-15       1.681909577191e-15       8.892140243912e-16       0.000000000000e+00       0.000000000000e+00       0.000000000000e+00 
  385       2.755330121386e-13       1.164776229158e-15       1.431467218738e-15       8.901913829156e-16       0.000000000000e+00       0.000000000000e+00       0.000000000000e+00 
  386       2.734998011317e-13       1.164203413207e-15       1.187575654222e-15       8.911452444833e-16       0.000000000000e+00       0.000000000000e+00       0.000000000000e+00 
  387       2.713588921699e-13       1.164413302758e-15       9.509735527101e-16       8.920609913993e-16       0.000000000000e+00       0.000000000000e+00       0.000000000000e+00 
  388       2.691118823174e-13       1.165396734345e-15       7.222883283769e-16       8.929258984641e-16       0.000000000000e+00       0.000000000000e+00       0.000000000000e+00 
  389       2.667615870901e-13       1.167136429214e-15       5.016575304161e-16       8.937357980654e-16       0.000000000000e+00       0.000000000000e+00       0.000000000000e+00 
  390       2.643111928744e-13       1.169612620101e-15       2.890934492847e-16       8.944886606066e-16       0.000000000000e+00       0.000000000000e+00       0.000000000000e+00 
  391       2.617639708333e-13       1.172804950272e-15       8.460633830732e-17       8.951824246229e-16       0.000000000000e+00       0.000000000000e+00       0.000000000000e+00 
  392       2.591232774837e-13       1.176692469355e-15      -1.117956046339e-16       8.958149965917e-16       0.000000000000e+00       0.000000000000e+00       0.000000000000e+00 
  393       2.563925552733e-13       1.181253629166e-15      -3.001062554096e-16       8.963842507432e-16       0.000000000000e+00       0.000000000000e+00       0.000000000000e+00 
  394       2.535753331580e-13       1.186466279545e-15      -4.803215819530e-16       8.968880288707e-16       0.000000000000e+00       0.000000000000e+00       0.000000000000e+00 
  395       2.506752271788e-13       1.192307664180e-15      -6.524396625705e-16       8.973241401415e-16       0.000000000000e+00       0.000000000000e+00       0.000000000000e+00 
  396       2.476959410390e-13       1.198754416440e-15      -8.164607042516e-16       8.976903609073e-16       0.000000000000e+00       0.000000000000e+00       0.000000000000e+00 
  397       2.446412666809e-13       1.205782555208e-15      -9.723870609793e-16       8.979844345144e-16       0.000000000000e+00       0.000000000000e+00       0.000000000000e+00 
  398       2.415150848635e-13       1.213367480706e-15      -1.120223252040e-15       8.982040711150e-16       0.000000000000e+00       0.000000000000e+00       0.000000000000e+00 
  399       2.383213657392e-13       1.221483970328e-15      -1.259975980333e-15       8.983469474768e-16       0.000000000000e+00       0.000000000000e+00       0.000000000000e+00 
  400       2.350641694309e-13       1.230106174468e-15      -1.391654150683e-15       8.984107067945e-16       0.000000000000e+00       0.000000000000e+00       0.000000000000e+00 
  401       2.317476466091e-13       1.239207612355e-15      -1.515268888148e-15       8.983929584994e-16       0.000000000000e+00       0.000000000000e+00       0.000000000000e+00 
  402       2.283760390692e-13       1.248761167876e-15      -1.630833556328e-15       8.982912780707e-16       0.000000000000e+00       0.000000000000e+00       0.000000000000e+00 
  403       2.249536803084e-13       1.258739085414e-15      -1.738363775682e-15       8.981032068458e-16       0.000000000000e+00       0.000000000000e+00       0.000000000000e+00 
  404       2.214849961026e-13       1.269112965669e-15      -1.837877441829e-15       8.978262518305e-16       0.000000000000e+00       0.000000000000e+00       0.000000000000e+00 
  405       2.179745050839e-13       1.279853761499e-15      -1.929394743865e-15       8.974578855101e-16       0.000000000000e+00       0.000000000000e+00       0.000000000000e+00 
  406       2.144268193176e-13       1.290931773739e-15      -2.012938182670e-15       8.969955456595e-16       0.000000000000e+00       0.000000000000e+00       0.000000000000e+00 
  407       2.108466448788e-13       1.302316647040e-15      -2.088532589219e-15       8.964366351539e-16       0.000000000000e+00       0.000000000000e+00       0.000000000000e+00 
  408       2.072387824302e-13       1.313977365695e-15      -2.156205142893e-15       8.957785217794e-16       0.000000000000e+00       0.000000000000e+00       0.000000000000e+00 
  409       2.036081277988e-13       1.325882249468e-15      -2.215985389787e-15       8.950185380436e-16       0.000000000000e+00       0.000000000000e+00       0.000000000000e+00 
  410       1.999596725528e-13       1.337998949427e-15      -2.267905261023e-15       8.941539809857e-16       0.000000000000e+00       0.000000000000e+00       0.000000000000e+00 
  411       1.962985045792e-13       1.350294443775e-15      -2.311999091057e-15       8.931821119878e-16       0.000000000000e+00       0.000000000000e+00       0.000000000000e+00 
  412       1.926298086606e-13       1.362735033673e-15      -2.348303635991e-15       8.921001565846e-16       0.000000000000e+00       0.000000000000e+00       0.000000000000e+00 
  413       1.889588670521e-13       1.375286339082e-15      -2.376858091884e-15       8.909053042745e-16       0.000000000000e+00       0.000000000000e+00       0.000000000000e+00 
  414       1.852910600587e-13       1.387913294580e-15      -2.397704113061e-15       8.895947083301e-16       0.000000000000e+00       0.000000000000e+00       0.000000000000e+00 
  415       1.816318666123e-13       1.400580145202e-15      -2.410885830423e-15       8.881654856085e-16       0.000000000000e+00       0.000000000000e+00       0.000000000000e+00 
  416       1.779868648488e-13       1.413250442268e-15      -2.416449869757e-15       8.866147163619e-16       0.000000000000e+00       0.000000000000e+00       0.000000000000e+00 
  417       1.743617326851e-13       1.425887039207e-15      -2.414445370047e-15       8.849394440484e-16       0.000000000000e+00       0.000000000000e+00       0.000000000000e+00 
  418       1.707622483961e-13       1.438452087397e-15      -2.404924001784e-15       8.831366751421e-16       0.000000000000e+00       0.000000000000e+00       0.000000000000e+00 
  419       1.671942911922e-13       1.450907031986e-15      -2.387939985276e-15       8.812033789442e-16       0.000000000000e+00       0.000000000000e+00       0.000000000000e+00 
  420       1.636638417959e-13       1.463212607730e-15      -2.363550108957e-15       8.791364873929e-16       0.000000000000e+00       0.000000000000e+00       0.000000000000e+00 
  421       1.601769830192e-13       1.475328834816e-15      -2.331813747700e-15       8.769328948744e-16       0.000000000000e+00       0.000000000000e+00       0.000000000000e+00 
  422       1.567399003405e-13       1.487215014697e-15      -2.292792881124e-15       8.745894580334e-16       0.000000000000e+00       0.000000000000e+00       0.000000000000e+00 
  423       1.533588824820e-13       1.498829725921e-15      -2.246552111907e-15       8.721029955834e-16       0.000000000000e+00       0.000000000000e+00       0.000000000000e+00 
  424       1.500403219863e-13       1.510130819959e-15      -2.193158684094e-15       8.694702881175e-16       0.000000000000e+00       0.000000000000e+00       0.000000000000e+00 
  425       1.467907157938e-13       1.521075417040e-15      -2.132682501407e-15       8.666880779187e-16       0.000000000000e+00       0.000000000000e+00       0.000000000000e+00 
  426       1.436166658198e-13       1.531619901974e-15      -2.065196145557e-15       8.637530687706e-16       0.000000000000e+00       0.000000000000e+00       0.000000000000e+00 
  427       1.405237447411e-13       1.541726864686e-15      -1.990794630048e-15       8.606630374115e-16       0.000000000000e+00       0.000000000000e+00       0.000000000000e+00 
  428       1.375130496796e-13       1.551386190353e-15      -1.909655364465e-15       8.574202099301e-16       0.000000000000e+00       0.000000000000e+00       0.000000000000e+00 
  429       1.345845324037e-13       1.560594678588e-15      -1.821980266272e-15       8.540279998678e-16       0.000000000000e+00       0.000000000000e+00       0.000000000000e+00 
  430       1.317381233575e-13       1.569349163964e-15      -1.727976240813e-15       8.504899074931e-16       0.000000000000e+00       0.000000000000e+00       0.000000000000e+00 
  431       1.289737314928e-13       1.577646516399e-15      -1.627855212581e-15       8.468095203417e-16       0.000000000000e+00       0.000000000000e+00       0.000000000000e+00 
  432       1.262912441011e-13       1.585483641552e-15      -1.521834156488e-15       8.429905137574e-16       0.000000000000e+00       0.000000000000e+00       0.000000000000e+00 
  433       1.236905266455e-13       1.592857481210e-15      -1.410135129131e-15       8.390366514318e-16       0.000000000000e+00       0.000000000000e+00       0.000000000000e+00 
  434       1.211714225929e-13       1.599765013677e-15      -1.292985300065e-15       8.349517859458e-16       0.000000000000e+00       0.000000000000e+00       0.000000000000e+00 
  435       1.187337532455e-13       1.606203254165e-15      -1.170616983067e-15       8.307398593089e-16       0.000000000000e+00       0.000000000000e+00       0.000000000000e+00 
  436       1.163773175734e-13       1.612169255188e-15      -1.043267667408e-15       8.264049035007e-16       0.000000000000e+00       0.000000000000e+00       0.000000000000e+00 
  437       1.141018920458e-13       1.617660106945e-15      -9.111800491218e-16       8.219510410108e-16       0.000000000000e+00       0.000000000000e+00       0.000000000000e+00 
  438       1.119072304639e-13       1.622672937716e-15      -7.746020622711e-16       8.173824853792e-16       0.000000000000e+00       0.000000000000e+00       0.000000000000e+00 
  439       1.097930637919e-13       1.627204914249e-15      -6.337869102187e-16       8.127035417371e-16       0.000000000000e+00       0.000000000000e+00       0.000000000000e+00 
  440       1.077590999898e-13       1.631253242152e-15      -4.889930968953e-16       8.079186073471e-16       0.000000000000e+00       0.000000000000e+00       0.000000000000e+00 
  441       1.058050238448e-13       1.634815166280e-15      -3.404844580684e-16       8.030321721439e-16       0.000000000000e+00       0.000000000000e+00       0.000000000000e+00 
  442       1.039304968035e-13       1.637887971132e-15      -1.885301926112e-16       7.980488192745e-16       0.000000000000e+00       0.000000000000e+00       0.000000000000e+00 
  443       1.021351568039e-13       1.640468981230e-15      -3.340489377089e-17       7.929732256386e-16       0.000000000000e+00       0.000000000000e+00       0.000000000000e+00 
  444       1.004186181073e-13       1.642555561521e-15       1.246114195620e-16       7.878101624296e-16       0.000000000000e+00       0.000000000000e+00       0.000000000000e+00 
  445       9.878047113018e-14       1.644145117759e-15       2.852332715852e-16       7.825644956744e-16       0.000000000000e+00       0.000000000000e+00       0.000000000000e+00 
  446       9.722028227641e-14       1.645235096898e-15       4.481696983160e-16       7.772411867743e-16       0.000000000000e+00       0.000000000000e+00       0.000000000000e+00 
  447       9.573759376902e-14       1.645822987482e-15       6.131242163224e-16       7.718452930452e-16       0.000000000000e+00       0.000000000000e+00       0.000000000000e+00 
  448       9.433192348223e-14       1.645906320035e-15       7.797947914542e-16       7.663819682582e-16       0.000000000000e+00       0.000000000000e+00       0.000000000000e+00 
  449       9.300276477340e-14       1.645482667452e-15       9.478738075746e-16       7.608564631801e-16       0.000000000000e+00       0.000000000000e+00       0.000000000000e+00 
  450       9.174958631504e-14       1.644549645387e-15       1.117048035291e-15       7.552741261138e-16       0.000000000000e+00       0.000000000000e+00       0.000000000000e+00 
  451       9.057183192676e-14       1.643104912644e-15       1.286998600687e-15       7.496404034385e-16       0.000000000000e+00       0.000000000000e+00       0.000000000000e+00 
  452       8.946892040721e-14       1.641146171569e-15       1.457400954052e-15       7.439608401507e-16       0.000000000000e+00       0.000000000000e+00       0.000000000000e+00 
  453       8.844024536609e-14       1.638671168437e-15       1.627924838615e-15       7.382410804043e-16       0.000000000000e+00       0.000000000000e+00       0.000000000000e+00 
  454       8.748517505610e-14       1.635677693845e-15       1.798234259274e-15       7.324868680511e-16       0.000000000000e+00       0.000000000000e+00       0.000000000000e+00 
  455       8.660305220491e-14       1.632163583100e-15       1.967987451327e-15       7.267040471812e-16       0.000000000000e+00       0.000000000000e+00       0.000000000000e+00 
  456       8.579319384713e-14       1.628126716610e-15       2.136836849205e-15       7.208985626637e-16       0.000000000000e+00       0.000000000000e+00       0.000000000000e+00 
  457       8.505489115628e-14       1.623565020273e-15       2.304429055202e-15       7.150764606869e-16       0.000000000000e+00       0.000000000000e+00       0.000000000000e+00 
  458       8.438740927677e-14       1.618476465870e-15       2.470404808205e-15       7.092438892990e-16       0.000000000000e+00       0.000000000000e+00       0.000000000000e+00 
  459       8.378998715585e-14       1.612859071452e-15       2.634398952429e-15       7.034070989481e-16       0.000000000000e+00       0.000000000000e+00       0.000000000000e+00 
  460       8.326183737557e-14       1.606710901731e-15       2.796040406145e-15       6.975724430234e-16       0.000000000000e+00       0.000000000000e+00       0.000000000000e+00 
  461       8.280214598479e-14       1.600030068472e-15       2.954952130411e-15       6.917463783951e-16       0.000000000000e+00       0.000000000000e+00       0.000000000000e+00 
  462       8.241007233112e-14       1.592814730881e-15       3.110751097805e-15       6.859354659549e-16       0.000000000000e+00       0.000000000000e+00       0.000000000000e+00 
  463       8.208474889289e-14       1.585063095993e-15       3.263048261158e-15       6.801463711566e-16       0.000000000000e+00       0.000000000000e+00       0.000000000000e+00 
  464       8.182528111112e-14       1.576773419069e-15       3.411448522280e-15       6.743858645566e-16       0.000000000000e+00       0.000000000000e+00       0.000000000000e+00 
  465       8.163074722150e-14       1.567944003980e-15       3.555550700696e-15       6.686608223543e-16       0.000000000000e+00       0.000000000000e+00       0.000000000000e+00 
  466       8.150005740556e-14       1.558576031677e-15       3.695014210120e-15       6.629773355888e-16       0.000000000000e+00       0.000000000000e+00       0.000000000000e+00 
  467       8.143152675005e-14       1.548682141924e-15       3.829761440823e-15       6.573380060446e-16       0.000000000000e+00       0.000000000000e+00       0.000000000000e+00 
  468       8.142328863342e-14       1.538278120075e-15       3.959781629867e-15       6.517445670444e-16       0.000000000000e+00       0.000000000000e+00       0.000000000000e+00 
  469       8.147343395735e-14       1.527380095145e-15       4.085064729632e-15       6.461987672155e-16       0.000000000000e+00       0.000000000000e+00       0.000000000000e+00 
  470       8.158001090109e-14       1.516004541758e-15       4.205601413334e-15       6.407023705387e-16       0.000000000000e+00       0.000000000000e+00       0.000000000000e+00 
  471       8.174102467593e-14       1.504168282099e-15       4.321383080537e-15       6.352571563971e-16       0.000000000000e+00       0.000000000000e+00       0.000000000000e+00 
  472       8.195443727955e-14       1.491888487858e-15       4.432401862671e-15       6.298649196252e-16       0.000000000000e+00       0.000000000000e+00       0.000000000000e+00 
  473       8.221816725040e-14       1.479182682185e-15       4.538650628542e-15       6.245274705580e-16       0.000000000000e+00       0.000000000000e+00       0.000000000000e+00 
  474       8.253008942215e-14       1.466068741639e-15       4.640122989854e-15       6.192466350797e-16       0.000000000000e+00       0.000000000000e+00       0.000000000000e+00 
  475       8.288803467803e-14       1.452564898133e-15       4.736813306715e-15       6.140242546727e-16       0.000000000000e+00       0.000000000000e+00       0.000000000000e+00 
  476       8.328978970526e-14       1.438689740889e-15       4.828716693162e-15       6.088621864667e-16       0.000000000000e+00       0.000000000000e+00       0.000000000000e+00 
  477       8.373309674945e-14       1.424462218386e-15       4.915829022665e-15       6.037623032876e-16       0.000000000000e+00       0.000000000000e+00       0.000000000000e+00 
  478       8.421565336896e-14       1.409901640306e-15       4.998146933652e-15       5.987264937064e-16       0.000000000000e+00       0.000000000000e+00       0.000000000000e+00 
  479       8.473511218932e-14       1.395027679490e-15       5.075667835017e-15       5.937566620882e-16       0.000000000000e+00       0.000000000000e+00       0.000000000000e+00 
  480       8.528908065763e-14       1.379860373881e-15       5.148389911638e-15       5.888547286413e-16       0.000000000000e+00       0.000000000000e+00       0.000000000000e+00 
  481       8.587512079694e-14       1.364420128477e-15       5.216312129892e-15       5.840226294657e-16       0.000000000000e+00       0.000000000000e+00       0.000000000000e+00 
  482       8.649074896067e-14       1.348727717282e-15       5.279434243166e-15       5.792623166028e-16       0.000000000000e+00       0.000000000000e+00       0.000000000000e+00 
  483       8.713343558697e-14       1.332804285253e-15       5.337756797379e-15       5.745757580836e-16       0.000000000000e+00       0.000000000000e+00       0.000000000000e+00 
  484       8.780060495314e-14       1.316671350248e-15       5.391281136491e-15       5.699649379781e-16       0.000000000000e+00       0.000000000000e+00       0.000000000000e+00 
  485       8.848963493004e-14       1.300350804981e-15       5.440009408018e-15       5.654318564443e-16       0.000000000000e+00       0.000000000000e+00       0.000000000000e+00 
  486       8.919785673643e-14       1.283864918967e-15       5.483944568551e-15       5.609785297768e-16       0.000000000000e+00       0.000000000000e+00       0.000000000000e+00 
  487       8.992255469343e-14       1.267236340471e-15       5.523090389268e-15       5.566069904562e-16       0.000000000000e+00       0.000000000000e+00       0.000000000000e+00 
  488       9.066096597888e-14       1.250488098463e-15       5.557451461449e-15       5.523192871977e-16       0.000000000000e+00       0.000000000000e+00       0.000000000000e+00 
  489       9.141028038174e-14       1.233643604561e-15       5.587033201991e-15       5.481174850002e-16       0.000000000000e+00       0.000000000000e+00       0.000000000000e+00 
  490       9.216764005648e-14       1.216726654986e-15       5.611841858924e-15       5.440036651953e-16       0.000000000000e+00       0.000000000000e+00       0.000000000000e+00 
  491       9.293013927751e-14       1.199761432506e-15       5.631884516924e-15       5.399799254963e-16       0.000000000000e+00       0.000000000000e+00       0.000000000000e+00 
  492       9.369482419353e-14       1.182772508393e-15       5.647169102831e-15       5.360483800469e-16       0.000000000000e+00       0.000000000000e+00       0.000000000000e+00 
  493       9.445869258194e-14       1.165784844364e-15       5.657704391159e-15       5.322111594705e-16       0.000000000000e+00       0.000000000000e+00       0.000000000000e+00 
  494       9.521869360326e-14       1.148823794538e-15       5.663500009615e-15       5.284704109188e-16       0.000000000000e+00       0.000000000000e+00       0.000000000000e+00 
  495       9.597172755548e-14       1.131915107380e-15       5.664566444614e-15       5.248282981213e-16       0.000000000000e+00       0.000000000000e+00       0.000000000000e+00 
  496       9.671464562852e-14       1.115084927654e-15       5.660915046791e-15       5.212870014336e-16       0.000000000000e+00       0.000000000000e+00       0.000000000000e+00 
  497       9.744424965855e-14       1.098359798372e-15       5.652558036518e-15       5.178487178868e-16       0.000000000000e+00       0.000000000000e+00       0.000000000000e+00 
  498       9.815729188245e-14       1.081766662742e-15       5.639508509417e-15       5.145156612363e-16       0.000000000000e+00       0.000000000000e+00       0.000000000000e+00 
  499       9.885047469215e-14       1.065332866119e-15       5.621780441877e-15       5.112900620109e-16       0.000000000000e+00       0.000000000000e+00       0.000000000000e+00 
  500       9.952045038909e-14       1.049086157955e-15       5.599388696570e-15       5.081741675616e-16       0.000000000000e+00       0.000000000000e+00       0.000000000000e+00 
