# Matter power spectrum P(k) at redshift z=0
# for k=1.03892e-05 to 108.968 h/Mpc,
# number of wavenumbers equal to 813
#    1:k (h/Mpc)              2:P (Mpc/h)^3        
       1.038922642939e-05       5.211100336111e+01 
       2.321812845777e-05       1.129438587338e+02 
       3.609173375949e-05       1.726376712672e+02 
       4.904439972293e-05       2.318627467845e+02 
       6.211104703766e-05       2.909955018785e+02 
       7.532746857054e-05       3.503150497979e+02 
       8.873064803662e-05       4.100581396808e+02 
       1.023590926717e-04       4.704415333222e+02 
       1.162531841463e-04       5.316734313715e+02 
       1.304555519933e-04       5.939603200220e+02 
       1.450114738307e-04       6.575116738923e+02 
       1.599693066034e-04       7.225435816275e+02 
       1.753809529045e-04       7.892817996200e+02 
       1.913023660834e-04       8.579645187428e+02 
       2.077940972269e-04       9.288449949802e+02 
       2.249218860767e-04       1.002194133463e+03 
       2.427572963652e-04       1.078303066026e+03 
       2.613783937036e-04       1.157485756448e+03 
       2.808704607789e-04       1.240081575030e+03 
       3.013267399005e-04       1.326457862991e+03 
       3.228491865167e-04       1.417012353938e+03 
       3.455492088079e-04       1.512175377005e+03 
       3.695483574944e-04       1.612411646504e+03 
       3.949789163030e-04       1.718221450214e+03 
       4.219843271272e-04       1.830140917966e+03 
       4.507193652352e-04       1.948741054397e+03 
       4.813499601652e-04       2.074625076718e+03 
       5.140525395271e-04       2.208423608877e+03 
       5.490127596148e-04       2.350787206637e+03 
       5.864234840096e-04       2.502375733737e+03 
       6.264818862127e-04       2.663844244851e+03 
       6.693855924581e-04       2.835825150350e+03 
       7.153278526981e-04       3.018906878832e+03 
       7.644918337246e-04       3.213609626993e+03 
       8.170442631527e-04       3.420359403962e+03 
       8.731288004716e-04       3.639462118732e+03 
       9.328596440384e-04       3.871079825892e+03 
       9.963159657110e-04       4.115211780261e+03 
       1.063537764317e-03       4.371682447485e+03 
       1.134523625953e-03       4.640138424033e+03 
       1.209230678886e-03       4.920054950781e+03 
       1.287576767588e-03       5.210752019906e+03 
       1.369444598904e-03       5.511402457049e+03 
       1.454687391583e-03       5.821080272570e+03 
       1.543135431286e-03       6.138825121327e+03 
       1.634602911679e-03       6.463613121629e+03 
       1.728894515035e-03       6.794410093254e+03 
       1.825811320086e-03       7.130196532384e+03 
       1.925155782401e-03       7.469987526577e+03 
       2.026735680812e-03       7.812847965561e+03 
       2.130367041837e-03       8.157902848262e+03 
       2.235876134908e-03       8.504344304682e+03 
       2.343100676070e-03       8.851433559638e+03 
       2.451890393792e-03       9.198501365766e+03 
       2.562107106469e-03       9.544946254844e+03 
       2.673624445201e-03       9.890230775812e+03 
       2.786327333995e-03       1.023387781438e+04 
       2.900111316992e-03       1.057546536120e+04 
       3.014881801364e-03       1.091462380805e+04 
       3.130553266383e-03       1.125102739250e+04 
       3.247048474339e-03       1.158439429563e+04 
       3.364297707344e-03       1.191447699276e+04 
       3.482238045183e-03       1.224106447908e+04 
       3.600812692879e-03       1.256397147024e+04 
       3.719970362018e-03       1.288304403524e+04 
       3.839664706618e-03       1.319814564328e+04 
       3.959853812268e-03       1.350916493237e+04 
       4.080499735881e-03       1.381600894005e+04 
       4.201568092653e-03       1.411859673447e+04 
       4.323027686457e-03       1.441686914272e+04 
       4.444850179783e-03       1.471076918268e+04 
       4.567009799409e-03       1.500026586432e+04 
       4.689483074174e-03       1.528532411932e+04 
       4.812248601458e-03       1.556592674174e+04 
       4.935286839263e-03       1.584206488630e+04 
       5.058579921044e-03       1.611372945583e+04 
       5.182111490760e-03       1.638092118655e+04 
       5.305866555835e-03       1.664364872498e+04 
       5.429831356000e-03       1.690192031940e+04 
       5.553993246208e-03       1.715575494594e+04 
       5.678340591997e-03       1.740516516219e+04 
       5.802862675902e-03       1.765017908683e+04 
       5.927549613644e-03       1.789082812546e+04 
       6.052392279003e-03       1.812716029387e+04 
       6.177382236385e-03       1.835913849809e+04 
       6.302511680230e-03       1.858681230913e+04 
       6.427773380501e-03       1.881024641628e+04 
       6.553160633584e-03       1.902944194386e+04 
       6.678667218001e-03       1.924431899787e+04 
       6.804287354430e-03       1.945516638924e+04 
       6.930015669548e-03       1.966189707878e+04 
       7.055847163317e-03       1.986455818568e+04 
       7.181777179324e-03       2.006317579946e+04 
       7.307801377880e-03       2.025778836447e+04 
       7.433915711576e-03       2.044845193934e+04 
       7.560116403057e-03       2.063518964237e+04 
       7.686399924782e-03       2.081804650084e+04 
       7.812762980579e-03       2.099706288957e+04 
       7.939202488810e-03       2.117227705913e+04 
       8.065715566993e-03       2.134372564356e+04 
       8.192299517746e-03       2.151145506892e+04 
       8.318951815908e-03       2.167549815105e+04 
       8.445670096748e-03       2.183589429234e+04 
       8.572452145146e-03       2.199268418122e+04 
       8.699295885663e-03       2.214591301931e+04 
       8.826199373408e-03       2.229561715624e+04 
       8.953160785648e-03       2.244182751127e+04 
       9.080178414077e-03       2.258458647129e+04 
       9.207250657696e-03       2.272395821757e+04 
       9.334376016246e-03       2.285994565211e+04 
       9.461553084149e-03       2.299260125267e+04 
       9.588780544910e-03       2.312196142850e+04 
       9.716057165945e-03       2.324806173809e+04 
       9.843381793799e-03       2.337093817910e+04 
       9.970753349712e-03       2.349064308727e+04 
       1.009817082553e-02       2.360718946143e+04 
       1.022563327988e-02       2.372062815123e+04 
       1.035313983469e-02       2.383098859879e+04 
       1.048068967188e-02       2.393828920513e+04 
       1.060828203033e-02       2.404261515794e+04 
       1.073591620312e-02       2.414397723463e+04 
       1.086359153481e-02       2.424236668975e+04 
       1.099130741913e-02       2.433787850352e+04 
       1.111906329662e-02       2.443053594959e+04 
       1.124685865257e-02       2.452031729217e+04 
       1.137469301507e-02       2.460731760688e+04 
       1.150256595319e-02       2.469156701976e+04 
       1.163047707528e-02       2.477305186390e+04 
       1.175842602739e-02       2.485186180921e+04 
       1.188641249182e-02       2.492798914277e+04 
       1.201443618576e-02       2.500147459431e+04 
       1.214249686003e-02       2.507235171788e+04 
       1.227059429786e-02       2.514066048864e+04 
       1.239872831385e-02       2.520642212224e+04 
       1.252689875292e-02       2.526965646011e+04 
       1.265510548940e-02       2.533040244948e+04 
       1.278334842612e-02       2.538870907673e+04 
       1.291162749359e-02       2.544457717143e+04 
       1.303994264930e-02       2.549806598163e+04 
       1.316829387699e-02       2.554917864736e+04 
       1.329668118602e-02       2.559796278125e+04 
       1.342510461074e-02       2.564442628531e+04 
       1.355356421003e-02       2.568861931940e+04 
       1.368206006672e-02       2.573054760297e+04 
       1.381059228718e-02       2.577027541984e+04 
       1.393916100088e-02       2.580778488681e+04 
       1.406776636002e-02       2.584313105406e+04 
       1.419640853919e-02       2.587634503122e+04 
       1.432508773506e-02       2.590744930512e+04 
       1.445380416611e-02       2.593644802597e+04 
       1.458255807237e-02       2.596339490932e+04 
       1.471134971523e-02       2.598830520730e+04 
       1.484017937721e-02       2.601120874162e+04 
       1.496904736186e-02       2.603212935311e+04 
       1.509795399360e-02       2.605109319485e+04 
       1.522689961757e-02       2.606812536378e+04 
       1.535588459964e-02       2.608325525785e+04 
       1.548490932627e-02       2.609650229885e+04 
       1.561397420449e-02       2.610789197527e+04 
       1.574307966191e-02       2.611745596136e+04 
       1.587222614672e-02       2.612521999368e+04 
       1.600141412769e-02       2.613118520112e+04 
       1.613064409423e-02       2.613538816952e+04 
       1.625991655648e-02       2.613786761768e+04 
       1.638923204534e-02       2.613863410150e+04 
       1.651859111263e-02       2.613770902082e+04 
       1.664799433120e-02       2.613513886628e+04 
       1.677744229502e-02       2.613091181471e+04 
       1.690693561941e-02       2.612509418804e+04 
       1.703647494116e-02       2.611764533752e+04 
       1.716606091875e-02       2.610861894794e+04 
       1.729569423256e-02       2.609806645772e+04 
       1.742537558506e-02       2.608596846422e+04 
       1.755510570111e-02       2.607239962679e+04 
       1.768488532816e-02       2.605732048440e+04 
       1.781471523658e-02       2.604079883684e+04 
       1.794459621991e-02       2.602283723953e+04 
       1.807452909519e-02       2.600342186551e+04 
       1.820451470329e-02       2.598263456748e+04 
       1.833455390922e-02       2.596049513714e+04 
       1.846464760255e-02       2.593698517076e+04 
       1.859479669771e-02       2.591213097002e+04 
       1.872500213445e-02       2.588599077438e+04 
       1.885526487820e-02       2.585854010261e+04 
       1.898558592054e-02       2.582980667398e+04 
       1.911596627961e-02       2.579983431238e+04 
       1.924640700059e-02       2.576862178016e+04 
       1.937690915616e-02       2.573619699525e+04 
       1.950747384705e-02       2.570259532978e+04 
       1.963810220248e-02       2.566781064182e+04 
       1.976879538078e-02       2.563188145078e+04 
       1.989955456986e-02       2.559482127868e+04 
       2.003038098787e-02       2.555660376870e+04 
       2.016127588371e-02       2.551736355267e+04 
       2.029224053772e-02       2.547701004810e+04 
       2.042327626226e-02       2.543555988520e+04 
       2.055438440240e-02       2.539311198030e+04 
       2.068556633659e-02       2.534964582839e+04 
       2.081682347734e-02       2.530518642782e+04 
       2.094815727200e-02       2.525969575516e+04 
       2.107956920342e-02       2.521328216219e+04 
       2.121106079080e-02       2.516589852951e+04 
       2.134263359045e-02       2.511758816629e+04 
       2.147428919662e-02       2.506835847695e+04 
       2.160602924233e-02       2.501823152829e+04 
       2.173785540027e-02       2.496723354176e+04 
       2.186976938367e-02       2.491536209553e+04 
       2.200177294727e-02       2.486259210139e+04 
       2.213386788824e-02       2.480908845696e+04 
       2.226605604718e-02       2.475475507764e+04 
       2.239833930914e-02       2.469956840414e+04 
       2.253071960470e-02       2.464365281611e+04 
       2.266319891099e-02       2.458697579532e+04 
       2.279577925287e-02       2.452954369617e+04 
       2.292846270406e-02       2.447134962059e+04 
       2.306125138832e-02       2.441246986172e+04 
       2.319414748067e-02       2.435282101640e+04 
       2.332715320870e-02       2.429256728194e+04 
       2.346027085382e-02       2.423160027533e+04 
       2.359350275265e-02       2.416999299562e+04 
       2.372685129837e-02       2.410772806168e+04 
       2.386031894220e-02       2.404485056326e+04 
       2.399390819482e-02       2.398133845208e+04 
       2.412762162796e-02       2.391730619645e+04 
       2.426146187594e-02       2.385262954920e+04 
       2.439543163729e-02       2.378738500427e+04 
       2.452953367645e-02       2.372154345312e+04 
       2.466377082550e-02       2.365520996200e+04 
       2.479814598595e-02       2.358834424525e+04 
       2.493266213057e-02       2.352099484632e+04 
       2.506732230534e-02       2.345312457574e+04 
       2.520212963140e-02       2.338472899447e+04 
       2.533708730709e-02       2.331588027086e+04 
       2.547219861006e-02       2.324654291303e+04 
       2.560746689946e-02       2.317678414518e+04 
       2.574289561820e-02       2.310661651052e+04 
       2.587848829524e-02       2.303598151634e+04 
       2.601424854807e-02       2.296497828209e+04 
       2.615018008515e-02       2.289348171701e+04 
       2.628628670849e-02       2.282166599693e+04 
       2.642257231637e-02       2.274948985849e+04 
       2.655904090605e-02       2.267691923512e+04 
       2.669569657670e-02       2.260395445581e+04 
       2.683254353228e-02       2.253076848106e+04 
       2.696958608469e-02       2.245713175316e+04 
       2.710682865691e-02       2.238322799367e+04 
       2.724427578631e-02       2.230900071007e+04 
       2.738193212810e-02       2.223449347310e+04 
       2.751980245881e-02       2.215969378038e+04 
       2.765789168003e-02       2.208458416061e+04 
       2.779620482219e-02       2.200927403932e+04 
       2.793474704856e-02       2.193363473129e+04 
       2.807352365931e-02       2.185777370530e+04 
       2.821254009580e-02       2.178163880915e+04 
       2.835180194502e-02       2.170535287461e+04 
       2.849131494419e-02       2.162880346100e+04 
       2.863108498553e-02       2.155208521696e+04 
       2.877111812125e-02       2.147508141092e+04 
       2.891142056871e-02       2.139788584900e+04 
       2.905199871581e-02       2.132058726750e+04 
       2.919285912656e-02       2.124310137961e+04 
       2.933400854692e-02       2.116541817789e+04 
       2.947545391087e-02       2.108757468533e+04 
       2.961720234669e-02       2.100962529621e+04 
       2.975926118359e-02       2.093144217695e+04 
       2.990163795849e-02       2.085324021432e+04 
       3.004434042321e-02       2.077487639144e+04 
       3.018737655192e-02       2.069638948602e+04 
       3.033075454889e-02       2.061775870767e+04 
       3.047448285660e-02       2.053905265823e+04 
       3.061857016421e-02       2.046025102499e+04 
       3.076302541639e-02       2.038132604086e+04 
       3.090785782258e-02       2.030235008687e+04 
       3.105307686660e-02       2.022333463386e+04 
       3.119869231675e-02       2.014417761084e+04 
       3.134471423639e-02       2.006501909301e+04 
       3.149115299496e-02       1.998573506768e+04 
       3.163801927953e-02       1.990649088261e+04 
       3.178532410691e-02       1.982715720830e+04 
       3.193307883634e-02       1.974771483208e+04 
       3.208129518277e-02       1.966836865536e+04 
       3.222998523079e-02       1.958894702082e+04 
       3.237916144927e-02       1.950943338272e+04 
       3.252883670670e-02       1.942988333904e+04 
       3.267902428728e-02       1.935040454601e+04 
       3.282973790787e-02       1.927088664340e+04 
       3.298099173577e-02       1.919140133402e+04 
       3.313280040742e-02       1.911190680348e+04 
       3.328517904812e-02       1.903231009789e+04 
       3.343814329270e-02       1.895285273392e+04 
       3.359170930737e-02       1.887333263137e+04 
       3.374589381272e-02       1.879386441165e+04 
       3.390071410793e-02       1.871438808484e+04 
       3.405618809640e-02       1.863496559599e+04 
       3.421233431269e-02       1.855552154603e+04 
       3.436917195107e-02       1.847611564803e+04 
       3.452672089563e-02       1.839678216408e+04 
       3.468500175217e-02       1.831747375163e+04 
       3.484403588187e-02       1.823817451249e+04 
       3.500384543699e-02       1.815893737724e+04 
       3.516445339873e-02       1.807970656719e+04 
       3.532588361722e-02       1.800055410306e+04 
       3.548816085414e-02       1.792140833709e+04 
       3.565131082779e-02       1.784233420174e+04 
       3.581536026107e-02       1.776333779568e+04 
       3.598033693244e-02       1.768429348075e+04 
       3.614626973017e-02       1.760541333711e+04 
       3.631318871005e-02       1.752652156193e+04 
       3.648112515693e-02       1.744761423696e+04 
       3.665011165028e-02       1.736884208642e+04 
       3.682018213423e-02       1.729006088843e+04 
       3.699137199229e-02       1.721135038091e+04 
       3.716371812730e-02       1.713273686841e+04 
       3.733725904692e-02       1.705414204498e+04 
       3.751203495518e-02       1.697561911664e+04 
       3.768808785064e-02       1.689703280548e+04 
       3.786546163166e-02       1.681858257678e+04 
       3.804420220943e-02       1.674015651739e+04 
       3.822435762953e-02       1.666179708732e+04 
       3.840597820268e-02       1.658344594829e+04 
       3.858911664557e-02       1.650519752764e+04 
       3.877382823277e-02       1.642686973146e+04 
       3.896017096062e-02       1.634865157335e+04 
       3.914820572440e-02       1.627040019250e+04 
       3.933799651004e-02       1.619224356191e+04 
       3.952961060172e-02       1.611405772348e+04 
       3.972311880705e-02       1.603592416947e+04 
       3.991859570163e-02       1.595774058771e+04 
       4.011611989496e-02       1.587960042748e+04 
       4.031577431990e-02       1.580145823945e+04 
       4.051764654839e-02       1.572336242598e+04 
       4.072182913609e-02       1.564514583740e+04 
       4.092841999930e-02       1.556702437402e+04 
       4.113752282770e-02       1.548882262801e+04 
       4.134924753711e-02       1.541050591343e+04 
       4.156371076694e-02       1.533224186925e+04 
       4.178103642758e-02       1.525390482162e+04 
       4.200135630395e-02       1.517552052202e+04 
       4.222481072199e-02       1.509705171403e+04 
       4.245154928613e-02       1.501850178813e+04 
       4.268173169688e-02       1.493986320764e+04 
       4.291552865902e-02       1.486111264802e+04 
       4.315312289241e-02       1.478217342346e+04 
       4.339471025972e-02       1.470314525020e+04 
       4.364050102707e-02       1.462402825426e+04 
       4.389072127675e-02       1.454466990737e+04 
       4.414561449396e-02       1.446516228689e+04 
       4.440544335371e-02       1.438542268792e+04 
       4.467049173799e-02       1.430543391065e+04 
       4.494106701937e-02       1.422522490878e+04 
       4.521750265321e-02       1.414483206752e+04 
       4.550016112887e-02       1.406400484803e+04 
       4.578943733972e-02       1.398291843802e+04 
       4.608576244376e-02       1.390145055472e+04 
       4.638960830041e-02       1.381961506298e+04 
       4.670149258728e-02       1.373731851730e+04 
       4.702198472182e-02       1.365459889348e+04 
       4.735171274002e-02       1.357138670867e+04 
       4.769137131738e-02       1.348754127836e+04 
       4.804173115941e-02       1.340314941004e+04 
       4.840365004088e-02       1.331806877349e+04 
       4.877808583913e-02       1.323226802590e+04 
       4.916611198976e-02       1.314567890587e+04 
       4.956893589854e-02       1.305818094557e+04 
       4.998792097752e-02       1.296967007705e+04 
       5.042461314402e-02       1.288010580701e+04 
       5.088077283903e-02       1.278930357815e+04 
       5.135841389881e-02       1.269720401349e+04 
       5.185985096546e-02       1.260358464597e+04 
       5.238775756514e-02       1.250822473207e+04 
       5.294523753235e-02       1.241101626797e+04 
       5.353591312362e-02       1.231144175324e+04 
       5.416403393096e-02       1.220936821750e+04 
       5.483461151318e-02       1.210432974447e+04 
       5.555358534069e-02       1.199581830641e+04 
       5.632802580607e-02       1.188314364714e+04 
       5.716637886191e-02       1.176548511881e+04 
       5.807875265916e-02       1.164169175133e+04 
       5.907723624772e-02       1.151033598048e+04 
       6.017621842365e-02       1.136948940203e+04 
       6.139263230638e-02       1.121656645607e+04 
       6.274597680058e-02       1.104804098815e+04 
       6.425785302188e-02       1.085944680434e+04 
       6.595062402503e-02       1.064488234319e+04 
       6.784476182918e-02       1.039730566471e+04 
       6.995472176711e-02       1.010916211934e+04 
       7.228405529729e-02       9.773786741327e+03 
       7.482177443635e-02       9.387938138050e+03 
       7.754252337828e-02       8.954202910310e+03 
       8.041144656731e-02       8.482213368378e+03 
       8.339154300549e-02       7.987838345816e+03 
       8.644988654097e-02       7.490302682830e+03 
       8.956066708596e-02       7.008959162409e+03 
       9.270538142104e-02       6.560480328169e+03 
       9.587154475323e-02       6.157046731507e+03 
       9.905106127616e-02       5.805673675764e+03 
       1.022388126487e-01       5.508319648610e+03 
       1.054316138585e-01       5.262867856018e+03 
       1.086275022229e-01       5.063448217477e+03 
       1.118252754364e-01       4.901935795823e+03 
       1.150241995683e-01       4.768673137873e+03 
       1.182238274827e-01       4.653324392789e+03 
       1.214238870266e-01       4.546000961245e+03 
       1.246242125839e-01       4.438033289817e+03 
       1.278247033255e-01       4.322638488917e+03 
       1.310252977965e-01       4.195453385340e+03 
       1.342259584676e-01       4.054759757807e+03 
       1.374266623504e-01       3.901353409200e+03 
       1.406273952980e-01       3.738161312640e+03 
       1.438281485447e-01       3.569558335690e+03 
       1.470289166047e-01       3.400678531335e+03 
       1.502296959954e-01       3.236568470560e+03 
       1.534304844622e-01       3.081934894999e+03 
       1.566312805062e-01       2.940328645790e+03 
       1.598320830973e-01       2.814101597623e+03 
       1.630328914991e-01       2.704324633943e+03 
       1.662337051613e-01       2.610781508145e+03 
       1.694345236545e-01       2.532145766213e+03 
       1.726353466292e-01       2.466247811183e+03 
       1.758361737909e-01       2.410292745542e+03 
       1.790370048841e-01       2.361213134893e+03 
       1.822378396822e-01       2.316036030175e+03 
       1.854386779810e-01       2.272310815588e+03 
       1.886395195942e-01       2.227087379822e+03 
       1.918403643508e-01       2.178476324178e+03 
       1.950412120922e-01       2.125430735545e+03 
       1.982420626712e-01       2.067755071738e+03 
       2.014429159506e-01       2.006004292338e+03 
       2.046437718022e-01       1.941352856390e+03 
       2.078446301060e-01       1.875425016411e+03 
       2.110454907492e-01       1.809846747990e+03 
       2.142463536262e-01       1.746161514186e+03 
       2.174472186375e-01       1.685715646674e+03 
       2.206480856895e-01       1.629512031674e+03 
       2.238489546940e-01       1.578192257553e+03 
       2.270498255679e-01       1.532055676882e+03 
       2.302506982326e-01       1.491112257351e+03 
       2.334515726140e-01       1.455007781810e+03 
       2.366524486420e-01       1.423150232020e+03 
       2.398533262501e-01       1.394685669871e+03 
       2.430542053756e-01       1.368676880728e+03 
       2.462550859589e-01       1.344051255184e+03 
       2.494559679435e-01       1.319968300884e+03 
       2.526568512758e-01       1.295618979705e+03 
       2.558577359050e-01       1.270520559152e+03 
       2.590586217826e-01       1.244335648557e+03 
       2.622595088628e-01       1.216970206610e+03 
       2.654603971016e-01       1.188532923913e+03 
       2.686612864575e-01       1.159273405967e+03 
       2.718621768907e-01       1.129576140537e+03 
       2.750630683635e-01       1.099945939245e+03 
       2.782639608398e-01       1.070878376799e+03 
       2.814648542851e-01       1.042823634563e+03 
       2.846657486666e-01       1.016238179149e+03 
       2.878666439528e-01       9.913596588026e+02 
       2.910675401138e-01       9.683467141146e+02 
       2.942684371209e-01       9.471522079489e+02 
       2.974693349465e-01       9.276797843717e+02 
       3.006702335644e-01       9.097148366238e+02 
       3.038711329495e-01       8.929957347841e+02 
       3.070720330776e-01       8.772447577484e+02 
       3.102729339257e-01       8.621824814780e+02 
       3.134738354714e-01       8.475301828602e+02 
       3.166747376937e-01       8.330286694811e+02 
       3.198756405720e-01       8.184824286624e+02 
       3.230765440869e-01       8.037470126283e+02 
       3.262774482193e-01       7.887720779220e+02 
       3.294783529514e-01       7.735665151272e+02 
       3.326792582656e-01       7.582043711859e+02 
       3.358801641453e-01       7.428260691406e+02 
       3.390810705743e-01       7.275669914475e+02 
       3.422819775372e-01       7.125651980100e+02 
       3.454828850191e-01       6.979517225894e+02 
       3.486837930057e-01       6.838312730215e+02 
       3.518847014830e-01       6.702894849423e+02 
       3.550856104377e-01       6.573966128222e+02 
       3.582865198571e-01       6.451702670588e+02 
       3.614874297286e-01       6.336038973461e+02 
       3.646883400404e-01       6.226566161310e+02 
       3.678892507809e-01       6.122566016799e+02 
       3.710901619390e-01       6.022873947144e+02 
       3.742910735038e-01       5.926438875207e+02 
       3.774919854651e-01       5.832454885026e+02 
       3.806928978128e-01       5.740071220959e+02 
       3.838938105371e-01       5.648745558442e+02 
       3.870947236286e-01       5.557956349161e+02 
       3.902956370784e-01       5.467768438235e+02 
       3.934965508777e-01       5.377772275961e+02 
       3.966974650178e-01       5.288346103332e+02 
       3.998983794907e-01       5.199342822078e+02 
       4.030992942884e-01       5.111330611488e+02 
       4.063002094031e-01       5.024546152665e+02 
       4.095011248274e-01       4.939460251088e+02 
       4.127020405541e-01       4.856562619756e+02 
       4.159029565761e-01       4.776142030218e+02 
       4.191038728867e-01       4.698188570017e+02 
       4.223047894792e-01       4.622803435636e+02 
       4.255057063474e-01       4.549867953629e+02 
       4.287066234849e-01       4.479529401955e+02 
       4.319075408858e-01       4.411290525582e+02 
       4.351084585442e-01       4.345292089241e+02 
       4.383093764546e-01       4.281357027038e+02 
       4.415102946113e-01       4.218930939142e+02 
       4.447112130091e-01       4.158047990582e+02 
       4.479121316427e-01       4.098355946239e+02 
       4.511130505071e-01       4.039412143261e+02 
       4.543139695975e-01       3.981316382781e+02 
       4.575148889090e-01       3.923719398647e+02 
       4.607158084371e-01       3.866905051299e+02 
       4.639167281772e-01       3.810740352711e+02 
       4.671176481250e-01       3.755307113652e+02 
       4.703185682762e-01       3.700650998404e+02 
       4.735194886267e-01       3.646868114930e+02 
       4.767204091724e-01       3.593991103680e+02 
       4.799213299095e-01       3.542072588738e+02 
       4.831222508340e-01       3.491397282712e+02 
       4.863231719424e-01       3.441840920439e+02 
       4.895240932310e-01       3.393729703287e+02 
       4.927250146962e-01       3.346898738118e+02 
       4.959259363346e-01       3.301223937660e+02 
       4.991268581429e-01       3.256742497315e+02 
       5.023277801178e-01       3.213393377880e+02 
       5.055287022562e-01       3.170758237110e+02 
       5.087296245550e-01       3.129054454082e+02 
       5.119305470110e-01       3.088166879533e+02 
       5.151314696215e-01       3.047951170941e+02 
       5.183323923835e-01       3.008497056671e+02 
       5.215333152942e-01       2.969419736551e+02 
       5.247342383510e-01       2.931003758133e+02 
       5.279351615510e-01       2.892977973723e+02 
       5.311360848918e-01       2.855562098068e+02 
       5.343370083708e-01       2.818526506414e+02 
       5.375379319855e-01       2.782224297493e+02 
       5.407388557335e-01       2.746530182900e+02 
       5.439397796125e-01       2.711623429824e+02 
       5.471407036201e-01       2.677173707828e+02 
       5.503416277541e-01       2.643489789129e+02 
       5.535425520123e-01       2.610388470329e+02 
       5.567434763925e-01       2.577954648424e+02 
       5.599444008926e-01       2.546124474300e+02 
       5.631453255107e-01       2.514998416146e+02 
       5.663462502446e-01       2.484455732470e+02 
       5.695471750925e-01       2.454420788611e+02 
       5.727481000524e-01       2.425072054119e+02 
       5.759490251224e-01       2.396160504157e+02 
       5.791499503007e-01       2.367613308003e+02 
       5.823508755856e-01       2.339582348368e+02 
       5.855518009752e-01       2.312011529007e+02 
       5.887527264679e-01       2.284796866803e+02 
       5.919536520619e-01       2.258038618419e+02 
       5.951545777557e-01       2.231696371488e+02 
       5.983555035476e-01       2.205764090836e+02 
       6.015564294360e-01       2.180246614500e+02 
       6.047573554195e-01       2.154982526598e+02 
       6.079582814965e-01       2.130174178844e+02 
       6.111592076656e-01       2.105695898716e+02 
       6.143601339252e-01       2.081688489612e+02 
       6.175610602741e-01       2.058017829669e+02 
       6.207619867107e-01       2.034827416307e+02 
       6.239629132338e-01       2.012041901078e+02 
       6.271638398421e-01       1.989571828194e+02 
       6.303647665341e-01       1.967457531623e+02 
       6.335656933087e-01       1.945755182597e+02 
       6.367666201646e-01       1.924334169911e+02 
       6.399675471006e-01       1.903254249232e+02 
       6.431684741155e-01       1.882543588147e+02 
       6.463694012081e-01       1.862162707185e+02 
       6.495703283772e-01       1.842123638853e+02 
       6.527712556218e-01       1.822287316156e+02 
       6.559721829406e-01       1.802806821700e+02 
       6.591731103327e-01       1.783553324316e+02 
       6.623740377970e-01       1.764521816882e+02 
       6.655749653324e-01       1.745825474307e+02 
       6.687758929379e-01       1.727427518182e+02 
       6.719768206125e-01       1.709266061235e+02 
       6.751777483553e-01       1.691418682757e+02 
       6.783786761651e-01       1.673727985212e+02 
       6.815796040412e-01       1.656358238084e+02 
       6.847805319825e-01       1.639229598655e+02 
       6.879814599882e-01       1.622303241509e+02 
       6.911823880574e-01       1.605663069640e+02 
       6.943833161891e-01       1.589269789934e+02 
       6.975842443825e-01       1.573165858998e+02 
       7.007851726368e-01       1.557261498036e+02 
       7.039861009512e-01       1.541578479461e+02 
       7.071870293248e-01       1.526121059690e+02 
       7.103879577567e-01       1.510858504159e+02 
       7.135888862463e-01       1.495828760736e+02 
       7.167898147928e-01       1.480972117760e+02 
       7.199907433954e-01       1.466393884840e+02 
       7.231916720533e-01       1.451954825212e+02 
       7.263926007658e-01       1.437734677186e+02 
       7.295935295322e-01       1.423759361243e+02 
       7.327944583518e-01       1.409849852975e+02 
       7.359953872239e-01       1.396164291651e+02 
       7.391963161478e-01       1.382680055694e+02 
       7.423972451229e-01       1.369408595875e+02 
       7.455981741484e-01       1.356245090055e+02 
       7.487991032237e-01       1.343335234532e+02 
       7.520000323483e-01       1.330564318415e+02 
       7.552009615214e-01       1.317956896411e+02 
       7.584018907424e-01       1.305514095986e+02 
       7.616028200108e-01       1.293228084560e+02 
       7.648037493259e-01       1.281106194799e+02 
       7.680046786872e-01       1.269183976947e+02 
       7.712056080941e-01       1.257359538403e+02 
       7.744065375460e-01       1.245727023980e+02 
       7.776074670423e-01       1.234243494749e+02 
       7.808083965826e-01       1.222898748080e+02 
       7.840093261662e-01       1.211697841008e+02 
       7.872102557927e-01       1.200647653529e+02 
       7.904111854615e-01       1.189707492099e+02 
       7.936121151721e-01       1.178919133754e+02 
       7.968130449241e-01       1.168271852443e+02 
       8.000139747168e-01       1.157772276744e+02 
       8.032149045498e-01       1.147428031067e+02 
       8.064158344227e-01       1.137154423292e+02 
       8.096167643350e-01       1.127018942146e+02 
       8.128176942861e-01       1.117047721031e+02 
       8.160186242757e-01       1.107129630855e+02 
       8.192195543032e-01       1.097367745822e+02 
       8.224204843684e-01       1.087771082197e+02 
       8.256214144706e-01       1.078268163421e+02 
       8.288223446095e-01       1.068866895290e+02 
       8.320232747846e-01       1.059564550799e+02 
       8.352242049956e-01       1.050364646616e+02 
       8.384251352420e-01       1.041289643339e+02 
       8.416260655234e-01       1.032339923754e+02 
       8.448269958394e-01       1.023490022641e+02 
       8.480279261897e-01       1.014751018950e+02 
       8.512288565738e-01       1.006117222143e+02 
       8.544297869914e-01       9.976085366500e+01 
       8.576307174420e-01       9.891525749641e+01 
       8.608316479254e-01       9.808103438438e+01 
       8.640325784411e-01       9.725847425511e+01 
       8.672335089888e-01       9.644180758841e+01 
       8.704344395681e-01       9.563996194584e+01 
       8.736353701787e-01       9.484345114698e+01 
       8.768363008203e-01       9.405579711839e+01 
       8.800372314924e-01       9.327953378202e+01 
       8.832381621949e-01       9.251185978522e+01 
       8.864390929273e-01       9.175063822688e+01 
       8.896400236893e-01       9.100005271749e+01 
       8.928409544806e-01       9.025796983255e+01 
       8.960418853009e-01       8.952212607251e+01 
       8.992428161498e-01       8.879890638063e+01 
       9.024437470272e-01       8.808035277249e+01 
       9.056446779326e-01       8.737181614952e+01 
       9.088456088658e-01       8.667365712563e+01 
       9.120465398264e-01       8.597638442210e+01 
       9.152474708143e-01       8.529190202550e+01 
       9.184484018291e-01       8.461175009828e+01 
       9.216493328704e-01       8.394023217062e+01 
       9.248502639382e-01       8.327914425771e+01 
       9.280511950320e-01       8.262479877548e+01 
       9.312521261516e-01       8.197604292946e+01 
       9.344530572968e-01       8.133357780443e+01 
       9.376539884672e-01       8.069723159215e+01 
       9.408549196626e-01       8.007099030598e+01 
       9.440558508829e-01       7.944804021238e+01 
       9.472567821276e-01       7.883389377400e+01 
       9.504577133966e-01       7.822782765970e+01 
       9.536586446896e-01       7.762573626001e+01 
       9.568595760064e-01       7.703135414861e+01 
       9.600605073467e-01       7.644436519910e+01 
       9.632614387104e-01       7.585945545492e+01 
       9.664623700971e-01       7.528283632791e+01 
       9.696633015067e-01       7.471459008189e+01 
       9.728642329388e-01       7.414856317942e+01 
       9.760651643934e-01       7.359099520550e+01 
       9.792660958702e-01       7.304119638175e+01 
       9.824670273689e-01       7.249351293973e+01 
       9.856679588894e-01       7.195277978367e+01 
       9.888688904313e-01       7.141779831550e+01 
       9.920698219947e-01       7.088606107666e+01 
       9.952707535791e-01       7.036219870010e+01 
       9.984716851844e-01       6.984441608786e+01 
       1.001672616811e+00       6.933000681955e+01 
       1.004873548457e+00       6.882212873222e+01 
       1.008074480124e+00       6.832189476297e+01 
       1.011275411811e+00       6.782316773455e+01 
       1.014476343518e+00       6.733034512249e+01 
       1.017677275245e+00       6.684004533990e+01 
       1.020878206991e+00       6.635653373724e+01 
       1.024079138757e+00       6.587907399588e+01 
       1.027280070541e+00       6.540498685629e+01 
       1.030481002345e+00       6.493774132702e+01 
       1.033681934168e+00       6.447396982450e+01 
       1.036882866009e+00       6.401475931549e+01 
       1.040083797869e+00       6.355986688814e+01 
       1.043284729747e+00       6.310793008947e+01 
       1.046485661644e+00       6.266130391815e+01 
       1.049686593558e+00       6.222041930569e+01 
       1.052887525490e+00       6.178417859394e+01 
       1.056088457440e+00       6.135226053394e+01 
       1.059289389407e+00       6.092159985849e+01 
       1.062490321392e+00       6.049672160561e+01 
       1.065691253394e+00       6.007613566583e+01 
       1.068892185413e+00       5.966008400857e+01 
       1.072093117449e+00       5.924642458077e+01 
       1.075294049501e+00       5.883794175416e+01 
       1.078494981570e+00       5.843606225779e+01 
       1.081695913656e+00       5.803461482096e+01 
       1.084896845757e+00       5.763608080619e+01 
       1.088097777875e+00       5.724353808708e+01 
       1.091298710009e+00       5.685268132237e+01 
       1.094499642159e+00       5.646781215138e+01 
       1.097700574324e+00       5.608582295641e+01 
       1.100901506505e+00       5.570592042551e+01 
       1.104102438702e+00       5.533231685786e+01 
       1.107303370914e+00       5.496041275744e+01 
       1.110504303141e+00       5.459338922481e+01 
       1.113705235383e+00       5.422746888105e+01 
       1.116906167640e+00       5.386740861927e+01 
       1.120107099912e+00       5.350791549133e+01 
       1.123308032198e+00       5.315374531643e+01 
       1.126508964499e+00       5.280387271039e+01 
       1.129709896814e+00       5.245565991413e+01 
       1.132910829144e+00       5.210981723876e+01 
       1.136111761488e+00       5.176809951922e+01 
       1.139312693846e+00       5.142950703173e+01 
       1.142513626218e+00       5.109308402626e+01 
       1.145714558603e+00       5.076162150217e+01 
       1.148915491003e+00       5.043098009542e+01 
       1.152116423416e+00       5.010459835835e+01 
       1.155317355842e+00       4.978083311075e+01 
       1.158518288282e+00       4.946204739773e+01 
       1.161719220735e+00       4.914270300162e+01 
       1.164920153201e+00       4.882872293307e+01 
       1.168121085680e+00       4.851627143434e+01 
       1.171322018173e+00       4.820546847294e+01 
       1.174522950678e+00       4.789942268783e+01 
       1.177723883195e+00       4.759630906824e+01 
       1.180924815726e+00       4.729409391151e+01 
       1.184125748268e+00       4.699641785827e+01 
       1.187326680824e+00       4.670040809899e+01 
       1.190527613391e+00       4.640576337442e+01 
       1.193728545971e+00       4.611454793178e+01 
       1.196929478563e+00       4.582753433420e+01 
       1.200130411167e+00       4.554046884661e+01 
       1.203331343782e+00       4.525728322573e+01 
       1.206532276410e+00       4.497799046042e+01 
       1.209733209049e+00       4.469807324248e+01 
       1.212934141700e+00       4.442218472928e+01 
       1.216135074363e+00       4.414875112155e+01 
       1.219336007037e+00       4.387724833693e+01 
       1.222536939722e+00       4.360768373080e+01 
       1.225737872419e+00       4.333993172038e+01 
       1.228938805126e+00       4.307588016006e+01 
       1.232139737845e+00       4.281554531349e+01 
       1.235340670575e+00       4.255407674091e+01 
       1.238541603316e+00       4.229604239921e+01 
       1.241742536068e+00       4.204039673643e+01 
       1.244943468830e+00       4.178725340857e+01 
       1.248144401603e+00       4.153556962147e+01 
       1.251345334387e+00       4.128627187949e+01 
       1.254546267181e+00       4.103874373229e+01 
       1.257747199986e+00       4.079431441932e+01 
       1.260948132801e+00       4.055115117551e+01 
       1.264149065626e+00       4.030994271317e+01 
       1.267349998462e+00       4.006914783765e+01 
       1.270550931307e+00       3.983212849407e+01 
       1.273751864163e+00       3.959603523178e+01 
       1.276952797029e+00       3.936312614616e+01 
       1.280153729904e+00       3.913282108156e+01 
       1.283354662789e+00       3.890361834613e+01 
       1.286555595684e+00       3.867565106803e+01 
       1.289756528589e+00       3.844939471170e+01 
       1.292957461504e+00       3.822563167150e+01 
       1.296158394427e+00       3.800315390695e+01 
       1.299359327361e+00       3.778204435458e+01 
       1.302560260303e+00       3.756336086325e+01 
       1.305761193255e+00       3.734646166545e+01 
       1.308962126217e+00       3.713132633678e+01 
       1.312163059187e+00       3.691824475538e+01 
       1.315363992167e+00       3.670658301443e+01 
       1.318564925155e+00       3.649592209810e+01 
       1.321765858153e+00       3.628757280812e+01 
       1.324966791160e+00       3.608074513922e+01 
       1.328167724175e+00       3.587544157310e+01 
       1.331368657199e+00       3.567218383449e+01 
       1.334569590232e+00       3.547115622061e+01 
       1.337770523274e+00       3.526972200277e+01 
       1.340971456324e+00       3.507147225759e+01 
       1.344172389382e+00       3.487357911005e+01 
       1.347373322450e+00       3.467826874013e+01 
       1.350574255525e+00       3.448350749778e+01 
       1.353775188609e+00       3.429152241425e+01 
       1.356976121701e+00       3.410047534675e+01 
       1.360177054802e+00       3.391061924547e+01 
       1.363377987911e+00       3.372322625397e+01 
       1.366578921028e+00       3.353544229226e+01 
       1.369779854152e+00       3.335072230138e+01 
       1.372980787285e+00       3.316564491423e+01 
       1.727044983080e+00       1.916846297339e+01 
       2.174200599294e+00       1.095798585206e+01 
       2.737156331819e+00       6.214161798944e+00 
       3.445875662162e+00       3.498537346908e+00 
       4.338100436979e+00       1.956511978215e+00 
       5.461344879028e+00       1.087588729881e+00 
       6.875425850780e+00       6.012142364419e-01 
       8.655648320453e+00       3.306831112221e-01 
       1.089681562617e+01       1.810319508380e-01 
       1.371827809942e+01       9.867510560768e-02 
       1.727028890542e+01       5.356775154054e-02 
       2.174200557207e+01       2.896924802452e-02 
       2.737156331804e+01       1.560983002698e-02 
       3.445875662162e+01       8.381160713967e-03 
       4.338100436979e+01       4.483701157266e-03 
       5.461344879028e+01       2.389488866774e-03 
       6.875425850780e+01       1.268049680260e-03 
       8.655648320454e+01       6.694903550705e-04 
       1.089681562617e+02       3.511945090807e-04 
