# Matter power spectrum P(k) at redshift z=0
# for k=1.03068e-05 to 108.052 h/Mpc,
# number of wavenumbers equal to 814
#    1:k (h/Mpc)              2:P (Mpc/h)^3        
       1.030680750951e-05       5.231047230916e+01 
       2.300851568405e-05       1.132559016328e+02 
       3.575366586463e-05       1.730579176575e+02 
       4.857560010790e-05       2.323843309664e+02 
       6.150819688834e-05       2.916091098909e+02 
       7.458616486545e-05       3.510087640787e+02 
       8.784534579662e-05       4.108172462044e+02 
       1.013230305217e-04       4.712482771823e+02 
       1.150582919755e-04       5.325067231932e+02 
       1.290923392183e-04       5.947953901130e+02 
       1.434688964825e-04       6.583196576643e+02 
       1.582346111919e-04       7.232910414461e+02 
       1.734394947667e-04       7.899301642781e+02 
       1.891373997217e-04       8.584694439053e+02 
       2.053865360228e-04       9.291556277081e+02 
       2.222500287675e-04       1.002252285243e+03 
       2.397965178658e-04       1.078042278905e+03 
       2.581007983298e-04       1.156830262474e+03 
       2.772444968051e-04       1.238945166628e+03 
       2.973167758187e-04       1.324742653144e+03 
       3.184150515477e-04       1.414607478400e+03 
       3.406457033853e-04       1.508955640649e+03 
       3.641247438470e-04       1.608236186733e+03 
       3.889784051644e-04       1.712932476241e+03 
       4.153435841882e-04       1.823562632799e+03 
       4.433680702883e-04       1.940678903469e+03 
       4.732104627272e-04       2.064865479674e+03 
       5.050396663809e-04       2.196734399804e+03 
       5.390338408123e-04       2.336919019930e+03 
       5.753786721949e-04       2.486064605220e+03 
       6.142648465079e-04       2.644815648026e+03 
       6.558846327154e-04       2.813799691123e+03 
       7.004275427182e-04       2.993607708183e+03 
       7.480751242391e-04       3.184771485323e+03 
       7.989950609661e-04       3.387738993166e+03 
       8.533348896609e-04       3.602849182911e+03 
       9.112157744929e-04       3.830308221595e+03 
       9.727268741355e-04       4.070169407164e+03 
       1.037920865067e-03       4.322319144281e+03 
       1.106811121873e-03       4.586470738503e+03 
       1.179370898779e-03       4.862167496249e+03 
       1.255534628433e-03       5.148794801053e+03 
       1.335201198573e-03       5.445595301071e+03 
       1.418238838587e-03       5.751673956473e+03 
       1.504491092017e-03       6.066120141829e+03 
       1.593783291949e-03       6.387938878499e+03 
       1.685928991330e-03       6.716113942733e+03 
       1.780735905476e-03       7.049633705004e+03 
       1.878011065096e-03       7.387512337767e+03 
       1.977565022249e-03       7.728806583829e+03 
       2.079215075104e-03       8.072628124311e+03 
       2.182787568191e-03       8.418151092741e+03 
       2.288119381131e-03       8.764616670447e+03 
       2.395058745213e-03       9.111334108396e+03 
       2.503465531283e-03       9.457679386518e+03 
       2.613211142181e-03       9.803093596792e+03 
       2.724178124968e-03       1.014707757294e+04 
       2.836259597461e-03       1.048918976942e+04 
       2.949358563215e-03       1.082904130248e+04 
       3.063387170795e-03       1.116628849450e+04 
       3.178265957852e-03       1.150063318791e+04 
       3.293923108115e-03       1.183181315125e+04 
       3.410293739833e-03       1.215960256265e+04 
       3.527319237018e-03       1.248380569925e+04 
       3.644946629579e-03       1.280425420993e+04 
       3.763128024760e-03       1.312080503778e+04 
       3.881820089733e-03       1.343333324644e+04 
       4.000983583600e-03       1.374174288852e+04 
       4.120582935974e-03       1.404594160696e+04 
       4.240585868840e-03       1.434586493733e+04 
       4.360963058062e-03       1.464145046500e+04 
       4.481687830957e-03       1.493265747324e+04 
       4.602735896386e-03       1.521945215283e+04 
       4.724085104073e-03       1.550180763812e+04 
       4.845715230036e-03       1.577971510382e+04 
       4.967607785325e-03       1.605315747247e+04 
       5.089745845481e-03       1.632213404689e+04 
       5.212113898421e-03       1.658665471074e+04 
       5.334697708669e-03       1.684672091982e+04 
       5.457484196088e-03       1.710235175559e+04 
       5.580461327469e-03       1.735355793724e+04 
       5.703618019540e-03       1.760035987263e+04 
       5.826944052074e-03       1.784278625694e+04 
       5.950429989996e-03       1.808088793722e+04 
       6.074067113449e-03       1.831465075136e+04 
       6.197847354953e-03       1.854405875691e+04 
       6.321763242868e-03       1.876925474794e+04 
       6.445807850460e-03       1.899022278155e+04 
       6.569974749968e-03       1.920690208980e+04 
       6.694257971135e-03       1.941938610231e+04 
       6.818651963706e-03       1.962781605952e+04 
       6.943151563501e-03       1.983216471748e+04 
       7.067751961655e-03       2.003245783293e+04 
       7.192448676724e-03       2.022873027536e+04 
       7.317237529339e-03       2.042103325370e+04 
       7.442114619164e-03       2.060940232949e+04 
       7.567076303920e-03       2.079386550647e+04 
       7.692119180259e-03       2.097448168810e+04 
       7.817240066323e-03       2.115127794793e+04 
       7.942435985809e-03       2.132428550655e+04 
       8.067704153404e-03       2.149355509326e+04 
       8.193041961444e-03       2.165912687766e+04 
       8.318446967704e-03       2.182104242416e+04 
       8.443916884192e-03       2.197933057502e+04 
       8.569449566860e-03       2.213403545358e+04 
       8.695043006163e-03       2.228520304609e+04 
       8.820695318359e-03       2.243285809537e+04 
       8.946404737515e-03       2.257704339790e+04 
       9.072169608136e-03       2.271782529869e+04 
       9.197988378369e-03       2.285520945644e+04 
       9.323859593734e-03       2.298923812857e+04 
       9.449781891331e-03       2.311995681431e+04 
       9.575753994494e-03       2.324741389872e+04 
       9.701774707837e-03       2.337160943826e+04 
       9.827842912676e-03       2.349262180381e+04 
       9.953957562788e-03       2.361045673732e+04 
       1.008011768048e-02       2.372517922641e+04 
       1.020632235296e-02       2.383679802331e+04 
       1.033257072891e-02       2.394536039301e+04 
       1.045886201542e-02       2.405090452124e+04 
       1.058519547503e-02       2.415345734322e+04 
       1.071157042300e-02       2.425304415010e+04 
       1.083798622487e-02       2.434974924160e+04 
       1.096444229405e-02       2.444354680553e+04 
       1.109093808970e-02       2.453449342549e+04 
       1.121747311466e-02       2.462263149504e+04 
       1.134404691360e-02       2.470797916457e+04 
       1.147065907127e-02       2.479058056892e+04 
       1.159730921086e-02       2.487046201078e+04 
       1.172399699249e-02       2.494766194760e+04 
       1.185072211180e-02       2.502220929090e+04 
       1.197748429863e-02       2.509411606909e+04 
       1.210428331581e-02       2.516342727190e+04 
       1.223111895804e-02       2.523021378212e+04 
       1.235799105079e-02       2.529445728306e+04 
       1.248489944938e-02       2.535618417299e+04 
       1.261184403802e-02       2.541545924208e+04 
       1.273882472900e-02       2.547229566734e+04 
       1.286584146189e-02       2.552669916841e+04 
       1.299289420284e-02       2.557873997498e+04 
       1.311998294387e-02       2.562843632008e+04 
       1.324710770231e-02       2.567579226103e+04 
       1.337426852017e-02       2.572086740579e+04 
       1.350146546367e-02       2.576367578580e+04 
       1.362869862273e-02       2.580425031423e+04 
       1.375596811056e-02       2.584261189594e+04 
       1.388327406322e-02       2.587878160936e+04 
       1.401061663930e-02       2.591280157657e+04 
       1.413799601955e-02       2.594471331187e+04 
       1.426541240665e-02       2.597450863635e+04 
       1.439286602487e-02       2.600223438977e+04 
       1.452035711991e-02       2.602790719013e+04 
       1.464788595864e-02       2.605156232826e+04 
       1.477545282898e-02       2.607321639993e+04 
       1.490305803969e-02       2.609292462979e+04 
       1.503070192032e-02       2.611065467397e+04 
       1.515838482105e-02       2.612648877597e+04 
       1.528610711265e-02       2.614042534615e+04 
       1.541386918641e-02       2.615250768325e+04 
       1.554167145413e-02       2.616271826873e+04 
       1.566951434811e-02       2.617113476262e+04 
       1.579739832115e-02       2.617775158665e+04 
       1.592532384660e-02       2.618259734459e+04 
       1.605329141839e-02       2.618568718825e+04 
       1.618130155112e-02       2.618706844568e+04 
       1.630935478017e-02       2.618675240433e+04 
       1.643745166177e-02       2.618474380887e+04 
       1.656559277315e-02       2.618110345114e+04 
       1.669377871268e-02       2.617582126217e+04 
       1.682201010006e-02       2.616895370158e+04 
       1.695028757644e-02       2.616048658745e+04 
       1.707861180467e-02       2.615045747383e+04 
       1.720698346952e-02       2.613888524304e+04 
       1.733540327786e-02       2.612579739671e+04 
       1.746387195895e-02       2.611124524241e+04 
       1.759239026469e-02       2.609522525240e+04 
       1.772095896991e-02       2.607771183584e+04 
       1.784957887264e-02       2.605879658049e+04 
       1.797825079448e-02       2.603847523111e+04 
       1.810697558085e-02       2.601675995274e+04 
       1.823575410143e-02       2.599369691439e+04 
       1.836458725044e-02       2.596927720003e+04 
       1.849347594708e-02       2.594353066074e+04 
       1.862242113589e-02       2.591650875639e+04 
       1.875142378719e-02       2.588816257824e+04 
       1.888048489750e-02       2.585861731481e+04 
       1.900960548998e-02       2.582777498549e+04 
       1.913878661493e-02       2.579573715871e+04 
       1.926802935023e-02       2.576247076114e+04 
       1.939733480190e-02       2.572806921172e+04 
       1.952670410456e-02       2.569248394416e+04 
       1.965613842202e-02       2.565574813326e+04 
       1.978563894782e-02       2.561787779320e+04 
       1.991520690581e-02       2.557892495139e+04 
       2.004484355074e-02       2.553890109637e+04 
       2.017455016893e-02       2.549776157433e+04 
       2.030432807882e-02       2.545562931005e+04 
       2.043417863174e-02       2.541242249005e+04 
       2.056410321252e-02       2.536821013760e+04 
       2.069410324020e-02       2.532305383686e+04 
       2.082418016882e-02       2.527685394482e+04 
       2.095433548809e-02       2.522972416877e+04 
       2.108457072425e-02       2.518164793153e+04 
       2.121488744081e-02       2.513269578590e+04 
       2.134528723940e-02       2.508276189368e+04 
       2.147577176064e-02       2.503196806358e+04 
       2.160634268499e-02       2.498037025503e+04 
       2.173700173369e-02       2.492783670440e+04 
       2.186775066967e-02       2.487451659409e+04 
       2.199859129856e-02       2.482034146908e+04 
       2.212952546961e-02       2.476536143087e+04 
       2.226055507681e-02       2.470963813979e+04 
       2.239168205988e-02       2.465304968511e+04 
       2.252290840540e-02       2.459580883839e+04 
       2.265423614793e-02       2.453777434150e+04 
       2.278566737118e-02       2.447904960047e+04 
       2.291720420918e-02       2.441957218721e+04 
       2.304884884757e-02       2.435941968246e+04 
       2.318060352482e-02       2.429860161099e+04 
       2.331247053361e-02       2.423712276705e+04 
       2.344445222212e-02       2.417497919933e+04 
       2.357655099548e-02       2.411220826433e+04 
       2.370876931723e-02       2.404882004904e+04 
       2.384110971076e-02       2.398483915644e+04 
       2.397357476089e-02       2.392027838798e+04 
       2.410616711546e-02       2.385508852326e+04 
       2.423888948696e-02       2.378935134064e+04 
       2.437174465424e-02       2.372314592528e+04 
       2.450473546425e-02       2.365627535686e+04 
       2.463786483386e-02       2.358895625885e+04 
       2.477113575173e-02       2.352116251861e+04 
       2.490455128022e-02       2.345287481321e+04 
       2.503811455743e-02       2.338400600210e+04 
       2.517182879923e-02       2.331473481122e+04 
       2.530569730138e-02       2.324499333513e+04 
       2.543972344177e-02       2.317483157842e+04 
       2.557391068269e-02       2.310425519702e+04 
       2.570826257318e-02       2.303318251083e+04 
       2.584278275147e-02       2.296182582439e+04 
       2.597747494750e-02       2.288999400320e+04 
       2.611234298555e-02       2.281782587019e+04 
       2.624739078693e-02       2.274521925424e+04 
       2.638262237278e-02       2.267232283801e+04 
       2.651804186699e-02       2.259903825494e+04 
       2.665365349915e-02       2.252544024966e+04 
       2.678946160775e-02       2.245149262154e+04 
       2.692547064330e-02       2.237726573962e+04 
       2.706168517175e-02       2.230269599202e+04 
       2.719810987792e-02       2.222786939211e+04 
       2.733474956913e-02       2.215269585322e+04 
       2.747160917885e-02       2.207734953518e+04 
       2.760869377068e-02       2.200165221400e+04 
       2.774600854225e-02       2.192568275525e+04 
       2.788355882947e-02       2.184957347163e+04 
       2.802135011083e-02       2.177314454238e+04 
       2.815938801188e-02       2.169659487357e+04 
       2.829767830992e-02       2.161982496463e+04 
       2.843622693886e-02       2.154275826135e+04 
       2.857503999424e-02       2.146549722410e+04 
       2.871412373852e-02       2.138811581989e+04 
       2.885348460648e-02       2.131051158792e+04 
       2.899312921098e-02       2.123278445096e+04 
       2.913306434879e-02       2.115488577208e+04 
       2.927329700681e-02       2.107678832690e+04 
       2.941383436846e-02       2.099856690316e+04 
       2.955468382036e-02       2.092026811886e+04 
       2.969585295931e-02       2.084177463978e+04 
       2.983734959953e-02       2.076317573883e+04 
       2.997918178026e-02       2.068447843336e+04 
       3.012135777366e-02       2.060565256905e+04 
       3.026388609303e-02       2.052673340482e+04 
       3.040677550145e-02       2.044771754375e+04 
       3.055003502080e-02       2.036860751957e+04 
       3.069367394110e-02       2.028945499917e+04 
       3.083770183040e-02       2.021021202222e+04 
       3.098212854502e-02       2.013085732648e+04 
       3.112696424032e-02       2.005148238914e+04 
       3.127221938196e-02       1.997205986012e+04 
       3.141790475765e-02       1.989266812214e+04 
       3.156403148955e-02       1.981311861187e+04 
       3.171061104715e-02       1.973357209030e+04 
       3.185765526087e-02       1.965401231651e+04 
       3.200517633627e-02       1.957438589393e+04 
       3.215318686897e-02       1.949475484286e+04 
       3.230169986034e-02       1.941511648188e+04 
       3.245072873395e-02       1.933550123236e+04 
       3.260028735288e-02       1.925581599999e+04 
       3.275039003788e-02       1.917612611240e+04 
       3.290105158654e-02       1.909642985040e+04 
       3.305228729339e-02       1.901678052426e+04 
       3.320411297112e-02       1.893710273049e+04 
       3.335654497293e-02       1.885747591375e+04 
       3.350960021603e-02       1.877789963101e+04 
       3.366329620653e-02       1.869835520160e+04 
       3.381765106561e-02       1.861874112192e+04 
       3.397268355723e-02       1.853915152422e+04 
       3.412841311733e-02       1.845964337119e+04 
       3.428485988477e-02       1.838023220011e+04 
       3.444204473401e-02       1.830070264876e+04 
       3.459998930974e-02       1.822133034049e+04 
       3.475871606350e-02       1.814195821862e+04 
       3.491824829261e-02       1.806260449183e+04 
       3.507861018127e-02       1.798332746569e+04 
       3.523982684439e-02       1.790409039598e+04 
       3.540192437397e-02       1.782487376763e+04 
       3.556492988848e-02       1.774570970135e+04 
       3.572887158536e-02       1.766663507790e+04 
       3.589377879689e-02       1.758757639080e+04 
       3.605968204970e-02       1.750854725911e+04 
       3.622661312824e-02       1.742959701724e+04 
       3.639460514244e-02       1.735067623931e+04 
       3.656369259998e-02       1.727180088974e+04 
       3.673391148352e-02       1.719304048983e+04 
       3.690529933334e-02       1.711426735361e+04 
       3.707789533570e-02       1.703555765367e+04 
       3.725174041761e-02       1.695686278745e+04 
       3.742687734847e-02       1.687821423524e+04 
       3.760335084907e-02       1.679967413659e+04 
       3.778120770885e-02       1.672110333967e+04 
       3.796049691194e-02       1.664259982230e+04 
       3.814126977286e-02       1.656415831421e+04 
       3.832358008289e-02       1.648570305566e+04 
       3.850748426783e-02       1.640734476162e+04 
       3.869304155862e-02       1.632895596120e+04 
       3.888031417566e-02       1.625061191069e+04 
       3.906936752857e-02       1.617229855384e+04 
       3.926027043261e-02       1.609402305745e+04 
       3.945309534362e-02       1.601570796651e+04 
       3.964791861341e-02       1.593742179895e+04 
       3.984482076765e-02       1.585911317404e+04 
       4.004388680872e-02       1.578086402408e+04 
       4.024520654618e-02       1.570255864913e+04 
       4.044887495805e-02       1.562427170935e+04 
       4.065499258607e-02       1.554590984253e+04 
       4.086366596923e-02       1.546752314804e+04 
       4.107500811959e-02       1.538908915815e+04 
       4.128913904572e-02       1.531061731976e+04 
       4.150618632937e-02       1.523209370487e+04 
       4.172628576192e-02       1.515354743710e+04 
       4.194958204812e-02       1.507486882358e+04 
       4.217622958569e-02       1.499609741250e+04 
       4.240639333071e-02       1.491725463959e+04 
       4.264024976012e-02       1.483827987586e+04 
       4.287798794459e-02       1.475914504120e+04 
       4.311981074697e-02       1.467987585470e+04 
       4.336593616407e-02       1.460044600690e+04 
       4.361659883255e-02       1.452083680720e+04 
       4.387205172306e-02       1.444105055308e+04 
       4.413256805099e-02       1.436101971967e+04 
       4.439844343741e-02       1.428075276266e+04 
       4.466999835959e-02       1.420026961874e+04 
       4.494758093778e-02       1.411945380082e+04 
       4.523157011418e-02       1.403833121765e+04 
       4.552237929017e-02       1.395684739902e+04 
       4.582046050163e-02       1.387503404786e+04 
       4.612630922799e-02       1.379274354527e+04 
       4.644046995057e-02       1.371002058089e+04 
       4.676354260042e-02       1.362681508253e+04 
       4.709619006645e-02       1.354305583099e+04 
       4.743914697257e-02       1.345871377859e+04 
       4.779322998026e-02       1.337373991412e+04 
       4.815934993311e-02       1.328805070349e+04 
       4.853852623523e-02       1.320157738822e+04 
       4.893190395140e-02       1.311423845167e+04 
       4.934077423838e-02       1.302598611248e+04 
       4.976659887174e-02       1.293664285951e+04 
       5.021103983009e-02       1.284612282729e+04 
       5.067599514993e-02       1.275438114882e+04 
       5.116364258450e-02       1.266112254988e+04 
       5.167649300374e-02       1.256625520717e+04 
       5.221745597712e-02       1.246951042387e+04 
       5.278992059770e-02       1.237065759735e+04 
       5.339785533275e-02       1.226942877782e+04 
       5.404593148294e-02       1.216532274065e+04 
       5.473967558013e-02       1.205793965642e+04 
       5.548565646117e-02       1.194661549781e+04 
       5.629171219491e-02       1.183070233842e+04 
       5.716721923165e-02       1.170901972836e+04 
       5.812339861791e-02       1.158035112226e+04 
       5.917363737375e-02       1.144295433528e+04 
       6.033376964303e-02       1.129447065337e+04 
       6.162220128615e-02       1.113179712749e+04 
       6.305966326701e-02       1.095073885512e+04 
       6.466825060137e-02       1.074595225220e+04 
       6.646930966184e-02       1.051078997260e+04 
       6.847986020411e-02       1.023769715362e+04 
       7.070786811531e-02       9.919456559880e+03 
       7.314789632212e-02       9.551277692796e+03 
       7.577966673380e-02       9.133377676911e+03 
       7.857128840457e-02       8.672857038122e+03 
       8.148605688730e-02       8.183557569440e+03 
       8.448938393266e-02       7.683954560083e+03 
       8.755301825409e-02       7.193724720398e+03 
       9.065611861061e-02       6.730803120232e+03 
       9.378435049595e-02       6.309175804166e+03 
       9.692830235458e-02       5.937724150813e+03 
       1.000819769715e-01       5.620295848593e+03 
       1.032416241070e-01       5.356061179628e+03 
       1.064049258142e-01       5.140381730547e+03 
       1.095704595765e-01       4.965886148421e+03 
       1.127373561093e-01       4.823275310332e+03 
       1.159050855010e-01       4.702389420624e+03 
       1.190733251292e-01       4.593050858384e+03 
       1.222418786597e-01       4.486025269988e+03 
       1.254106265838e-01       4.373769360262e+03 
       1.285794960915e-01       4.250971718222e+03 
       1.317484427506e-01       4.114979831147e+03 
       1.349174393740e-01       3.965631058056e+03 
       1.380864692586e-01       3.805250035916e+03 
       1.412555220800e-01       3.637752568062e+03 
       1.444245913998e-01       3.468001902126e+03 
       1.475936731512e-01       3.301286903388e+03 
       1.507627647189e-01       3.142467995201e+03 
       1.539318643806e-01       2.995503549621e+03 
       1.571009709654e-01       2.863267036353e+03 
       1.602700836472e-01       2.747281286969e+03 
       1.634392018174e-01       2.647790327512e+03 
       1.666083250075e-01       2.563800958462e+03 
       1.697774528410e-01       2.493453092959e+03 
       1.729465850039e-01       2.434119283849e+03 
       1.761157212261e-01       2.382817468360e+03 
       1.792848612695e-01       2.336429324640e+03 
       1.824540049206e-01       2.292459698044e+03 
       1.856231519853e-01       2.247927605107e+03 
       1.887923022857e-01       2.200604686417e+03 
       1.919614556572e-01       2.149136976680e+03 
       1.951306119474e-01       2.093010640296e+03 
       1.982997710140e-01       2.032520721033e+03 
       2.014689327245e-01       1.968701801785e+03 
       2.046380969547e-01       1.902901268433e+03 
       2.078072635881e-01       1.836872028466e+03 
       2.109764325156e-01       1.772228223740e+03 
       2.141456036344e-01       1.710358733232e+03 
       2.173147768479e-01       1.652411361492e+03 
       2.204839520652e-01       1.599155865207e+03 
       2.236531292003e-01       1.551033743582e+03 
       2.268223081725e-01       1.508154764360e+03 
       2.299914889051e-01       1.470291527523e+03 
       2.331606713260e-01       1.436919895946e+03 
       2.363298553668e-01       1.407279858099e+03 
       2.394990409626e-01       1.380439767309e+03 
       2.426682280523e-01       1.355376843268e+03 
       2.458374165776e-01       1.331144715073e+03 
       2.490066064835e-01       1.306926955289e+03 
       2.521757977174e-01       1.282096378330e+03 
       2.553449902298e-01       1.256266134122e+03 
       2.585141839732e-01       1.229285281734e+03 
       2.616833789027e-01       1.201162447188e+03 
       2.648525749754e-01       1.172112739576e+03 
       2.680217721506e-01       1.142498943680e+03 
       2.711909703893e-01       1.112734275204e+03 
       2.743601696546e-01       1.083324436581e+03 
       2.775293699109e-01       1.054804808738e+03 
       2.806985711247e-01       1.027597348124e+03 
       2.838677732636e-01       1.002033349954e+03 
       2.870369762969e-01       9.782891301922e+02 
       2.902061801950e-01       9.564105379527e+02 
       2.933753849298e-01       9.363003565089e+02 
       2.965445904743e-01       9.177802675388e+02 
       2.997137968028e-01       9.006056811884e+02 
       3.028830038904e-01       8.845082643826e+02 
       3.060522117134e-01       8.691992342225e+02 
       3.092214202492e-01       8.544033104898e+02 
       3.123906294760e-01       8.398473009592e+02 
       3.155598393727e-01       8.253110346184e+02 
       3.187290499194e-01       8.106261145588e+02 
       3.218982610966e-01       7.957083964225e+02 
       3.250674728860e-01       7.805566926515e+02 
       3.282366852697e-01       7.652110076843e+02 
       3.314058982306e-01       7.497906767895e+02 
       3.345751117521e-01       7.344429265677e+02 
       3.377443258184e-01       7.193032205771e+02 
       3.409135404143e-01       7.045067930683e+02 
       3.440827555251e-01       6.901727594340e+02 
       3.472519711365e-01       6.763893670721e+02 
       3.504211872350e-01       6.632305230723e+02 
       3.535904038074e-01       6.507359939352e+02 
       3.567596208410e-01       6.389154646963e+02 
       3.599288383236e-01       6.277248113864e+02 
       3.630980562433e-01       6.171191733986e+02 
       3.662672745888e-01       6.069867944699e+02 
       3.694364933491e-01       5.972217089990e+02 
       3.726057125135e-01       5.877321799636e+02 
       3.757749320718e-01       5.784205320482e+02 
       3.789441520140e-01       5.692348907265e+02 
       3.821133723306e-01       5.601157684867e+02 
       3.852825930123e-01       5.510651271553e+02 
       3.884518140500e-01       5.420437288018e+02 
       3.916210354352e-01       5.330630063041e+02 
       3.947902571594e-01       5.241278966495e+02 
       3.979594792146e-01       5.152681734818e+02 
       4.011287015927e-01       5.065243554165e+02 
       4.042979242862e-01       4.979352294745e+02 
       4.074671472877e-01       4.895457902899e+02 
       4.106363705901e-01       4.813939150542e+02 
       4.138055941864e-01       4.734919428039e+02 
       4.169748180699e-01       4.658483938967e+02 
       4.201440422340e-01       4.584562178686e+02 
       4.233132666724e-01       4.513110590041e+02 
       4.264824913791e-01       4.444008002417e+02 
       4.296517163480e-01       4.377148366506e+02 
       4.328209415733e-01       4.312352358541e+02 
       4.359901670495e-01       4.249260994993e+02 
       4.391593927710e-01       4.187751609528e+02 
       4.423286187327e-01       4.127487907527e+02 
       4.454978449293e-01       4.068213634620e+02 
       4.486670713559e-01       4.009685879688e+02 
       4.518362980076e-01       3.951846629124e+02 
       4.550055248797e-01       3.894644838119e+02 
       4.581747519675e-01       3.838057510884e+02 
       4.613439792667e-01       3.782251611934e+02 
       4.645132067729e-01       3.727280066369e+02 
       4.676824344819e-01       3.672998906367e+02 
       4.708516623895e-01       3.619681862559e+02 
       4.740208904918e-01       3.567368218051e+02 
       4.771901187849e-01       3.516121889646e+02 
       4.803593472649e-01       3.466100698131e+02 
       4.835285759282e-01       3.417339266692e+02 
       4.866978047713e-01       3.369960319846e+02 
       4.898670337905e-01       3.323871566666e+02 
       4.930362629826e-01       3.278895987126e+02 
       4.962054923441e-01       3.235035605480e+02 
       4.993747218718e-01       3.192084113889e+02 
       5.025439515627e-01       3.150034483459e+02 
       5.057131814135e-01       3.108736199429e+02 
       5.088824114214e-01       3.068202279673e+02 
       5.120516415833e-01       3.028322745481e+02 
       5.152208718965e-01       2.989091678348e+02 
       5.183901023581e-01       2.950331739958e+02 
       5.215593329654e-01       2.912111146386e+02 
       5.247285637159e-01       2.874454701204e+02 
       5.278977946068e-01       2.837173882257e+02 
       5.310670256357e-01       2.800620517662e+02 
       5.342362568001e-01       2.764565520952e+02 
       5.374054880977e-01       2.729241234298e+02 
       5.405747195260e-01       2.694575923841e+02 
       5.437439510828e-01       2.660597353638e+02 
       5.469131827658e-01       2.627219557097e+02 
       5.500824145728e-01       2.594488416643e+02 
       5.532516465018e-01       2.562433871738e+02 
       5.564208785505e-01       2.530930483584e+02 
       5.595901107171e-01       2.500059201841e+02 
       5.627593429994e-01       2.469842718885e+02 
       5.659285753956e-01       2.440149159214e+02 
       5.690978079036e-01       2.410995321354e+02 
       5.722670405218e-01       2.382347087143e+02 
       5.754362732481e-01       2.354067932492e+02 
       5.786055060809e-01       2.326299506226e+02 
       5.817747390185e-01       2.298870476669e+02 
       5.849439720590e-01       2.271910250200e+02 
       5.881132052008e-01       2.245397723361e+02 
       5.912824384424e-01       2.219309168682e+02 
       5.944516717820e-01       2.193502681296e+02 
       5.976209052182e-01       2.168121836001e+02 
       6.007901387493e-01       2.143106993336e+02 
       6.039593723740e-01       2.118500376272e+02 
       6.071286060907e-01       2.094208383322e+02 
       6.102978398980e-01       2.070387671127e+02 
       6.134670737945e-01       2.047010946189e+02 
       6.166363077788e-01       2.023984404377e+02 
       6.198055418496e-01       2.001365983532e+02 
       6.229747760054e-01       1.979101981938e+02 
       6.261440102452e-01       1.957190799154e+02 
       6.293132445675e-01       1.935673132861e+02 
       6.324824789711e-01       1.914407574758e+02 
       6.356517134548e-01       1.893560769626e+02 
       6.388209480175e-01       1.873005855178e+02 
       6.419901826579e-01       1.852784120152e+02 
       6.451594173748e-01       1.832842486871e+02 
       6.483286521673e-01       1.813228803782e+02 
       6.514978870341e-01       1.793800576633e+02 
       6.546671219742e-01       1.774661081385e+02 
       6.578363569865e-01       1.755844985742e+02 
       6.610055920699e-01       1.737253469244e+02 
       6.641748272236e-01       1.719000203718e+02 
       6.673440624464e-01       1.700966162109e+02 
       6.705132977373e-01       1.683209476986e+02 
       6.736825330955e-01       1.665718022577e+02 
       6.768517685199e-01       1.648425423653e+02 
       6.800210040096e-01       1.631451949567e+02 
       6.831902395638e-01       1.614657107740e+02 
       6.863594751815e-01       1.598178065038e+02 
       6.895287108618e-01       1.581913263510e+02 
       6.926979466039e-01       1.565894609770e+02 
       6.958671824070e-01       1.550112516094e+02 
       6.990364182702e-01       1.534578008770e+02 
       7.022056541926e-01       1.519214920397e+02 
       7.053748901736e-01       1.504022232407e+02 
       7.085441262123e-01       1.489100492308e+02 
       7.117133623078e-01       1.474372760096e+02 
       7.148825984596e-01       1.459861298184e+02 
       7.180518346668e-01       1.445598209926e+02 
       7.212210709287e-01       1.431442783216e+02 
       7.243903072446e-01       1.417480989165e+02 
       7.275595436137e-01       1.403712938636e+02 
       7.307287800354e-01       1.390126466202e+02 
       7.338980165090e-01       1.376734695056e+02 
       7.370672530338e-01       1.363539747952e+02 
       7.402364896092e-01       1.350493204353e+02 
       7.434057262345e-01       1.337659055000e+02 
       7.465749629091e-01       1.324978557482e+02 
       7.497441996323e-01       1.312438663506e+02 
       7.529134364036e-01       1.300080664096e+02 
       7.560826732223e-01       1.287884804736e+02 
       7.592519100878e-01       1.275839731614e+02 
       7.624211469996e-01       1.263989836327e+02 
       7.655903839571e-01       1.252280884815e+02 
       7.687596209596e-01       1.240718909772e+02 
       7.719288580067e-01       1.229327315087e+02 
       7.750980950978e-01       1.218005631949e+02 
       7.782673322324e-01       1.206861132784e+02 
       7.814365694099e-01       1.195858707238e+02 
       7.846058066299e-01       1.185036688870e+02 
       7.877750438917e-01       1.174323620424e+02 
       7.909442811949e-01       1.163734731597e+02 
       7.941135185391e-01       1.153309432130e+02 
       7.972827559236e-01       1.142990631420e+02 
       8.004519933481e-01       1.132803745995e+02 
       8.036212308120e-01       1.122705152577e+02 
       8.067904683149e-01       1.112776946612e+02 
       8.099597058563e-01       1.102972788575e+02 
       8.131289434359e-01       1.093264392372e+02 
       8.162981810530e-01       1.083673171978e+02 
       8.194674187074e-01       1.074221370803e+02 
       8.226366563985e-01       1.064908822971e+02 
       8.258058941260e-01       1.055670298775e+02 
       8.289751318894e-01       1.046516498068e+02 
       8.321443696883e-01       1.037496988970e+02 
       8.353136075223e-01       1.028594311142e+02 
       8.384828453911e-01       1.019797955689e+02 
       8.416520832941e-01       1.011131921840e+02 
       8.448213212311e-01       1.002527678734e+02 
       8.479905592017e-01       9.940504519351e+01 
       8.511597972054e-01       9.856509058295e+01 
       8.543290352419e-01       9.773870518892e+01 
       8.574982733108e-01       9.691567997615e+01 
       8.606675114119e-01       9.610587002051e+01 
       8.638367495446e-01       9.530698139806e+01 
       8.670059877088e-01       9.451512519790e+01 
       8.701752259040e-01       9.373340010751e+01 
       8.733444641298e-01       9.296086039887e+01 
       8.765137023861e-01       9.219670943862e+01 
       8.796829406723e-01       9.144358822029e+01 
       8.828521789883e-01       9.069410393776e+01 
       8.860214173337e-01       8.995411948066e+01 
       8.891906557082e-01       8.922499884844e+01 
       8.923598941114e-01       8.850370471691e+01 
       8.955291325431e-01       8.779263571174e+01 
       8.986983710029e-01       8.708579201845e+01 
       9.018676094906e-01       8.638682079357e+01 
       9.050368480059e-01       8.569756133329e+01 
       9.082060865484e-01       8.501607325911e+01 
       9.113753251180e-01       8.433986054726e+01 
       9.145445637142e-01       8.367487007140e+01 
       9.177138023369e-01       8.301308914695e+01 
       9.208830409858e-01       8.236201391324e+01 
       9.240522796605e-01       8.171793196448e+01 
       9.272215183609e-01       8.107737611615e+01 
       9.303907570866e-01       8.044483647926e+01 
       9.335599958374e-01       7.982018812694e+01 
       9.367292346131e-01       7.920206925198e+01 
       9.398984734134e-01       7.859074123052e+01 
       9.430677122381e-01       7.798840442588e+01 
       9.462369510868e-01       7.738816115208e+01 
       9.494061899594e-01       7.679845552442e+01 
       9.525754288556e-01       7.621386551819e+01 
       9.557446677753e-01       7.563359354610e+01 
       9.589139067180e-01       7.505893472878e+01 
       9.620831456837e-01       7.449133734671e+01 
       9.652523846721e-01       7.392921369416e+01 
       9.684216236830e-01       7.337475425937e+01 
       9.715908627162e-01       7.282565613243e+01 
       9.747601017714e-01       7.228423823576e+01 
       9.779293408484e-01       7.174287776362e+01 
       9.810985799470e-01       7.121201539371e+01 
       9.842678190670e-01       7.068298578023e+01 
       9.874370582082e-01       7.016136751068e+01 
       9.906062973705e-01       6.964360450836e+01 
       9.937755365535e-01       6.913445039108e+01 
       9.969447757571e-01       6.862775934067e+01 
       1.000114014981e+00       6.812970759837e+01 
       1.003283254225e+00       6.763302114141e+01 
       1.006452493490e+00       6.714024130873e+01 
       1.009621732774e+00       6.665466508117e+01 
       1.012790972077e+00       6.617507570137e+01 
       1.015960211400e+00       6.569814271668e+01 
       1.019129450743e+00       6.522701363267e+01 
       1.022298690104e+00       6.476014895090e+01 
       1.025467929485e+00       6.429837719535e+01 
       1.028637168884e+00       6.384144529921e+01 
       1.031806408302e+00       6.338838851107e+01 
       1.034975647738e+00       6.293932751040e+01 
       1.038144887192e+00       6.249497154784e+01 
       1.041314126665e+00       6.205563282552e+01 
       1.044483366155e+00       6.162059415660e+01 
       1.047652605663e+00       6.118994435919e+01 
       1.050821845189e+00       6.076425684865e+01 
       1.053991084732e+00       6.033947806996e+01 
       1.057160324292e+00       5.992043556808e+01 
       1.060329563869e+00       5.950607367593e+01 
       1.063498803464e+00       5.909738703438e+01 
       1.066668043075e+00       5.868806280407e+01 
       1.069837282703e+00       5.828557843779e+01 
       1.073006522347e+00       5.788905046257e+01 
       1.076175762008e+00       5.749151061217e+01 
       1.079345001684e+00       5.710068632260e+01 
       1.082514241377e+00       5.671125578244e+01 
       1.085683481086e+00       5.632705556447e+01 
       1.088852720811e+00       5.594808037628e+01 
       1.092021960551e+00       5.557069018219e+01 
       1.095191200307e+00       5.519694822609e+01 
       1.098360440078e+00       5.482742317835e+01 
       1.101529679865e+00       5.446072081835e+01 
       1.104698919666e+00       5.409809406445e+01 
       1.107868159483e+00       5.373695815776e+01 
       1.111037399314e+00       5.338044721557e+01 
       1.114206639160e+00       5.302709681900e+01 
       1.117375879021e+00       5.267719875420e+01 
       1.120545118896e+00       5.233268946711e+01 
       1.123714358786e+00       5.198797777266e+01 
       1.126883598690e+00       5.164885934766e+01 
       1.130052838608e+00       5.131101300876e+01 
       1.133222078540e+00       5.097642126656e+01 
       1.136391318485e+00       5.064351784476e+01 
       1.139560558445e+00       5.031641641469e+01 
       1.142729798418e+00       4.999177433439e+01 
       1.145899038405e+00       4.966874789277e+01 
       1.149068278405e+00       4.934899482280e+01 
       1.152237518419e+00       4.903225153093e+01 
       1.155406758445e+00       4.871841217611e+01 
       1.158575998485e+00       4.840704714435e+01 
       1.161745238538e+00       4.809930059219e+01 
       1.164914478604e+00       4.779333923923e+01 
       1.168083718682e+00       4.749218988976e+01 
       1.171252958773e+00       4.719141718001e+01 
       1.174422198877e+00       4.689386133860e+01 
       1.177591438993e+00       4.659819156413e+01 
       1.180760679122e+00       4.630687883070e+01 
       1.183929919262e+00       4.601553802489e+01 
       1.187099159415e+00       4.572875631416e+01 
       1.190268399580e+00       4.544351277175e+01 
       1.193437639757e+00       4.516163055854e+01 
       1.196606879946e+00       4.488190775830e+01 
       1.199776120147e+00       4.460502283628e+01 
       1.202945360359e+00       4.432962559015e+01 
       1.206114600583e+00       4.405706446578e+01 
       1.209283840819e+00       4.378662348474e+01 
       1.212453081066e+00       4.351719898479e+01 
       1.215622321324e+00       4.325149202577e+01 
       1.218791561594e+00       4.298923964461e+01 
       1.221960801874e+00       4.272755174023e+01 
       1.225130042166e+00       4.246819285983e+01 
       1.228299282469e+00       4.221103427344e+01 
       1.231468522782e+00       4.195587189492e+01 
       1.234637763107e+00       4.170379669747e+01 
       1.237807003442e+00       4.145242849851e+01 
       1.240976243787e+00       4.120365273131e+01 
       1.244145484144e+00       4.095748981696e+01 
       1.247314724511e+00       4.071317787578e+01 
       1.250483964888e+00       4.047194753062e+01 
       1.253653205275e+00       4.022997754856e+01 
       1.256822445673e+00       3.999266897380e+01 
       1.259991686081e+00       3.975549317007e+01 
       1.263160926499e+00       3.952086792715e+01 
       1.266330166927e+00       3.928824166335e+01 
       1.269499407365e+00       3.905733203507e+01 
       1.272668647813e+00       3.883048148175e+01 
       1.275837888271e+00       3.860178772726e+01 
       1.279007128739e+00       3.837684472390e+01 
       1.282176369216e+00       3.815329765676e+01 
       1.285345609702e+00       3.793207205203e+01 
       1.288514850198e+00       3.771222361401e+01 
       1.291684090704e+00       3.749488113350e+01 
       1.294853331219e+00       3.727910971045e+01 
       1.298022571743e+00       3.706366211801e+01 
       1.301191812277e+00       3.685080834576e+01 
       1.304361052819e+00       3.664011705368e+01 
       1.307530293371e+00       3.642989756448e+01 
       1.310699533932e+00       3.622239742288e+01 
       1.313868774502e+00       3.601668181803e+01 
       1.317038015080e+00       3.581162026663e+01 
       1.320207255668e+00       3.560964075112e+01 
       1.323376496264e+00       3.540782754051e+01 
       1.326545736869e+00       3.520795957357e+01 
       1.329714977483e+00       3.501127486693e+01 
       1.332884218105e+00       3.481392377386e+01 
       1.336053458736e+00       3.461795657317e+01 
       1.339222699375e+00       3.442495229311e+01 
       1.342391940023e+00       3.423235951861e+01 
       1.345561180679e+00       3.404223934127e+01 
       1.348730421343e+00       3.385326893834e+01 
       1.351899662015e+00       3.366641605659e+01 
       1.355068902696e+00       3.347896916648e+01 
       1.358238143385e+00       3.329442355032e+01 
       1.361407384082e+00       3.311045352187e+01 
       1.712521346312e+00       1.913384498157e+01 
       2.155917275292e+00       1.093817482575e+01 
       2.714138993460e+00       6.202491214289e+00 
       3.416898549991e+00       3.491803067497e+00 
       4.301620414106e+00       1.952619341043e+00 
       5.415419251211e+00       1.085383482161e+00 
       6.817608910869e+00       5.999854896601e-01 
       8.582861105567e+00       3.300009473114e-01 
       1.080518195170e+01       1.806509971940e-01 
       1.360291813805e+01       9.846524831299e-02 
       1.712505931855e+01       5.345294911710e-02 
       2.155917235460e+01       2.890646143233e-02 
       2.714138993446e+01       1.557571947997e-02 
       3.416898549991e+01       8.362499400626e-03 
       4.301620414106e+01       4.473703141235e-03 
       5.415419251211e+01       2.384142408277e-03 
       6.817608910869e+01       1.265153894902e-03 
       8.582861105567e+01       6.679408004259e-04 
       1.080518195170e+02       3.503647625924e-04 
