# Matter power spectrum P(k) at redshift z=0
# for k=1.03892e-05 to 108.968 h/Mpc,
# number of wavenumbers equal to 813
#    1:k (h/Mpc)              2:P (Mpc/h)^3        
       1.038922642939e-05       5.116729914813e+01 
       2.321812845909e-05       1.108985036823e+02 
       3.609173376214e-05       1.695112884483e+02 
       4.904439972694e-05       2.276638178209e+02 
       6.211104704304e-05       2.857256841932e+02 
       7.532746857735e-05       3.439709417617e+02 
       8.873064804492e-05       4.026320525172e+02 
       1.023590926816e-04       4.619218460506e+02 
       1.162531841578e-04       5.220447480764e+02 
       1.304555520066e-04       5.832034997240e+02 
       1.450114738458e-04       6.456037739162e+02 
       1.599693066204e-04       7.094577388748e+02 
       1.753809529236e-04       7.749870534935e+02 
       1.913023661048e-04       8.424255824029e+02 
       2.077940972509e-04       9.120219817131e+02 
       2.249218861034e-04       9.840422353904e+02 
       2.427572963948e-04       1.058772184234e+03 
       2.613783937365e-04       1.136520077718e+03 
       2.808704608154e-04       1.217619115981e+03 
       3.013267399410e-04       1.302429950830e+03 
       3.228491865615e-04       1.391343071625e+03 
       3.455492088576e-04       1.484780961622e+03 
       3.695483575494e-04       1.583199853959e+03 
       3.949789163640e-04       1.687090898580e+03 
       4.219843271948e-04       1.796980419758e+03 
       4.507193653102e-04       1.913428961054e+03 
       4.813499602484e-04       2.037028671328e+03 
       5.140525396193e-04       2.168398571444e+03 
       5.490127597171e-04       2.308177216246e+03 
       5.864234841229e-04       2.457012249910e+03 
       6.264818863382e-04       2.615546529099e+03 
       6.693855925968e-04       2.784400613883e+03 
       7.153278528514e-04       2.964151783294e+03 
       7.644918338936e-04       3.155310236853e+03 
       8.170442633386e-04       3.358293579744e+03 
       8.731288006756e-04       3.573401354482e+03 
       9.328596442615e-04       3.800791738867e+03 
       9.963159659543e-04       4.040462911520e+03 
       1.063537764581e-03       4.292241277532e+03 
       1.134523626239e-03       4.555778437256e+03 
       1.209230679194e-03       4.830557615982e+03 
       1.287576767919e-03       5.115909441798e+03 
       1.369444599257e-03       5.411057229166e+03 
       1.454687391959e-03       5.715126010885e+03 
       1.543135431684e-03       6.027116950504e+03 
       1.634602912099e-03       6.346024495344e+03 
       1.728894515478e-03       6.670833106432e+03 
       1.825811320550e-03       7.000541594884e+03 
       1.925155782887e-03       7.334182649547e+03 
       2.026735681319e-03       7.670838129831e+03 
       2.130367042364e-03       8.009648811212e+03 
       2.235876135455e-03       8.349821104386e+03 
       2.343100676636e-03       8.690629824042e+03 
       2.451890394377e-03       9.031417791839e+03 
       2.562107107073e-03       9.371594046133e+03 
       2.673624445823e-03       9.710631227278e+03 
       2.786327334635e-03       1.004806029230e+04 
       2.900111317649e-03       1.038346803381e+04 
       3.014881802039e-03       1.071649000324e+04 
       3.130553267074e-03       1.104680986683e+04 
       3.247048475047e-03       1.137414221004e+04 
       3.364297708069e-03       1.169825302982e+04 
       3.482238045924e-03       1.201893125970e+04 
       3.600812693636e-03       1.233599674307e+04 
       3.719970362791e-03       1.264929551136e+04 
       3.839664707406e-03       1.295869552747e+04 
       3.959853813072e-03       1.326408815515e+04 
       4.080499736700e-03       1.356537997503e+04 
       4.201568093487e-03       1.386249319706e+04 
       4.323027687306e-03       1.415536689400e+04 
       4.444850180647e-03       1.444395163889e+04 
       4.567009800288e-03       1.472820885351e+04 
       4.689483075068e-03       1.500810888829e+04 
       4.812248602367e-03       1.528363519145e+04 
       4.935286840186e-03       1.555477535644e+04 
       5.058579921982e-03       1.582152342443e+04 
       5.182111491712e-03       1.608387901976e+04 
       5.305866556801e-03       1.634185143714e+04 
       5.429831356981e-03       1.659545176135e+04 
       5.553993247203e-03       1.684469115792e+04 
       5.678340593007e-03       1.708958964309e+04 
       5.802862676925e-03       1.733017014700e+04 
       5.927549614682e-03       1.756646181151e+04 
       6.052392280055e-03       1.779847379437e+04 
       6.177382237451e-03       1.802623003964e+04 
       6.302511681309e-03       1.824977794241e+04 
       6.427773381594e-03       1.846913422388e+04 
       6.553160634691e-03       1.868434766863e+04 
       6.678667219123e-03       1.889545379381e+04 
       6.804287355565e-03       1.910248399326e+04 
       6.930015670697e-03       1.930547395132e+04 
       7.055847164480e-03       1.950446155375e+04 
       7.181777180500e-03       1.969948551034e+04 
       7.307801379070e-03       1.989057914951e+04 
       7.433915712780e-03       2.007778635384e+04 
       7.560116404275e-03       2.026114065791e+04 
       7.686399926014e-03       2.044068715430e+04 
       7.812762981825e-03       2.061645948257e+04 
       7.939202490069e-03       2.078849838776e+04 
       8.065715568266e-03       2.095684780810e+04 
       8.192299519033e-03       2.112153451793e+04 
       8.318951817208e-03       2.128260421967e+04 
       8.445670098062e-03       2.144009360789e+04 
       8.572452146474e-03       2.159404470303e+04 
       8.699295887004e-03       2.174449944139e+04 
       8.826199374763e-03       2.189148707603e+04 
       8.953160787016e-03       2.203505141745e+04 
       9.080178415459e-03       2.217523260509e+04 
       9.207250659091e-03       2.231206777988e+04 
       9.334376017655e-03       2.244559117852e+04 
       9.461553085572e-03       2.257584056004e+04 
       9.588780546346e-03       2.270285746001e+04 
       9.716057167395e-03       2.282666658868e+04 
       9.843381795262e-03       2.294732393515e+04 
       9.970753351189e-03       2.306484702422e+04 
       1.009817082702e-02       2.317928308303e+04 
       1.022563328138e-02       2.329066201855e+04 
       1.035313983621e-02       2.339901969480e+04 
       1.048068967341e-02       2.350437667529e+04 
       1.060828203188e-02       2.360680370561e+04 
       1.073591620467e-02       2.370632127243e+04 
       1.086359153639e-02       2.380293696691e+04 
       1.099130742072e-02       2.389671070540e+04 
       1.111906329821e-02       2.398767386822e+04 
       1.124685865418e-02       2.407583074540e+04 
       1.137469301670e-02       2.416125960143e+04 
       1.150256595483e-02       2.424395881155e+04 
       1.163047707693e-02       2.432397695263e+04 
       1.175842602905e-02       2.440134119306e+04 
       1.188641249350e-02       2.447607808057e+04 
       1.201443618746e-02       2.454822164136e+04 
       1.214249686173e-02       2.461780543497e+04 
       1.227059429957e-02       2.468485935636e+04 
       1.239872831558e-02       2.474943368986e+04 
       1.252689875467e-02       2.481150169476e+04 
       1.265510549116e-02       2.487115413209e+04 
       1.278334842789e-02       2.492838879874e+04 
       1.291162749538e-02       2.498324869426e+04 
       1.303994265110e-02       2.503575374804e+04 
       1.316829387881e-02       2.508592721125e+04 
       1.329668118784e-02       2.513381730987e+04 
       1.342510461258e-02       2.517942820094e+04 
       1.355356421189e-02       2.522281424364e+04 
       1.368206006859e-02       2.526396790111e+04 
       1.381059228906e-02       2.530295998173e+04 
       1.393916100277e-02       2.533978134213e+04 
       1.406776636193e-02       2.537447678086e+04 
       1.419640854111e-02       2.540707590365e+04 
       1.432508773700e-02       2.543760364106e+04 
       1.445380416806e-02       2.546607307035e+04 
       1.458255807434e-02       2.549250927760e+04 
       1.471134971720e-02       2.551695475214e+04 
       1.484017937920e-02       2.553942859771e+04 
       1.496904736387e-02       2.555995491086e+04 
       1.509795399561e-02       2.557856873911e+04 
       1.522689961960e-02       2.559527504237e+04 
       1.535588460169e-02       2.561011274263e+04 
       1.548490932832e-02       2.562310237768e+04 
       1.561397420656e-02       2.563427129567e+04 
       1.574307966400e-02       2.564364904040e+04 
       1.587222614882e-02       2.565124020927e+04 
       1.600141412980e-02       2.565709222363e+04 
       1.613064409636e-02       2.566120458880e+04 
       1.625991655862e-02       2.566361752595e+04 
       1.638923204749e-02       2.566435000272e+04 
       1.651859111480e-02       2.566342416751e+04 
       1.664799433338e-02       2.566088336639e+04 
       1.677744229721e-02       2.565671551500e+04 
       1.690693562161e-02       2.565099041029e+04 
       1.703647494338e-02       2.564365057611e+04 
       1.716606092099e-02       2.563477761446e+04 
       1.729569423481e-02       2.562439822967e+04 
       1.742537558732e-02       2.561250143309e+04 
       1.755510570338e-02       2.559914758014e+04 
       1.768488533045e-02       2.558433083037e+04 
       1.781471523888e-02       2.556807415898e+04 
       1.794459622222e-02       2.555040604831e+04 
       1.807452909752e-02       2.553135105038e+04 
       1.820451470563e-02       2.551091573994e+04 
       1.833455391158e-02       2.548911908215e+04 
       1.846464760492e-02       2.546602755065e+04 
       1.859479670009e-02       2.544160974047e+04 
       1.872500213684e-02       2.541591789522e+04 
       1.885526488061e-02       2.538893631079e+04 
       1.898558592297e-02       2.536067244002e+04 
       1.911596628205e-02       2.533123891336e+04 
       1.924640700304e-02       2.530055254548e+04 
       1.937690915863e-02       2.526870318040e+04 
       1.950747384953e-02       2.523570512715e+04 
       1.963810220498e-02       2.520151806243e+04 
       1.976879538329e-02       2.516621379968e+04 
       1.989955457238e-02       2.512978716239e+04 
       2.003038099040e-02       2.509224898488e+04 
       2.016127588626e-02       2.505366549987e+04 
       2.029224054028e-02       2.501404243860e+04 
       2.042327626483e-02       2.497330752925e+04 
       2.055438440499e-02       2.493162581386e+04 
       2.068556633919e-02       2.488886599337e+04 
       2.081682347996e-02       2.484521057040e+04 
       2.094815727463e-02       2.480052018200e+04 
       2.107956920606e-02       2.475490827339e+04 
       2.121106079346e-02       2.470834565723e+04 
       2.134263359313e-02       2.466089232542e+04 
       2.147428919931e-02       2.461251327670e+04 
       2.160602924503e-02       2.456327678795e+04 
       2.173785540298e-02       2.451316931610e+04 
       2.186976938640e-02       2.446224007028e+04 
       2.200177295002e-02       2.441038082819e+04 
       2.213386789100e-02       2.435778484680e+04 
       2.226605604995e-02       2.430442224346e+04 
       2.239833931193e-02       2.425020288137e+04 
       2.253071960749e-02       2.419527581231e+04 
       2.266319891380e-02       2.413957298800e+04 
       2.279577925570e-02       2.408314690220e+04 
       2.292846270690e-02       2.402597621448e+04 
       2.306125139117e-02       2.396813837040e+04 
       2.319414748354e-02       2.390954654806e+04 
       2.332715321158e-02       2.385030117848e+04 
       2.346027085672e-02       2.379042593788e+04 
       2.359350275556e-02       2.372987475307e+04 
       2.372685130130e-02       2.366873046705e+04 
       2.386031894514e-02       2.360695474739e+04 
       2.399390819777e-02       2.354457324018e+04 
       2.412762163093e-02       2.348164047637e+04 
       2.426146187892e-02       2.341810720295e+04 
       2.439543164029e-02       2.335400697243e+04 
       2.452953367946e-02       2.328932039589e+04 
       2.466377082853e-02       2.322414741252e+04 
       2.479814598899e-02       2.315845341458e+04 
       2.493266213362e-02       2.309228331883e+04 
       2.506732230841e-02       2.302560284714e+04 
       2.520212963448e-02       2.295841490495e+04 
       2.533708731018e-02       2.289073603045e+04 
       2.547219861317e-02       2.282264351837e+04 
       2.560746690259e-02       2.275410539653e+04 
       2.574289562134e-02       2.268517401582e+04 
       2.587848829840e-02       2.261578621661e+04 
       2.601424855124e-02       2.254597573511e+04 
       2.615018008833e-02       2.247578884804e+04 
       2.628628671169e-02       2.240522999467e+04 
       2.642257231958e-02       2.233430213336e+04 
       2.655904090928e-02       2.226303817086e+04 
       2.669569657994e-02       2.219134674430e+04 
       2.683254353554e-02       2.211935857140e+04 
       2.696958608796e-02       2.204708458180e+04 
       2.710682866020e-02       2.197449636041e+04 
       2.724427578962e-02       2.190157874749e+04 
       2.738193213142e-02       2.182834204760e+04 
       2.751980246214e-02       2.175486258259e+04 
       2.765789168337e-02       2.168109547340e+04 
       2.779620482556e-02       2.160704405885e+04 
       2.793474705194e-02       2.153280333783e+04 
       2.807352366270e-02       2.145822572835e+04 
       2.821254009921e-02       2.138345177478e+04 
       2.835180194845e-02       2.130848263305e+04 
       2.849131494763e-02       2.123324326778e+04 
       2.863108498899e-02       2.115787698528e+04 
       2.877111812472e-02       2.108222861642e+04 
       2.891142057220e-02       2.100642360110e+04 
       2.905199871931e-02       2.093046999544e+04 
       2.919285913007e-02       2.085432691531e+04 
       2.933400855045e-02       2.077801204326e+04 
       2.947545391441e-02       2.070149787676e+04 
       2.961720235026e-02       2.062494871451e+04 
       2.975926118717e-02       2.054817441228e+04 
       2.990163796208e-02       2.047129913958e+04 
       3.004434042682e-02       2.039428453831e+04 
       3.018737655555e-02       2.031717147385e+04 
       3.033075455253e-02       2.023992244870e+04 
       3.047448286026e-02       2.016257001424e+04 
       3.061857016788e-02       2.008514749825e+04 
       3.076302542009e-02       2.000765483856e+04 
       3.090785782629e-02       1.993003875285e+04 
       3.105307687032e-02       1.985238221099e+04 
       3.119869232049e-02       1.977461896346e+04 
       3.134471424015e-02       1.969685184816e+04 
       3.149115299874e-02       1.961888870116e+04 
       3.163801928332e-02       1.954102475705e+04 
       3.178532411072e-02       1.946312198950e+04 
       3.193307884017e-02       1.938511075510e+04 
       3.208129518661e-02       1.930708204283e+04 
       3.222998523465e-02       1.922903092533e+04 
       3.237916145315e-02       1.915090622623e+04 
       3.252883671060e-02       1.907280815257e+04 
       3.267902429120e-02       1.899470057982e+04 
       3.282973791180e-02       1.891650921644e+04 
       3.298099173971e-02       1.883844676084e+04 
       3.313280041138e-02       1.876033470404e+04 
       3.328517905210e-02       1.868216011618e+04 
       3.343814329670e-02       1.860404473766e+04 
       3.359170931139e-02       1.852593463156e+04 
       3.374589381675e-02       1.844780546221e+04 
       3.390071411198e-02       1.836972936388e+04 
       3.405618810047e-02       1.829168898424e+04 
       3.421233431678e-02       1.821366627999e+04 
       3.436917195518e-02       1.813562051088e+04 
       3.452672089976e-02       1.805766984744e+04 
       3.468500175632e-02       1.797973945536e+04 
       3.484403588603e-02       1.790180463742e+04 
       3.500384544118e-02       1.782392915481e+04 
       3.516445340293e-02       1.774607836587e+04 
       3.532588362145e-02       1.766834530709e+04 
       3.548816085839e-02       1.759053485435e+04 
       3.565131083206e-02       1.751283853126e+04 
       3.581536026536e-02       1.743518941240e+04 
       3.598033693675e-02       1.735751166074e+04 
       3.614626973450e-02       1.727995568170e+04 
       3.631318871440e-02       1.720236184351e+04 
       3.648112516130e-02       1.712493930044e+04 
       3.665011165467e-02       1.704749018700e+04 
       3.682018213864e-02       1.697012647209e+04 
       3.699137199672e-02       1.689278616228e+04 
       3.716371813175e-02       1.681546817224e+04 
       3.733725905139e-02       1.673826190529e+04 
       3.751203495968e-02       1.666105527877e+04 
       3.768808785517e-02       1.658387747896e+04 
       3.786546163621e-02       1.650678394705e+04 
       3.804420221400e-02       1.642971073357e+04 
       3.822435763412e-02       1.635269204317e+04 
       3.840597820729e-02       1.627568069014e+04 
       3.858911665022e-02       1.619877647825e+04 
       3.877382823744e-02       1.612184312568e+04 
       3.896017096531e-02       1.604496024075e+04 
       3.914820572912e-02       1.596804808279e+04 
       3.933799651479e-02       1.589121550422e+04 
       3.952961060649e-02       1.581436393742e+04 
       3.972311881184e-02       1.573757473932e+04 
       3.991859570646e-02       1.566076366205e+04 
       4.011611989981e-02       1.558393281977e+04 
       4.031577432478e-02       1.550713439406e+04 
       4.051764655330e-02       1.543036747423e+04 
       4.072182914103e-02       1.535351599847e+04 
       4.092842000428e-02       1.527671744246e+04 
       4.113752283270e-02       1.519976762818e+04 
       4.134924754215e-02       1.512291770778e+04 
       4.156371077201e-02       1.504595227184e+04 
       4.178103643268e-02       1.496893943389e+04 
       4.200135630908e-02       1.489187628830e+04 
       4.222481072715e-02       1.481473624802e+04 
       4.245154929133e-02       1.473752355674e+04 
       4.268173170212e-02       1.466019717223e+04 
       4.291552866430e-02       1.458278866994e+04 
       4.315312289772e-02       1.450521164232e+04 
       4.339471026507e-02       1.442756176685e+04 
       4.364050103247e-02       1.434972461181e+04 
       4.389072128219e-02       1.427167224770e+04 
       4.414561449945e-02       1.419351854777e+04 
       4.440544335924e-02       1.411516348776e+04 
       4.467049174356e-02       1.403654947185e+04 
       4.494106702499e-02       1.395767191741e+04 
       4.521750265889e-02       1.387858974842e+04 
       4.550016113459e-02       1.379913511426e+04 
       4.578943734550e-02       1.371942642779e+04 
       4.608576244960e-02       1.363932674484e+04 
       4.638960830631e-02       1.355883350929e+04 
       4.670149259324e-02       1.347795733574e+04 
       4.702198472785e-02       1.339658205882e+04 
       4.735171274612e-02       1.331477152951e+04 
       4.769137132355e-02       1.323230697045e+04 
       4.804173116565e-02       1.314931469142e+04 
       4.840365004720e-02       1.306562183335e+04 
       4.877808584554e-02       1.298124749912e+04 
       4.916611199626e-02       1.289608719659e+04 
       4.956893590514e-02       1.281000898187e+04 
       4.998792098423e-02       1.272296708516e+04 
       5.042461315084e-02       1.263490597945e+04 
       5.088077284597e-02       1.254558083655e+04 
       5.135841390588e-02       1.245496045698e+04 
       5.185985097268e-02       1.236284265695e+04 
       5.238775757251e-02       1.226903757874e+04 
       5.294523753990e-02       1.217332959401e+04 
       5.353591313136e-02       1.207542634101e+04 
       5.416403393891e-02       1.197498501277e+04 
       5.483461152136e-02       1.187164143118e+04 
       5.555358534914e-02       1.176484711544e+04 
       5.632802581481e-02       1.165395841785e+04 
       5.716637887099e-02       1.153816201504e+04 
       5.807875266862e-02       1.141633266268e+04 
       5.907723625763e-02       1.128706385140e+04 
       6.017621843407e-02       1.114846419175e+04 
       6.139263231739e-02       1.099798014725e+04 
       6.274597681226e-02       1.083218830936e+04 
       6.425785303435e-02       1.064665009742e+04 
       6.595062403837e-02       1.043562116694e+04 
       6.784476184349e-02       1.019218442335e+04 
       6.995472178243e-02       9.908931336338e+03 
       7.228405531365e-02       9.579342578069e+03 
       7.482177445369e-02       9.200247276041e+03 
       7.754252339652e-02       8.774187110535e+03 
       8.041144658632e-02       8.310626543442e+03 
       8.339154302514e-02       7.825134910468e+03 
       8.644988656118e-02       7.336583579561e+03 
       8.956066710664e-02       6.863921429920e+03 
       9.270538144214e-02       6.423518702785e+03 
       9.587154477471e-02       6.027306286301e+03 
       9.905106129801e-02       5.682153512938e+03 
       1.022388126709e-01       5.389980345980e+03 
       1.054316138810e-01       5.148720147795e+03 
       1.086275022458e-01       4.952584749877e+03 
       1.118252754596e-01       4.793680371130e+03 
       1.150241995918e-01       4.662481960424e+03 
       1.182238275066e-01       4.548877693509e+03 
       1.214238870508e-01       4.443194975800e+03 
       1.246242126085e-01       4.336927698852e+03 
       1.278247033504e-01       4.223439269981e+03 
       1.310252978217e-01       4.098454225551e+03 
       1.342259584932e-01       3.960289692986e+03 
       1.374266623763e-01       3.809731823341e+03 
       1.406273953242e-01       3.649607547008e+03 
       1.438281485712e-01       3.484210199195e+03 
       1.470289166315e-01       3.318577587309e+03 
       1.502296960226e-01       3.157633594325e+03 
       1.534304844897e-01       3.005978537291e+03 
       1.566312805340e-01       2.867084093450e+03 
       1.598320831255e-01       2.743243499041e+03 
       1.630328915276e-01       2.635524589012e+03 
       1.662337051901e-01       2.543687412210e+03 
       1.694345236836e-01       2.466459085524e+03 
       1.726353466587e-01       2.401671208088e+03 
       1.758361738207e-01       2.346641150259e+03 
       1.790370049142e-01       2.298343055844e+03 
       1.822378397126e-01       2.253890522861e+03 
       1.854386780118e-01       2.210878454263e+03 
       1.886395196254e-01       2.166400178384e+03 
       1.918403643822e-01       2.118635950716e+03 
       1.950412121240e-01       2.066579079037e+03 
       1.982420627033e-01       2.010016245302e+03 
       2.014429159831e-01       1.949502009525e+03 
       2.046437718350e-01       1.886177975910e+03 
       2.078446301391e-01       1.821607582547e+03 
       2.110454907826e-01       1.757383990037e+03 
       2.142463536600e-01       1.695023107178e+03 
       2.174472186716e-01       1.635822892098e+03 
       2.206480857239e-01       1.580782339252e+03 
       2.238489547288e-01       1.530509297352e+03 
       2.270498256030e-01       1.485301429733e+03 
       2.302506982680e-01       1.445171200151e+03 
       2.334515726498e-01       1.409769552980e+03 
       2.366524486781e-01       1.378510551913e+03 
       2.398533262865e-01       1.350571541331e+03 
       2.430542054123e-01       1.325024262629e+03 
       2.462550859960e-01       1.300864761022e+03 
       2.494559679809e-01       1.277214412370e+03 
       2.526568513136e-01       1.253339143522e+03 
       2.558577359431e-01       1.228716805564e+03 
       2.590586218210e-01       1.203057187625e+03 
       2.622595089015e-01       1.176258268053e+03 
       2.654603971406e-01       1.148428000170e+03 
       2.686612864968e-01       1.119798989655e+03 
       2.718621769304e-01       1.090775674020e+03 
       2.750630684036e-01       1.061798535994e+03 
       2.782639608802e-01       1.033381971926e+03 
       2.814648543258e-01       1.005961684403e+03 
       2.846657487076e-01       9.799606945913e+02 
       2.878666439942e-01       9.556398925037e+02 
       2.910675401555e-01       9.331246795445e+02 
       2.942684371629e-01       9.123889368058e+02 
       2.974693349888e-01       8.933445286553e+02 
       3.006702336071e-01       8.757569983519e+02 
       3.038711329925e-01       8.593902176929e+02 
       3.070720331209e-01       8.439700740216e+02 
       3.102729339693e-01       8.292241405303e+02 
       3.134738355154e-01       8.148780988036e+02 
       3.166747377380e-01       8.006882431876e+02 
       3.198756406167e-01       7.864576107281e+02 
       3.230765441318e-01       7.720528022723e+02 
       3.262774482646e-01       7.574119094496e+02 
       3.294783529970e-01       7.425531980577e+02 
       3.326792583116e-01       7.275582085286e+02 
       3.358801641916e-01       7.125413560316e+02 
       3.390810706209e-01       6.976413540862e+02 
       3.422819775842e-01       6.830053330987e+02 
       3.454828850664e-01       6.687454061576e+02 
       3.486837930533e-01       6.549695296240e+02 
       3.518847015309e-01       6.417561016460e+02 
       3.550856104860e-01       6.291751395771e+02 
       3.582865199057e-01       6.172400356201e+02 
       3.614874297775e-01       6.059519830164e+02 
       3.646883400897e-01       5.952645374395e+02 
       3.678892508305e-01       5.851066082936e+02 
       3.710901619889e-01       5.753704300417e+02 
       3.742910735541e-01       5.659619699577e+02 
       3.774919855157e-01       5.567877168133e+02 
       3.806928978636e-01       5.477698497162e+02 
       3.838938105883e-01       5.388544955513e+02 
       3.870947236802e-01       5.300064816889e+02 
       3.902956371303e-01       5.212038412884e+02 
       3.934965509299e-01       5.124395500027e+02 
       3.966974650704e-01       5.037129098392e+02 
       3.998983795436e-01       4.950481089658e+02 
       4.030992943416e-01       4.864708054125e+02 
       4.063002094566e-01       4.780218903872e+02 
       4.095011248813e-01       4.697430122449e+02 
       4.127020406083e-01       4.616707642516e+02 
       4.159029566306e-01       4.538311147453e+02 
       4.191038729415e-01       4.462442913972e+02 
       4.223047895344e-01       4.389074541654e+02 
       4.255057064029e-01       4.318165910084e+02 
       4.287066235407e-01       4.249591789028e+02 
       4.319075409420e-01       4.183264532933e+02 
       4.351084586007e-01       4.119025150822e+02 
       4.383093765114e-01       4.056681119297e+02 
       4.415102946685e-01       3.996013953872e+02 
       4.447112130665e-01       3.936736357990e+02 
       4.479121317005e-01       3.878591639905e+02 
       4.511130505653e-01       3.821320968848e+02 
       4.543139696560e-01       3.764753227582e+02 
       4.575148889678e-01       3.708840815709e+02 
       4.607158084962e-01       3.653564794915e+02 
       4.639167282367e-01       3.598971815836e+02 
       4.671176481848e-01       3.545102083183e+02 
       4.703185683363e-01       3.492017566896e+02 
       4.735194886871e-01       3.439754397904e+02 
       4.767204092332e-01       3.388415491145e+02 
       4.799213299706e-01       3.338068400286e+02 
       4.831222508955e-01       3.288839638260e+02 
       4.863231720042e-01       3.240821624860e+02 
       4.895240932930e-01       3.194069770452e+02 
       4.927250147586e-01       3.148564332257e+02 
       4.959259363973e-01       3.104331113877e+02 
       4.991268582060e-01       3.061173347412e+02 
       5.023277801812e-01       3.019010563332e+02 
       5.055287023199e-01       2.977746070446e+02 
       5.087296246190e-01       2.937297920502e+02 
       5.119305470754e-01       2.897598934549e+02 
       5.151314696862e-01       2.858607228431e+02 
       5.183323924486e-01       2.820246329663e+02 
       5.215333153596e-01       2.782450753708e+02 
       5.247342384167e-01       2.745170445538e+02 
       5.279351616170e-01       2.708378392438e+02 
       5.311360849582e-01       2.672076432401e+02 
       5.343370084375e-01       2.636321796993e+02 
       5.375379320525e-01       2.601144098553e+02 
       5.407388558009e-01       2.566599125894e+02 
       5.439397796802e-01       2.532696467772e+02 
       5.471407036881e-01       2.499447900513e+02 
       5.503416278224e-01       2.466829270115e+02 
       5.535425520809e-01       2.434830837126e+02 
       5.567434764615e-01       2.403437347045e+02 
       5.599444009620e-01       2.372657722031e+02 
       5.631453255804e-01       2.342488430791e+02 
       5.663462503146e-01       2.312933866553e+02 
       5.695471751628e-01       2.283957069608e+02 
       5.727481001230e-01       2.255513278133e+02 
       5.759490251934e-01       2.227558111571e+02 
       5.791499503720e-01       2.200042903389e+02 
       5.823508756572e-01       2.172955443862e+02 
       5.855518010472e-01       2.146281414934e+02 
       5.887527265401e-01       2.120030944054e+02 
       5.919536521345e-01       2.094196731021e+02 
       5.951545778286e-01       2.068758826663e+02 
       5.983555036209e-01       2.043717127283e+02 
       6.015564295096e-01       2.019037897149e+02 
       6.047573554935e-01       1.994715406768e+02 
       6.079582815708e-01       1.970750169599e+02 
       6.111592077402e-01       1.947166017602e+02 
       6.143601340002e-01       1.923975303351e+02 
       6.175610603493e-01       1.901190632101e+02 
       6.207619867863e-01       1.878810385710e+02 
       6.239629133098e-01       1.856813040359e+02 
       6.271638399183e-01       1.835176691661e+02 
       6.303647666107e-01       1.813884541960e+02 
       6.335656933856e-01       1.792932295956e+02 
       6.367666202419e-01       1.772314860329e+02 
       6.399675471782e-01       1.752037901931e+02 
       6.431684741934e-01       1.732092698575e+02 
       6.463694012863e-01       1.712465672176e+02 
       6.495703284558e-01       1.693145100603e+02 
       6.527712557006e-01       1.674094020818e+02 
       6.559721830198e-01       1.655304132754e+02 
       6.591731104123e-01       1.636772407475e+02 
       6.623740378769e-01       1.618505468598e+02 
       6.655749654126e-01       1.600514824483e+02 
       6.687758930185e-01       1.582800082652e+02 
       6.719768206934e-01       1.565354397916e+02 
       6.751777484365e-01       1.548168378531e+02 
       6.783786762467e-01       1.531223049595e+02 
       6.815796041230e-01       1.514518464997e+02 
       6.847805320647e-01       1.498045777736e+02 
       6.879814600707e-01       1.481805390846e+02 
       6.911823881402e-01       1.465845226934e+02 
       6.943833162723e-01       1.450125062453e+02 
       6.975842444660e-01       1.434638993526e+02 
       7.007851727207e-01       1.419383982562e+02 
       7.039861010353e-01       1.404344053245e+02 
       7.071870294092e-01       1.389515356094e+02 
       7.103879578415e-01       1.374875552484e+02 
       7.135888863315e-01       1.360448322851e+02 
       7.167898148783e-01       1.346232931045e+02 
       7.199907434812e-01       1.332225598350e+02 
       7.231916721394e-01       1.318417750515e+02 
       7.263926008523e-01       1.304795820200e+02 
       7.295935296190e-01       1.291349739757e+02 
       7.327944584389e-01       1.278078526690e+02 
       7.359953873114e-01       1.264980213919e+02 
       7.391963162356e-01       1.252060157420e+02 
       7.423972452110e-01       1.239322666993e+02 
       7.455981742368e-01       1.226771154690e+02 
       7.487991033125e-01       1.214397376597e+02 
       7.520000324373e-01       1.202190470120e+02 
       7.552009616108e-01       1.190139234381e+02 
       7.584018908321e-01       1.178243126793e+02 
       7.616028201009e-01       1.166502101875e+02 
       7.648037494163e-01       1.154917498089e+02 
       7.680046787779e-01       1.143495404555e+02 
       7.712056081851e-01       1.132231581324e+02 
       7.744065376374e-01       1.121126799853e+02 
       7.776074671341e-01       1.110164408786e+02 
       7.808083966746e-01       1.099336463833e+02 
       7.840093262586e-01       1.088639169401e+02 
       7.872102558854e-01       1.078076068832e+02 
       7.904111855546e-01       1.067655653355e+02 
       7.936121152655e-01       1.057365177249e+02 
       7.968130450178e-01       1.047218524618e+02 
       8.000139748108e-01       1.037208499164e+02 
       8.032149046442e-01       1.027321542695e+02 
       8.064158345174e-01       1.017553277661e+02 
       8.096167644300e-01       1.007899370339e+02 
       8.128176943814e-01       9.983619556489e+01 
       8.160186243714e-01       9.889510062710e+01 
       8.192195543993e-01       9.796584676714e+01 
       8.224204844647e-01       9.704935151329e+01 
       8.256214145672e-01       9.614464516709e+01 
       8.288223447065e-01       9.525085726568e+01 
       8.320232748819e-01       9.436727084022e+01 
       8.352242050932e-01       9.349488512313e+01 
       8.384251353400e-01       9.263166050356e+01 
       8.416260656217e-01       9.177973136910e+01 
       8.448269959381e-01       9.093924755116e+01 
       8.480279262887e-01       9.010926572111e+01 
       8.512288566731e-01       8.928900164935e+01 
       8.544297870910e-01       8.847895952539e+01 
       8.576307175420e-01       8.767857752221e+01 
       8.608316480257e-01       8.688611901249e+01 
       8.640325785417e-01       8.610352223181e+01 
       8.672335090897e-01       8.533006954847e+01 
       8.704344396694e-01       8.456657976175e+01 
       8.736353702803e-01       8.381252617084e+01 
       8.768363009222e-01       8.306778518731e+01 
       8.800372315947e-01       8.233131017618e+01 
       8.832381622975e-01       8.160354606809e+01 
       8.864390930302e-01       8.088303984402e+01 
       8.896400237925e-01       8.017108831138e+01 
       8.928409545842e-01       7.946817714978e+01 
       8.960418854048e-01       7.877278871997e+01 
       8.992428162541e-01       7.808643298203e+01 
       9.024437471318e-01       7.740887674921e+01 
       9.056446780375e-01       7.673720915351e+01 
       9.088456089710e-01       7.607449554361e+01 
       9.120465399320e-01       7.541854602758e+01 
       9.152474709202e-01       7.476937185560e+01 
       9.184484019353e-01       7.412750863465e+01 
       9.216493329770e-01       7.349420205236e+01 
       9.248502640451e-01       7.286766021619e+01 
       9.280511951392e-01       7.224908632977e+01 
       9.312521262591e-01       7.163704564066e+01 
       9.344530574046e-01       7.103128467780e+01 
       9.376539885754e-01       7.043147458512e+01 
       9.408549197712e-01       6.983877607500e+01 
       9.440558509917e-01       6.925252990896e+01 
       9.472567822368e-01       6.867316376532e+01 
       9.504577135061e-01       6.810052083810e+01 
       9.536586447994e-01       6.753445226863e+01 
       9.568595761166e-01       6.697449938283e+01 
       9.600605074572e-01       6.641970807466e+01 
       9.632614388212e-01       6.587119806195e+01 
       9.664623702083e-01       6.532811047206e+01 
       9.696633016182e-01       6.479130871567e+01 
       9.728642330507e-01       6.426029479932e+01 
       9.760651645056e-01       6.373595805747e+01 
       9.792660959827e-01       6.321734519240e+01 
       9.824670274817e-01       6.270370007934e+01 
       9.856679590025e-01       6.219494464944e+01 
       9.888688905448e-01       6.169180911237e+01 
       9.920698221084e-01       6.119328104709e+01 
       9.952707536932e-01       6.070070208339e+01 
       9.984716852989e-01       6.021385775109e+01 
       1.001672616925e+00       5.973225061049e+01 
       1.004873548572e+00       5.925523709310e+01 
       1.008074480239e+00       5.878348055002e+01 
       1.011275411927e+00       5.831640339699e+01 
       1.014476343634e+00       5.785394796550e+01 
       1.017677275361e+00       5.739597479120e+01 
       1.020878207108e+00       5.694268625614e+01 
       1.024079138874e+00       5.649443855993e+01 
       1.027280070659e+00       5.605153015796e+01 
       1.030481002463e+00       5.561285800484e+01 
       1.033681934286e+00       5.517865930333e+01 
       1.036882866128e+00       5.474839857335e+01 
       1.040083797988e+00       5.432232396094e+01 
       1.043284729866e+00       5.390077132549e+01 
       1.046485661763e+00       5.348355140325e+01 
       1.049686593678e+00       5.307042811850e+01 
       1.052887525610e+00       5.266232395683e+01 
       1.056088457560e+00       5.225773546138e+01 
       1.059289389528e+00       5.185739656665e+01 
       1.062490321513e+00       5.146053108261e+01 
       1.065691253515e+00       5.106746092657e+01 
       1.068892185534e+00       5.067863589171e+01 
       1.072093117571e+00       5.029346161922e+01 
       1.075294049623e+00       4.991224612869e+01 
       1.078494981693e+00       4.953546081407e+01 
       1.081695913779e+00       4.916208726447e+01 
       1.084896845881e+00       4.879197904559e+01 
       1.088097777999e+00       4.842544159343e+01 
       1.091298710133e+00       4.806215007275e+01 
       1.094499642283e+00       4.770275529750e+01 
       1.097700574449e+00       4.734643963319e+01 
       1.100901506630e+00       4.699472680551e+01 
       1.104102438827e+00       4.664608023060e+01 
       1.107303371039e+00       4.630097097015e+01 
       1.110504303267e+00       4.595831800377e+01 
       1.113705235509e+00       4.561942322740e+01 
       1.116906167767e+00       4.528329259239e+01 
       1.120107100039e+00       4.495031705811e+01 
       1.123308032325e+00       4.462097956218e+01 
       1.126508964627e+00       4.429485111268e+01 
       1.129709896942e+00       4.397204061228e+01 
       1.132910829272e+00       4.365216460376e+01 
       1.136111761617e+00       4.333521393465e+01 
       1.139312693975e+00       4.302090458296e+01 
       1.142513626347e+00       4.270947498264e+01 
       1.145714558733e+00       4.240098763229e+01 
       1.148915491133e+00       4.209544007777e+01 
       1.152116423546e+00       4.179306820821e+01 
       1.155317355973e+00       4.149362323648e+01 
       1.158518288413e+00       4.119685161080e+01 
       1.161719220866e+00       4.090298985829e+01 
       1.164920153333e+00       4.061119714923e+01 
       1.168121085812e+00       4.032212273741e+01 
       1.171322018305e+00       4.003552154161e+01 
       1.174522950810e+00       3.975224592129e+01 
       1.177723883328e+00       3.947140776716e+01 
       1.180924815859e+00       3.919325366662e+01 
       1.184125748402e+00       3.891763301093e+01 
       1.187326680957e+00       3.864434826049e+01 
       1.190527613525e+00       3.837309340672e+01 
       1.193728546105e+00       3.810469607197e+01 
       1.196929478698e+00       3.783839968529e+01 
       1.200130411302e+00       3.757501225060e+01 
       1.203331343918e+00       3.731362084294e+01 
       1.206532276546e+00       3.705499548943e+01 
       1.209733209185e+00       3.679874842179e+01 
       1.212934141837e+00       3.654439905102e+01 
       1.216135074500e+00       3.629217838932e+01 
       1.219336007174e+00       3.604191329021e+01 
       1.222536939860e+00       3.579415323205e+01 
       1.225737872557e+00       3.554890508033e+01 
       1.228938805265e+00       3.530571721665e+01 
       1.232139737984e+00       3.506473344235e+01 
       1.235340670714e+00       3.482574476467e+01 
       1.238541603455e+00       3.458892928632e+01 
       1.241742536207e+00       3.435379347223e+01 
       1.244943468970e+00       3.412103699396e+01 
       1.248144401743e+00       3.388992876251e+01 
       1.251345334528e+00       3.366133791653e+01 
       1.254546267322e+00       3.343449337715e+01 
       1.257747200127e+00       3.320974765367e+01 
       1.260948132942e+00       3.298691150223e+01 
       1.264149065768e+00       3.276602155771e+01 
       1.267349998604e+00       3.254664279049e+01 
       1.270550931450e+00       3.232912250502e+01 
       1.273751864306e+00       3.211378153908e+01 
       1.276952797172e+00       3.190009004059e+01 
       1.280153730047e+00       3.168848554476e+01 
       1.283354662933e+00       3.147871574846e+01 
       1.286555595829e+00       3.127060717215e+01 
       1.289756528734e+00       3.106428211826e+01 
       1.292957461648e+00       3.085936208023e+01 
       1.296158394572e+00       3.065620539968e+01 
       1.299359327506e+00       3.045485989521e+01 
       1.302560260449e+00       3.025533073581e+01 
       1.305761193401e+00       3.005749756454e+01 
       1.308962126363e+00       2.986133517569e+01 
       1.312163059334e+00       2.966685882693e+01 
       1.315363992314e+00       2.947383939011e+01 
       1.318564925303e+00       2.928222690371e+01 
       1.321765858301e+00       2.909227026299e+01 
       1.324966791308e+00       2.890379567224e+01 
       1.328167724323e+00       2.871717910784e+01 
       1.331368657348e+00       2.853227607333e+01 
       1.334569590381e+00       2.834859391197e+01 
       1.337770523423e+00       2.816657284346e+01 
       1.340971456473e+00       2.798587364386e+01 
       1.344172389532e+00       2.780640416947e+01 
       1.347373322600e+00       2.762862715233e+01 
       1.350574255676e+00       2.745223973340e+01 
       1.353775188760e+00       2.727754960506e+01 
       1.356976121853e+00       2.710418077965e+01 
       1.360177054954e+00       2.693208946971e+01 
       1.363377988063e+00       2.676164552379e+01 
       1.366578921180e+00       2.659217648514e+01 
       1.369779854305e+00       2.642411077195e+01 
       1.372980787438e+00       2.625736884006e+01 
       1.727044983273e+00       1.380624816122e+01 
       2.174200599537e+00       6.881370760120e+00 
       2.737156332124e+00       3.197501340563e+00 
       3.445875662546e+00       1.344670355136e+00 
       4.338100437462e+00       4.869814989788e-01 
       5.461344879637e+00       1.382899297351e-01 
       6.875425851547e+00       2.452526279383e-02 
       8.655648321419e+00       9.035518867508e-04 
       1.089681562739e+01       8.405378428798e-04 
       1.371827810095e+01       1.783017407425e-03 
       1.727028890735e+01       9.627744993844e-04 
       2.174200557449e+01       1.864066761898e-04 
       2.737156332110e+01       2.443006403657e-06 
       3.445875662546e+01       5.543051822729e-06 
       4.338100437462e+01       2.159155967154e-06 
       5.461344879637e+01       1.398835730236e-08 
       6.875425851547e+01       2.671219117006e-08 
       8.655648321419e+01       7.018251759210e-10 
       1.089681562739e+02       2.997555074466e-11 
