# Matter power spectrum P(k) at redshift z=0
# for k=1.04732e-05 to 109.903 h/Mpc,
# number of wavenumbers equal to 812
#    1:k (h/Mpc)              2:P (Mpc/h)^3        
       1.047322304298e-05       5.003680435860e+01 
       2.343189337976e-05       1.085642939164e+02 
       3.643657838811e-05       1.659981831735e+02 
       4.952269247830e-05       2.229870420450e+02 
       6.272624188631e-05       2.798961347746e+02 
       7.608414960205e-05       3.369970824397e+02 
       8.963459079459e-05       3.945208747048e+02 
       1.034173432457e-04       4.526794777917e+02 
       1.174741573374e-04       5.116769002512e+02 
       1.318491501727e-04       5.717158515973e+02 
       1.465892284139e-04       6.330023379541e+02 
       1.617445443533e-04       6.957492313091e+02 
       1.773689895380e-04       7.601792844399e+02 
       1.935207298663e-04       8.265278897403e+02 
       2.102627853612e-04       8.950457067656e+02 
       2.276636566602e-04       9.660012513289e+02 
       2.457979984606e-04       1.039683483224e+03 
       2.647473374893e-04       1.116404418495e+03 
       2.846008287294e-04       1.196501730593e+03 
       3.054560382820e-04       1.280341292933e+03 
       3.274197339626e-04       1.368319600450e+03 
       3.506086551021e-04       1.460865916414e+03 
       3.751502206458e-04       1.558443989663e+03 
       4.011831192805e-04       1.661553089484e+03 
       4.288577070358e-04       1.770728075140e+03 
       4.583361172545e-04       1.886538074512e+03 
       4.897919665822e-04       2.009583408230e+03 
       5.234095215937e-04       2.140490159946e+03 
       5.593821784519e-04       2.279901960918e+03 
       5.979101090730e-04       2.428468470689e+03 
       6.391969496380e-04       2.586830226320e+03 
       6.834454592958e-04       2.755599757416e+03 
       7.308521647942e-04       2.935339284224e+03 
       7.816011312252e-04       3.126535747532e+03 
       8.358571510488e-04       3.329574656865e+03 
       8.937588015074e-04       3.544714500970e+03 
       9.554119509377e-04       3.772064332622e+03 
       1.020884358004e-03       4.011566921625e+03 
       1.090201971246e-03       4.262989629316e+03 
       1.163347386457e-03       4.525924785005e+03 
       1.240260673438e-03       4.799799694335e+03 
       1.320842488766e-03       5.083895908786e+03 
       1.404959111211e-03       5.377350076590e+03 
       1.492448831352e-03       5.679242915432e+03 
       1.583129032943e-03       5.988604103000e+03 
       1.676803324537e-03       6.304422626426e+03 
       1.773268190767e-03       6.625688299850e+03 
       1.872318793230e-03       6.951414532445e+03 
       1.973753720383e-03       7.280656155044e+03 
       2.077378633702e-03       7.612522521359e+03 
       2.183008867395e-03       7.946185702866e+03 
       2.290471107754e-03       8.280885846352e+03 
       2.399604310944e-03       8.615931277350e+03 
       2.510260023695e-03       8.950699016600e+03 
       2.622302259706e-03       9.284630790991e+03 
       2.735607063577e-03       9.617230048986e+03 
       2.850061869872e-03       9.948058057201e+03 
       2.965564741171e-03       1.027672643291e+04 
       3.082023547783e-03       1.060289815489e+04 
       3.199355134165e-03       1.092627627874e+04 
       3.317484502906e-03       1.124660231642e+04 
       3.436344036329e-03       1.156365558866e+04 
       3.555872767691e-03       1.187724205028e+04 
       3.676015708140e-03       1.218719647842e+04 
       3.796723231539e-03       1.249338002059e+04 
       3.917950516543e-03       1.279567111879e+04 
       4.039657043560e-03       1.309397193484e+04 
       4.161806143208e-03       1.338819680895e+04 
       4.284364592319e-03       1.367828166471e+04 
       4.407302253330e-03       1.396416592823e+04 
       4.530591752962e-03       1.424581304196e+04 
       4.654208196182e-03       1.452318809914e+04 
       4.778128911763e-03       1.479626168196e+04 
       4.902333225981e-03       1.506503268985e+04 
       5.026802261334e-03       1.532948122527e+04 
       5.151518757462e-03       1.558960720411e+04 
       5.276466911722e-03       1.584542204910e+04 
       5.401632237177e-03       1.609692897849e+04 
       5.527001435987e-03       1.634413780192e+04 
       5.652562286428e-03       1.658707113745e+04 
       5.778303541959e-03       1.682573600042e+04 
       5.904214840979e-03       1.706018083661e+04 
       6.030286626015e-03       1.729044456760e+04 
       6.156510071309e-03       1.751650811372e+04 
       6.282877017817e-03       1.773835312596e+04 
       6.409379914816e-03       1.795615692705e+04 
       6.536011767365e-03       1.816985267987e+04 
       6.662766088988e-03       1.837937903163e+04 
       6.789636858993e-03       1.858487815284e+04 
       6.916618483933e-03       1.878646040582e+04 
       7.043705762765e-03       1.898408950134e+04 
       7.170893855310e-03       1.917780752902e+04 
       7.298178253662e-03       1.936763870600e+04 
       7.425554756252e-03       1.955363445175e+04 
       7.553019444279e-03       1.973583039352e+04 
       7.680568660274e-03       1.991425779174e+04 
       7.808198988585e-03       2.008896708007e+04 
       7.935907237578e-03       2.025998521421e+04 
       8.063690423399e-03       2.042735293506e+04 
       8.191545755139e-03       2.059110386710e+04 
       8.319470621264e-03       2.075128387358e+04 
       8.447462577189e-03       2.090793545227e+04 
       8.575519333896e-03       2.106109622222e+04 
       8.703638747490e-03       2.121078403554e+04 
       8.831818809605e-03       2.135706623435e+04 
       8.960057638592e-03       2.149995169838e+04 
       9.088353471413e-03       2.163950196481e+04 
       9.216704656172e-03       2.177573217740e+04 
       9.345109645237e-03       2.190871180717e+04 
       9.473566988899e-03       2.203846338762e+04 
       9.602075329510e-03       2.216501056442e+04 
       9.730633396080e-03       2.228839289516e+04 
       9.859239999276e-03       2.240864810383e+04 
       9.987894026798e-03       2.252582267508e+04 
       1.011659443910e-02       2.263993687361e+04 
       1.024534026541e-02       2.275103797482e+04 
       1.037413060010e-02       2.285915290124e+04 
       1.050296459923e-02       2.296431584431e+04 
       1.063184147742e-02       2.306658309018e+04 
       1.076076050489e-02       2.316593239186e+04 
       1.088972100477e-02       2.326247353864e+04 
       1.101872235055e-02       2.335617109557e+04 
       1.114776396373e-02       2.344711761839e+04 
       1.127684531165e-02       2.353528676565e+04 
       1.140596590543e-02       2.362075054377e+04 
       1.153512529811e-02       2.370352465875e+04 
       1.166432308289e-02       2.378364904941e+04 
       1.179355889146e-02       2.386115039233e+04 
       1.192283239254e-02       2.393607176563e+04 
       1.205214329042e-02       2.400841636503e+04 
       1.218149132367e-02       2.407823870721e+04 
       1.231087626389e-02       2.414554413482e+04 
       1.244029791461e-02       2.421041623458e+04 
       1.256975611023e-02       2.427282843025e+04 
       1.269925071500e-02       2.433283153488e+04 
       1.282878162218e-02       2.439046005992e+04 
       1.295834875312e-02       2.444573004024e+04 
       1.308795205655e-02       2.449866265172e+04 
       1.321759150781e-02       2.454932513567e+04 
       1.334726710822e-02       2.459770374367e+04 
       1.347697888444e-02       2.464384761578e+04 
       1.360672688790e-02       2.468777554324e+04 
       1.373651119431e-02       2.472953250218e+04 
       1.386633190316e-02       2.476911416519e+04 
       1.399618913729e-02       2.480657994658e+04 
       1.412608304250e-02       2.484193194895e+04 
       1.425601378718e-02       2.487521250021e+04 
       1.438598156201e-02       2.490644070702e+04 
       1.451598657963e-02       2.493565213068e+04 
       1.464602907444e-02       2.496284924774e+04 
       1.477610930232e-02       2.498808217514e+04 
       1.490622754044e-02       2.501135578529e+04 
       1.503638408714e-02       2.503271441652e+04 
       1.516657926171e-02       2.505218482196e+04 
       1.529681340433e-02       2.506975358736e+04 
       1.542708687596e-02       2.508549155542e+04 
       1.555740005827e-02       2.509939074431e+04 
       1.568775335357e-02       2.511151121221e+04 
       1.581814718483e-02       2.512183619439e+04 
       1.594858199567e-02       2.513041564624e+04 
       1.607905825033e-02       2.513725593519e+04 
       1.620957643377e-02       2.514239896641e+04 
       1.634013705169e-02       2.514584198535e+04 
       1.647074063063e-02       2.514764505449e+04 
       1.660138771805e-02       2.514780744714e+04 
       1.673207888246e-02       2.514635406731e+04 
       1.686281471355e-02       2.514329290310e+04 
       1.699359582231e-02       2.513867689863e+04 
       1.712442284127e-02       2.513250386145e+04 
       1.725529642460e-02       2.512481285247e+04 
       1.738621724839e-02       2.511560360272e+04 
       1.751718601082e-02       2.510493680637e+04 
       1.764820343242e-02       2.509276721564e+04 
       1.777927025631e-02       2.507919536816e+04 
       1.791038724849e-02       2.506419251553e+04 
       1.804155519811e-02       2.504778288998e+04 
       1.817277491778e-02       2.503000471248e+04 
       1.830404724390e-02       2.501086647895e+04 
       1.843537303697e-02       2.499039596255e+04 
       1.856675318198e-02       2.496858875832e+04 
       1.869818858876e-02       2.494553311592e+04 
       1.882968019237e-02       2.492117101927e+04 
       1.896122895351e-02       2.489555201474e+04 
       1.909283585892e-02       2.486868797469e+04 
       1.922450192186e-02       2.484062155213e+04 
       1.935622818255e-02       2.481136936949e+04 
       1.948801570862e-02       2.478094276528e+04 
       1.961986559565e-02       2.474932794361e+04 
       1.975177896762e-02       2.471657041658e+04 
       1.988375697753e-02       2.468272349209e+04 
       2.001580080784e-02       2.464773262478e+04 
       2.014791167115e-02       2.461168964783e+04 
       2.028009081069e-02       2.457457505800e+04 
       2.041233950101e-02       2.453642621613e+04 
       2.054465904855e-02       2.449721802327e+04 
       2.067705079233e-02       2.445700797285e+04 
       2.080951610460e-02       2.441581836871e+04 
       2.094205639155e-02       2.437360869267e+04 
       2.107467309401e-02       2.433047819598e+04 
       2.120736768821e-02       2.428640821071e+04 
       2.134014168653e-02       2.424142603034e+04 
       2.147299663829e-02       2.419547968983e+04 
       2.160593413056e-02       2.414870759907e+04 
       2.173895578904e-02       2.410101700099e+04 
       2.187206327885e-02       2.405245904240e+04 
       2.200525830548e-02       2.400311171300e+04 
       2.213854261571e-02       2.395293596204e+04 
       2.227191799853e-02       2.390190191783e+04 
       2.240538628614e-02       2.385011202211e+04 
       2.253894935496e-02       2.379750297174e+04 
       2.267260912666e-02       2.374419222629e+04 
       2.280636756925e-02       2.369015685395e+04 
       2.294022669818e-02       2.363531672635e+04 
       2.307418857748e-02       2.357978933522e+04 
       2.320825532094e-02       2.352358580810e+04 
       2.334242909333e-02       2.346660013544e+04 
       2.347671211165e-02       2.340908109281e+04 
       2.361110664642e-02       2.335078662989e+04 
       2.374561502302e-02       2.329197284534e+04 
       2.388023962307e-02       2.323246672120e+04 
       2.401498288583e-02       2.317234337920e+04 
       2.414984730968e-02       2.311166517895e+04 
       2.428483545364e-02       2.305033553210e+04 
       2.441994993891e-02       2.298850013379e+04 
       2.455519345051e-02       2.292602868882e+04 
       2.469056873889e-02       2.286310347357e+04 
       2.482607862172e-02       2.279957900580e+04 
       2.496172598560e-02       2.273554666949e+04 
       2.509751378791e-02       2.267105668348e+04 
       2.523344505872e-02       2.260608257556e+04 
       2.536952290273e-02       2.254056959363e+04 
       2.550575050128e-02       2.247463858707e+04 
       2.564213111445e-02       2.240823168569e+04 
       2.577866808322e-02       2.234137462078e+04 
       2.591536483166e-02       2.227407304538e+04 
       2.605222486931e-02       2.220641789236e+04 
       2.618925179349e-02       2.213834514718e+04 
       2.632644929182e-02       2.206986800733e+04 
       2.646382114472e-02       2.200095379047e+04 
       2.660137122812e-02       2.193168950337e+04 
       2.673910351610e-02       2.186213896959e+04 
       2.687702208383e-02       2.179219946383e+04 
       2.701513111041e-02       2.172194817882e+04 
       2.715343488193e-02       2.165131446875e+04 
       2.729193779465e-02       2.158042233027e+04 
       2.743064435821e-02       2.150914074257e+04 
       2.756955919902e-02       2.143766931154e+04 
       2.770868706380e-02       2.136586943374e+04 
       2.784803282314e-02       2.129376320979e+04 
       2.798760147532e-02       2.122145492105e+04 
       2.812739815019e-02       2.114886358121e+04 
       2.826742811325e-02       2.107603940555e+04 
       2.840769676982e-02       2.100295441554e+04 
       2.854820966945e-02       2.092964092903e+04 
       2.868897251043e-02       2.085613784836e+04 
       2.882999114452e-02       2.078243003264e+04 
       2.897127158185e-02       2.070848026390e+04 
       2.911281999599e-02       2.063440060712e+04 
       2.925464272929e-02       2.056011365111e+04 
       2.939674629837e-02       2.048565494850e+04 
       2.953913739985e-02       2.041102939826e+04 
       2.968182291629e-02       2.033625107908e+04 
       2.982480992247e-02       2.026129468881e+04 
       2.996810569181e-02       2.018623710181e+04 
       3.011171770311e-02       2.011101321470e+04 
       3.025565364761e-02       2.003569199193e+04 
       3.039992143628e-02       1.996023043492e+04 
       3.054452920747e-02       1.988468624174e+04 
       3.068948533490e-02       1.980902037188e+04 
       3.083479843595e-02       1.973324348204e+04 
       3.098047738036e-02       1.965739463451e+04 
       3.112653129928e-02       1.958141349564e+04 
       3.127296959478e-02       1.950541148630e+04 
       3.141980194972e-02       1.942936354047e+04 
       3.156703833815e-02       1.935321804877e+04 
       3.171468903609e-02       1.927697092833e+04 
       3.186276463290e-02       1.920073130084e+04 
       3.201127604318e-02       1.912443707217e+04 
       3.216023451913e-02       1.904805922777e+04 
       3.230965166365e-02       1.897166214994e+04 
       3.245953944395e-02       1.889530660921e+04 
       3.260991020588e-02       1.881881153857e+04 
       3.276077668900e-02       1.874243153454e+04 
       3.291215204229e-02       1.866589907261e+04 
       3.306404984076e-02       1.858941096236e+04 
       3.321648410285e-02       1.851284918968e+04 
       3.336946930874e-02       1.843632340196e+04 
       3.352302041955e-02       1.835985535244e+04 
       3.367715289766e-02       1.828336515040e+04 
       3.383188272800e-02       1.820688885198e+04 
       3.398722644050e-02       1.813042008435e+04 
       3.414320113378e-02       1.805392520877e+04 
       3.429982450014e-02       1.797745558296e+04 
       3.445711485187e-02       1.790103300280e+04 
       3.461509114906e-02       1.782467642315e+04 
       3.477377302901e-02       1.774825953870e+04 
       3.493318083728e-02       1.767196536468e+04 
       3.509333566049e-02       1.759559066111e+04 
       3.525425936115e-02       1.751938999750e+04 
       3.541597461441e-02       1.744314829466e+04 
       3.557850494710e-02       1.736694272598e+04 
       3.574187477908e-02       1.729077683637e+04 
       3.590610946714e-02       1.721465777196e+04 
       3.607123535156e-02       1.713861833535e+04 
       3.623727980567e-02       1.706253988056e+04 
       3.640427128851e-02       1.698656378873e+04 
       3.657223940080e-02       1.691067377426e+04 
       3.674121494466e-02       1.683474529836e+04 
       3.691122998720e-02       1.675892461427e+04 
       3.708231792833e-02       1.668313697957e+04 
       3.725451357316e-02       1.660736389990e+04 
       3.742785320940e-02       1.653171442018e+04 
       3.760237469003e-02       1.645601741890e+04 
       3.777811752183e-02       1.638041195676e+04 
       3.795512296026e-02       1.630485143380e+04 
       3.813343411107e-02       1.622934138858e+04 
       3.831309603944e-02       1.615388388176e+04 
       3.849415588720e-02       1.607841084464e+04 
       3.867666299887e-02       1.600302257704e+04 
       3.886066905731e-02       1.592765711456e+04 
       3.904622822994e-02       1.585232027330e+04 
       3.923339732639e-02       1.577704686147e+04 
       3.942223596885e-02       1.570176982958e+04 
       3.961280677611e-02       1.562656732522e+04 
       3.980517556291e-02       1.555132751039e+04 
       3.999941155583e-02       1.547610356394e+04 
       4.019558762765e-02       1.540093726839e+04 
       4.039378055195e-02       1.532573104944e+04 
       4.059407128001e-02       1.525063970237e+04 
       4.079654524255e-02       1.517540378309e+04 
       4.100129267884e-02       1.510019607614e+04 
       4.120840899625e-02       1.502501313583e+04 
       4.141799516365e-02       1.494975490164e+04 
       4.163015814244e-02       1.487452956699e+04 
       4.184501135969e-02       1.479920177842e+04 
       4.206267522824e-02       1.472388599641e+04 
       4.228327771939e-02       1.464847635523e+04 
       4.250695499477e-02       1.457302218326e+04 
       4.273385210453e-02       1.449752113287e+04 
       4.296412376049e-02       1.442188633335e+04 
       4.319793519382e-02       1.434621293627e+04 
       4.343546310847e-02       1.427039372781e+04 
       4.367689674325e-02       1.419445647411e+04 
       4.392243905758e-02       1.411836098113e+04 
       4.417230805817e-02       1.404213548422e+04 
       4.442673828693e-02       1.396574427554e+04 
       4.468598249379e-02       1.388913163397e+04 
       4.495031352215e-02       1.381233908755e+04 
       4.522002643940e-02       1.373533876479e+04 
       4.549544095131e-02       1.365808752579e+04 
       4.577690414545e-02       1.358056090984e+04 
       4.606479361799e-02       1.350269778638e+04 
       4.635952104836e-02       1.342462050738e+04 
       4.666153629881e-02       1.334609248815e+04 
       4.697133213196e-02       1.326724421958e+04 
       4.728944965790e-02       1.318790630609e+04 
       4.761648464675e-02       1.310816253790e+04 
       4.795309487133e-02       1.302785467922e+04 
       4.830000868154e-02       1.294703435844e+04 
       4.865803505757e-02       1.286559273456e+04 
       4.902807544636e-02       1.278349105986e+04 
       4.941113775837e-02       1.270065715203e+04 
       4.980835299294e-02       1.261701869899e+04 
       5.022099507688e-02       1.253253115771e+04 
       5.065050464876e-02       1.244701163769e+04 
       5.109851770965e-02       1.236041848487e+04 
       5.156690030137e-02       1.227264462967e+04 
       5.205779067885e-02       1.218351181817e+04 
       5.257365082993e-02       1.209286487589e+04 
       5.311732968100e-02       1.200045535940e+04 
       5.369214092393e-02       1.190613361670e+04 
       5.430195911207e-02       1.180961125307e+04 
       5.495133847416e-02       1.171039228785e+04 
       5.564565969140e-02       1.160816011619e+04 
       5.639131043958e-02       1.150238367457e+04 
       5.719590529232e-02       1.139236582836e+04 
       5.806854853490e-02       1.127716508183e+04 
       5.902013743608e-02       1.115556853879e+04 
       6.006368964709e-02       1.102613519494e+04 
       6.121464990398e-02       1.088672618186e+04 
       6.249107794227e-02       1.073461158189e+04 
       6.391353023786e-02       1.056608589364e+04 
       6.550432246560e-02       1.037627506195e+04 
       6.728574151253e-02       1.015916983179e+04 
       6.927681384056e-02       9.907661710768e+03 
       7.148870969837e-02       9.614565430400e+03 
       7.391996623318e-02       9.274430714237e+03 
       7.655394347105e-02       8.885868558615e+03 
       7.936077442088e-02       8.453802216916e+03 
       8.230359393648e-02       7.989892929953e+03 
       8.534594433180e-02       7.510946307755e+03 
       8.845699352255e-02       7.035843669073e+03 
       9.161343271949e-02       6.582563542241e+03 
       9.479896209041e-02       6.165661932017e+03 
       9.800276289601e-02       5.795158709564e+03 
       1.012178933966e-01       5.475928454663e+03 
       1.044399939280e-01       5.208430573411e+03 
       1.076663627138e-01       4.989108190000e+03 
       1.108953390283e-01       4.811492476455e+03 
       1.141259070711e-01       4.667070007552e+03 
       1.173574473029e-01       4.546217220116e+03 
       1.205895824538e-01       4.439089987089e+03 
       1.238220829370e-01       4.336505863672e+03 
       1.270548090333e-01       4.230673715794e+03 
       1.302876756583e-01       4.115899245597e+03 
       1.335206309277e-01       3.988869911022e+03 
       1.367536431311e-01       3.848904735484e+03 
       1.399866928201e-01       3.697473316352e+03 
       1.432197680038e-01       3.538078216605e+03 
       1.464528612321e-01       3.375147192450e+03 
       1.496859678241e-01       3.213743022108e+03 
       1.529190847916e-01       3.058701926497e+03 
       1.561522101855e-01       2.914132789172e+03 
       1.593853426973e-01       2.783058070401e+03 
       1.626184814170e-01       2.667328217276e+03 
       1.658516256852e-01       2.567457737645e+03 
       1.690847750022e-01       2.482852176770e+03 
       1.723179289729e-01       2.411916141315e+03 
       1.755510872715e-01       2.352314764360e+03 
       1.787842496213e-01       2.301226390703e+03 
       1.820174157798e-01       2.255658282216e+03 
       1.852505855312e-01       2.213039214705e+03 
       1.884837586798e-01       2.170684966544e+03 
       1.917169350470e-01       2.126167554810e+03 
       1.949501144679e-01       2.077919968361e+03 
       1.981832967899e-01       2.025256770986e+03 
       2.014164818708e-01       1.968245081159e+03 
       2.046496695782e-01       1.907679833845e+03 
       2.078828597881e-01       1.844879572376e+03 
       2.111160523843e-01       1.781384328861e+03 
       2.143492472580e-01       1.718761782341e+03 
       2.175824443066e-01       1.658499037011e+03 
       2.208156434341e-01       1.601714493287e+03 
       2.240488445496e-01       1.549287204850e+03 
       2.272820475677e-01       1.501687046365e+03 
       2.305152524077e-01       1.459131502761e+03 
       2.337484589936e-01       1.421483248161e+03 
       2.369816672535e-01       1.388317053732e+03 
       2.402148771191e-01       1.358948347316e+03 
       2.434480885262e-01       1.332537565289e+03 
       2.466813014138e-01       1.308093344252e+03 
       2.499145157239e-01       1.284711438704e+03 
       2.531477314018e-01       1.261519976882e+03 
       2.563809483954e-01       1.237890011519e+03 
       2.596141666553e-01       1.213371434820e+03 
       2.628473861343e-01       1.187760427861e+03 
       2.660806067879e-01       1.161047641651e+03 
       2.693138285734e-01       1.133363072257e+03 
       2.725470514503e-01       1.105018165923e+03 
       2.757802753801e-01       1.076408933716e+03 
       2.790135003258e-01       1.048042284615e+03 
       2.822467262524e-01       1.020371800651e+03 
       2.854799531265e-01       9.938620637534e+02 
       2.887131809159e-01       9.688510572556e+02 
       2.919464095900e-01       9.455510875623e+02 
       2.951796391198e-01       9.240499343082e+02 
       2.984128694771e-01       9.042807228773e+02 
       3.016461006353e-01       8.860955787377e+02 
       3.048793325687e-01       8.692899125957e+02 
       3.081125652528e-01       8.535752564367e+02 
       3.113457986642e-01       8.386865080045e+02 
       3.145790327801e-01       8.243633493993e+02 
       3.178122675791e-01       8.103454257350e+02 
       3.210455030404e-01       7.963970634297e+02 
       3.242787391441e-01       7.823503802483e+02 
       3.275119758711e-01       7.680948573202e+02 
       3.307452132030e-01       7.536051595183e+02 
       3.339784511221e-01       7.389090806799e+02 
       3.372116896115e-01       7.241028618866e+02 
       3.404449286549e-01       7.093357175136e+02 
       3.436781682365e-01       6.947351050208e+02 
       3.469114083413e-01       6.804317635692e+02 
       3.501446489546e-01       6.665305846937e+02 
       3.533778900625e-01       6.531252310344e+02 
       3.566111316514e-01       6.403278884610e+02 
       3.598443737083e-01       6.281504275473e+02 
       3.630776162207e-01       6.166163877157e+02 
       3.663108591764e-01       6.057141488705e+02 
       3.695441025637e-01       5.953791650774e+02 
       3.727773463715e-01       5.855288746410e+02 
       3.760105905887e-01       5.760652425852e+02 
       3.792438352049e-01       5.668939081544e+02 
       3.824770802098e-01       5.579134434735e+02 
       3.857103255938e-01       5.490670936118e+02 
       3.889435713473e-01       5.403000598723e+02 
       3.921768174610e-01       5.315889358423e+02 
       3.954100639263e-01       5.229127236921e+02 
       3.986433107344e-01       5.142785660814e+02 
       4.018765578770e-01       5.056713767378e+02 
       4.051098053461e-01       4.971446341995e+02 
       4.083430531340e-01       4.887091201090e+02 
       4.115763012330e-01       4.804197425583e+02 
       4.148095496360e-01       4.723074717937e+02 
       4.180427983357e-01       4.644124974672e+02 
       4.212760473253e-01       4.567579522909e+02 
       4.245092965983e-01       4.493488742820e+02 
       4.277425461481e-01       4.421871814009e+02 
       4.309757959684e-01       4.352629784068e+02 
       4.342090460533e-01       4.285673476168e+02 
       4.374422963968e-01       4.220952809144e+02 
       4.406755469933e-01       4.158125919712e+02 
       4.439087978371e-01       4.097081626614e+02 
       4.471420489229e-01       4.037649827616e+02 
       4.503753002454e-01       3.979478887619e+02 
       4.536085517997e-01       3.922307188439e+02 
       4.568418035806e-01       3.865936497454e+02 
       4.600750555835e-01       3.810223744569e+02 
       4.633083078037e-01       3.755164884838e+02 
       4.665415602367e-01       3.700690072341e+02 
       4.697748128779e-01       3.646882697258e+02 
       4.730080657233e-01       3.593807315488e+02 
       4.762413187685e-01       3.541528967126e+02 
       4.794745720095e-01       3.490047696054e+02 
       4.827078254424e-01       3.439515052578e+02 
       4.859410790634e-01       3.390041648619e+02 
       4.891743328686e-01       3.341626352468e+02 
       4.924075868545e-01       3.294502145919e+02 
       4.956408410175e-01       3.248654827588e+02 
       4.988740953541e-01       3.203954447044e+02 
       5.021073498610e-01       3.160490611127e+02 
       5.053406045350e-01       3.118137470646e+02 
       5.085738593727e-01       3.076660873625e+02 
       5.118071143711e-01       3.036023313908e+02 
       5.150403695272e-01       2.996127080146e+02 
       5.182736248380e-01       2.957030190247e+02 
       5.215068803006e-01       2.918591020225e+02 
       5.247401359122e-01       2.880747734735e+02 
       5.279733916701e-01       2.843399412743e+02 
       5.312066475715e-01       2.806633995201e+02 
       5.344399036139e-01       2.770190635852e+02 
       5.376731597947e-01       2.734346219591e+02 
       5.409064161115e-01       2.699024206915e+02 
       5.441396725617e-01       2.664273227141e+02 
       5.473729291430e-01       2.630186490673e+02 
       5.506061858531e-01       2.596748801894e+02 
       5.538394426898e-01       2.563910171448e+02 
       5.570726996508e-01       2.531713253867e+02 
       5.603059567340e-01       2.500105837704e+02 
       5.635392139372e-01       2.469168175062e+02 
       5.667724712585e-01       2.438764598345e+02 
       5.700057286957e-01       2.408953398595e+02 
       5.732389862469e-01       2.379812088815e+02 
       5.764722439103e-01       2.351109442925e+02 
       5.797055016838e-01       2.322995890242e+02 
       5.829387595658e-01       2.295324790877e+02 
       5.861720175543e-01       2.268098277659e+02 
       5.894052756476e-01       2.241278898200e+02 
       5.926385338440e-01       2.214897900092e+02 
       5.958717921419e-01       2.188844437179e+02 
       5.991050505395e-01       2.163259085606e+02 
       6.023383090353e-01       2.138054759121e+02 
       6.055715676276e-01       2.113242586958e+02 
       6.088048263150e-01       2.088791865981e+02 
       6.120380850959e-01       2.064692622084e+02 
       6.152713439689e-01       2.040852111513e+02 
       6.185046029325e-01       2.017510588367e+02 
       6.217378619853e-01       1.994527051769e+02 
       6.249711211258e-01       1.971962389708e+02 
       6.282043803528e-01       1.949751092863e+02 
       6.314376396649e-01       1.927890448273e+02 
       6.346708990608e-01       1.906462506767e+02 
       6.379041585393e-01       1.885295334295e+02 
       6.411374180990e-01       1.864488923091e+02 
       6.443706777388e-01       1.844054841321e+02 
       6.476039374574e-01       1.823904039213e+02 
       6.508371972537e-01       1.804086664661e+02 
       6.540704571264e-01       1.784580045036e+02 
       6.573037170746e-01       1.765356952323e+02 
       6.605369770971e-01       1.746442759730e+02 
       6.637702371927e-01       1.727709524373e+02 
       6.670034973604e-01       1.709316795572e+02 
       6.702367575993e-01       1.691104917642e+02 
       6.734700179081e-01       1.673240331639e+02 
       6.767032782860e-01       1.655573994483e+02 
       6.799365387320e-01       1.638237003022e+02 
       6.831697992450e-01       1.621113526317e+02 
       6.864030598242e-01       1.604216346747e+02 
       6.896363204686e-01       1.587600197285e+02 
       6.928695811772e-01       1.571159285336e+02 
       6.961028419493e-01       1.555025307224e+02 
       6.993361027838e-01       1.539078360232e+02 
       7.025693636800e-01       1.523403403922e+02 
       7.058026246370e-01       1.507975911202e+02 
       7.090358856539e-01       1.492766082106e+02 
       7.122691467300e-01       1.477739836131e+02 
       7.155024078644e-01       1.462957112175e+02 
       7.187356690564e-01       1.448325430789e+02 
       7.219689303051e-01       1.433942283101e+02 
       7.252021916099e-01       1.419730389136e+02 
       7.284354529699e-01       1.405748323210e+02 
       7.316687143845e-01       1.391953957717e+02 
       7.349019758528e-01       1.378343608400e+02 
       7.381352373743e-01       1.364904813586e+02 
       7.413684989481e-01       1.351633498489e+02 
       7.446017605737e-01       1.338581679924e+02 
       7.478350222504e-01       1.325620127970e+02 
       7.510682839774e-01       1.312917023217e+02 
       7.543015457541e-01       1.300334840769e+02 
       7.575348075800e-01       1.287952550034e+02 
       7.607680694543e-01       1.275718909837e+02 
       7.640013313765e-01       1.263664172209e+02 
       7.672345933459e-01       1.251733717129e+02 
       7.704678553620e-01       1.239983532860e+02 
       7.737011174242e-01       1.228371457838e+02 
       7.769343795318e-01       1.216932104918e+02 
       7.801676416844e-01       1.205667063993e+02 
       7.834009038813e-01       1.194514278280e+02 
       7.866341661220e-01       1.183497450472e+02 
       7.898674284061e-01       1.172648966390e+02 
       7.931006907328e-01       1.161908869500e+02 
       7.963339531018e-01       1.151340000003e+02 
       7.995672155126e-01       1.140840643583e+02 
       8.028004779645e-01       1.130514437096e+02 
       8.060337404571e-01       1.120356973440e+02 
       8.092670029900e-01       1.110301835190e+02 
       8.125002655626e-01       1.100369523840e+02 
       8.157335281745e-01       1.090527038909e+02 
       8.189667908251e-01       1.080810033485e+02 
       8.222000535141e-01       1.071240033690e+02 
       8.254333162411e-01       1.061764485370e+02 
       8.286665790054e-01       1.052416349574e+02 
       8.318998418068e-01       1.043188604244e+02 
       8.351331046447e-01       1.034085540855e+02 
       8.383663675188e-01       1.025093398922e+02 
       8.415996304287e-01       1.016198064223e+02 
       8.448328933738e-01       1.007380089178e+02 
       8.480661563539e-01       9.987248367908e+01 
       8.512994193685e-01       9.901381581911e+01 
       8.545326824173e-01       9.816632666101e+01 
       8.577659454997e-01       9.732643615214e+01 
       8.609992086156e-01       9.650125498300e+01 
       8.642324717644e-01       9.568270068523e+01 
       8.674657349459e-01       9.487378708834e+01 
       8.706989981596e-01       9.407703710777e+01 
       8.739322614052e-01       9.328549865397e+01 
       8.771655246823e-01       9.250450543345e+01 
       8.803987879907e-01       9.173542505209e+01 
       8.836320513299e-01       9.097374160896e+01 
       8.868653146996e-01       9.022020343281e+01 
       8.900985780995e-01       8.947800510147e+01 
       8.933318415292e-01       8.874103473817e+01 
       8.965651049885e-01       8.801221093287e+01 
       8.997983684769e-01       8.729052019426e+01 
       9.030316319943e-01       8.657902885517e+01 
       9.062648955403e-01       8.587742065562e+01 
       9.094981591145e-01       8.518317442740e+01 
       9.127314227167e-01       8.449501656349e+01 
       9.159646863466e-01       8.381527451077e+01 
       9.191979500039e-01       8.314376217798e+01 
       9.224312136883e-01       8.247800815903e+01 
       9.256644773995e-01       8.182080429410e+01 
       9.288977411372e-01       8.116971733915e+01 
       9.321310049012e-01       8.052755206180e+01 
       9.353642686912e-01       7.989192689328e+01 
       9.385975325069e-01       7.926689046119e+01 
       9.418307963481e-01       7.864306327304e+01 
       9.450640602144e-01       7.802984808635e+01 
       9.482973241057e-01       7.741932176376e+01 
       9.515305880216e-01       7.681840027861e+01 
       9.547638519620e-01       7.622211747070e+01 
       9.579971159266e-01       7.563352134201e+01 
       9.612303799151e-01       7.505140193327e+01 
       9.644636439272e-01       7.447503808427e+01 
       9.676969079629e-01       7.390780294901e+01 
       9.709301720217e-01       7.334420559163e+01 
       9.741634361036e-01       7.278326835635e+01 
       9.773967002082e-01       7.223145526542e+01 
       9.806299643354e-01       7.168410417784e+01 
       9.838632284848e-01       7.114315727527e+01 
       9.870964926564e-01       7.060989079085e+01 
       9.903297568498e-01       7.008192995499e+01 
       9.935630210649e-01       6.955625817084e+01 
       9.967962853014e-01       6.904010523105e+01 
       1.000029549559e+00       6.852455048333e+01 
       1.003262813838e+00       6.801637648437e+01 
       1.006496078138e+00       6.751372920837e+01 
       1.009729342458e+00       6.701579240476e+01 
       1.012962606799e+00       6.652510227265e+01 
       1.016195871160e+00       6.603905499807e+01 
       1.019429135541e+00       6.555628595013e+01 
       1.022662399942e+00       6.507940140528e+01 
       1.025895664362e+00       6.460639479287e+01 
       1.029128928802e+00       6.413739630823e+01 
       1.032362193261e+00       6.367462318470e+01 
       1.035595457740e+00       6.321620994794e+01 
       1.038828722237e+00       6.276357393716e+01 
       1.042061986753e+00       6.231427223277e+01 
       1.045295251288e+00       6.186882208377e+01 
       1.048528515841e+00       6.143004587546e+01 
       1.051761780413e+00       6.099212489724e+01 
       1.054995045002e+00       6.056179900541e+01 
       1.058228309610e+00       6.013380024436e+01 
       1.061461574235e+00       5.970878299625e+01 
       1.064694838877e+00       5.929015444710e+01 
       1.067928103538e+00       5.887490468645e+01 
       1.071161368215e+00       5.846395709845e+01 
       1.074394632910e+00       5.805670963165e+01 
       1.077627897621e+00       5.765300849308e+01 
       1.080861162349e+00       5.725395168849e+01 
       1.084094427094e+00       5.685769660151e+01 
       1.087327691856e+00       5.646695465502e+01 
       1.090560956634e+00       5.607932069771e+01 
       1.093794221428e+00       5.569477382372e+01 
       1.097027486238e+00       5.531486218826e+01 
       1.100260751064e+00       5.493695021910e+01 
       1.103494015906e+00       5.456427304104e+01 
       1.106727280763e+00       5.419297998399e+01 
       1.109960545636e+00       5.382706581486e+01 
       1.113193810524e+00       5.346565781884e+01 
       1.116427075428e+00       5.310456446588e+01 
       1.119660340347e+00       5.274872118751e+01 
       1.122893605280e+00       5.239695544933e+01 
       1.126126870229e+00       5.204546203345e+01 
       1.129360135192e+00       5.169916451840e+01 
       1.132593400170e+00       5.135582666003e+01 
       1.135826665162e+00       5.101707772042e+01 
       1.139059930169e+00       5.067913715497e+01 
       1.142293195190e+00       5.034583098299e+01 
       1.145526460225e+00       5.001648292100e+01 
       1.148759725274e+00       4.968746663227e+01 
       1.151992990337e+00       4.936394665554e+01 
       1.155226255414e+00       4.904128661711e+01 
       1.158459520504e+00       4.872148518532e+01 
       1.161692785608e+00       4.840574919162e+01 
       1.164926050725e+00       4.809221194451e+01 
       1.168159315855e+00       4.778216984679e+01 
       1.171392580999e+00       4.747562852295e+01 
       1.174625846156e+00       4.717046813040e+01 
       1.177859111326e+00       4.686771284328e+01 
       1.181092376508e+00       4.657037403444e+01 
       1.184325641704e+00       4.627104584108e+01 
       1.187558906912e+00       4.597729396824e+01 
       1.190792172132e+00       4.568590995054e+01 
       1.194025437365e+00       4.539805410997e+01 
       1.197258702611e+00       4.511113076167e+01 
       1.200491967868e+00       4.482778757893e+01 
       1.203725233138e+00       4.454535978544e+01 
       1.206958498420e+00       4.426592287368e+01 
       1.210191763714e+00       4.399014935814e+01 
       1.213425029019e+00       4.371660948270e+01 
       1.216658294337e+00       4.344389396666e+01 
       1.219891559666e+00       4.317459191754e+01 
       1.223124825006e+00       4.290755497170e+01 
       1.226358090359e+00       4.264281807184e+01 
       1.229591355722e+00       4.238093493403e+01 
       1.232824621097e+00       4.211913848086e+01 
       1.236057886483e+00       4.186212378192e+01 
       1.239291151880e+00       4.160484695803e+01 
       1.242524417289e+00       4.135250677565e+01 
       1.245757682708e+00       4.110048837749e+01 
       1.248990948138e+00       4.085220274248e+01 
       1.252224213579e+00       4.060369958596e+01 
       1.255457479030e+00       4.035805071811e+01 
       1.258690744492e+00       4.011570061143e+01 
       1.261924009965e+00       3.987333913287e+01 
       1.265157275448e+00       3.963458133095e+01 
       1.268390540942e+00       3.939699389411e+01 
       1.271623806446e+00       3.916173547188e+01 
       1.274857071960e+00       3.892866407480e+01 
       1.278090337484e+00       3.869777546424e+01 
       1.281323603018e+00       3.846842774071e+01 
       1.284556868563e+00       3.823980261874e+01 
       1.287790134117e+00       3.801466488890e+01 
       1.291023399681e+00       3.779051995504e+01 
       1.294256665255e+00       3.756881390497e+01 
       1.297489930838e+00       3.734827935135e+01 
       1.300723196431e+00       3.712998677172e+01 
       1.303956462034e+00       3.691306275690e+01 
       1.307189727646e+00       3.669778454758e+01 
       1.310422993268e+00       3.648486220609e+01 
       1.313656258899e+00       3.627354253149e+01 
       1.316889524539e+00       3.606407374872e+01 
       1.320122790188e+00       3.585575612856e+01 
       1.323356055847e+00       3.564995458779e+01 
       1.326589321514e+00       3.544533238475e+01 
       1.329822587191e+00       3.524138671206e+01 
       1.333055852877e+00       3.503974351811e+01 
       1.336289118571e+00       3.483966587564e+01 
       1.339522384274e+00       3.464108920441e+01 
       1.342755649986e+00       3.444532132817e+01 
       1.345988915707e+00       3.425025828451e+01 
       1.349222181436e+00       3.405661166299e+01 
       1.352455447174e+00       3.386434361192e+01 
       1.355688712920e+00       3.367344056483e+01 
       1.358921978675e+00       3.348460229520e+01 
       1.362155244438e+00       3.329570188461e+01 
       1.365388510209e+00       3.310943542920e+01 
       1.368621775989e+00       3.292447823470e+01 
       1.371855041777e+00       3.274250305128e+01 
       1.375088307573e+00       3.256015510199e+01 
       1.378321573377e+00       3.237875283419e+01 
       1.381554839189e+00       3.219968242598e+01 
       1.384788105009e+00       3.202243479759e+01 
       1.741861438593e+00       1.850890197104e+01 
       2.192852521009e+00       1.058158436799e+01 
       2.760637707040e+00       6.001200744721e+00 
       3.475436962130e+00       3.378542571594e+00 
       4.375315908714e+00       1.889554825379e+00 
       5.508196382108e+00       1.050391588266e+00 
       6.934408398588e+00       5.806737202665e-01 
       8.729902948741e+00       3.194051433739e-01 
       1.099029666467e+01       1.748613067713e-01 
       1.383596375431e+01       9.531322180307e-02 
       1.741844636696e+01       5.174475444530e-02 
       2.192852476534e+01       2.798460691163e-02 
       2.760637707024e+01       1.507942215731e-02 
       3.475436962130e+01       8.096536950298e-03 
       4.375315908714e+01       4.331518050363e-03 
       5.508196382108e+01       2.308490203405e-03 
       6.934408398588e+01       1.225035051222e-03 
       8.729902948741e+01       6.468105903460e-04 
       1.099029666467e+02       3.393097661960e-04 
