# Matter power spectrum P(k) at redshift z=0
# for k=1.03892e-05 to 108.968 h/Mpc,
# number of wavenumbers equal to 813
#    1:k (h/Mpc)              2:P (Mpc/h)^3        
       1.038922642939e-05       5.107910230445e+01 
       2.321812845777e-05       1.107073466797e+02 
       3.609173375949e-05       1.692191035193e+02 
       4.904439972293e-05       2.272714052640e+02 
       6.211104703766e-05       2.852332147126e+02 
       7.532746857054e-05       3.433781181187e+02 
       8.873064803662e-05       4.019381765188e+02 
       1.023590926717e-04       4.611258593950e+02 
       1.162531841463e-04       5.211452446117e+02 
       1.304555519933e-04       5.821987295265e+02 
       1.450114738307e-04       6.444916407459e+02 
       1.599693066034e-04       7.082357879319e+02 
       1.753809529045e-04       7.736524570533e+02 
       1.913023660834e-04       8.409751223320e+02 
       2.077940972269e-04       9.104520247826e+02 
       2.249218860767e-04       9.823487050778e+02 
       2.427572963652e-04       1.056950530065e+03 
       2.613783937036e-04       1.134565246420e+03 
       2.808704607789e-04       1.215525504237e+03 
       3.013267399005e-04       1.300191370655e+03 
       3.228491865167e-04       1.388952703365e+03 
       3.455492088079e-04       1.482231310134e+03 
       3.695483574944e-04       1.580482703009e+03 
       3.949789163030e-04       1.684197263081e+03 
       4.219843271272e-04       1.793900503749e+03 
       4.507193652352e-04       1.910152122627e+03 
       4.813499601652e-04       2.033543392030e+03 
       5.140525395271e-04       2.164692448305e+03 
       5.490127596148e-04       2.304236964921e+03 
       5.864234840096e-04       2.452823739009e+03 
       6.264818862127e-04       2.611094853864e+03 
       6.693855924581e-04       2.779670196877e+03 
       7.153278526981e-04       2.959126544598e+03 
       7.644918337246e-04       3.149973792795e+03 
       8.170442631527e-04       3.352629514774e+03 
       8.731288004716e-04       3.567393561925e+03 
       9.328596440384e-04       3.794424779835e+03 
       9.963159657110e-04       4.033722438078e+03 
       1.063537764317e-03       4.285114478228e+03 
       1.134523625953e-03       4.548254494844e+03 
       1.209230678886e-03       4.822628120073e+03 
       1.287576767588e-03       5.107568811591e+03 
       1.369444598904e-03       5.402265774731e+03 
       1.454687391583e-03       5.705811356282e+03 
       1.543135431286e-03       6.017264227836e+03 
       1.634602911679e-03       6.335620782587e+03 
       1.728894515035e-03       6.659867319130e+03 
       1.825811320086e-03       6.989004521841e+03 
       1.925155782401e-03       7.322066981496e+03 
       2.026735680812e-03       7.658138104857e+03 
       2.130367041837e-03       7.996360217604e+03 
       2.235876134908e-03       8.335941447163e+03 
       2.343100676070e-03       8.676157647566e+03 
       2.451890393792e-03       9.016352823870e+03 
       2.562107106469e-03       9.355937418114e+03 
       2.673624445201e-03       9.694384621836e+03 
       2.786327333995e-03       1.003122676855e+04 
       2.900111316992e-03       1.036605020554e+04 
       3.014881801364e-03       1.069849264353e+04 
       3.130553266383e-03       1.102823477087e+04 
       3.247048474339e-03       1.135500034919e+04 
       3.364297707344e-03       1.167854675528e+04 
       3.482238045183e-03       1.199866716266e+04 
       3.600812692879e-03       1.231517995598e+04 
       3.719970362018e-03       1.262793425237e+04 
       3.839664706618e-03       1.293679622460e+04 
       3.959853812268e-03       1.324165671588e+04 
       4.080499735881e-03       1.354242460460e+04 
       4.201568092653e-03       1.383902056151e+04 
       4.323027686457e-03       1.413138658544e+04 
       4.444850179783e-03       1.441946682263e+04 
       4.567009799409e-03       1.470323089671e+04 
       4.689483074174e-03       1.498264443379e+04 
       4.812248601458e-03       1.525769056864e+04 
       4.935286839263e-03       1.552836063112e+04 
       5.058579921044e-03       1.579464570423e+04 
       5.182111490760e-03       1.605654650959e+04 
       5.305866555835e-03       1.631407152250e+04 
       5.429831356000e-03       1.656722882792e+04 
       5.553993246208e-03       1.681603702622e+04 
       5.678340591997e-03       1.706050842630e+04 
       5.802862675902e-03       1.730067059007e+04 
       5.927549613644e-03       1.753655430119e+04 
       6.052392279003e-03       1.776820662469e+04 
       6.177382236385e-03       1.799559120110e+04 
       6.302511680230e-03       1.821875661984e+04 
       6.427773380501e-03       1.843776628923e+04 
       6.553160633584e-03       1.865262131131e+04 
       6.678667218001e-03       1.886324337415e+04 
       6.804287354430e-03       1.906991556965e+04 
       6.930015669548e-03       1.927255258217e+04 
       7.055847163317e-03       1.947120059784e+04 
       7.181777179324e-03       1.966588518957e+04 
       7.307801377880e-03       1.985664404042e+04 
       7.433915711576e-03       2.004353209896e+04 
       7.560116403057e-03       2.022657202569e+04 
       7.686399924782e-03       2.040580795627e+04 
       7.812762980579e-03       2.058127946602e+04 
       7.939202488810e-03       2.075302404806e+04 
       8.065715566993e-03       2.092107761102e+04 
       8.192299517746e-03       2.108548566161e+04 
       8.318951815908e-03       2.124628036588e+04 
       8.445670096748e-03       2.140350034596e+04 
       8.572452145146e-03       2.155718548456e+04 
       8.699295885663e-03       2.170738008823e+04 
       8.826199373408e-03       2.185411978681e+04 
       8.953160785648e-03       2.199743488728e+04 
       9.080178414077e-03       2.213736693720e+04 
       9.207250657696e-03       2.227397884693e+04 
       9.334376016246e-03       2.240727346098e+04 
       9.461553084149e-03       2.253730221796e+04 
       9.588780544910e-03       2.266410080615e+04 
       9.716057165945e-03       2.278770407991e+04 
       9.843381793799e-03       2.290814732407e+04 
       9.970753349712e-03       2.302548183802e+04 
       1.009817082553e-02       2.313972036318e+04 
       1.022563327988e-02       2.325091274230e+04 
       1.035313983469e-02       2.335908783446e+04 
       1.048068967188e-02       2.346426367631e+04 
       1.060828203033e-02       2.356652376867e+04 
       1.073591620312e-02       2.366587867552e+04 
       1.086359153481e-02       2.376231982461e+04 
       1.099130741913e-02       2.385594031533e+04 
       1.111906329662e-02       2.394676296048e+04 
       1.124685865257e-02       2.403476645470e+04 
       1.137469301507e-02       2.412004399090e+04 
       1.150256595319e-02       2.420262509858e+04 
       1.163047707528e-02       2.428249638144e+04 
       1.175842602739e-02       2.435974573378e+04 
       1.188641249182e-02       2.443436559538e+04 
       1.201443618576e-02       2.450639588947e+04 
       1.214249686003e-02       2.457586950565e+04 
       1.227059429786e-02       2.464282562748e+04 
       1.239872831385e-02       2.470728505051e+04 
       1.252689875292e-02       2.476926722328e+04 
       1.265510548940e-02       2.482881032177e+04 
       1.278334842612e-02       2.488596236234e+04 
       1.291162749359e-02       2.494072415814e+04 
       1.303994264930e-02       2.499315378398e+04 
       1.316829387699e-02       2.504325431770e+04 
       1.329668118602e-02       2.509107242915e+04 
       1.342510461074e-02       2.513661586381e+04 
       1.355356421003e-02       2.517993378832e+04 
       1.368206006672e-02       2.522103180885e+04 
       1.381059228718e-02       2.525997293628e+04 
       1.393916100088e-02       2.529673964152e+04 
       1.406776636002e-02       2.533138588467e+04 
       1.419640853919e-02       2.536394215932e+04 
       1.432508773506e-02       2.539443050700e+04 
       1.445380416611e-02       2.542285499575e+04 
       1.458255807237e-02       2.544926827746e+04 
       1.471134971523e-02       2.547368530220e+04 
       1.484017937721e-02       2.549613530119e+04 
       1.496904736186e-02       2.551664164315e+04 
       1.509795399360e-02       2.553522996327e+04 
       1.522689961757e-02       2.555192486152e+04 
       1.535588459964e-02       2.556675515374e+04 
       1.548490932627e-02       2.557973987709e+04 
       1.561397420449e-02       2.559090401536e+04 
       1.574307966191e-02       2.560027861559e+04 
       1.587222614672e-02       2.560788890469e+04 
       1.600141412769e-02       2.561373598922e+04 
       1.613064409423e-02       2.561785573052e+04 
       1.625991655648e-02       2.562028608069e+04 
       1.638923204534e-02       2.562103738662e+04 
       1.651859111263e-02       2.562013062437e+04 
       1.664799433120e-02       2.561761136397e+04 
       1.677744229502e-02       2.561346801640e+04 
       1.690693561941e-02       2.560776559026e+04 
       1.703647494116e-02       2.560046424173e+04 
       1.716606091875e-02       2.559161659254e+04 
       1.729569423256e-02       2.558127306251e+04 
       1.742537558506e-02       2.556941463324e+04 
       1.755510570111e-02       2.555611448566e+04 
       1.768488532816e-02       2.554133394016e+04 
       1.781471523658e-02       2.552513945393e+04 
       1.794459621991e-02       2.550753353181e+04 
       1.807452909519e-02       2.548850262065e+04 
       1.820451470329e-02       2.546812695228e+04 
       1.833455390922e-02       2.544642592650e+04 
       1.846464760255e-02       2.542338150402e+04 
       1.859479669771e-02       2.539901946566e+04 
       1.872500213445e-02       2.537339689766e+04 
       1.885526487820e-02       2.534648980355e+04 
       1.898558592054e-02       2.531832535371e+04 
       1.911596627961e-02       2.528894650421e+04 
       1.924640700059e-02       2.525835204194e+04 
       1.937690915616e-02       2.522656933198e+04 
       1.950747384705e-02       2.519363304603e+04 
       1.963810220248e-02       2.515953716376e+04 
       1.976879538078e-02       2.512431944185e+04 
       1.989955456986e-02       2.508799313455e+04 
       2.003038098787e-02       2.505053240695e+04 
       2.016127588371e-02       2.501206922490e+04 
       2.029224053772e-02       2.497251479962e+04 
       2.042327626226e-02       2.493188543203e+04 
       2.055438440240e-02       2.489027807970e+04 
       2.068556633659e-02       2.484767264367e+04 
       2.081682347734e-02       2.480409362727e+04 
       2.094815727200e-02       2.475950376000e+04 
       2.107956920342e-02       2.471400924809e+04 
       2.121106079080e-02       2.466756390516e+04 
       2.134263359045e-02       2.462021018280e+04 
       2.147428919662e-02       2.457195533879e+04 
       2.160602924233e-02       2.452282100298e+04 
       2.173785540027e-02       2.447283287757e+04 
       2.186976938367e-02       2.442198858869e+04 
       2.200177294727e-02       2.437026354493e+04 
       2.213386788824e-02       2.431781937860e+04 
       2.226605604718e-02       2.426456190779e+04 
       2.239833930914e-02       2.421046803971e+04 
       2.253071960470e-02       2.415565969104e+04 
       2.266319891099e-02       2.410010498749e+04 
       2.279577925287e-02       2.404381015763e+04 
       2.292846270406e-02       2.398676843999e+04 
       2.306125138832e-02       2.392905461693e+04 
       2.319414748067e-02       2.387058693687e+04 
       2.332715320870e-02       2.381152634567e+04 
       2.346027085382e-02       2.375176660652e+04 
       2.359350275265e-02       2.369137927293e+04 
       2.372685129837e-02       2.363034730798e+04 
       2.386031894220e-02       2.356871490854e+04 
       2.399390819482e-02       2.350646046293e+04 
       2.412762162796e-02       2.344369617275e+04 
       2.426146187594e-02       2.338030025119e+04 
       2.439543163729e-02       2.331634767745e+04 
       2.452953367645e-02       2.325180991939e+04 
       2.466377082550e-02       2.318678996275e+04 
       2.479814598595e-02       2.312124831960e+04 
       2.493266213057e-02       2.305523257214e+04 
       2.506732230534e-02       2.298870626731e+04 
       2.520212963140e-02       2.292166505398e+04 
       2.533708730709e-02       2.285417967144e+04 
       2.547219861006e-02       2.278621533059e+04 
       2.560746689946e-02       2.271783792448e+04 
       2.574289561820e-02       2.264905974794e+04 
       2.587848829524e-02       2.257982346651e+04 
       2.601424854807e-02       2.251022623690e+04 
       2.615018008515e-02       2.244014544539e+04 
       2.628628670849e-02       2.236975181877e+04 
       2.642257231637e-02       2.229900491080e+04 
       2.655904090605e-02       2.222787132948e+04 
       2.669569657670e-02       2.215635139728e+04 
       2.683254353228e-02       2.208461464975e+04 
       2.696958608469e-02       2.201243607488e+04 
       2.710682865691e-02       2.193999575617e+04 
       2.724427578631e-02       2.186723831977e+04 
       2.738193212810e-02       2.179420647363e+04 
       2.751980245881e-02       2.172088796295e+04 
       2.765789168003e-02       2.164726566238e+04 
       2.779620482219e-02       2.157344683062e+04 
       2.793474704856e-02       2.149930533067e+04 
       2.807352365931e-02       2.142494650321e+04 
       2.821254009580e-02       2.135031922877e+04 
       2.835180194502e-02       2.127554390680e+04 
       2.849131494419e-02       2.120051032316e+04 
       2.863108498553e-02       2.112531125226e+04 
       2.877111812125e-02       2.104983227407e+04 
       2.891142056871e-02       2.097416533714e+04 
       2.905199871581e-02       2.089839742062e+04 
       2.919285912656e-02       2.082244590675e+04 
       2.933400854692e-02       2.074630098624e+04 
       2.947545391087e-02       2.066999894898e+04 
       2.961720234669e-02       2.059359311213e+04 
       2.975926118359e-02       2.051695817344e+04 
       2.990163795849e-02       2.044030476453e+04 
       3.004434042321e-02       2.036349270052e+04 
       3.018737655192e-02       2.028655999125e+04 
       3.033075454889e-02       2.020948625801e+04 
       3.047448285660e-02       2.013233874420e+04 
       3.061857016421e-02       2.005509753935e+04 
       3.076302541639e-02       1.997773542619e+04 
       3.090785782258e-02       1.990032335248e+04 
       3.105307686660e-02       1.982287256190e+04 
       3.119869231675e-02       1.974528300468e+04 
       3.134471423639e-02       1.966769198225e+04 
       3.149115299496e-02       1.958997793763e+04 
       3.163801927953e-02       1.951230294435e+04 
       3.178532410691e-02       1.943454023387e+04 
       3.193307883634e-02       1.935667097401e+04 
       3.208129518277e-02       1.927889600872e+04 
       3.222998523079e-02       1.920104707982e+04 
       3.237916144927e-02       1.912310796920e+04 
       3.252883670670e-02       1.904513317391e+04 
       3.267902428728e-02       1.896722821837e+04 
       3.282973790787e-02       1.888928492769e+04 
       3.298099173577e-02       1.881137358483e+04 
       3.313280040742e-02       1.873345320342e+04 
       3.328517904812e-02       1.865543267021e+04 
       3.343814329270e-02       1.857754871939e+04 
       3.359170930737e-02       1.849960327234e+04 
       3.374589381272e-02       1.842170868073e+04 
       3.390071410793e-02       1.834380614257e+04 
       3.405618809640e-02       1.826595637627e+04 
       3.421233431269e-02       1.818808547581e+04 
       3.436917195107e-02       1.811025197183e+04 
       3.452672089563e-02       1.803248944796e+04 
       3.468500175217e-02       1.795475149912e+04 
       3.484403588187e-02       1.787702254194e+04 
       3.500384543699e-02       1.779935445888e+04 
       3.516445339873e-02       1.772169257576e+04 
       3.532588361722e-02       1.764410748716e+04 
       3.548816085414e-02       1.756652896408e+04 
       3.565131082779e-02       1.748902065319e+04 
       3.581536026107e-02       1.741158853240e+04 
       3.598033693244e-02       1.733410945142e+04 
       3.614626973017e-02       1.725679129083e+04 
       3.631318871005e-02       1.717946172902e+04 
       3.648112515693e-02       1.710211692534e+04 
       3.665011165028e-02       1.702490461936e+04 
       3.682018213423e-02       1.694768344509e+04 
       3.699137199229e-02       1.687053156148e+04 
       3.716371812730e-02       1.679347475220e+04 
       3.733725904692e-02       1.671643626191e+04 
       3.751203495518e-02       1.663946824305e+04 
       3.768808785064e-02       1.656243809646e+04 
       3.786546163166e-02       1.648554133764e+04 
       3.804420220943e-02       1.640866826952e+04 
       3.822435762953e-02       1.633186051133e+04 
       3.840597820268e-02       1.625506088001e+04 
       3.858911664557e-02       1.617836193303e+04 
       3.877382823277e-02       1.610158518232e+04 
       3.896017096062e-02       1.602491589863e+04 
       3.914820572440e-02       1.594821405007e+04 
       3.933799651004e-02       1.587160507554e+04 
       3.952961060172e-02       1.579496747153e+04 
       3.972311880705e-02       1.571838111661e+04 
       3.991859570163e-02       1.564174572459e+04 
       4.011611989496e-02       1.556515289426e+04 
       4.031577431990e-02       1.548855807629e+04 
       4.051764654839e-02       1.541200871457e+04 
       4.072182913609e-02       1.533534096933e+04 
       4.092841999930e-02       1.525876646563e+04 
       4.113752282770e-02       1.518211326903e+04 
       4.134924753711e-02       1.510534738049e+04 
       4.156371076694e-02       1.502863311937e+04 
       4.178103642758e-02       1.495184730040e+04 
       4.200135630395e-02       1.487501516515e+04 
       4.222481072199e-02       1.479810019494e+04 
       4.245154928613e-02       1.472110571312e+04 
       4.268173169688e-02       1.464402433224e+04 
       4.291552865902e-02       1.456683318964e+04 
       4.315312289241e-02       1.448945711805e+04 
       4.339471025972e-02       1.441199385910e+04 
       4.364050102707e-02       1.433444353636e+04 
       4.389072127675e-02       1.425665664188e+04 
       4.414561449396e-02       1.417872342973e+04 
       4.440544335371e-02       1.410056283272e+04 
       4.467049173799e-02       1.402215799163e+04 
       4.494106701937e-02       1.394353728682e+04 
       4.521750265321e-02       1.386473638302e+04 
       4.550016112887e-02       1.378550970253e+04 
       4.578943733972e-02       1.370602896400e+04 
       4.608576244376e-02       1.362617430611e+04 
       4.638960830041e-02       1.354595931916e+04 
       4.670149258728e-02       1.346529240804e+04 
       4.702198472182e-02       1.338421079658e+04 
       4.735171274002e-02       1.330264637780e+04 
       4.769137131738e-02       1.322046125305e+04 
       4.804173115941e-02       1.313774051084e+04 
       4.840365004088e-02       1.305434463936e+04 
       4.877808583913e-02       1.297024291647e+04 
       4.916611198976e-02       1.288536843249e+04 
       4.956893589854e-02       1.279960310506e+04 
       4.998792097752e-02       1.271284492701e+04 
       5.042461314402e-02       1.262505420687e+04 
       5.088077283903e-02       1.253605004195e+04 
       5.135841389881e-02       1.244577423104e+04 
       5.185985096546e-02       1.235400871238e+04 
       5.238775756514e-02       1.226053711361e+04 
       5.294523753235e-02       1.216525356959e+04 
       5.353591312362e-02       1.206765082743e+04 
       5.416403393096e-02       1.196759854983e+04 
       5.483461151318e-02       1.186464004656e+04 
       5.555358534069e-02       1.175827734985e+04 
       5.632802580607e-02       1.164783387195e+04 
       5.716637886191e-02       1.153250521546e+04 
       5.807875265916e-02       1.141116320180e+04 
       5.907723624772e-02       1.128240853532e+04 
       6.017621842365e-02       1.114435099803e+04 
       6.139263230638e-02       1.099445622922e+04 
       6.274597680058e-02       1.082926789927e+04 
       6.425785302188e-02       1.064440825376e+04 
       6.595062402503e-02       1.043409259382e+04 
       6.784476182918e-02       1.019141842383e+04 
       6.995472176711e-02       9.908980691231e+03 
       7.228405529729e-02       9.580246409815e+03 
       7.482177443635e-02       9.202038372940e+03 
       7.754252337828e-02       8.776891961591e+03 
       8.041144656731e-02       8.314248747222e+03 
       8.339154300549e-02       7.829663329067e+03 
       8.644988654097e-02       7.341979857427e+03 
       8.956066708596e-02       6.870167891866e+03 
       9.270538142104e-02       6.430569826621e+03 
       9.587154475323e-02       6.035125014051e+03 
       9.905106127616e-02       5.690709840601e+03 
       1.022388126487e-01       5.399244012004e+03 
       1.054316138585e-01       5.158652650948e+03 
       1.086275022229e-01       4.963181916141e+03 
       1.118252754364e-01       4.804867760262e+03 
       1.150241995683e-01       4.674243966826e+03 
       1.182238274827e-01       4.561179355308e+03 
       1.214238870266e-01       4.455981140230e+03 
       1.246242125839e-01       4.350151442494e+03 
       1.278247033255e-01       4.237041687156e+03 
       1.310252977965e-01       4.112375100482e+03 
       1.342259584676e-01       3.974467485375e+03 
       1.374266623504e-01       3.824098886245e+03 
       1.406273952980e-01       3.664138316350e+03 
       1.438281485447e-01       3.498874012211e+03 
       1.470289166047e-01       3.333338362397e+03 
       1.502296959954e-01       3.172478005797e+03 
       1.534304844622e-01       3.020906481236e+03 
       1.566312805062e-01       2.882104316170e+03 
       1.598320830973e-01       2.758376813512e+03 
       1.630328914991e-01       2.650773651092e+03 
       1.662337051613e-01       2.559082864419e+03 
       1.694345236545e-01       2.482004265892e+03 
       1.726353466292e-01       2.417411220862e+03 
       1.758361737909e-01       2.362564176323e+03 
       1.790370048841e-01       2.314456439153e+03 
       1.822378396822e-01       2.270173930567e+03 
       1.854386779810e-01       2.227314561814e+03 
       1.886395195942e-01       2.182986639628e+03 
       1.918403643508e-01       2.135338179145e+03 
       1.950412120922e-01       2.083342998208e+03 
       1.982420626712e-01       2.026809426753e+03 
       2.014429159506e-01       1.966281435064e+03 
       2.046437718022e-01       1.902910225571e+03 
       2.078446301060e-01       1.838287887373e+03 
       2.110454907492e-01       1.774008198525e+03 
       2.142463536262e-01       1.711584058460e+03 
       2.174472186375e-01       1.652335138819e+03 
       2.206480856895e-01       1.597244466691e+03 
       2.238489546940e-01       1.546940925721e+03 
       2.270498255679e-01       1.501717940706e+03 
       2.302506982326e-01       1.461585281958e+03 
       2.334515726140e-01       1.426195746527e+03 
       2.366524486420e-01       1.394969039307e+03 
       2.398533262501e-01       1.367068131854e+03 
       2.430542053756e-01       1.341574368238e+03 
       2.462550859589e-01       1.317436378844e+03 
       2.494559679435e-01       1.293830314727e+03 
       2.526568512758e-01       1.269963158325e+03 
       2.558577359050e-01       1.245361736198e+03 
       2.590586217826e-01       1.219695338684e+03 
       2.622595088628e-01       1.192871786677e+03 
       2.654603971016e-01       1.164997618489e+03 
       2.686612864575e-01       1.136317496938e+03 
       2.718621768907e-01       1.107208296170e+03 
       2.750630683635e-01       1.078164831537e+03 
       2.782639608398e-01       1.049672864387e+03 
       2.814648542851e-01       1.022173661602e+03 
       2.846657486666e-01       9.961146508485e+02 
       2.878666439528e-01       9.717287744699e+02 
       2.910675401138e-01       9.491715316568e+02 
       2.942684371209e-01       9.283967186826e+02 
       2.974693349465e-01       9.093098876514e+02 
       3.006702335644e-01       8.917006814431e+02 
       3.038711329495e-01       8.753126509270e+02 
       3.070720330776e-01       8.598735744267e+02 
       3.102729339257e-01       8.451095610527e+02 
       3.134738354714e-01       8.307474069620e+02 
       3.166747376937e-01       8.165330522636e+02 
       3.198756405720e-01       8.022748558176e+02 
       3.230765440869e-01       7.878312302000e+02 
       3.262774482193e-01       7.731528288542e+02 
       3.294783529514e-01       7.582483663128e+02 
       3.326792582656e-01       7.431904232416e+02 
       3.358801641453e-01       7.281166420289e+02 
       3.390810705743e-01       7.131597242901e+02 
       3.422819775372e-01       6.984549960692e+02 
       3.454828850191e-01       6.841308963995e+02 
       3.486837930057e-01       6.702900596944e+02 
       3.518847014830e-01       6.570164258345e+02 
       3.550856104377e-01       6.443788581128e+02 
       3.582865198571e-01       6.323946182062e+02 
       3.614874297286e-01       6.210572855175e+02 
       3.646883400404e-01       6.103267821482e+02 
       3.678892507809e-01       6.001327085773e+02 
       3.710901619390e-01       5.903609116507e+02 
       3.742910735038e-01       5.809083649955e+02 
       3.774919854651e-01       5.716960728886e+02 
       3.806928978128e-01       5.626406444306e+02 
       3.838938105371e-01       5.536889210750e+02 
       3.870947236286e-01       5.447897807594e+02 
       3.902956370784e-01       5.359495795894e+02 
       3.934965508777e-01       5.271281735843e+02 
       3.966974650178e-01       5.183626378514e+02 
       3.998983794907e-01       5.096385538473e+02 
       4.030992942884e-01       5.010116143934e+02 
       4.063002094031e-01       4.925050189246e+02 
       4.095011248274e-01       4.841649157007e+02 
       4.127020405541e-01       4.760393062929e+02 
       4.159029565761e-01       4.681564960313e+02 
       4.191038728867e-01       4.605155132987e+02 
       4.223047894792e-01       4.531262773544e+02 
       4.255057063474e-01       4.459771558508e+02 
       4.287066234849e-01       4.390825849441e+02 
       4.319075408858e-01       4.323938237947e+02 
       4.351084585442e-01       4.259246701335e+02 
       4.383093764546e-01       4.196577679968e+02 
       4.415102946113e-01       4.135387752228e+02 
       4.447112130091e-01       4.075710406610e+02 
       4.479121316427e-01       4.017200382947e+02 
       4.511130505071e-01       3.959423783989e+02 
       4.543139695975e-01       3.902478434607e+02 
       4.575148889090e-01       3.846021984812e+02 
       4.607158084371e-01       3.790332674045e+02 
       4.639167281772e-01       3.735280147707e+02 
       4.671176481250e-01       3.680944596550e+02 
       4.703185682762e-01       3.627370780613e+02 
       4.735194886267e-01       3.574652904733e+02 
       4.767204091724e-01       3.522822963013e+02 
       4.799213299095e-01       3.471932537476e+02 
       4.831222508340e-01       3.422260702857e+02 
       4.863231719424e-01       3.373685654687e+02 
       4.895240932310e-01       3.326527134905e+02 
       4.927250146962e-01       3.280623515581e+02 
       4.959259363346e-01       3.235853166617e+02 
       4.991268581429e-01       3.192252546873e+02 
       5.023277801178e-01       3.149761825843e+02 
       5.055287022562e-01       3.107970945286e+02 
       5.087296245550e-01       3.067092979744e+02 
       5.119305470110e-01       3.027015060137e+02 
       5.151314696215e-01       2.987595702210e+02 
       5.183323923835e-01       2.948922857529e+02 
       5.215333152942e-01       2.910619345728e+02 
       5.247342383510e-01       2.872964079755e+02 
       5.279351615510e-01       2.835691281174e+02 
       5.311360848918e-01       2.799016313948e+02 
       5.343370083708e-01       2.762714100346e+02 
       5.375379319855e-01       2.727130747047e+02 
       5.407388557335e-01       2.692143446605e+02 
       5.439397796125e-01       2.657927916362e+02 
       5.471407036201e-01       2.624160367078e+02 
       5.503416277541e-01       2.591143456671e+02 
       5.535425520123e-01       2.558697609530e+02 
       5.567434763925e-01       2.526906041525e+02 
       5.599444008926e-01       2.495706167878e+02 
       5.631453255107e-01       2.465196467311e+02 
       5.663462502446e-01       2.435258589253e+02 
       5.695471750925e-01       2.405818396758e+02 
       5.727481000524e-01       2.377050825325e+02 
       5.759490251224e-01       2.348711781303e+02 
       5.791499503007e-01       2.320729876161e+02 
       5.823508755856e-01       2.293253985034e+02 
       5.855518009752e-01       2.266229122492e+02 
       5.887527264679e-01       2.239553364490e+02 
       5.919536520619e-01       2.213324982410e+02 
       5.951545777557e-01       2.187504364132e+02 
       5.983555035476e-01       2.162085593988e+02 
       6.015564294360e-01       2.137073414213e+02 
       6.047573554195e-01       2.112309605279e+02 
       6.079582814965e-01       2.087992511936e+02 
       6.111592076656e-01       2.063998950226e+02 
       6.143601339252e-01       2.040466935362e+02 
       6.175610602741e-01       2.017265001358e+02 
       6.207619867107e-01       1.994533804103e+02 
       6.239629132338e-01       1.972199487195e+02 
       6.271638398421e-01       1.950174366249e+02 
       6.303647665341e-01       1.928497976541e+02 
       6.335656933087e-01       1.907225377001e+02 
       6.367666201646e-01       1.886228542785e+02 
       6.399675471006e-01       1.865566046277e+02 
       6.431684741155e-01       1.845265497293e+02 
       6.463694012081e-01       1.825288198132e+02 
       6.495703283772e-01       1.805645943034e+02 
       6.527712556218e-01       1.786202418806e+02 
       6.559721829406e-01       1.767107676716e+02 
       6.591731103327e-01       1.748235436706e+02 
       6.623740377970e-01       1.729580790805e+02 
       6.655749653324e-01       1.711254672835e+02 
       6.687758929379e-01       1.693221032673e+02 
       6.719768206125e-01       1.675419208537e+02 
       6.751777483553e-01       1.657925243494e+02 
       6.783786761651e-01       1.640584856792e+02 
       6.815796040412e-01       1.623559065053e+02 
       6.847805319825e-01       1.606769606602e+02 
       6.879814599882e-01       1.590178424846e+02 
       6.911823880574e-01       1.573867761330e+02 
       6.943833161891e-01       1.557799101024e+02 
       6.975842443825e-01       1.542014059809e+02 
       7.007851726368e-01       1.526424636689e+02 
       7.039861009512e-01       1.511052172937e+02 
       7.071870293248e-01       1.495900840686e+02 
       7.103879577567e-01       1.480940513977e+02 
       7.135888862463e-01       1.466208389236e+02 
       7.167898147928e-01       1.451645937210e+02 
       7.199907433954e-01       1.437356382169e+02 
       7.231916720533e-01       1.423203244515e+02 
       7.263926007658e-01       1.409264683579e+02 
       7.295935295322e-01       1.395566106565e+02 
       7.327944583518e-01       1.381932034104e+02 
       7.359953872239e-01       1.368517473994e+02 
       7.391963161478e-01       1.355300252611e+02 
       7.423972451229e-01       1.342291593976e+02 
       7.455981741484e-01       1.329388751638e+02 
       7.487991032237e-01       1.316734536818e+02 
       7.520000323483e-01       1.304216510129e+02 
       7.552009615214e-01       1.291858740046e+02 
       7.584018907424e-01       1.279662331709e+02 
       7.616028200108e-01       1.267619607638e+02 
       7.648037493259e-01       1.255737755298e+02 
       7.680046786872e-01       1.244051620967e+02 
       7.712056080941e-01       1.232461329721e+02 
       7.744065375460e-01       1.221059162119e+02 
       7.776074670423e-01       1.209803029506e+02 
       7.808083965826e-01       1.198682931286e+02 
       7.840093261662e-01       1.187703824354e+02 
       7.872102557927e-01       1.176872452469e+02 
       7.904111854615e-01       1.166148927899e+02 
       7.936121151721e-01       1.155574200413e+02 
       7.968130449241e-01       1.145137756355e+02 
       8.000139747168e-01       1.134846093046e+02 
       8.032149045498e-01       1.124706683917e+02 
       8.064158344227e-01       1.114636513920e+02 
       8.096167643350e-01       1.104701735371e+02 
       8.128176942861e-01       1.094927964179e+02 
       8.160186242757e-01       1.085206271828e+02 
       8.192195543032e-01       1.075637691450e+02 
       8.224204843684e-01       1.066231060768e+02 
       8.256214144706e-01       1.056916318601e+02 
       8.288223446095e-01       1.047701214195e+02 
       8.320232747846e-01       1.038583074545e+02 
       8.352242049956e-01       1.029565346683e+02 
       8.384251352420e-01       1.020670046441e+02 
       8.416260655234e-01       1.011897549026e+02 
       8.448269958394e-01       1.003222893480e+02 
       8.480279261897e-01       9.946569393666e+01 
       8.512288565738e-01       9.861941088335e+01 
       8.544297869914e-01       9.778539121618e+01 
       8.576307174420e-01       9.695653952618e+01 
       8.608316479254e-01       9.613883568370e+01 
       8.640325784411e-01       9.533256387382e+01 
       8.672335089888e-01       9.453206882428e+01 
       8.704344395681e-01       9.374610131325e+01 
       8.736353701787e-01       9.296536300545e+01 
       8.768363008203e-01       9.219330608634e+01 
       8.800372314924e-01       9.143241430118e+01 
       8.832381621949e-01       9.067994176967e+01 
       8.864390929273e-01       8.993379390555e+01 
       8.896400236893e-01       8.919807147556e+01 
       8.928409544806e-01       8.847068330121e+01 
       8.960418853009e-01       8.774941070474e+01 
       8.992428161498e-01       8.704051219487e+01 
       9.024437470272e-01       8.633618737106e+01 
       9.056446779326e-01       8.564168117626e+01 
       9.088456088658e-01       8.495734708354e+01 
       9.120465398264e-01       8.427388176028e+01 
       9.152474708143e-01       8.360295347054e+01 
       9.184484018291e-01       8.293626989831e+01 
       9.216493328704e-01       8.227804935536e+01 
       9.248502639382e-01       8.163005229221e+01 
       9.280511950320e-01       8.098866414626e+01 
       9.312521261516e-01       8.035275495066e+01 
       9.344530572968e-01       7.972301190731e+01 
       9.376539884672e-01       7.909926661012e+01 
       9.408549196626e-01       7.848542614151e+01 
       9.440558508829e-01       7.787481169332e+01 
       9.472567821276e-01       7.727282657056e+01 
       9.504577133966e-01       7.667876176545e+01 
       9.536586446896e-01       7.608859296774e+01 
       9.568595760064e-01       7.550598079913e+01 
       9.600605073467e-01       7.493061539318e+01 
       9.632614387104e-01       7.435728802017e+01 
       9.664623700971e-01       7.379208709369e+01 
       9.696633015067e-01       7.323509324858e+01 
       9.728642329388e-01       7.268027479963e+01 
       9.760651643934e-01       7.213374777569e+01 
       9.792660958702e-01       7.159483605736e+01 
       9.824670273689e-01       7.105799783202e+01 
       9.856679588894e-01       7.052797226320e+01 
       9.888688904313e-01       7.000358448747e+01 
       9.920698219947e-01       6.948237669891e+01 
       9.952707535791e-01       6.896888783475e+01 
       9.984716851844e-01       6.846135834355e+01 
       1.001672616811e+00       6.795713539738e+01 
       1.004873548457e+00       6.745931430188e+01 
       1.008074480124e+00       6.696898595578e+01 
       1.011275411811e+00       6.648013471011e+01 
       1.014476343518e+00       6.599707096165e+01 
       1.017677275245e+00       6.551648008565e+01 
       1.020878206991e+00       6.504254297016e+01 
       1.024079138757e+00       6.457453787715e+01 
       1.027280070541e+00       6.410983860171e+01 
       1.030481002345e+00       6.365184545916e+01 
       1.033681934168e+00       6.319725755075e+01 
       1.036882866009e+00       6.274714031915e+01 
       1.040083797869e+00       6.230125566263e+01 
       1.043284729747e+00       6.185826810750e+01 
       1.046485661644e+00       6.142048601878e+01 
       1.049686593558e+00       6.098833179469e+01 
       1.052887525490e+00       6.056072951287e+01 
       1.056088457440e+00       6.013736428575e+01 
       1.059289389407e+00       5.971523154446e+01 
       1.062490321392e+00       5.929876672234e+01 
       1.065691253394e+00       5.888650921700e+01 
       1.068892185413e+00       5.847869620642e+01 
       1.072093117449e+00       5.807322805442e+01 
       1.075294049501e+00       5.767283399666e+01 
       1.078494981570e+00       5.727891251011e+01 
       1.081695913656e+00       5.688541452748e+01 
       1.084896845757e+00       5.649477227537e+01 
       1.088097777875e+00       5.611000267942e+01 
       1.091298710009e+00       5.572688565262e+01 
       1.094499642159e+00       5.534963765333e+01 
       1.097700574324e+00       5.497521260084e+01 
       1.100901506505e+00       5.460283289233e+01 
       1.104102438702e+00       5.423662741513e+01 
       1.107303370914e+00       5.387208775234e+01 
       1.110504303141e+00       5.351233201244e+01 
       1.113705235383e+00       5.315365761608e+01 
       1.116906167640e+00       5.280072726048e+01 
       1.120107099912e+00       5.244835280834e+01 
       1.123308032198e+00       5.210119590423e+01 
       1.126508964499e+00       5.175825146860e+01 
       1.129709896814e+00       5.141693397524e+01 
       1.132910829144e+00       5.107793966968e+01 
       1.136111761488e+00       5.074298863765e+01 
       1.139312693846e+00       5.041110095190e+01 
       1.142513626218e+00       5.008133978812e+01 
       1.145714558603e+00       4.975644087837e+01 
       1.148915491003e+00       4.943234682620e+01 
       1.152116423416e+00       4.911242809383e+01 
       1.155317355842e+00       4.879507403925e+01 
       1.158518288282e+00       4.848260091460e+01 
       1.161719220735e+00       4.816958016990e+01 
       1.164920153201e+00       4.786181752845e+01 
       1.168121085680e+00       4.755555318811e+01 
       1.171322018173e+00       4.725090474081e+01 
       1.174522950678e+00       4.695091926827e+01 
       1.177723883195e+00       4.665380789857e+01 
       1.180924815726e+00       4.635757720039e+01 
       1.184125748268e+00       4.606579572246e+01 
       1.187326680824e+00       4.577564754258e+01 
       1.190527613391e+00       4.548683736701e+01 
       1.193728545971e+00       4.520138856680e+01 
       1.196929478563e+00       4.492005840679e+01 
       1.200130411167e+00       4.463867738430e+01 
       1.203331343782e+00       4.436109939948e+01 
       1.206532276410e+00       4.408733718397e+01 
       1.209733209049e+00       4.381296288124e+01 
       1.212934141700e+00       4.354253750692e+01 
       1.216135074363e+00       4.327451842608e+01 
       1.219336007037e+00       4.300839193422e+01 
       1.222536939722e+00       4.274416524108e+01 
       1.225737872419e+00       4.248171525067e+01 
       1.228938805126e+00       4.222289243412e+01 
       1.232139737845e+00       4.196771273302e+01 
       1.235340670575e+00       4.171142175595e+01 
       1.238541603316e+00       4.145849700517e+01 
       1.241742536068e+00       4.120791363274e+01 
       1.244943468830e+00       4.095978304404e+01 
       1.248144401603e+00       4.071308309431e+01 
       1.251345334387e+00       4.046872194128e+01 
       1.254546267181e+00       4.022609534155e+01 
       1.257747199986e+00       3.998650621300e+01 
       1.260948132801e+00       3.974815808292e+01 
       1.264149065626e+00       3.951172602578e+01 
       1.267349998462e+00       3.927569936562e+01 
       1.270550931307e+00       3.904337347439e+01 
       1.273751864163e+00       3.881195532620e+01 
       1.276952797029e+00       3.858365830168e+01 
       1.280153729904e+00       3.835791373341e+01 
       1.283354662789e+00       3.813324966601e+01 
       1.286555595684e+00       3.790979659143e+01 
       1.289756528589e+00       3.768802055899e+01 
       1.292957461504e+00       3.746868847008e+01 
       1.296158394427e+00       3.725061620583e+01 
       1.299359327361e+00       3.703388506043e+01 
       1.302560260303e+00       3.681953193527e+01 
       1.305761193255e+00       3.660692777108e+01 
       1.308962126217e+00       3.639605254793e+01 
       1.312163059187e+00       3.618719040379e+01 
       1.315363992167e+00       3.597971998444e+01 
       1.318564925155e+00       3.577323057141e+01 
       1.321765858153e+00       3.556900700994e+01 
       1.324966791160e+00       3.536627493845e+01 
       1.328167724175e+00       3.516503678948e+01 
       1.331368657199e+00       3.496580395658e+01 
       1.334569590232e+00       3.476875708753e+01 
       1.337770523274e+00       3.457131166609e+01 
       1.340971456324e+00       3.437698765843e+01 
       1.344172389382e+00       3.418301318708e+01 
       1.347373322450e+00       3.399157034923e+01 
       1.350574255525e+00       3.380066576515e+01 
       1.353775188609e+00       3.361248236644e+01 
       1.356976121701e+00       3.342521840919e+01 
       1.360177054802e+00       3.323912183467e+01 
       1.363377987911e+00       3.305543959548e+01 
       1.366578921028e+00       3.287137412805e+01 
       1.369779854152e+00       3.269031195878e+01 
       1.372980787285e+00       3.250889947039e+01 
       1.727044983080e+00       1.878888944917e+01 
       2.174200599294e+00       1.074099603321e+01 
       2.737156331819e+00       6.091109090054e+00 
       3.445875662162e+00       3.429259379643e+00 
       4.338100436979e+00       1.917769166765e+00 
       5.461344879028e+00       1.066052319388e+00 
       6.875425850780e+00       5.893090040371e-01 
       8.655648320453e+00       3.241349308019e-01 
       1.089681562617e+01       1.774471597323e-01 
       1.371827809942e+01       9.672114312040e-02 
       1.727028890542e+01       5.250700398528e-02 
       2.174200557207e+01       2.839559954879e-02 
       2.737156331804e+01       1.530072448189e-02 
       3.445875662162e+01       8.215197135472e-03 
       4.338100436979e+01       4.394914995736e-03 
       5.461344879028e+01       2.342172255551e-03 
       6.875425850780e+01       1.242939785601e-03 
       8.655648320454e+01       6.562331203166e-04 
       1.089681562617e+02       3.442401623662e-04 
