# dimensionless [l(l+1)/2pi] C_l's for tensor mode
# for l=2 to 500, i.e. number of multipoles equal to 499
#
# -> if you prefer output in CAMB/HealPix/LensPix units/order, set 'format' to 'camb' in input file
# -> if you don't want to see such a header, set 'headers' to 'no' in input file
# -> for CMB lensing (phi), these are C_l^phi-phi for the lensing potential.
#    Remember the conversion factors:
#    C_l^dd (deflection) = l(l+1) C_l^phi-phi
#    C_l^gg (shear/convergence) = 1/4 (l(l+1))^2 C_l^phi-phi
#
# 1:l     2:TT                     3:EE                     4:TE                     5:BB                     6:phiphi                 7:TPhi                   8:Ephi               
    2       1.417530587617e-10       2.693083772474e-15       1.674825003599e-13       4.820520023267e-15       0.000000000000e+00       0.000000000000e+00       0.000000000000e+00 
    3       1.088362522425e-10       2.841533886690e-15      -6.866823643585e-15       4.846633618499e-15       0.000000000000e+00       0.000000000000e+00       0.000000000000e+00 
    4       9.763503290925e-11       2.600138286253e-15      -5.939015099997e-14       4.207078056728e-15       0.000000000000e+00       0.000000000000e+00       0.000000000000e+00 
    5       9.293413084465e-11       2.072254621524e-15      -7.037424921618e-14       3.288867196738e-15       0.000000000000e+00       0.000000000000e+00       0.000000000000e+00 
    6       9.016007254435e-11       1.489368193010e-15      -6.699625928339e-14       2.381578591836e-15       0.000000000000e+00       0.000000000000e+00       0.000000000000e+00 
    7       8.840488593369e-11       1.012143837896e-15      -5.951360656821e-14       1.643347284678e-15       0.000000000000e+00       0.000000000000e+00       0.000000000000e+00 
    8       8.721871744577e-11       7.047355015011e-16      -5.243620797080e-14       1.126208517925e-15       0.000000000000e+00       0.000000000000e+00       0.000000000000e+00 
    9       8.635626119406e-11       5.606314742994e-16      -4.743031683067e-14       8.171198763997e-16       0.000000000000e+00       0.000000000000e+00       0.000000000000e+00 
   10       8.567586310608e-11       5.395747938407e-16      -4.481792142382e-14       6.732527986578e-16       0.000000000000e+00       0.000000000000e+00       0.000000000000e+00 
   11       8.509488036963e-11       5.956906280117e-16      -4.437394643267e-14       6.462329776259e-16       0.000000000000e+00       0.000000000000e+00       0.000000000000e+00 
   12       8.456554621175e-11       6.937440211434e-16      -4.570609270316e-14       6.936263791493e-16       0.000000000000e+00       0.000000000000e+00       0.000000000000e+00 
   13       8.405943411789e-11       8.114867226574e-16      -4.842948937499e-14       7.850093209216e-16       0.000000000000e+00       0.000000000000e+00       0.000000000000e+00 
   14       8.355882265234e-11       9.387121510167e-16      -5.224741816037e-14       9.002120151344e-16       0.000000000000e+00       0.000000000000e+00       0.000000000000e+00 
   15       8.305270301395e-11       1.071498498531e-15      -5.694222819774e-14       1.028273003427e-15       0.000000000000e+00       0.000000000000e+00       0.000000000000e+00 
   16       8.253456627045e-11       1.209357261167e-15      -6.235933207630e-14       1.163635934563e-15       0.000000000000e+00       0.000000000000e+00       0.000000000000e+00 
   17       8.200080395959e-11       1.352729737052e-15      -6.839065545304e-14       1.303910800739e-15       0.000000000000e+00       0.000000000000e+00       0.000000000000e+00 
   18       8.144371704597e-11       1.501683268596e-15      -7.495799187841e-14       1.448567132515e-15       0.000000000000e+00       0.000000000000e+00       0.000000000000e+00 
   19       8.088062046187e-11       1.656133951283e-15      -8.201654941075e-14       1.597371977710e-15       0.000000000000e+00       0.000000000000e+00       0.000000000000e+00 
   20       8.029227920271e-11       1.816038546896e-15      -8.950872705186e-14       1.750198123319e-15       0.000000000000e+00       0.000000000000e+00       0.000000000000e+00 
   21       7.968925500733e-11       1.981141799398e-15      -9.739953237154e-14       1.906932926885e-15       0.000000000000e+00       0.000000000000e+00       0.000000000000e+00 
   22       7.906611493105e-11       2.151159127703e-15      -1.056515820706e-13       2.067538084929e-15       0.000000000000e+00       0.000000000000e+00       0.000000000000e+00 
   23       7.843029923166e-11       2.325969754337e-15      -1.142329157406e-13       2.231907912586e-15       0.000000000000e+00       0.000000000000e+00       0.000000000000e+00 
   24       7.777572820269e-11       2.505558909488e-15      -1.231076479783e-13       2.399944678699e-15       0.000000000000e+00       0.000000000000e+00       0.000000000000e+00 
   25       7.710833113482e-11       2.689973935652e-15      -1.322451659692e-13       2.571466545243e-15       0.000000000000e+00       0.000000000000e+00       0.000000000000e+00 
   26       7.642482791931e-11       2.879296061073e-15      -1.416136915063e-13       2.746272511053e-15       0.000000000000e+00       0.000000000000e+00       0.000000000000e+00 
   27       7.572765867795e-11       3.073468837677e-15      -1.511868127054e-13       2.924112276744e-15       0.000000000000e+00       0.000000000000e+00       0.000000000000e+00 
   28       7.501280384079e-11       3.272384880447e-15      -1.609385103802e-13       3.104732120500e-15       0.000000000000e+00       0.000000000000e+00       0.000000000000e+00 
   29       7.428811683122e-11       3.475866978319e-15      -1.708458509712e-13       3.287915842897e-15       0.000000000000e+00       0.000000000000e+00       0.000000000000e+00 
   30       7.355449031834e-11       3.683702547593e-15      -1.808855809420e-13       3.473472593126e-15       0.000000000000e+00       0.000000000000e+00       0.000000000000e+00 
   31       7.280377841082e-11       3.895653528718e-15      -1.910336866632e-13       3.661215667999e-15       0.000000000000e+00       0.000000000000e+00       0.000000000000e+00 
   32       7.204117351191e-11       4.111443413415e-15      -2.012689296311e-13       3.850903894926e-15       0.000000000000e+00       0.000000000000e+00       0.000000000000e+00 
   33       7.126895125424e-11       4.330760961654e-15      -2.115706302751e-13       4.042278453018e-15       0.000000000000e+00       0.000000000000e+00       0.000000000000e+00 
   34       7.048331277835e-11       4.553293167224e-15      -2.219183363920e-13       4.235077119295e-15       0.000000000000e+00       0.000000000000e+00       0.000000000000e+00 
   35       6.968759381973e-11       4.778837393164e-15      -2.322937669734e-13       4.429032247354e-15       0.000000000000e+00       0.000000000000e+00       0.000000000000e+00 
   36       6.888218484040e-11       5.007228030994e-15      -2.426796544516e-13       4.623871487915e-15       0.000000000000e+00       0.000000000000e+00       0.000000000000e+00 
   37       6.806363645819e-11       5.238295341422e-15      -2.530584027552e-13       4.819326981358e-15       0.000000000000e+00       0.000000000000e+00       0.000000000000e+00 
   38       6.723619975726e-11       5.471823667868e-15      -2.634089778352e-13       5.015166324279e-15       0.000000000000e+00       0.000000000000e+00       0.000000000000e+00 
   39       6.640309842198e-11       5.707579198445e-15      -2.737090332166e-13       5.211172067161e-15       0.000000000000e+00       0.000000000000e+00       0.000000000000e+00 
   40       6.556281293569e-11       5.945320529487e-15      -2.839357409936e-13       5.407133939665e-15       0.000000000000e+00       0.000000000000e+00       0.000000000000e+00 
   41       6.471141552020e-11       6.184823748010e-15      -2.940700713063e-13       5.602834244016e-15       0.000000000000e+00       0.000000000000e+00       0.000000000000e+00 
   42       6.385166635593e-11       6.425968644891e-15      -3.041113037206e-13       5.797997361477e-15       0.000000000000e+00       0.000000000000e+00       0.000000000000e+00 
   43       6.298605422456e-11       6.668679764884e-15      -3.140672415650e-13       5.992324477190e-15       0.000000000000e+00       0.000000000000e+00       0.000000000000e+00 
   44       6.211393728689e-11       6.912904527154e-15      -3.239506310360e-13       6.185506542680e-15       0.000000000000e+00       0.000000000000e+00       0.000000000000e+00 
   45       6.123322800593e-11       7.158571173649e-15      -3.337714034664e-13       6.377235276471e-15       0.000000000000e+00       0.000000000000e+00       0.000000000000e+00 
   46       6.034674574632e-11       7.405444624775e-15      -3.435099440163e-13       6.567241582339e-15       0.000000000000e+00       0.000000000000e+00       0.000000000000e+00 
   47       5.945726011853e-11       7.653229694197e-15      -3.531363312070e-13       6.755267537699e-15       0.000000000000e+00       0.000000000000e+00       0.000000000000e+00 
   48       5.856549804866e-11       7.901609480223e-15      -3.626175292460e-13       6.941055790741e-15       0.000000000000e+00       0.000000000000e+00       0.000000000000e+00 
   49       5.766996201386e-11       8.150244142875e-15      -3.719172181682e-13       7.124349596228e-15       0.000000000000e+00       0.000000000000e+00       0.000000000000e+00 
   50       5.676832454657e-11       8.398780916854e-15      -3.809992545351e-13       7.304895960793e-15       0.000000000000e+00       0.000000000000e+00       0.000000000000e+00 
   51       5.586247968236e-11       8.646890191750e-15      -3.898395550293e-13       7.482456002223e-15       0.000000000000e+00       0.000000000000e+00       0.000000000000e+00 
   52       5.495454847934e-11       8.894237111491e-15      -3.984171449161e-13       7.656797463976e-15       0.000000000000e+00       0.000000000000e+00       0.000000000000e+00 
   53       5.404531755476e-11       9.140470516711e-15      -4.067108103797e-13       7.827692029273e-15       0.000000000000e+00       0.000000000000e+00       0.000000000000e+00 
   54       5.313413149777e-11       9.385222250573e-15      -4.146990995139e-13       7.994915503228e-15       0.000000000000e+00       0.000000000000e+00       0.000000000000e+00 
   55       5.221984712403e-11       9.628141247586e-15      -4.223624226108e-13       8.158258406942e-15       0.000000000000e+00       0.000000000000e+00       0.000000000000e+00 
   56       5.130422031295e-11       9.869007307126e-15      -4.296899617489e-13       8.317560424438e-15       0.000000000000e+00       0.000000000000e+00       0.000000000000e+00 
   57       5.038917208608e-11       1.010764436779e-14      -4.366744794312e-13       8.472684832103e-15       0.000000000000e+00       0.000000000000e+00       0.000000000000e+00 
   58       4.947573570494e-11       1.034388884733e-14      -4.433104506564e-13       8.623509411479e-15       0.000000000000e+00       0.000000000000e+00       0.000000000000e+00 
   59       4.856399045427e-11       1.057759030361e-14      -4.495941457012e-13       8.769927037055e-15       0.000000000000e+00       0.000000000000e+00       0.000000000000e+00 
   60       4.765299542525e-11       1.080861209565e-14      -4.555237129022e-13       8.911846264064e-15       0.000000000000e+00       0.000000000000e+00       0.000000000000e+00 
   61       4.674159867053e-11       1.103681805427e-14      -4.610979577019e-13       9.049181957415e-15       0.000000000000e+00       0.000000000000e+00       0.000000000000e+00 
   62       4.583122670833e-11       1.126202750228e-14      -4.663121722584e-13       9.181823390761e-15       0.000000000000e+00       0.000000000000e+00       0.000000000000e+00 
   63       4.492360649918e-11       1.148405126513e-14      -4.711615123849e-13       9.309659997388e-15       0.000000000000e+00       0.000000000000e+00       0.000000000000e+00 
   64       4.401990764501e-11       1.170270498313e-14      -4.756422592789e-13       9.432590963644e-15       0.000000000000e+00       0.000000000000e+00       0.000000000000e+00 
   65       4.312070394725e-11       1.191780932856e-14      -4.797518609371e-13       9.550525500742e-15       0.000000000000e+00       0.000000000000e+00       0.000000000000e+00 
   66       4.222593496501e-11       1.212919022275e-14      -4.834889735717e-13       9.663383116570e-15       0.000000000000e+00       0.000000000000e+00       0.000000000000e+00 
   67       4.133486757317e-11       1.233667905323e-14      -4.868535030251e-13       9.771093887500e-15       0.000000000000e+00       0.000000000000e+00       0.000000000000e+00 
   68       4.044669691990e-11       1.254011202903e-14      -4.898460894026e-13       9.873595562782e-15       0.000000000000e+00       0.000000000000e+00       0.000000000000e+00 
   69       3.956257662970e-11       1.273932760992e-14      -4.924663471300e-13       9.970823588862e-15       0.000000000000e+00       0.000000000000e+00       0.000000000000e+00 
   70       3.868393280443e-11       1.293416894391e-14      -4.947143410470e-13       1.006271954273e-14       0.000000000000e+00       0.000000000000e+00       0.000000000000e+00 
   71       3.781183932906e-11       1.312448487442e-14      -4.965911383263e-13       1.014923430786e-14       0.000000000000e+00       0.000000000000e+00       0.000000000000e+00 
   72       3.694699578275e-11       1.331013013539e-14      -4.980988356493e-13       1.023032826500e-14       0.000000000000e+00       0.000000000000e+00       0.000000000000e+00 
   73       3.608970534989e-11       1.349096554628e-14      -4.992405863810e-13       1.030597148300e-14       0.000000000000e+00       0.000000000000e+00       0.000000000000e+00 
   74       3.523985273116e-11       1.366685820717e-14      -5.000206277460e-13       1.037614390957e-14       0.000000000000e+00       0.000000000000e+00       0.000000000000e+00 
   75       3.439688205459e-11       1.383768169382e-14      -5.004443080036e-13       1.044083556212e-14       0.000000000000e+00       0.000000000000e+00       0.000000000000e+00 
   76       3.356021752423e-11       1.400331537609e-14      -5.005173874731e-13       1.050004293062e-14       0.000000000000e+00       0.000000000000e+00       0.000000000000e+00 
   77       3.273066275210e-11       1.416364179856e-14      -5.002437343826e-13       1.055375700732e-14       0.000000000000e+00       0.000000000000e+00       0.000000000000e+00 
   78       3.190921765554e-11       1.431854917444e-14      -4.996272562674e-13       1.060197341071e-14       0.000000000000e+00       0.000000000000e+00       0.000000000000e+00 
   79       3.109664555742e-11       1.446793239403e-14      -4.986726009317e-13       1.064469609104e-14       0.000000000000e+00       0.000000000000e+00       0.000000000000e+00 
   80       3.029346017587e-11       1.461169320178e-14      -4.973851687338e-13       1.068193744350e-14       0.000000000000e+00       0.000000000000e+00       0.000000000000e+00 
   81       2.949991261402e-11       1.474974037341e-14      -4.957711248710e-13       1.071371842128e-14       0.000000000000e+00       0.000000000000e+00       0.000000000000e+00 
   82       2.871597834978e-11       1.488198989295e-14      -4.938374116655e-13       1.074006864876e-14       0.000000000000e+00       0.000000000000e+00       0.000000000000e+00 
   83       2.794134422554e-11       1.500836512987e-14      -4.915917608489e-13       1.076102653457e-14       0.000000000000e+00       0.000000000000e+00       0.000000000000e+00 
   84       2.717569057896e-11       1.512879492543e-14      -4.890421916085e-13       1.077663630971e-14       0.000000000000e+00       0.000000000000e+00       0.000000000000e+00 
   85       2.641961987295e-11       1.524320709940e-14      -4.861953822044e-13       1.078693832972e-14       0.000000000000e+00       0.000000000000e+00       0.000000000000e+00 
   86       2.567385887496e-11       1.535153418655e-14      -4.830580496703e-13       1.079197736470e-14       0.000000000000e+00       0.000000000000e+00       0.000000000000e+00 
   87       2.493896927244e-11       1.545371557152e-14      -4.796374436395e-13       1.079180559204e-14       0.000000000000e+00       0.000000000000e+00       0.000000000000e+00 
   88       2.421533962296e-11       1.554969763078e-14      -4.759413499874e-13       1.078648265779e-14       0.000000000000e+00       0.000000000000e+00       0.000000000000e+00 
   89       2.350317730424e-11       1.563943387455e-14      -4.719780944741e-13       1.077607573816e-14       0.000000000000e+00       0.000000000000e+00       0.000000000000e+00 
   90       2.280250046432e-11       1.572288508876e-14      -4.677565463868e-13       1.076065960094e-14       0.000000000000e+00       0.000000000000e+00       0.000000000000e+00 
   91       2.211312997163e-11       1.580001947698e-14      -4.632861221827e-13       1.074031666694e-14       0.000000000000e+00       0.000000000000e+00       0.000000000000e+00 
   92       2.143468136512e-11       1.587081280238e-14      -4.585767891306e-13       1.071513707144e-14       0.000000000000e+00       0.000000000000e+00       0.000000000000e+00 
   93       2.076679920108e-11       1.593524590028e-14      -4.536385356051e-13       1.068521400222e-14       0.000000000000e+00       0.000000000000e+00       0.000000000000e+00 
   94       2.010991789618e-11       1.599329647942e-14      -4.484796829201e-13       1.065062877811e-14       0.000000000000e+00       0.000000000000e+00       0.000000000000e+00 
   95       1.946460096427e-11       1.604494634428e-14      -4.431083251481e-13       1.061146362939e-14       0.000000000000e+00       0.000000000000e+00       0.000000000000e+00 
   96       1.883130415641e-11       1.609018401908e-14      -4.375328362168e-13       1.056780621793e-14       0.000000000000e+00       0.000000000000e+00       0.000000000000e+00 
   97       1.821037073829e-11       1.612900485363e-14      -4.317618662304e-13       1.051974963380e-14       0.000000000000e+00       0.000000000000e+00       0.000000000000e+00 
   98       1.760202676765e-11       1.616141112917e-14      -4.258043377913e-13       1.046739239183e-14       0.000000000000e+00       0.000000000000e+00       0.000000000000e+00 
   99       1.700637637176e-11       1.618741216422e-14      -4.196694423209e-13       1.041083842827e-14       0.000000000000e+00       0.000000000000e+00       0.000000000000e+00 
  100       1.642339702484e-11       1.620702442045e-14      -4.133666363813e-13       1.035019709737e-14       0.000000000000e+00       0.000000000000e+00       0.000000000000e+00 
  101       1.585293482554e-11       1.622027160851e-14      -4.069056379964e-13       1.028558316799e-14       0.000000000000e+00       0.000000000000e+00       0.000000000000e+00 
  102       1.529469977430e-11       1.622718479391e-14      -4.002964229732e-13       1.021711682019e-14       0.000000000000e+00       0.000000000000e+00       0.000000000000e+00 
  103       1.474826105088e-11       1.622780250283e-14      -3.935492212231e-13       1.014492364187e-14       0.000000000000e+00       0.000000000000e+00       0.000000000000e+00 
  104       1.421322695583e-11       1.622216742086e-14      -3.866741430205e-13       1.006913020936e-14       0.000000000000e+00       0.000000000000e+00       0.000000000000e+00 
  105       1.368982258990e-11       1.621031575311e-14      -3.796800082017e-13       9.989850156608e-15       0.000000000000e+00       0.000000000000e+00       0.000000000000e+00 
  106       1.317838176981e-11       1.619228661744e-14      -3.725753512131e-13       9.907196209057e-15       0.000000000000e+00       0.000000000000e+00       0.000000000000e+00 
  107       1.267916667189e-11       1.616812539088e-14      -3.653687693996e-13       9.821284380304e-15       0.000000000000e+00       0.000000000000e+00       0.000000000000e+00 
  108       1.219236513876e-11       1.613788377797e-14      -3.580689152583e-13       9.732233920178e-15       0.000000000000e+00       0.000000000000e+00       0.000000000000e+00 
  109       1.171808798611e-11       1.610161987927e-14      -3.506844886942e-13       9.640167262819e-15       0.000000000000e+00       0.000000000000e+00       0.000000000000e+00 
  110       1.125636630937e-11       1.605939825969e-14      -3.432242292740e-13       9.545209974754e-15       0.000000000000e+00       0.000000000000e+00       0.000000000000e+00 
  111       1.080714879045e-11       1.601129001693e-14      -3.356969084814e-13       9.447490702980e-15       0.000000000000e+00       0.000000000000e+00       0.000000000000e+00 
  112       1.037029900447e-11       1.595737284991e-14      -3.281113219716e-13       9.347141123039e-15       0.000000000000e+00       0.000000000000e+00       0.000000000000e+00 
  113       9.945592726434e-12       1.589773112714e-14      -3.204762818258e-13       9.244295887101e-15       0.000000000000e+00       0.000000000000e+00       0.000000000000e+00 
  114       9.532715237992e-12       1.583245595516e-14      -3.128006088059e-13       9.139092572036e-15       0.000000000000e+00       0.000000000000e+00       0.000000000000e+00 
  115       9.131258634140e-12       1.576164524695e-14      -3.050931246095e-13       9.031671627500e-15       0.000000000000e+00       0.000000000000e+00       0.000000000000e+00 
  116       8.740848694101e-12       1.568539957049e-14      -2.973624529670e-13       8.922172336106e-15       0.000000000000e+00       0.000000000000e+00       0.000000000000e+00 
  117       8.361548751459e-12       1.560380897555e-14      -2.896164120584e-13       8.810720247740e-15       0.000000000000e+00       0.000000000000e+00       0.000000000000e+00 
  118       7.993500098000e-12       1.551696468632e-14      -2.818625333372e-13       8.697438112881e-15       0.000000000000e+00       0.000000000000e+00       0.000000000000e+00 
  119       7.636795282287e-12       1.542496320868e-14      -2.741082367457e-13       8.582449647577e-15       0.000000000000e+00       0.000000000000e+00       0.000000000000e+00 
  120       7.291476561950e-12       1.532790636129e-14      -2.663608212790e-13       8.465879446262e-15       0.000000000000e+00       0.000000000000e+00       0.000000000000e+00 
  121       6.957534355975e-12       1.522590130673e-14      -2.586274555494e-13       8.347852894572e-15       0.000000000000e+00       0.000000000000e+00       0.000000000000e+00 
  122       6.634905696993e-12       1.511906058258e-14      -2.509151683516e-13       8.228496082167e-15       0.000000000000e+00       0.000000000000e+00       0.000000000000e+00 
  123       6.323472683573e-12       1.500750213249e-14      -2.432308392265e-13       8.107935715551e-15       0.000000000000e+00       0.000000000000e+00       0.000000000000e+00 
  124       6.023060932509e-12       1.489134933734e-14      -2.355811890261e-13       7.986299030884e-15       0.000000000000e+00       0.000000000000e+00       0.000000000000e+00 
  125       5.733438031109e-12       1.477073104627e-14      -2.279727704777e-13       7.863713706809e-15       0.000000000000e+00       0.000000000000e+00       0.000000000000e+00 
  126       5.454311989487e-12       1.464578160786e-14      -2.204119587491e-13       7.740307777266e-15       0.000000000000e+00       0.000000000000e+00       0.000000000000e+00 
  127       5.185329692851e-12       1.451664090115e-14      -2.129049420121e-13       7.616209544311e-15       0.000000000000e+00       0.000000000000e+00       0.000000000000e+00 
  128       4.926075353792e-12       1.438345436680e-14      -2.054577120080e-13       7.491547490936e-15       0.000000000000e+00       0.000000000000e+00       0.000000000000e+00 
  129       4.676167624558e-12       1.424636760348e-14      -1.980760891881e-13       7.366447480284e-15       0.000000000000e+00       0.000000000000e+00       0.000000000000e+00 
  130       4.435566266182e-12       1.410550942094e-14      -1.907658212973e-13       7.241024191087e-15       0.000000000000e+00       0.000000000000e+00       0.000000000000e+00 
  131       4.204296353085e-12       1.396100697793e-14      -1.835324778246e-13       7.115388573558e-15       0.000000000000e+00       0.000000000000e+00       0.000000000000e+00 
  132       3.982351795288e-12       1.381299104258e-14      -1.763814072983e-13       6.989650373223e-15       0.000000000000e+00       0.000000000000e+00       0.000000000000e+00 
  133       3.769694496676e-12       1.366159598457e-14      -1.693177280980e-13       6.863918024322e-15       0.000000000000e+00       0.000000000000e+00       0.000000000000e+00 
  134       3.566253513257e-12       1.350695976736e-14      -1.623463192664e-13       6.738298543211e-15       0.000000000000e+00       0.000000000000e+00       0.000000000000e+00 
  135       3.371924211433e-12       1.334922394038e-14      -1.554718113211e-13       6.612897421762e-15       0.000000000000e+00       0.000000000000e+00       0.000000000000e+00 
  136       3.186567426264e-12       1.318853363129e-14      -1.486985770668e-13       6.487818520764e-15       0.000000000000e+00       0.000000000000e+00       0.000000000000e+00 
  137       3.010008619727e-12       1.302503753811e-14      -1.420307224071e-13       6.363163963327e-15       0.000000000000e+00       0.000000000000e+00       0.000000000000e+00 
  138       2.842037038986e-12       1.285888792152e-14      -1.354720771566e-13       6.239034028280e-15       0.000000000000e+00       0.000000000000e+00       0.000000000000e+00 
  139       2.682404874655e-12       1.269024059701e-14      -1.290261858524e-13       6.115527043572e-15       0.000000000000e+00       0.000000000000e+00       0.000000000000e+00 
  140       2.530826419060e-12       1.251925492712e-14      -1.226962985666e-13       5.992739279678e-15       0.000000000000e+00       0.000000000000e+00       0.000000000000e+00 
  141       2.386977224507e-12       1.234609381364e-14      -1.164853617177e-13       5.870764842992e-15       0.000000000000e+00       0.000000000000e+00       0.000000000000e+00 
  142       2.250493261545e-12       1.217092368983e-14      -1.103960088831e-13       5.749695569237e-15       0.000000000000e+00       0.000000000000e+00       0.000000000000e+00 
  143       2.120970077229e-12       1.199391451262e-14      -1.044305516105e-13       5.629620916860e-15       0.000000000000e+00       0.000000000000e+00       0.000000000000e+00 
  144       1.998037717529e-12       1.181523339280e-14      -9.859122143614e-14       5.510627485412e-15       0.000000000000e+00       0.000000000000e+00       0.000000000000e+00 
  145       1.881595596253e-12       1.163502479424e-14      -9.288094222655e-14       5.392797742215e-15       0.000000000000e+00       0.000000000000e+00       0.000000000000e+00 
  146       1.771599288746e-12       1.145342835866e-14      -8.730261686767e-14       5.276210966934e-15       0.000000000000e+00       0.000000000000e+00       0.000000000000e+00 
  147       1.667986444231e-12       1.127058504845e-14      -8.185887522022e-14       5.160943507543e-15       0.000000000000e+00       0.000000000000e+00       0.000000000000e+00 
  148       1.570676379493e-12       1.108663710231e-14      -7.655206637539e-14       5.047068671566e-15       0.000000000000e+00       0.000000000000e+00       0.000000000000e+00 
  149       1.479569672579e-12       1.090172799087e-14      -7.138425091046e-14       4.934656617324e-15       0.000000000000e+00       0.000000000000e+00       0.000000000000e+00 
  150       1.394547756479e-12       1.071600237239e-14      -6.635719314444e-14       4.823774245184e-15       0.000000000000e+00       0.000000000000e+00       0.000000000000e+00 
  151       1.315472512823e-12       1.052960604835e-14      -6.147235339373e-14       4.714485088798e-15       0.000000000000e+00       0.000000000000e+00       0.000000000000e+00 
  152       1.242185865569e-12       1.034268591915e-14      -5.673088022778e-14       4.606849206358e-15       0.000000000000e+00       0.000000000000e+00       0.000000000000e+00 
  153       1.174509374694e-12       1.015538993971e-14      -5.213360272469e-14       4.500923071834e-15       0.000000000000e+00       0.000000000000e+00       0.000000000000e+00 
  154       1.112243829885e-12       9.967867075175e-15      -4.768102272690e-14       4.396759466224e-15       0.000000000000e+00       0.000000000000e+00       0.000000000000e+00 
  155       1.055168844228e-12       9.780267256498e-15      -4.337330709683e-14       4.294407368798e-15       0.000000000000e+00       0.000000000000e+00       0.000000000000e+00 
  156       1.003042447901e-12       9.592741336139e-15      -3.921027997252e-14       4.193911848346e-15       0.000000000000e+00       0.000000000000e+00       0.000000000000e+00 
  157       9.556006818627e-13       9.405441043690e-15      -3.519141502325e-14       4.095313954422e-15       0.000000000000e+00       0.000000000000e+00       0.000000000000e+00 
  158       9.125571915437e-13       9.218518941530e-15      -3.131582770523e-14       3.998650608590e-15       0.000000000000e+00       0.000000000000e+00       0.000000000000e+00 
  159       8.736028205374e-13       9.032128380470e-15      -2.758226751725e-14       3.903954495672e-15       0.000000000000e+00       0.000000000000e+00       0.000000000000e+00 
  160       8.384052042900e-13       8.846423455400e-15      -2.398911025626e-14       3.811253954989e-15       0.000000000000e+00       0.000000000000e+00       0.000000000000e+00 
  161       8.066618110606e-13       8.661553046163e-15      -2.053485267854e-14       3.720576211949e-15       0.000000000000e+00       0.000000000000e+00       0.000000000000e+00 
  162       7.782651889486e-13       8.477642441053e-15      -1.721966190015e-14       3.631957622248e-15       0.000000000000e+00       0.000000000000e+00       0.000000000000e+00 
  163       7.531516236115e-13       8.294809995901e-15      -1.404394885128e-14       3.545434129961e-15       0.000000000000e+00       0.000000000000e+00       0.000000000000e+00 
  164       7.312488461775e-13       8.113172831704e-15      -1.100787280448e-14       3.461037916039e-15       0.000000000000e+00       0.000000000000e+00       0.000000000000e+00 
  165       7.124758728401e-13       7.932846763054e-15      -8.111335941825e-15       3.378797304926e-15       0.000000000000e+00       0.000000000000e+00       0.000000000000e+00 
  166       6.967428444532e-13       7.753946226574e-15      -5.353977922072e-15       3.298736671174e-15       0.000000000000e+00       0.000000000000e+00       0.000000000000e+00 
  167       6.839508661255e-13       7.576584209356e-15      -2.735170447798e-15       3.220876346053e-15       0.000000000000e+00       0.000000000000e+00       0.000000000000e+00 
  168       6.739918468153e-13       7.400872177393e-15      -2.540118325545e-16       3.145232524169e-15       0.000000000000e+00       0.000000000000e+00       0.000000000000e+00 
  169       6.667483389254e-13       7.226920004016e-15       2.090678431977e-15       3.071817170080e-15       0.000000000000e+00       0.000000000000e+00       0.000000000000e+00 
  170       6.620933778977e-13       7.054835898325e-15       4.300365108841e-15       3.000637924905e-15       0.000000000000e+00       0.000000000000e+00       0.000000000000e+00 
  171       6.598903218080e-13       6.884726333631e-15       6.376802648651e-15       2.931698012941e-15       0.000000000000e+00       0.000000000000e+00       0.000000000000e+00 
  172       6.599926909607e-13       6.716695975883e-15       8.322040622444e-15       2.864996148279e-15       0.000000000000e+00       0.000000000000e+00       0.000000000000e+00 
  173       6.622440074834e-13       6.550847612107e-15       1.013842915453e-14       2.800526441417e-15       0.000000000000e+00       0.000000000000e+00       0.000000000000e+00 
  174       6.664776349220e-13       6.387282078843e-15       1.182862435533e-14       2.738278305874e-15       0.000000000000e+00       0.000000000000e+00       0.000000000000e+00 
  175       6.725166178348e-13       6.226098190574e-15       1.339559375424e-14       2.678236364802e-15       0.000000000000e+00       0.000000000000e+00       0.000000000000e+00 
  176       6.801735213882e-13       6.067392668167e-15       1.484262173248e-14       2.620380357607e-15       0.000000000000e+00       0.000000000000e+00       0.000000000000e+00 
  177       6.892502709503e-13       5.911260067303e-15       1.617331495593e-14       2.564685046557e-15       0.000000000000e+00       0.000000000000e+00       0.000000000000e+00 
  178       6.995379916866e-13       5.757792706916e-15       1.739160780798e-14       2.511120123398e-15       0.000000000000e+00       0.000000000000e+00       0.000000000000e+00 
  179       7.108168481542e-13       5.607080597625e-15       1.850176782240e-14       2.459650115970e-15       0.000000000000e+00       0.000000000000e+00       0.000000000000e+00 
  180       7.228890562143e-13       5.459208511810e-15       1.950775848666e-14       2.410241948410e-15       0.000000000000e+00       0.000000000000e+00       0.000000000000e+00 
  181       7.356811882301e-13       5.314247082890e-15       2.041125966368e-14       2.362888488855e-15       0.000000000000e+00       0.000000000000e+00       0.000000000000e+00 
  182       7.491497108292e-13       5.172260859466e-15       2.121349988341e-14       2.317586698530e-15       0.000000000000e+00       0.000000000000e+00       0.000000000000e+00 
  183       7.632485054152e-13       5.033311018597e-15       2.191588787598e-14       2.274330081636e-15       0.000000000000e+00       0.000000000000e+00       0.000000000000e+00 
  184       7.779288299445e-13       4.897455283704e-15       2.252001563757e-14       2.233108620150e-15       0.000000000000e+00       0.000000000000e+00       0.000000000000e+00 
  185       7.931392807029e-13       4.764747842483e-15       2.302766149625e-14       2.193908708631e-15       0.000000000000e+00       0.000000000000e+00       0.000000000000e+00 
  186       8.088257540813e-13       4.635239264802e-15       2.344079317796e-14       2.156713089025e-15       0.000000000000e+00       0.000000000000e+00       0.000000000000e+00 
  187       8.249314083527e-13       4.508976420619e-15       2.376157087231e-14       2.121500785471e-15       0.000000000000e+00       0.000000000000e+00       0.000000000000e+00 
  188       8.413966254483e-13       4.386002397879e-15       2.399235029854e-14       2.088247039100e-15       0.000000000000e+00       0.000000000000e+00       0.000000000000e+00 
  189       8.581589727340e-13       4.266356420430e-15       2.413568577137e-14       2.056923242847e-15       0.000000000000e+00       0.000000000000e+00       0.000000000000e+00 
  190       8.751531647867e-13       4.150073765920e-15       2.419433326689e-14       2.027496876246e-15       0.000000000000e+00       0.000000000000e+00       0.000000000000e+00 
  191       8.923110251707e-13       4.037185683714e-15       2.417125348847e-14       1.999931440243e-15       0.000000000000e+00       0.000000000000e+00       0.000000000000e+00 
  192       9.095614482140e-13       3.927719312793e-15       2.406961493265e-14       1.974186391997e-15       0.000000000000e+00       0.000000000000e+00       0.000000000000e+00 
  193       9.268303607850e-13       3.821697599664e-15       2.389279695500e-14       1.950217079682e-15       0.000000000000e+00       0.000000000000e+00       0.000000000000e+00 
  194       9.440406840685e-13       3.719139216269e-15       2.364439283603e-14       1.927974677295e-15       0.000000000000e+00       0.000000000000e+00       0.000000000000e+00 
  195       9.611122953423e-13       3.620058477888e-15       2.332821284710e-14       1.907406119459e-15       0.000000000000e+00       0.000000000000e+00       0.000000000000e+00 
  196       9.779619897535e-13       3.524465261046e-15       2.294828731627e-14       1.888454036226e-15       0.000000000000e+00       0.000000000000e+00       0.000000000000e+00 
  197       9.945034420949e-13       3.432364921426e-15       2.250886969420e-14       1.871056687884e-15       0.000000000000e+00       0.000000000000e+00       0.000000000000e+00 
  198       1.010647168581e-12       3.343758211767e-15       2.201443962007e-14       1.855147899759e-15       0.000000000000e+00       0.000000000000e+00       0.000000000000e+00 
  199       1.026300488626e-12       3.258641199776e-15       2.146970598744e-14       1.840656997021e-15       0.000000000000e+00       0.000000000000e+00       0.000000000000e+00 
  200       1.041367486618e-12       3.177005186037e-15       2.087961001014e-14       1.827508739487e-15       0.000000000000e+00       0.000000000000e+00       0.000000000000e+00 
  201       1.055764347956e-12       3.098840144989e-15       2.024867199896e-14       1.815633801766e-15       0.000000000000e+00       0.000000000000e+00       0.000000000000e+00 
  202       1.069466667426e-12       3.024145492514e-15       1.957897331795e-14       1.805001183508e-15       0.000000000000e+00       0.000000000000e+00       0.000000000000e+00 
  203       1.082465450335e-12       2.952919930075e-15       1.887203602175e-14       1.795587991219e-15       0.000000000000e+00       0.000000000000e+00       0.000000000000e+00 
  204       1.094752049151e-12       2.885157919544e-15       1.812946730749e-14       1.787369067194e-15       0.000000000000e+00       0.000000000000e+00       0.000000000000e+00 
  205       1.106318170715e-12       2.820849611523e-15       1.735296064103e-14       1.780316955489e-15       0.000000000000e+00       0.000000000000e+00       0.000000000000e+00 
  206       1.117155883461e-12       2.759980773666e-15       1.654429688317e-14       1.774401867891e-15       0.000000000000e+00       0.000000000000e+00       0.000000000000e+00 
  207       1.127257624626e-12       2.702532718994e-15       1.570534541586e-14       1.769591649890e-15       0.000000000000e+00       0.000000000000e+00       0.000000000000e+00 
  208       1.136616207470e-12       2.648482234220e-15       1.483806526840e-14       1.765851746648e-15       0.000000000000e+00       0.000000000000e+00       0.000000000000e+00 
  209       1.145224828489e-12       2.597801508062e-15       1.394450624369e-14       1.763145168976e-15       0.000000000000e+00       0.000000000000e+00       0.000000000000e+00 
  210       1.153077074631e-12       2.550458059568e-15       1.302681004441e-14       1.761432459297e-15       0.000000000000e+00       0.000000000000e+00       0.000000000000e+00 
  211       1.160166930509e-12       2.506414666430e-15       1.208721139925e-14       1.760671657625e-15       0.000000000000e+00       0.000000000000e+00       0.000000000000e+00 
  212       1.166488785621e-12       2.465629293309e-15       1.112803918912e-14       1.760818267533e-15       0.000000000000e+00       0.000000000000e+00       0.000000000000e+00 
  213       1.172037441562e-12       2.428055020151e-15       1.015171757338e-14       1.761825222124e-15       0.000000000000e+00       0.000000000000e+00       0.000000000000e+00 
  214       1.176808119238e-12       2.393639970508e-15       9.160767116008e-15       1.763642850002e-15       0.000000000000e+00       0.000000000000e+00       0.000000000000e+00 
  215       1.180796466084e-12       2.362327239855e-15       8.157805911880e-15       1.766218841246e-15       0.000000000000e+00       0.000000000000e+00       0.000000000000e+00 
  216       1.183998563281e-12       2.334054823911e-15       7.145550712931e-15       1.769498213378e-15       0.000000000000e+00       0.000000000000e+00       0.000000000000e+00 
  217       1.186410932966e-12       2.308755546961e-15       6.126818054393e-15       1.773423277336e-15       0.000000000000e+00       0.000000000000e+00       0.000000000000e+00 
  218       1.188030545451e-12       2.286356990170e-15       5.104525381004e-15       1.777933603446e-15       0.000000000000e+00       0.000000000000e+00       0.000000000000e+00 
  219       1.188854826437e-12       2.266781419907e-15       4.081692173225e-15       1.782965987391e-15       0.000000000000e+00       0.000000000000e+00       0.000000000000e+00 
  220       1.188881664231e-12       2.249945716061e-15       3.061441073451e-15       1.788454416185e-15       0.000000000000e+00       0.000000000000e+00       0.000000000000e+00 
  221       1.188109416958e-12       2.235761300364e-15       2.046999012224e-15       1.794330034142e-15       0.000000000000e+00       0.000000000000e+00       0.000000000000e+00 
  222       1.186536919781e-12       2.224134064708e-15       1.041698334453e-15       1.800521108850e-15       0.000000000000e+00       0.000000000000e+00       0.000000000000e+00 
  223       1.184163492112e-12       2.214964299463e-15       4.897792562148e-17       1.806952997138e-15       0.000000000000e+00       0.000000000000e+00       0.000000000000e+00 
  224       1.180991003052e-12       2.208158333499e-15      -9.281050664215e-16       1.813558661385e-15       0.000000000000e+00       0.000000000000e+00       0.000000000000e+00 
  225       1.177030200293e-12       2.203664434150e-15      -1.888377275998e-15       1.820311040082e-15       0.000000000000e+00       0.000000000000e+00       0.000000000000e+00 
  226       1.172294802148e-12       2.201439076947e-15      -2.831141480015e-15       1.827192692900e-15       0.000000000000e+00       0.000000000000e+00       0.000000000000e+00 
  227       1.166799487947e-12       2.201435397868e-15      -3.755695913668e-15       1.834185428593e-15       0.000000000000e+00       0.000000000000e+00       0.000000000000e+00 
  228       1.160559910160e-12       2.203603149539e-15      -4.661334309480e-15       1.841270296088e-15       0.000000000000e+00       0.000000000000e+00       0.000000000000e+00 
  229       1.153592706506e-12       2.207888657444e-15      -5.547345936334e-15       1.848427575578e-15       0.000000000000e+00       0.000000000000e+00       0.000000000000e+00 
  230       1.145915512074e-12       2.214234776127e-15      -6.413015638508e-15       1.855636769610e-15       0.000000000000e+00       0.000000000000e+00       0.000000000000e+00 
  231       1.137546971437e-12       2.222580845392e-15      -7.257623874708e-15       1.862876594179e-15       0.000000000000e+00       0.000000000000e+00       0.000000000000e+00 
  232       1.128506750766e-12       2.232862646515e-15      -8.080446757104e-15       1.870124969817e-15       0.000000000000e+00       0.000000000000e+00       0.000000000000e+00 
  233       1.118815549948e-12       2.245012358443e-15      -8.880756090364e-15       1.877359012686e-15       0.000000000000e+00       0.000000000000e+00       0.000000000000e+00 
  234       1.108495114704e-12       2.258958514000e-15      -9.657819410688e-15       1.884555025668e-15       0.000000000000e+00       0.000000000000e+00       0.000000000000e+00 
  235       1.097568248697e-12       2.274625956093e-15      -1.041090002484e-14       1.891688489456e-15       0.000000000000e+00       0.000000000000e+00       0.000000000000e+00 
  236       1.086058825659e-12       2.291935793914e-15      -1.113925704920e-14       1.898734053647e-15       0.000000000000e+00       0.000000000000e+00       0.000000000000e+00 
  237       1.073991801496e-12       2.310805359145e-15      -1.184214544876e-14       1.905665527831e-15       0.000000000000e+00       0.000000000000e+00       0.000000000000e+00 
  238       1.061393226411e-12       2.331148162163e-15      -1.251881607619e-14       1.912455872683e-15       0.000000000000e+00       0.000000000000e+00       0.000000000000e+00 
  239       1.048290257018e-12       2.352873848243e-15      -1.316851571089e-14       1.919077191053e-15       0.000000000000e+00       0.000000000000e+00       0.000000000000e+00 
  240       1.034711168456e-12       2.375888153766e-15      -1.379048709795e-14       1.925500719060e-15       0.000000000000e+00       0.000000000000e+00       0.000000000000e+00 
  241       1.020685366507e-12       2.400092862420e-15      -1.438396898729e-14       1.931696817182e-15       0.000000000000e+00       0.000000000000e+00       0.000000000000e+00 
  242       1.006243399710e-12       2.425385761403e-15      -1.494819617258e-14       1.937634961343e-15       0.000000000000e+00       0.000000000000e+00       0.000000000000e+00 
  243       9.914169714803e-13       2.451660597634e-15      -1.548239953039e-14       1.943283734011e-15       0.000000000000e+00       0.000000000000e+00       0.000000000000e+00 
  244       9.762389522204e-13       2.478807033949e-15      -1.598580605911e-14       1.948610815284e-15       0.000000000000e+00       0.000000000000e+00       0.000000000000e+00 
  245       9.607433914395e-13       2.506710605313e-15      -1.645763891809e-14       1.953582973986e-15       0.000000000000e+00       0.000000000000e+00       0.000000000000e+00 
  246       9.449655298683e-13       2.535252675019e-15      -1.689711746660e-14       1.958166058750e-15       0.000000000000e+00       0.000000000000e+00       0.000000000000e+00 
  247       9.289418115744e-13       2.564310390894e-15      -1.730345730288e-14       1.962324989120e-15       0.000000000000e+00       0.000000000000e+00       0.000000000000e+00 
  248       9.127098960787e-13       2.593756641505e-15      -1.767587030322e-14       1.966023746632e-15       0.000000000000e+00       0.000000000000e+00       0.000000000000e+00 
  249       8.963086704709e-13       2.623460012362e-15      -1.801356466093e-14       1.969225365912e-15       0.000000000000e+00       0.000000000000e+00       0.000000000000e+00 
  250       8.797735748734e-13       2.653301832685e-15      -1.831592550747e-14       1.971898459169e-15       0.000000000000e+00       0.000000000000e+00       0.000000000000e+00 
  251       8.631222546547e-13       2.683228497086e-15      -1.858306825488e-14       1.974037225632e-15       0.000000000000e+00       0.000000000000e+00       0.000000000000e+00 
  252       8.463681035637e-13       2.713202078946e-15      -1.881531726925e-14       1.975642579799e-15       0.000000000000e+00       0.000000000000e+00       0.000000000000e+00 
  253       8.295248789969e-13       2.743183500549e-15      -1.901302854508e-14       1.976715725526e-15       0.000000000000e+00       0.000000000000e+00       0.000000000000e+00 
  254       8.126067051515e-13       2.773132521969e-15      -1.917659008967e-14       1.977258159610e-15       0.000000000000e+00       0.000000000000e+00       0.000000000000e+00 
  255       7.956280761789e-13       2.803007729965e-15      -1.930642230746e-14       1.977271675376e-15       0.000000000000e+00       0.000000000000e+00       0.000000000000e+00 
  256       7.786038593381e-13       2.832766526861e-15      -1.940297838440e-14       1.976758366266e-15       0.000000000000e+00       0.000000000000e+00       0.000000000000e+00 
  257       7.615492981487e-13       2.862365119436e-15      -1.946674467237e-14       1.975720629416e-15       0.000000000000e+00       0.000000000000e+00       0.000000000000e+00 
  258       7.444800155445e-13       2.891758507812e-15      -1.949824107347e-14       1.974161169251e-15       0.000000000000e+00       0.000000000000e+00       0.000000000000e+00 
  259       7.274120170268e-13       2.920900474344e-15      -1.949802142448e-14       1.972083001060e-15       0.000000000000e+00       0.000000000000e+00       0.000000000000e+00 
  260       7.103616938175e-13       2.949743572501e-15      -1.946667388115e-14       1.969489454592e-15       0.000000000000e+00       0.000000000000e+00       0.000000000000e+00 
  261       6.933458260127e-13       2.978239115761e-15      -1.940482130262e-14       1.966384177633e-15       0.000000000000e+00       0.000000000000e+00       0.000000000000e+00 
  262       6.763815857357e-13       3.006337166492e-15      -1.931312163580e-14       1.962771139595e-15       0.000000000000e+00       0.000000000000e+00       0.000000000000e+00 
  263       6.594865402907e-13       3.033986524845e-15      -1.919226829968e-14       1.958654635102e-15       0.000000000000e+00       0.000000000000e+00       0.000000000000e+00 
  264       6.426786553156e-13       3.061134717637e-15      -1.904299056977e-14       1.954039287571e-15       0.000000000000e+00       0.000000000000e+00       0.000000000000e+00 
  265       6.259762979358e-13       3.087727987243e-15      -1.886605396242e-14       1.948930052804e-15       0.000000000000e+00       0.000000000000e+00       0.000000000000e+00 
  266       6.093982399175e-13       3.113711280481e-15      -1.866226061921e-14       1.943332222567e-15       0.000000000000e+00       0.000000000000e+00       0.000000000000e+00 
  267       5.929636608205e-13       3.139028237497e-15      -1.843244969133e-14       1.937251428178e-15       0.000000000000e+00       0.000000000000e+00       0.000000000000e+00 
  268       5.766921511521e-13       3.163621180658e-15      -1.817749772395e-14       1.930693644095e-15       0.000000000000e+00       0.000000000000e+00       0.000000000000e+00 
  269       5.606037155201e-13       3.187431103436e-15      -1.789831904056e-14       1.923665191495e-15       0.000000000000e+00       0.000000000000e+00       0.000000000000e+00 
  270       5.447187757862e-13       3.210397659298e-15      -1.759586612738e-14       1.916172741865e-15       0.000000000000e+00       0.000000000000e+00       0.000000000000e+00 
  271       5.290581742193e-13       3.232459150590e-15      -1.727113001770e-14       1.908223320585e-15       0.000000000000e+00       0.000000000000e+00       0.000000000000e+00 
  272       5.136431766488e-13       3.253552517427e-15      -1.692514067627e-14       1.899824310512e-15       0.000000000000e+00       0.000000000000e+00       0.000000000000e+00 
  273       4.984954756182e-13       3.273613326580e-15      -1.655896738367e-14       1.890983455569e-15       0.000000000000e+00       0.000000000000e+00       0.000000000000e+00 
  274       4.836371935376e-13       3.292575760365e-15      -1.617371912067e-14       1.881708864327e-15       0.000000000000e+00       0.000000000000e+00       0.000000000000e+00 
  275       4.690908858382e-13       3.310372605529e-15      -1.577054495261e-14       1.872009013590e-15       0.000000000000e+00       0.000000000000e+00       0.000000000000e+00 
  276       4.548795441246e-13       3.326935242135e-15      -1.535063441375e-14       1.861892751986e-15       0.000000000000e+00       0.000000000000e+00       0.000000000000e+00 
  277       4.410265993285e-13       3.342193632456e-15      -1.491521789168e-14       1.851369303543e-15       0.000000000000e+00       0.000000000000e+00       0.000000000000e+00 
  278       4.275559248623e-13       3.356076309857e-15      -1.446556701166e-14       1.840448271282e-15       0.000000000000e+00       0.000000000000e+00       0.000000000000e+00 
  279       4.144877792599e-13       3.368523371046e-15      -1.400286120184e-14       1.829139705832e-15       0.000000000000e+00       0.000000000000e+00       0.000000000000e+00 
  280       4.018263949339e-13       3.379526220762e-15      -1.352777894603e-14       1.817454307836e-15       0.000000000000e+00       0.000000000000e+00       0.000000000000e+00 
  281       3.895717525510e-13       3.389089864556e-15      -1.304088610306e-14       1.805403243016e-15       0.000000000000e+00       0.000000000000e+00       0.000000000000e+00 
  282       3.777235805566e-13       3.397220099730e-15      -1.254276799652e-14       1.792998081755e-15       0.000000000000e+00       0.000000000000e+00       0.000000000000e+00 
  283       3.662813520907e-13       3.403923524190e-15      -1.203402959351e-14       1.780250802779e-15       0.000000000000e+00       0.000000000000e+00       0.000000000000e+00 
  284       3.552442819042e-13       3.409207545313e-15      -1.151529568350e-14       1.767173796847e-15       0.000000000000e+00       0.000000000000e+00       0.000000000000e+00 
  285       3.446113232743e-13       3.413080388808e-15      -1.098721105712e-14       1.753779870430e-15       0.000000000000e+00       0.000000000000e+00       0.000000000000e+00 
  286       3.343811649209e-13       3.415551107578e-15      -1.045044068497e-14       1.740082249401e-15       0.000000000000e+00       0.000000000000e+00       0.000000000000e+00 
  287       3.245522279226e-13       3.416629590581e-15      -9.905669896432e-15       1.726094582719e-15       0.000000000000e+00       0.000000000000e+00       0.000000000000e+00 
  288       3.151226626323e-13       3.416326571694e-15      -9.353604558502e-15       1.711830946113e-15       0.000000000000e+00       0.000000000000e+00       0.000000000000e+00 
  289       3.060903455935e-13       3.414653638573e-15      -8.794971254567e-15       1.697305845769e-15       0.000000000000e+00       0.000000000000e+00       0.000000000000e+00 
  290       2.974528764562e-13       3.411623241514e-15      -8.230517463237e-15       1.682534222013e-15       0.000000000000e+00       0.000000000000e+00       0.000000000000e+00 
  291       2.892075748927e-13       3.407248702322e-15      -7.661011737155e-15       1.667531453000e-15       0.000000000000e+00       0.000000000000e+00       0.000000000000e+00 
  292       2.813514775139e-13       3.401544223161e-15      -7.087243881805e-15       1.652313358394e-15       0.000000000000e+00       0.000000000000e+00       0.000000000000e+00 
  293       2.738813347849e-13       3.394524895428e-15      -6.510025134323e-15       1.636896203057e-15       0.000000000000e+00       0.000000000000e+00       0.000000000000e+00 
  294       2.667936079412e-13       3.386206708608e-15      -5.930188342309e-15       1.621296700734e-15       0.000000000000e+00       0.000000000000e+00       0.000000000000e+00 
  295       2.600844659047e-13       3.376606559136e-15      -5.348588142640e-15       1.605532017735e-15       0.000000000000e+00       0.000000000000e+00       0.000000000000e+00 
  296       2.537497821994e-13       3.365742259264e-15      -4.766101140280e-15       1.589619776626e-15       0.000000000000e+00       0.000000000000e+00       0.000000000000e+00 
  297       2.477851318678e-13       3.353632545918e-15      -4.183626087089e-15       1.573578059908e-15       0.000000000000e+00       0.000000000000e+00       0.000000000000e+00 
  298       2.421857883865e-13       3.340297089561e-15      -3.602084060639e-15       1.557425413705e-15       0.000000000000e+00       0.000000000000e+00       0.000000000000e+00 
  299       2.369467205821e-13       3.325756503057e-15      -3.022418643021e-15       1.541180851451e-15       0.000000000000e+00       0.000000000000e+00       0.000000000000e+00 
  300       2.320625895477e-13       3.310032350532e-15      -2.445596099657e-15       1.524863857571e-15       0.000000000000e+00       0.000000000000e+00       0.000000000000e+00 
  301       2.275277455584e-13       3.293147156233e-15      -1.872605558116e-15       1.508494391172e-15       0.000000000000e+00       0.000000000000e+00       0.000000000000e+00 
  302       2.233362249873e-13       3.275124413397e-15      -1.304459186918e-15       1.492092889721e-15       0.000000000000e+00       0.000000000000e+00       0.000000000000e+00 
  303       2.194817472218e-13       3.255988593105e-15      -7.421923743496e-16       1.475680272736e-15       0.000000000000e+00       0.000000000000e+00       0.000000000000e+00 
  304       2.159577115791e-13       3.235765153149e-15      -1.868639072752e-16       1.459277945469e-15       0.000000000000e+00       0.000000000000e+00       0.000000000000e+00 
  305       2.127571942225e-13       3.214480546894e-15       3.604438500528e-16       1.442907802591e-15       0.000000000000e+00       0.000000000000e+00       0.000000000000e+00 
  306       2.098729450775e-13       3.192162232136e-15       8.986247771826e-16       1.426592231878e-15       0.000000000000e+00       0.000000000000e+00       0.000000000000e+00 
  307       2.072973847472e-13       3.168838679969e-15       1.426548818651e-15       1.410354117895e-15       0.000000000000e+00       0.000000000000e+00       0.000000000000e+00 
  308       2.050226014289e-13       3.144539383644e-15       1.943061805173e-15       1.394216845684e-15       0.000000000000e+00       0.000000000000e+00       0.000000000000e+00 
  309       2.030403478297e-13       3.119294867431e-15       2.446985274831e-15       1.378204304445e-15       0.000000000000e+00       0.000000000000e+00       0.000000000000e+00 
  310       2.013420380824e-13       3.093136695482e-15       2.937116294261e-15       1.362340891225e-15       0.000000000000e+00       0.000000000000e+00       0.000000000000e+00 
  311       1.999187446621e-13       3.066097480693e-15       3.412227279843e-15       1.346651514599e-15       0.000000000000e+00       0.000000000000e+00       0.000000000000e+00 
  312       1.987618580868e-13       3.038209720496e-15       3.871272825753e-15       1.331157989746e-15       0.000000000000e+00       0.000000000000e+00       0.000000000000e+00 
  313       1.978651061801e-13       3.009502226355e-15       4.314021161470e-15       1.315868031216e-15       0.000000000000e+00       0.000000000000e+00       0.000000000000e+00 
  314       1.972226224772e-13       2.980003545912e-15       4.740451644388e-15       1.300785756631e-15       0.000000000000e+00       0.000000000000e+00       0.000000000000e+00 
  315       1.968282896263e-13       2.949743128510e-15       5.150550469727e-15       1.285915248500e-15       0.000000000000e+00       0.000000000000e+00       0.000000000000e+00 
  316       1.966757371188e-13       2.918751332616e-15       5.544310746096e-15       1.271260553479e-15       0.000000000000e+00       0.000000000000e+00       0.000000000000e+00 
  317       1.967583390199e-13       2.887059433238e-15       5.921732571047e-15       1.256825681614e-15       0.000000000000e+00       0.000000000000e+00       0.000000000000e+00 
  318       1.970692116992e-13       2.854699629345e-15       6.282823106639e-15       1.242614605597e-15       0.000000000000e+00       0.000000000000e+00       0.000000000000e+00 
  319       1.976012115604e-13       2.821705051293e-15       6.627596654997e-15       1.228631260015e-15       0.000000000000e+00       0.000000000000e+00       0.000000000000e+00 
  320       1.983469327725e-13       2.788109768239e-15       6.956074733870e-15       1.214879540602e-15       0.000000000000e+00       0.000000000000e+00       0.000000000000e+00 
  321       1.992987049999e-13       2.753948795567e-15       7.268286152188e-15       1.201363303488e-15       0.000000000000e+00       0.000000000000e+00       0.000000000000e+00 
  322       2.004485911324e-13       2.719258102303e-15       7.564267085628e-15       1.188086364452e-15       0.000000000000e+00       0.000000000000e+00       0.000000000000e+00 
  323       2.017883850163e-13       2.684074618542e-15       7.844061152168e-15       1.175052498172e-15       0.000000000000e+00       0.000000000000e+00       0.000000000000e+00 
  324       2.033096091844e-13       2.648436242861e-15       8.107719487646e-15       1.162265437476e-15       0.000000000000e+00       0.000000000000e+00       0.000000000000e+00 
  325       2.050035125865e-13       2.612381849748e-15       8.355300821324e-15       1.149728872593e-15       0.000000000000e+00       0.000000000000e+00       0.000000000000e+00 
  326       2.068610683196e-13       2.575951297014e-15       8.586871551444e-15       1.137446450402e-15       0.000000000000e+00       0.000000000000e+00       0.000000000000e+00 
  327       2.088729713587e-13       2.539185433220e-15       8.802505820789e-15       1.125421773689e-15       0.000000000000e+00       0.000000000000e+00       0.000000000000e+00 
  328       2.110296362869e-13       2.502126105095e-15       9.002285592239e-15       1.113658400388e-15       0.000000000000e+00       0.000000000000e+00       0.000000000000e+00 
  329       2.133211950259e-13       2.464816164955e-15       9.186300724335e-15       1.102159842844e-15       0.000000000000e+00       0.000000000000e+00       0.000000000000e+00 
  330       2.157374945663e-13       2.427299478127e-15       9.354649046836e-15       1.090929567051e-15       0.000000000000e+00       0.000000000000e+00       0.000000000000e+00 
  331       2.182680946982e-13       2.389620930368e-15       9.507436436279e-15       1.079970991916e-15       0.000000000000e+00       0.000000000000e+00       0.000000000000e+00 
  332       2.209022657416e-13       2.351826435282e-15       9.644776891538e-15       1.069287488497e-15       0.000000000000e+00       0.000000000000e+00       0.000000000000e+00 
  333       2.236289862764e-13       2.313962941748e-15       9.766792609383e-15       1.058882379266e-15       0.000000000000e+00       0.000000000000e+00       0.000000000000e+00 
  334       2.264369408734e-13       2.276078441333e-15       9.873614060041e-15       1.048758937351e-15       0.000000000000e+00       0.000000000000e+00       0.000000000000e+00 
  335       2.293145178242e-13       2.238221975717e-15       9.965380062754e-15       1.038920385790e-15       0.000000000000e+00       0.000000000000e+00       0.000000000000e+00 
  336       2.322498068720e-13       2.200443644113e-15       1.004223786134e-14       1.029369896784e-15       0.000000000000e+00       0.000000000000e+00       0.000000000000e+00 
  337       2.352305969416e-13       2.162794610686e-15       1.010434319974e-14       1.020110590944e-15       0.000000000000e+00       0.000000000000e+00       0.000000000000e+00 
  338       2.382443738702e-13       2.125327111974e-15       1.015186039762e-14       1.011145536547e-15       0.000000000000e+00       0.000000000000e+00       0.000000000000e+00 
  339       2.412783181376e-13       2.088094464309e-15       1.018496242586e-14       1.002477748780e-15       0.000000000000e+00       0.000000000000e+00       0.000000000000e+00 
  340       2.443193025964e-13       2.051151071238e-15       1.020383098217e-14       9.941101889978e-16       0.000000000000e+00       0.000000000000e+00       0.000000000000e+00 
  341       2.473538902030e-13       2.014552430943e-15       1.020865656664e-14       9.860457639694e-16       0.000000000000e+00       0.000000000000e+00       0.000000000000e+00 
  342       2.503683317474e-13       1.978355143661e-15       1.019963855728e-14       9.782873251311e-16       0.000000000000e+00       0.000000000000e+00       0.000000000000e+00 
  343       2.533485635837e-13       1.942616919104e-15       1.017698528559e-14       9.708376678366e-16       0.000000000000e+00       0.000000000000e+00       0.000000000000e+00 
  344       2.562802053610e-13       1.907396583882e-15       1.014091411213e-14       9.636995306081e-16       0.000000000000e+00       0.000000000000e+00       0.000000000000e+00 
  345       2.591485577532e-13       1.872754088922e-15       1.009165150205e-14       9.568755943874e-16       0.000000000000e+00       0.000000000000e+00       0.000000000000e+00 
  346       2.619386001896e-13       1.838750516888e-15       1.002943310070e-14       9.503684817864e-16       0.000000000000e+00       0.000000000000e+00       0.000000000000e+00 
  347       2.646349885855e-13       1.805448089601e-15       9.954503809136e-15       9.441807563387e-16       0.000000000000e+00       0.000000000000e+00       0.000000000000e+00 
  348       2.672220530724e-13       1.772910175463e-15       9.867117859699e-15       9.383149217497e-16       0.000000000000e+00       0.000000000000e+00       0.000000000000e+00 
  349       2.696864590052e-13       1.741191055082e-15       9.767544113786e-15       9.327722166240e-16       0.000000000000e+00       0.000000000000e+00       0.000000000000e+00 
  350       2.720253166217e-13       1.710304733787e-15       9.656082043400e-15       9.275489449218e-16       0.000000000000e+00       0.000000000000e+00       0.000000000000e+00 
  351       2.742384037925e-13       1.680254848199e-15       9.533046561407e-15       9.226399916119e-16       0.000000000000e+00       0.000000000000e+00       0.000000000000e+00 
  352       2.763255334852e-13       1.651044788504e-15       9.398762939616e-15       9.180400115169e-16       0.000000000000e+00       0.000000000000e+00       0.000000000000e+00 
  353       2.782865541107e-13       1.622677695804e-15       9.253566889475e-15       9.137434273815e-16       0.000000000000e+00       0.000000000000e+00       0.000000000000e+00 
  354       2.801213498705e-13       1.595156459482e-15       9.097804642757e-15       9.097444279393e-16       0.000000000000e+00       0.000000000000e+00       0.000000000000e+00 
  355       2.818298411032e-13       1.568483714562e-15       8.931833032251e-15       9.060369659808e-16       0.000000000000e+00       0.000000000000e+00       0.000000000000e+00 
  356       2.834119846312e-13       1.542661839062e-15       8.756019572452e-15       9.026147564212e-16       0.000000000000e+00       0.000000000000e+00       0.000000000000e+00 
  357       2.848677741081e-13       1.517692951358e-15       8.570742540252e-15       8.994712743676e-16       0.000000000000e+00       0.000000000000e+00       0.000000000000e+00 
  358       2.861972403647e-13       1.493578907541e-15       8.376391055625e-15       8.965997531868e-16       0.000000000000e+00       0.000000000000e+00       0.000000000000e+00 
  359       2.874004517563e-13       1.470321298779e-15       8.173365162323e-15       8.939931825729e-16       0.000000000000e+00       0.000000000000e+00       0.000000000000e+00 
  360       2.884775145094e-13       1.447921448669e-15       7.962075908559e-15       8.916443066150e-16       0.000000000000e+00       0.000000000000e+00       0.000000000000e+00 
  361       2.894285730686e-13       1.426380410605e-15       7.742945427702e-15       8.895456218643e-16       0.000000000000e+00       0.000000000000e+00       0.000000000000e+00 
  362       2.902538104433e-13       1.405698965129e-15       7.516407018966e-15       8.876893754026e-16       0.000000000000e+00       0.000000000000e+00       0.000000000000e+00 
  363       2.909534485542e-13       1.385877617295e-15       7.282905228097e-15       8.860675629091e-16       0.000000000000e+00       0.000000000000e+00       0.000000000000e+00 
  364       2.915277485808e-13       1.366916594027e-15       7.042895928063e-15       8.846719267284e-16       0.000000000000e+00       0.000000000000e+00       0.000000000000e+00 
  365       2.919770113074e-13       1.348815841478e-15       6.796846399747e-15       8.834939539378e-16       0.000000000000e+00       0.000000000000e+00       0.000000000000e+00 
  366       2.923015774708e-13       1.331575022386e-15       6.545235412634e-15       8.825248744154e-16       0.000000000000e+00       0.000000000000e+00       0.000000000000e+00 
  367       2.925018281062e-13       1.315193513437e-15       6.288553305501e-15       8.817556589072e-16       0.000000000000e+00       0.000000000000e+00       0.000000000000e+00 
  368       2.925781848946e-13       1.299670402623e-15       6.027302067106e-15       8.811770170951e-16       0.000000000000e+00       0.000000000000e+00       0.000000000000e+00 
  369       2.925311105093e-13       1.285004486600e-15       5.761995416881e-15       8.807793956640e-16       0.000000000000e+00       0.000000000000e+00       0.000000000000e+00 
  370       2.923611089631e-13       1.271194268047e-15       5.493158885616e-15       8.805529763701e-16       0.000000000000e+00       0.000000000000e+00       0.000000000000e+00 
  371       2.920687259544e-13       1.258237953027e-15       5.221329896154e-15       8.804876741078e-16       0.000000000000e+00       0.000000000000e+00       0.000000000000e+00 
  372       2.916545492147e-13       1.246133448342e-15       4.947057844080e-15       8.805731349778e-16       0.000000000000e+00       0.000000000000e+00       0.000000000000e+00 
  373       2.911192088551e-13       1.234878358898e-15       4.670904178406e-15       8.807987343545e-16       0.000000000000e+00       0.000000000000e+00       0.000000000000e+00 
  374       2.904633777132e-13       1.224469985057e-15       4.393442482267e-15       8.811535749535e-16       0.000000000000e+00       0.000000000000e+00       0.000000000000e+00 
  375       2.896877716997e-13       1.214905320002e-15       4.115258553606e-15       8.816264848996e-16       0.000000000000e+00       0.000000000000e+00       0.000000000000e+00 
  376       2.887931501453e-13       1.206181047092e-15       3.836950485865e-15       8.822060157939e-16       0.000000000000e+00       0.000000000000e+00       0.000000000000e+00 
  377       2.877803161477e-13       1.198293537224e-15       3.559128748677e-15       8.828804407818e-16       0.000000000000e+00       0.000000000000e+00       0.000000000000e+00 
  378       2.866501169181e-13       1.191238846188e-15       3.282416268552e-15       8.836377526202e-16       0.000000000000e+00       0.000000000000e+00       0.000000000000e+00 
  379       2.854034441283e-13       1.185012712032e-15       3.007448509570e-15       8.844656617457e-16       0.000000000000e+00       0.000000000000e+00       0.000000000000e+00 
  380       2.840412342572e-13       1.179610552414e-15       2.734873554068e-15       8.853515943415e-16       0.000000000000e+00       0.000000000000e+00       0.000000000000e+00 
  381       2.825644689378e-13       1.175027461967e-15       2.465352183331e-15       8.862826904055e-16       0.000000000000e+00       0.000000000000e+00       0.000000000000e+00 
  382       2.809741753040e-13       1.171258209655e-15       2.199557958281e-15       8.872458018179e-16       0.000000000000e+00       0.000000000000e+00       0.000000000000e+00 
  383       2.792714263374e-13       1.168297236131e-15       1.938177300169e-15       8.882274904084e-16       0.000000000000e+00       0.000000000000e+00       0.000000000000e+00 
  384       2.774573412138e-13       1.166138651101e-15       1.681909571260e-15       8.892140260243e-16       0.000000000000e+00       0.000000000000e+00       0.000000000000e+00 
  385       2.755330856507e-13       1.164776230674e-15       1.431467155529e-15       8.901913845977e-16       0.000000000000e+00       0.000000000000e+00       0.000000000000e+00 
  386       2.734998722532e-13       1.164203414733e-15       1.187575539345e-15       8.911452462132e-16       0.000000000000e+00       0.000000000000e+00       0.000000000000e+00 
  387       2.713589608616e-13       1.164413304282e-15       9.509733921632e-16       8.920609931759e-16       0.000000000000e+00       0.000000000000e+00       0.000000000000e+00 
  388       2.691119485427e-13       1.165396735856e-15       7.222881284594e-16       8.929259002861e-16       0.000000000000e+00       0.000000000000e+00       0.000000000000e+00 
  389       2.667616508164e-13       1.167136430701e-15       5.016572973602e-16       8.937357999314e-16       0.000000000000e+00       0.000000000000e+00       0.000000000000e+00 
  390       2.643112540726e-13       1.169612621554e-15       2.890931891581e-16       8.944886625153e-16       0.000000000000e+00       0.000000000000e+00       0.000000000000e+00 
  391       2.617640294784e-13       1.172804951682e-15       8.460605700877e-17       8.951824265730e-16       0.000000000000e+00       0.000000000000e+00       0.000000000000e+00 
  392       2.591233335546e-13       1.176692470713e-15      -1.117959013799e-16       8.958149985817e-16       0.000000000000e+00       0.000000000000e+00       0.000000000000e+00 
  393       2.563926087530e-13       1.181253630466e-15      -3.001065620576e-16       8.963842527717e-16       0.000000000000e+00       0.000000000000e+00       0.000000000000e+00 
  394       2.535753840338e-13       1.186466280779e-15      -4.803218931417e-16       8.968880309364e-16       0.000000000000e+00       0.000000000000e+00       0.000000000000e+00 
  395       2.506752754421e-13       1.192307665342e-15      -6.524399731278e-16       8.973241422429e-16       0.000000000000e+00       0.000000000000e+00       0.000000000000e+00 
  396       2.476959866855e-13       1.198754417526e-15      -8.164610091997e-16       8.976903630429e-16       0.000000000000e+00       0.000000000000e+00       0.000000000000e+00 
  397       2.446413097109e-13       1.205782556213e-15      -9.723873555397e-16       8.979844366829e-16       0.000000000000e+00       0.000000000000e+00       0.000000000000e+00 
  398       2.415151252816e-13       1.213367481626e-15      -1.120223531639e-15       8.982040733147e-16       0.000000000000e+00       0.000000000000e+00       0.000000000000e+00 
  399       2.383214035547e-13       1.221483971161e-15      -1.259976240606e-15       8.983469497063e-16       0.000000000000e+00       0.000000000000e+00       0.000000000000e+00 
  400       2.350642046578e-13       1.230106175213e-15      -1.391654387481e-15       8.984107090523e-16       0.000000000000e+00       0.000000000000e+00       0.000000000000e+00 
  401       2.317476792661e-13       1.239207613010e-15      -1.515269097542e-15       8.983929607839e-16       0.000000000000e+00       0.000000000000e+00       0.000000000000e+00 
  402       2.283760691799e-13       1.248761168443e-15      -1.630833734615e-15       8.982912803805e-16       0.000000000000e+00       0.000000000000e+00       0.000000000000e+00 
  403       2.249537079012e-13       1.258739085893e-15      -1.738363919389e-15       8.981032091792e-16       0.000000000000e+00       0.000000000000e+00       0.000000000000e+00 
  404       2.214850212112e-13       1.269112966064e-15      -1.837877547720e-15       8.978262541860e-16       0.000000000000e+00       0.000000000000e+00       0.000000000000e+00 
  405       2.179745277469e-13       1.279853761812e-15      -1.929394808944e-15       8.974578878861e-16       0.000000000000e+00       0.000000000000e+00       0.000000000000e+00 
  406       2.144268395788e-13       1.290931773976e-15      -2.012938204190e-15       8.969955480543e-16       0.000000000000e+00       0.000000000000e+00       0.000000000000e+00 
  407       2.108466627875e-13       1.302316647206e-15      -2.088532564685e-15       8.964366375659e-16       0.000000000000e+00       0.000000000000e+00       0.000000000000e+00 
  408       2.072387980410e-13       1.313977365795e-15      -2.156205070068e-15       8.957785242070e-16       0.000000000000e+00       0.000000000000e+00       0.000000000000e+00 
  409       2.036081411716e-13       1.325882249511e-15      -2.215985266697e-15       8.950185404851e-16       0.000000000000e+00       0.000000000000e+00       0.000000000000e+00 
  410       1.999596837533e-13       1.337998949423e-15      -2.267905085962e-15       8.941539834395e-16       0.000000000000e+00       0.000000000000e+00       0.000000000000e+00 
  411       1.962985136787e-13       1.350294443732e-15      -2.311998862596e-15       8.931821144520e-16       0.000000000000e+00       0.000000000000e+00       0.000000000000e+00 
  412       1.926298157361e-13       1.362735033603e-15      -2.348303352981e-15       8.921001590577e-16       0.000000000000e+00       0.000000000000e+00       0.000000000000e+00 
  413       1.889588721865e-13       1.375286338997e-15      -2.376857753462e-15       8.909053067547e-16       0.000000000000e+00       0.000000000000e+00       0.000000000000e+00 
  414       1.852910633409e-13       1.387913294493e-15      -2.397703718655e-15       8.895947108156e-16       0.000000000000e+00       0.000000000000e+00       0.000000000000e+00 
  415       1.816318681372e-13       1.400580145129e-15      -2.410885379758e-15       8.881654880976e-16       0.000000000000e+00       0.000000000000e+00       0.000000000000e+00 
  416       1.779868647174e-13       1.413250442224e-15      -2.416449362862e-15       8.866147188529e-16       0.000000000000e+00       0.000000000000e+00       0.000000000000e+00 
  417       1.743617310046e-13       1.425887039210e-15      -2.414444807261e-15       8.849394465394e-16       0.000000000000e+00       0.000000000000e+00       0.000000000000e+00 
  418       1.707622452802e-13       1.438452087465e-15      -2.404923383760e-15       8.831366776314e-16       0.000000000000e+00       0.000000000000e+00       0.000000000000e+00 
  419       1.671942867609e-13       1.450907032139e-15      -2.387939312988e-15       8.812033814299e-16       0.000000000000e+00       0.000000000000e+00       0.000000000000e+00 
  420       1.636638361757e-13       1.463212607989e-15      -2.363549383705e-15       8.791364898731e-16       0.000000000000e+00       0.000000000000e+00       0.000000000000e+00 
  421       1.601769763432e-13       1.475328835204e-15      -2.331812971118e-15       8.769328973474e-16       0.000000000000e+00       0.000000000000e+00       0.000000000000e+00 
  422       1.567398927487e-13       1.487215015237e-15      -2.292792055185e-15       8.745894604973e-16       0.000000000000e+00       0.000000000000e+00       0.000000000000e+00 
  423       1.533588741210e-13       1.498829726639e-15      -2.246551238927e-15       8.721029980362e-16       0.000000000000e+00       0.000000000000e+00       0.000000000000e+00 
  424       1.500403130097e-13       1.510130820882e-15      -2.193157766740e-15       8.694702905574e-16       0.000000000000e+00       0.000000000000e+00       0.000000000000e+00 
  425       1.467907063623e-13       1.521075418196e-15      -2.132681542704e-15       8.666880803437e-16       0.000000000000e+00       0.000000000000e+00       0.000000000000e+00 
  426       1.436166561012e-13       1.531619903392e-15      -2.065195148894e-15       8.637530711788e-16       0.000000000000e+00       0.000000000000e+00       0.000000000000e+00 
  427       1.405237349081e-13       1.541726866397e-15      -1.990793599099e-15       8.606630398011e-16       0.000000000000e+00       0.000000000000e+00       0.000000000000e+00 
  428       1.375130399014e-13       1.551386192386e-15      -1.909654302877e-15       8.574202122990e-16       0.000000000000e+00       0.000000000000e+00       0.000000000000e+00 
  429       1.345845228436e-13       1.560594680972e-15      -1.821979177576e-15       8.540280022141e-16       0.000000000000e+00       0.000000000000e+00       0.000000000000e+00 
  430       1.317381141726e-13       1.569349166726e-15      -1.727975128426e-15       8.504899098148e-16       0.000000000000e+00       0.000000000000e+00       0.000000000000e+00 
  431       1.289737228341e-13       1.577646519564e-15      -1.627854079799e-15       8.468095226370e-16       0.000000000000e+00       0.000000000000e+00       0.000000000000e+00 
  432       1.262912361132e-13       1.585483645144e-15      -1.521833006487e-15       8.429905160242e-16       0.000000000000e+00       0.000000000000e+00       0.000000000000e+00 
  433       1.236905194666e-13       1.592857485251e-15      -1.410133964960e-15       8.390366536683e-16       0.000000000000e+00       0.000000000000e+00       0.000000000000e+00 
  434       1.211714163544e-13       1.599765018188e-15      -1.292984124647e-15       8.349517881499e-16       0.000000000000e+00       0.000000000000e+00       0.000000000000e+00 
  435       1.187337480720e-13       1.606203259166e-15      -1.170615799193e-15       8.307398614788e-16       0.000000000000e+00       0.000000000000e+00       0.000000000000e+00 
  436       1.163773135826e-13       1.612169260695e-15      -1.043266477736e-15       8.264049056344e-16       0.000000000000e+00       0.000000000000e+00       0.000000000000e+00 
  437       1.141018893484e-13       1.617660112975e-15      -9.111788561720e-16       8.219510431064e-16       0.000000000000e+00       0.000000000000e+00       0.000000000000e+00 
  438       1.119072291632e-13       1.622672944283e-15      -7.746008684249e-16       8.173824874347e-16       0.000000000000e+00       0.000000000000e+00       0.000000000000e+00 
  439       1.097930639839e-13       1.627204921365e-15      -6.337857177145e-16       8.127035437507e-16       0.000000000000e+00       0.000000000000e+00       0.000000000000e+00 
  440       1.077591017628e-13       1.631253249828e-15      -4.889919078255e-16       8.079186093168e-16       0.000000000000e+00       0.000000000000e+00       0.000000000000e+00 
  441       1.058050272796e-13       1.634815174525e-15      -3.404832743766e-16       8.030321740678e-16       0.000000000000e+00       0.000000000000e+00       0.000000000000e+00 
  442       1.039305019729e-13       1.637887979952e-15      -1.885290160889e-16       7.980488211506e-16       0.000000000000e+00       0.000000000000e+00       0.000000000000e+00 
  443       1.021351637727e-13       1.640468990631e-15      -3.340372605457e-17       7.929732274651e-16       0.000000000000e+00       0.000000000000e+00       0.000000000000e+00 
  444       1.004186269321e-13       1.642555571507e-15       1.246125769941e-16       7.878101642046e-16       0.000000000000e+00       0.000000000000e+00       0.000000000000e+00 
  445       9.878048185934e-14       1.644145128330e-15       2.852344174163e-16       7.825644973959e-16       0.000000000000e+00       0.000000000000e+00       0.000000000000e+00 
  446       9.722029494976e-14       1.645235108053e-15       4.481708313937e-16       7.772411884405e-16       0.000000000000e+00       0.000000000000e+00       0.000000000000e+00 
  447       9.573760841772e-14       1.645822999220e-15       6.131253356621e-16       7.718452946541e-16       0.000000000000e+00       0.000000000000e+00       0.000000000000e+00 
  448       9.433194012863e-14       1.645906332350e-15       7.797958962421e-16       7.663819698081e-16       0.000000000000e+00       0.000000000000e+00       0.000000000000e+00 
  449       9.300278343091e-14       1.645482680338e-15       9.478748971710e-16       7.608564646690e-16       0.000000000000e+00       0.000000000000e+00       0.000000000000e+00 
  450       9.174960698792e-14       1.644549658834e-15       1.117049109234e-15       7.552741275398e-16       0.000000000000e+00       0.000000000000e+00       0.000000000000e+00 
  451       9.057185460997e-14       1.643104926642e-15       1.286999658694e-15       7.496404047998e-16       0.000000000000e+00       0.000000000000e+00       0.000000000000e+00 
  452       8.946894508627e-14       1.641146186105e-15       1.457401996026e-15       7.439608414455e-16       0.000000000000e+00       0.000000000000e+00       0.000000000000e+00 
  453       8.844027201689e-14       1.638671183495e-15       1.627925864645e-15       7.382410816307e-16       0.000000000000e+00       0.000000000000e+00       0.000000000000e+00 
  454       8.748520364474e-14       1.635677709407e-15       1.798235269639e-15       7.324868692073e-16       0.000000000000e+00       0.000000000000e+00       0.000000000000e+00 
  455       8.660308268754e-14       1.632163599146e-15       1.967988446501e-15       7.267040482653e-16       0.000000000000e+00       0.000000000000e+00       0.000000000000e+00 
  456       8.579322616978e-14       1.628126733117e-15       2.136837829858e-15       7.208985636740e-16       0.000000000000e+00       0.000000000000e+00       0.000000000000e+00 
  457       8.505492525470e-14       1.623565037218e-15       2.304430022205e-15       7.150764616215e-16       0.000000000000e+00       0.000000000000e+00       0.000000000000e+00 
  458       8.438744507623e-14       1.618476483224e-15       2.470405762634e-15       7.092438901561e-16       0.000000000000e+00       0.000000000000e+00       0.000000000000e+00 
  459       8.379002457100e-14       1.612859089187e-15       2.634399895564e-15       7.034070997260e-16       0.000000000000e+00       0.000000000000e+00       0.000000000000e+00 
  460       8.326187631028e-14       1.606710919814e-15       2.796041339479e-15       6.975724437203e-16       0.000000000000e+00       0.000000000000e+00       0.000000000000e+00 
  461       8.280218633195e-14       1.600030086869e-15       2.954953055651e-15       6.917463790093e-16       0.000000000000e+00       0.000000000000e+00       0.000000000000e+00 
  462       8.241011397247e-14       1.592814749554e-15       3.110752016876e-15       6.859354664845e-16       0.000000000000e+00       0.000000000000e+00       0.000000000000e+00 
  463       8.208479169886e-14       1.585063114903e-15       3.263049176204e-15       6.801463716000e-16       0.000000000000e+00       0.000000000000e+00       0.000000000000e+00 
  464       8.182532494065e-14       1.576773438174e-15       3.411449435671e-15       6.743858649121e-16       0.000000000000e+00       0.000000000000e+00       0.000000000000e+00 
  465       8.163079192187e-14       1.567944023234e-15       3.555551615029e-15       6.686608226202e-16       0.000000000000e+00       0.000000000000e+00       0.000000000000e+00 
  466       8.150010281501e-14       1.558576051033e-15       3.695015128171e-15       6.629773357634e-16       0.000000000000e+00       0.000000000000e+00       0.000000000000e+00 
  467       8.143157270888e-14       1.548682161335e-15       3.829762365334e-15       6.573380061262e-16       0.000000000000e+00       0.000000000000e+00       0.000000000000e+00 
  468       8.142333498691e-14       1.538278139496e-15       3.959782563491e-15       6.517445670316e-16       0.000000000000e+00       0.000000000000e+00       0.000000000000e+00 
  469       8.147348055585e-14       1.527380114533e-15       4.085065674933e-15       6.461987671069e-16       0.000000000000e+00       0.000000000000e+00       0.000000000000e+00 
  470       8.158005760016e-14       1.516004561070e-15       4.205602372783e-15       6.407023703329e-16       0.000000000000e+00       0.000000000000e+00       0.000000000000e+00 
  471       8.174107133641e-14       1.504168301292e-15       4.321384056510e-15       6.352571560929e-16       0.000000000000e+00       0.000000000000e+00       0.000000000000e+00 
  472       8.195448376770e-14       1.491888506893e-15       4.432402857449e-15       6.298649192215e-16       0.000000000000e+00       0.000000000000e+00       0.000000000000e+00 
  473       8.221821343803e-14       1.479182701024e-15       4.538651644307e-15       6.245274700537e-16       0.000000000000e+00       0.000000000000e+00       0.000000000000e+00 
  474       8.253013518669e-14       1.466068760243e-15       4.640124028687e-15       6.192466344739e-16       0.000000000000e+00       0.000000000000e+00       0.000000000000e+00 
  475       8.288807990269e-14       1.452564916467e-15       4.736814370596e-15       6.140242539646e-16       0.000000000000e+00       0.000000000000e+00       0.000000000000e+00 
  476       8.328983427912e-14       1.438689758919e-15       4.828717783965e-15       6.088621856556e-16       0.000000000000e+00       0.000000000000e+00       0.000000000000e+00 
  477       8.373314056758e-14       1.424462236078e-15       4.915830142159e-15       6.037623023728e-16       0.000000000000e+00       0.000000000000e+00       0.000000000000e+00 
  478       8.421569633255e-14       1.409901657630e-15       4.998148083497e-15       5.987264926875e-16       0.000000000000e+00       0.000000000000e+00       0.000000000000e+00 
  479       8.473515420578e-14       1.395027696414e-15       5.075669016762e-15       5.937566609648e-16       0.000000000000e+00       0.000000000000e+00       0.000000000000e+00 
  480       8.528912164073e-14       1.379860390378e-15       5.148391126720e-15       5.888547274130e-16       0.000000000000e+00       0.000000000000e+00       0.000000000000e+00 
  481       8.587516066693e-14       1.364420144521e-15       5.216313379632e-15       5.840226281324e-16       0.000000000000e+00       0.000000000000e+00       0.000000000000e+00 
  482       8.649078764436e-14       1.348727732847e-15       5.279435528770e-15       5.792623151644e-16       0.000000000000e+00       0.000000000000e+00       0.000000000000e+00 
  483       8.713347301789e-14       1.332804300316e-15       5.337758119932e-15       5.745757565401e-16       0.000000000000e+00       0.000000000000e+00       0.000000000000e+00 
  484       8.780064107167e-14       1.316671364788e-15       5.391282496958e-15       5.699649363298e-16       0.000000000000e+00       0.000000000000e+00       0.000000000000e+00 
  485       8.848966968348e-14       1.300350818977e-15       5.440010807240e-15       5.654318546915e-16       0.000000000000e+00       0.000000000000e+00       0.000000000000e+00 
  486       8.919789007918e-14       1.283864932401e-15       5.483946007245e-15       5.609785279199e-16       0.000000000000e+00       0.000000000000e+00       0.000000000000e+00 
  487       8.992258658708e-14       1.267236353327e-15       5.523091868022e-15       5.566069884958e-16       0.000000000000e+00       0.000000000000e+00       0.000000000000e+00 
  488       9.066099639235e-14       1.250488110726e-15       5.557452980722e-15       5.523192851344e-16       0.000000000000e+00       0.000000000000e+00       0.000000000000e+00 
  489       9.141030929138e-14       1.233643616220e-15       5.587034762110e-15       5.481174828348e-16       0.000000000000e+00       0.000000000000e+00       0.000000000000e+00 
  490       9.216766744624e-14       1.216726666028e-15       5.611843460081e-15       5.440036629288e-16       0.000000000000e+00       0.000000000000e+00       0.000000000000e+00 
  491       9.293016513902e-14       1.199761442925e-15       5.631886159176e-15       5.399799231297e-16       0.000000000000e+00       0.000000000000e+00       0.000000000000e+00 
  492       9.369484852624e-14       1.182772518180e-15       5.647170786094e-15       5.360483775814e-16       0.000000000000e+00       0.000000000000e+00       0.000000000000e+00 
  493       9.445871539326e-14       1.165784853515e-15       5.657706115211e-15       5.322111569074e-16       0.000000000000e+00       0.000000000000e+00       0.000000000000e+00 
  494       9.521871490869e-14       1.148823803050e-15       5.663501774090e-15       5.284704082598e-16       0.000000000000e+00       0.000000000000e+00       0.000000000000e+00 
  495       9.597174737872e-14       1.131915115252e-15       5.664568249000e-15       5.248282953678e-16       0.000000000000e+00       0.000000000000e+00       0.000000000000e+00 
  496       9.671466400160e-14       1.115084934888e-15       5.660916890428e-15       5.212869985874e-16       0.000000000000e+00       0.000000000000e+00       0.000000000000e+00 
  497       9.744426662198e-14       1.098359804972e-15       5.652559918598e-15       5.178487149498e-16       0.000000000000e+00       0.000000000000e+00       0.000000000000e+00 
  498       9.815730748532e-14       1.081766668713e-15       5.639510428978e-15       5.145156582106e-16       0.000000000000e+00       0.000000000000e+00       0.000000000000e+00 
  499       9.885048899231e-14       1.065332871469e-15       5.621782397805e-15       5.112900588987e-16       0.000000000000e+00       0.000000000000e+00       0.000000000000e+00 
  500       9.952046345323e-14       1.049086162693e-15       5.599390687592e-15       5.081741643652e-16       0.000000000000e+00       0.000000000000e+00       0.000000000000e+00 
