# dimensionless [l(l+1)/2pi] C_l's for tensor mode
# for l=2 to 500, i.e. number of multipoles equal to 499
#
# -> if you prefer output in CAMB/HealPix/LensPix units/order, set 'format' to 'camb' in input file
# -> if you don't want to see such a header, set 'headers' to 'no' in input file
# -> for CMB lensing (phi), these are C_l^phi-phi for the lensing potential.
#    Remember the conversion factors:
#    C_l^dd (deflection) = l(l+1) C_l^phi-phi
#    C_l^gg (shear/convergence) = 1/4 (l(l+1))^2 C_l^phi-phi
#
# 1:l     2:TT                     3:EE                     4:TE                     5:BB                     6:phiphi                 7:TPhi                   8:Ephi               
    2       1.422652557725e-10       2.733966423758e-15       1.684717085416e-13       4.884992890034e-15       0.000000000000e+00       0.000000000000e+00       0.000000000000e+00 
    3       1.088616130020e-10       2.893305026520e-15      -8.147668678140e-15       4.920414232648e-15       0.000000000000e+00       0.000000000000e+00       0.000000000000e+00 
    4       9.761726567650e-11       2.655001586634e-15      -6.107043813383e-14       4.279378698980e-15       0.000000000000e+00       0.000000000000e+00       0.000000000000e+00 
    5       9.288842565403e-11       2.121379269355e-15      -7.205638778008e-14       3.351705267372e-15       0.000000000000e+00       0.000000000000e+00       0.000000000000e+00 
    6       9.009678360568e-11       1.527424027109e-15      -6.846518535722e-14       2.430797584439e-15       0.000000000000e+00       0.000000000000e+00       0.000000000000e+00 
    7       8.833201334473e-11       1.037547784008e-15      -6.069815095393e-14       1.678306110412e-15       0.000000000000e+00       0.000000000000e+00       0.000000000000e+00 
    8       8.713886909651e-11       7.188987629105e-16      -5.333195200105e-14       1.148372389227e-15       0.000000000000e+00       0.000000000000e+00       0.000000000000e+00 
    9       8.627129593701e-11       5.662341855137e-16      -4.806335627353e-14       8.291480661908e-16       0.000000000000e+00       0.000000000000e+00       0.000000000000e+00 
   10       8.558757495297e-11       5.395499180803e-16      -4.522748927398e-14       6.778707947594e-16       0.000000000000e+00       0.000000000000e+00       0.000000000000e+00 
   11       8.500491648685e-11       5.923817434261e-16      -4.460083018115e-14       6.458056252694e-16       0.000000000000e+00       0.000000000000e+00       0.000000000000e+00 
   12       8.447516158504e-11       6.886367714418e-16      -4.578409914382e-14       6.899471647272e-16       0.000000000000e+00       0.000000000000e+00       0.000000000000e+00 
   13       8.396950638333e-11       8.052826338569e-16      -4.838821770909e-14       7.792910402685e-16       0.000000000000e+00       0.000000000000e+00       0.000000000000e+00 
   14       8.346994564802e-11       9.316978961502e-16      -5.210811124363e-14       8.930844042803e-16       0.000000000000e+00       0.000000000000e+00       0.000000000000e+00 
   15       8.296524130581e-11       1.063607314532e-15      -5.671842506537e-14       1.020137914255e-15       0.000000000000e+00       0.000000000000e+00       0.000000000000e+00 
   16       8.244873029443e-11       1.200551956365e-15      -6.206205861627e-14       1.154590751939e-15       0.000000000000e+00       0.000000000000e+00       0.000000000000e+00 
   17       8.191675689130e-11       1.342990317105e-15      -6.802702449601e-14       1.293907211786e-15       0.000000000000e+00       0.000000000000e+00       0.000000000000e+00 
   18       8.136159556848e-11       1.490858033121e-15      -7.453208063730e-14       1.437594822557e-15       0.000000000000e+00       0.000000000000e+00       0.000000000000e+00 
   19       8.080051056910e-11       1.644138486267e-15      -8.153125522890e-14       1.585392277848e-15       0.000000000000e+00       0.000000000000e+00       0.000000000000e+00 
   20       8.021425718192e-11       1.802925791775e-15      -8.896562416908e-14       1.737120588312e-15       0.000000000000e+00       0.000000000000e+00       0.000000000000e+00 
   21       7.961337560713e-11       1.966915466769e-15      -9.679965997363e-14       1.892726548938e-15       0.000000000000e+00       0.000000000000e+00       0.000000000000e+00 
   22       7.899243837502e-11       2.135707994129e-15      -1.049954970856e-13       2.052261592921e-15       0.000000000000e+00       0.000000000000e+00       0.000000000000e+00 
   23       7.835887832550e-11       2.309150963438e-15      -1.135209429941e-13       2.215596909682e-15       0.000000000000e+00       0.000000000000e+00       0.000000000000e+00 
   24       7.770662518476e-11       2.487238521897e-15      -1.223398512055e-13       2.382565260134e-15       0.000000000000e+00       0.000000000000e+00       0.000000000000e+00 
   25       7.704160099776e-11       2.670085183627e-15      -1.314214539678e-13       2.552922580572e-15       0.000000000000e+00       0.000000000000e+00       0.000000000000e+00 
   26       7.636052895138e-11       2.857861001792e-15      -1.407339178308e-13       2.726426852113e-15       0.000000000000e+00       0.000000000000e+00       0.000000000000e+00 
   27       7.566584785589e-11       3.050549569688e-15      -1.502514376265e-13       2.902911519363e-15       0.000000000000e+00       0.000000000000e+00       0.000000000000e+00 
   28       7.495354444524e-11       3.248058692422e-15      -1.599487085798e-13       3.082235857482e-15       0.000000000000e+00       0.000000000000e+00       0.000000000000e+00 
   29       7.423145968154e-11       3.450174617760e-15      -1.698027565334e-13       3.264171368719e-15       0.000000000000e+00       0.000000000000e+00       0.000000000000e+00 
   30       7.350047966146e-11       3.656619253358e-15      -1.797899347719e-13       3.448464810705e-15       0.000000000000e+00       0.000000000000e+00       0.000000000000e+00 
   31       7.275246253636e-11       3.867092733843e-15      -1.898858285453e-13       3.634869128004e-15       0.000000000000e+00       0.000000000000e+00       0.000000000000e+00 
   32       7.199259354535e-11       4.081343890254e-15      -2.000694327155e-13       3.823160067319e-15       0.000000000000e+00       0.000000000000e+00       0.000000000000e+00 
   33       7.122314626758e-11       4.299122778652e-15      -2.103205348607e-13       4.013126658975e-15       0.000000000000e+00       0.000000000000e+00       0.000000000000e+00 
   34       7.044032655286e-11       4.520168006722e-15      -2.206190352722e-13       4.204558883894e-15       0.000000000000e+00       0.000000000000e+00       0.000000000000e+00 
   35       6.964746281596e-11       4.744231211381e-15      -2.309462396812e-13       4.397217569245e-15       0.000000000000e+00       0.000000000000e+00       0.000000000000e+00 
   36       6.884494008678e-11       4.971059494631e-15      -2.412841098215e-13       4.590853926982e-15       0.000000000000e+00       0.000000000000e+00       0.000000000000e+00 
   37       6.802930768439e-11       5.200407918192e-15      -2.516143967735e-13       4.785214432711e-15       0.000000000000e+00       0.000000000000e+00       0.000000000000e+00 
   38       6.720480729273e-11       5.432107228415e-15      -2.619166203870e-13       4.980031165246e-15       0.000000000000e+00       0.000000000000e+00       0.000000000000e+00 
   39       6.637465440722e-11       5.666019017624e-15      -2.721694727154e-13       5.175027615959e-15       0.000000000000e+00       0.000000000000e+00       0.000000000000e+00 
   40       6.553732651783e-11       5.902018721013e-15      -2.823513747352e-13       5.369920672635e-15       0.000000000000e+00       0.000000000000e+00       0.000000000000e+00 
   41       6.468889575657e-11       6.139984608295e-15      -2.924443793053e-13       5.564430975818e-15       0.000000000000e+00       0.000000000000e+00       0.000000000000e+00 
   42       6.383211601105e-11       6.379758332604e-15      -3.024473735059e-13       5.758319165613e-15       0.000000000000e+00       0.000000000000e+00       0.000000000000e+00 
   43       6.296947064248e-11       6.621173020579e-15      -3.123671983402e-13       5.951360648089e-15       0.000000000000e+00       0.000000000000e+00       0.000000000000e+00 
   44       6.210031620648e-11       6.864064114366e-15      -3.222154077099e-13       6.143336062014e-15       0.000000000000e+00       0.000000000000e+00       0.000000000000e+00 
   45       6.122256552048e-11       7.108256560974e-15      -3.320009178578e-13       6.334017768836e-15       0.000000000000e+00       0.000000000000e+00       0.000000000000e+00 
   46       6.033903318793e-11       7.353521679509e-15      -3.417046743150e-13       6.523123860805e-15       0.000000000000e+00       0.000000000000e+00       0.000000000000e+00 
   47       5.945248451371e-11       7.599607495483e-15      -3.512978884146e-13       6.710350868983e-15       0.000000000000e+00       0.000000000000e+00       0.000000000000e+00 
   48       5.856364483100e-11       7.846249822198e-15      -3.607488558801e-13       6.895385847008e-15       0.000000000000e+00       0.000000000000e+00       0.000000000000e+00 
   49       5.767101796843e-11       8.093171576450e-15      -3.700227977918e-13       7.077905851154e-15       0.000000000000e+00       0.000000000000e+00       0.000000000000e+00 
   50       5.677227845340e-11       8.340079742277e-15      -3.790849316330e-13       7.257600960420e-15       0.000000000000e+00       0.000000000000e+00       0.000000000000e+00 
   51       5.586931478317e-11       8.586656878147e-15      -3.879110361214e-13       7.434251909523e-15       0.000000000000e+00       0.000000000000e+00       0.000000000000e+00 
   52       5.496424130206e-11       8.832566121645e-15      -3.964794791826e-13       7.607672629749e-15       0.000000000000e+00       0.000000000000e+00       0.000000000000e+00 
   53       5.405783918673e-11       9.077452563848e-15      -4.047682316462e-13       7.777689124560e-15       0.000000000000e+00       0.000000000000e+00       0.000000000000e+00 
   54       5.314944897149e-11       9.320942454348e-15      -4.127548602161e-13       7.944140057411e-15       0.000000000000e+00       0.000000000000e+00       0.000000000000e+00 
   55       5.223792420000e-11       9.562677007769e-15      -4.204188426126e-13       8.106870531328e-15       0.000000000000e+00       0.000000000000e+00       0.000000000000e+00 
   56       5.132501602080e-11       9.802425479161e-15      -4.277492025998e-13       8.265710271391e-15       0.000000000000e+00       0.000000000000e+00       0.000000000000e+00 
   57       5.041264114771e-11       1.003999878650e-14      -4.347387593495e-13       8.420491051931e-15       0.000000000000e+00       0.000000000000e+00       0.000000000000e+00 
   58       4.950182970710e-11       1.027521791142e-14      -4.413820530753e-13       8.571053345461e-15       0.000000000000e+00       0.000000000000e+00       0.000000000000e+00 
   59       4.859265910586e-11       1.050791445231e-14      -4.476754284765e-13       8.717246645252e-15       0.000000000000e+00       0.000000000000e+00       0.000000000000e+00 
   60       4.768418789930e-11       1.073793117749e-14      -4.536171181826e-13       8.858929787891e-15       0.000000000000e+00       0.000000000000e+00       0.000000000000e+00 
   61       4.677526393717e-11       1.096511431877e-14      -4.592059985951e-13       8.995974103338e-15       0.000000000000e+00       0.000000000000e+00       0.000000000000e+00 
   62       4.586731038442e-11       1.118928717939e-14      -4.644373422991e-13       9.128272961580e-15       0.000000000000e+00       0.000000000000e+00       0.000000000000e+00 
   63       4.496205054611e-11       1.141027155672e-14      -4.693062559697e-13       9.255734950979e-15       0.000000000000e+00       0.000000000000e+00       0.000000000000e+00 
   64       4.406065114024e-11       1.162789576432e-14      -4.738089643451e-13       9.378281643991e-15       0.000000000000e+00       0.000000000000e+00       0.000000000000e+00 
   65       4.316368390585e-11       1.184199492309e-14      -4.779428515470e-13       9.495848009449e-15       0.000000000000e+00       0.000000000000e+00       0.000000000000e+00 
   66       4.227108721112e-11       1.205241125227e-14      -4.817065024017e-13       9.608382824840e-15       0.000000000000e+00       0.000000000000e+00       0.000000000000e+00 
   67       4.138212766154e-11       1.225899436054e-14      -4.850997437602e-13       9.715849088590e-15       0.000000000000e+00       0.000000000000e+00       0.000000000000e+00 
   68       4.049600030156e-11       1.246159693886e-14      -4.881231372901e-13       9.818213473980e-15       0.000000000000e+00       0.000000000000e+00       0.000000000000e+00 
   69       3.961385626097e-11       1.266006017504e-14      -4.907762461456e-13       9.915411287892e-15       0.000000000000e+00       0.000000000000e+00       0.000000000000e+00 
   70       3.873711888193e-11       1.285422589306e-14      -4.930590896952e-13       1.000737511980e-14       0.000000000000e+00       0.000000000000e+00       0.000000000000e+00 
   71       3.786685981360e-11       1.304394106018e-14      -4.949726877776e-13       1.009404530155e-14       0.000000000000e+00       0.000000000000e+00       0.000000000000e+00 
   72       3.700377695250e-11       1.322905796040e-14      -4.965190879929e-13       1.017537003938e-14       0.000000000000e+00       0.000000000000e+00       0.000000000000e+00 
   73       3.614817238298e-11       1.340943436791e-14      -4.977013929943e-13       1.025130554594e-14       0.000000000000e+00       0.000000000000e+00       0.000000000000e+00 
   74       3.529993031767e-11       1.358493372056e-14      -4.985237877799e-13       1.032181617229e-14       0.000000000000e+00       0.000000000000e+00       0.000000000000e+00 
   75       3.445849503787e-11       1.375542529334e-14      -4.989915669844e-13       1.038687453996e-14       0.000000000000e+00       0.000000000000e+00       0.000000000000e+00 
   76       3.362329104222e-11       1.392078423059e-14      -4.991104280511e-13       1.044646174608e-14       0.000000000000e+00       0.000000000000e+00       0.000000000000e+00 
   77       3.279512070814e-11       1.408089126601e-14      -4.988841416143e-13       1.050056773043e-14       0.000000000000e+00       0.000000000000e+00       0.000000000000e+00 
   78       3.197498260701e-11       1.423563326647e-14      -4.983165039095e-13       1.054919121550e-14       0.000000000000e+00       0.000000000000e+00       0.000000000000e+00 
   79       3.116363912502e-11       1.438490353661e-14      -4.974120452460e-13       1.059233977063e-14       0.000000000000e+00       0.000000000000e+00       0.000000000000e+00 
   80       3.036160347144e-11       1.452860198936e-14      -4.961760422446e-13       1.063002994547e-14       0.000000000000e+00       0.000000000000e+00       0.000000000000e+00 
   81       2.956912668684e-11       1.466663531652e-14      -4.946145300755e-13       1.066228740355e-14       0.000000000000e+00       0.000000000000e+00       0.000000000000e+00 
   82       2.878618465143e-11       1.479891715932e-14      -4.927343146964e-13       1.068914705578e-14       0.000000000000e+00       0.000000000000e+00       0.000000000000e+00 
   83       2.801246509328e-11       1.492536827901e-14      -4.905429850902e-13       1.071065319396e-14       0.000000000000e+00       0.000000000000e+00       0.000000000000e+00 
   84       2.724764931328e-11       1.504591533455e-14      -4.880484229761e-13       1.072685505777e-14       0.000000000000e+00       0.000000000000e+00       0.000000000000e+00 
   85       2.649233947978e-11       1.516048660920e-14      -4.852572117462e-13       1.073779239894e-14       0.000000000000e+00       0.000000000000e+00       0.000000000000e+00 
   86       2.574726195481e-11       1.526901588492e-14      -4.821759849753e-13       1.074350775756e-14       0.000000000000e+00       0.000000000000e+00       0.000000000000e+00 
   87       2.501297832538e-11       1.537144391725e-14      -4.788119092329e-13       1.074405087182e-14       0.000000000000e+00       0.000000000000e+00       0.000000000000e+00 
   88       2.428987736499e-11       1.546771858248e-14      -4.751726878752e-13       1.073947873473e-14       0.000000000000e+00       0.000000000000e+00       0.000000000000e+00 
   89       2.357816699512e-11       1.555779502480e-14      -4.712665648371e-13       1.072985565093e-14       0.000000000000e+00       0.000000000000e+00       0.000000000000e+00 
   90       2.287786624669e-11       1.564163580346e-14      -4.671023284244e-13       1.071525329343e-14       0.000000000000e+00       0.000000000000e+00       0.000000000000e+00 
   91       2.218879722163e-11       1.571921103993e-14      -4.626893151060e-13       1.069575076038e-14       0.000000000000e+00       0.000000000000e+00       0.000000000000e+00 
   92       2.151057705430e-11       1.579049856507e-14      -4.580374133058e-13       1.067143463186e-14       0.000000000000e+00       0.000000000000e+00       0.000000000000e+00 
   93       2.084285192810e-11       1.585548088513e-14      -4.531565336474e-13       1.064239479637e-14       0.000000000000e+00       0.000000000000e+00       0.000000000000e+00 
   94       2.018605684625e-11       1.591413523818e-14      -4.480549203092e-13       1.060871108908e-14       0.000000000000e+00       0.000000000000e+00       0.000000000000e+00 
   95       1.954075579989e-11       1.596644230730e-14      -4.427405915265e-13       1.057046473961e-14       0.000000000000e+00       0.000000000000e+00       0.000000000000e+00 
   96       1.890740524197e-11       1.601238937059e-14      -4.372218470251e-13       1.052774242190e-14       0.000000000000e+00       0.000000000000e+00       0.000000000000e+00 
   97       1.828634937139e-11       1.605197040464e-14      -4.315072644897e-13       1.048063625294e-14       0.000000000000e+00       0.000000000000e+00       0.000000000000e+00 
   98       1.767781541717e-11       1.608518618802e-14      -4.256056960317e-13       1.042924379145e-14       0.000000000000e+00       0.000000000000e+00       0.000000000000e+00 
   99       1.708190892255e-11       1.611204440480e-14      -4.195262646580e-13       1.037366803662e-14       0.000000000000e+00       0.000000000000e+00       0.000000000000e+00 
  100       1.649860902917e-11       1.613255974801e-14      -4.132783607385e-13       1.031401742675e-14       0.000000000000e+00       0.000000000000e+00       0.000000000000e+00 
  101       1.592776376120e-11       1.614675402316e-14      -4.068716384747e-13       1.025040583799e-14       0.000000000000e+00       0.000000000000e+00       0.000000000000e+00 
  102       1.536908530949e-11       1.615465625171e-14      -4.003160123678e-13       1.018295258305e-14       0.000000000000e+00       0.000000000000e+00       0.000000000000e+00 
  103       1.482214531570e-11       1.615630277460e-14      -3.936216536870e-13       1.011178240986e-14       0.000000000000e+00       0.000000000000e+00       0.000000000000e+00 
  104       1.428655449241e-11       1.615173419490e-14      -3.867986144097e-13       1.003702097484e-14       0.000000000000e+00       0.000000000000e+00       0.000000000000e+00 
  105       1.376253927443e-11       1.614098551276e-14      -3.798556487937e-13       9.958780568821e-15       0.000000000000e+00       0.000000000000e+00       0.000000000000e+00 
  106       1.325043463560e-11       1.612409484455e-14      -3.728012252917e-13       9.877172451522e-15       0.000000000000e+00       0.000000000000e+00       0.000000000000e+00 
  107       1.275050405123e-11       1.610110653266e-14      -3.656438773295e-13       9.792311154376e-15       0.000000000000e+00       0.000000000000e+00       0.000000000000e+00 
  108       1.226293680791e-11       1.607207121419e-14      -3.583921956810e-13       9.704314429528e-15       0.000000000000e+00       0.000000000000e+00       0.000000000000e+00 
  109       1.178784531329e-11       1.603704588974e-14      -3.510548208427e-13       9.613303198799e-15       0.000000000000e+00       0.000000000000e+00       0.000000000000e+00 
  110       1.132526240594e-11       1.599609399215e-14      -3.436404354078e-13       9.519401502654e-15       0.000000000000e+00       0.000000000000e+00       0.000000000000e+00 
  111       1.087513866516e-11       1.594928545530e-14      -3.361577564410e-13       9.422736449177e-15       0.000000000000e+00       0.000000000000e+00       0.000000000000e+00 
  112       1.043733972077e-11       1.589669678280e-14      -3.286155278528e-13       9.323438163034e-15       0.000000000000e+00       0.000000000000e+00       0.000000000000e+00 
  113       1.001164356291e-11       1.583841111683e-14      -3.210225127740e-13       9.221639734449e-15       0.000000000000e+00       0.000000000000e+00       0.000000000000e+00 
  114       9.597737851909e-12       1.577451830682e-14      -3.133874859303e-13       9.117477168171e-15       0.000000000000e+00       0.000000000000e+00       0.000000000000e+00 
  115       9.195217228057e-12       1.570511497828e-14      -3.057192260166e-13       9.011089332445e-15       0.000000000000e+00       0.000000000000e+00       0.000000000000e+00 
  116       8.803709938027e-12       1.563030035545e-14      -2.980263191144e-13       8.902614012190e-15       0.000000000000e+00       0.000000000000e+00       0.000000000000e+00 
  117       8.423280931253e-12       1.555016300627e-14      -2.903165581306e-13       8.792175633239e-15       0.000000000000e+00       0.000000000000e+00       0.000000000000e+00 
  118       8.054072948830e-12       1.546479260747e-14      -2.825974556824e-13       8.679895942829e-15       0.000000000000e+00       0.000000000000e+00       0.000000000000e+00 
  119       7.696180062130e-12       1.537428407735e-14      -2.748764173259e-13       8.565897687292e-15       0.000000000000e+00       0.000000000000e+00       0.000000000000e+00 
  120       7.349646126002e-12       1.527873760691e-14      -2.671607322598e-13       8.450304526586e-15       0.000000000000e+00       0.000000000000e+00       0.000000000000e+00 
  121       7.014463231965e-12       1.517825869118e-14      -2.594575640292e-13       8.333240948819e-15       0.000000000000e+00       0.000000000000e+00       0.000000000000e+00 
  122       6.690570161412e-12       1.507295816031e-14      -2.517739412296e-13       8.214832184769e-15       0.000000000000e+00       0.000000000000e+00       0.000000000000e+00 
  123       6.377850838798e-12       1.496295221091e-14      -2.441167482105e-13       8.095204122413e-15       0.000000000000e+00       0.000000000000e+00       0.000000000000e+00 
  124       6.076132784842e-12       1.484836243715e-14      -2.364927157790e-13       7.974483221450e-15       0.000000000000e+00       0.000000000000e+00       0.000000000000e+00 
  125       5.785185569722e-12       1.472931586208e-14      -2.289084119039e-13       7.852796427824e-15       0.000000000000e+00       0.000000000000e+00       0.000000000000e+00 
  126       5.504719266272e-12       1.460594496878e-14      -2.213702324190e-13       7.730271088250e-15       0.000000000000e+00       0.000000000000e+00       0.000000000000e+00 
  127       5.234382903180e-12       1.447838773160e-14      -2.138843917274e-13       7.607034864739e-15       0.000000000000e+00       0.000000000000e+00       0.000000000000e+00 
  128       4.973762918181e-12       1.434678764736e-14      -2.064569135049e-13       7.483215649118e-15       0.000000000000e+00       0.000000000000e+00       0.000000000000e+00 
  129       4.722480132601e-12       1.421128841566e-14      -1.990936447794e-13       7.358938727569e-15       0.000000000000e+00       0.000000000000e+00       0.000000000000e+00 
  130       4.480495988286e-12       1.407201725359e-14      -1.918003196602e-13       7.234318104083e-15       0.000000000000e+00       0.000000000000e+00       0.000000000000e+00 
  131       4.247837138485e-12       1.392909980110e-14      -1.845824850648e-13       7.109464059215e-15       0.000000000000e+00       0.000000000000e+00       0.000000000000e+00 
  132       4.024499104363e-12       1.378266530081e-14      -1.774454689302e-13       6.984485710632e-15       0.000000000000e+00       0.000000000000e+00       0.000000000000e+00 
  133       3.810445433184e-12       1.363284659098e-14      -1.703943710845e-13       6.859490907965e-15       0.000000000000e+00       0.000000000000e+00       0.000000000000e+00 
  134       3.605606856484e-12       1.347978009843e-14      -1.634340541178e-13       6.734586127650e-15       0.000000000000e+00       0.000000000000e+00       0.000000000000e+00 
  135       3.409880448257e-12       1.332360583144e-14      -1.565691342531e-13       6.609876367780e-15       0.000000000000e+00       0.000000000000e+00       0.000000000000e+00 
  136       3.223128783129e-12       1.316446737271e-14      -1.498039722174e-13       6.485465042944e-15       0.000000000000e+00       0.000000000000e+00       0.000000000000e+00 
  137       3.045179094540e-12       1.300251187228e-14      -1.431426641128e-13       6.361453879082e-15       0.000000000000e+00       0.000000000000e+00       0.000000000000e+00 
  138       2.875822432924e-12       1.283789004042e-14      -1.365890322873e-13       6.237942808324e-15       0.000000000000e+00       0.000000000000e+00       0.000000000000e+00 
  139       2.714812823888e-12       1.267075614062e-14      -1.301466162063e-13       6.115029863841e-15       0.000000000000e+00       0.000000000000e+00       0.000000000000e+00 
  140       2.561866426391e-12       1.250126798246e-14      -1.238186633231e-13       5.992811074691e-15       0.000000000000e+00       0.000000000000e+00       0.000000000000e+00 
  141       2.416660690922e-12       1.232958691458e-14      -1.176081199501e-13       5.871380360663e-15       0.000000000000e+00       0.000000000000e+00       0.000000000000e+00 
  142       2.278833517683e-12       1.215587781759e-14      -1.115176221302e-13       5.750829427126e-15       0.000000000000e+00       0.000000000000e+00       0.000000000000e+00 
  143       2.147982414766e-12       1.198030909697e-14      -1.055494865071e-13       5.631247659874e-15       0.000000000000e+00       0.000000000000e+00       0.000000000000e+00 
  144       2.023739241126e-12       1.180304638042e-14      -9.970595575116e-14       5.512721589807e-15       0.000000000000e+00       0.000000000000e+00       0.000000000000e+00 
  145       1.906004517454e-12       1.162423292443e-14      -9.398998137529e-14       5.395333449486e-15       0.000000000000e+00       0.000000000000e+00       0.000000000000e+00 
  146       1.794734722495e-12       1.144400725355e-14      -8.840450109959e-14       5.279162273722e-15       0.000000000000e+00       0.000000000000e+00       0.000000000000e+00 
  147       1.689868378686e-12       1.126250923980e-14      -8.295218362891e-14       5.164284210283e-15       0.000000000000e+00       0.000000000000e+00       0.000000000000e+00 
  148       1.591325644734e-12       1.107988005932e-14      -7.763542098687e-14       5.050772412276e-15       0.000000000000e+00       0.000000000000e+00       0.000000000000e+00 
  149       1.499007908187e-12       1.089626214915e-14      -7.245632084987e-14       4.938696930518e-15       0.000000000000e+00       0.000000000000e+00       0.000000000000e+00 
  150       1.412797378012e-12       1.071179916400e-14      -6.741669888106e-14       4.828124605909e-15       0.000000000000e+00       0.000000000000e+00       0.000000000000e+00 
  151       1.332556677166e-12       1.052663593295e-14      -6.251807106431e-14       4.719118961809e-15       0.000000000000e+00       0.000000000000e+00       0.000000000000e+00 
  152       1.258128435175e-12       1.034091841623e-14      -5.776164603821e-14       4.611740096411e-15       0.000000000000e+00       0.000000000000e+00       0.000000000000e+00 
  153       1.189334880707e-12       1.015479366193e-14      -5.314831743006e-14       4.506044575114e-15       0.000000000000e+00       0.000000000000e+00       0.000000000000e+00 
  154       1.125977434147e-12       9.968409762802e-15      -4.867865618984e-14       4.402085322897e-15       0.000000000000e+00       0.000000000000e+00       0.000000000000e+00 
  155       1.067836300170e-12       9.781915812941e-15      -4.435290292418e-14       4.299911516699e-15       0.000000000000e+00       0.000000000000e+00       0.000000000000e+00 
  156       1.014670060320e-12       9.595461864574e-15      -4.017096023041e-14       4.199568477784e-15       0.000000000000e+00       0.000000000000e+00       0.000000000000e+00 
  157       9.662152655793e-13       9.409198884790e-15      -3.613238503044e-14       4.101097564122e-15       0.000000000000e+00       0.000000000000e+00       0.000000000000e+00 
  158       9.221860289488e-13       9.223278712286e-15      -3.223638090483e-14       4.004536062762e-15       0.000000000000e+00       0.000000000000e+00       0.000000000000e+00 
  159       8.822736180191e-13       9.037854014112e-15      -2.848179042676e-14       3.909917082204e-15       0.000000000000e+00       0.000000000000e+00       0.000000000000e+00 
  160       8.461460475469e-13       8.853078242420e-15      -2.486708749596e-14       3.817269444776e-15       0.000000000000e+00       0.000000000000e+00       0.000000000000e+00 
  161       8.135011364516e-13       8.669099654375e-15      -2.139085655087e-14       3.726620879455e-15       0.000000000000e+00       0.000000000000e+00       0.000000000000e+00 
  162       7.842318068919e-13       8.486042868418e-15      -1.805329392235e-14       3.638008143586e-15       0.000000000000e+00       0.000000000000e+00       0.000000000000e+00 
  163       7.582746924265e-13       8.304025586719e-15      -1.485482521580e-14       3.551467594732e-15       0.000000000000e+00       0.000000000000e+00       0.000000000000e+00 
  164       7.355578281588e-13       8.123164315298e-15      -1.179562499143e-14       3.467031879023e-15       0.000000000000e+00       0.000000000000e+00       0.000000000000e+00 
  165       7.160004892950e-13       7.943574293463e-15      -8.875611338341e-15       3.384729838715e-15       0.000000000000e+00       0.000000000000e+00       0.000000000000e+00 
  166       6.995130297020e-13       7.765369423236e-15      -6.094440448539e-15       3.304586419752e-15       0.000000000000e+00       0.000000000000e+00       0.000000000000e+00 
  167       6.859967204653e-13       7.588662198785e-15      -3.451501191010e-15       3.226622579321e-15       0.000000000000e+00       0.000000000000e+00       0.000000000000e+00 
  168       6.753435884469e-13       7.413563635856e-15      -9.459096857551e-16       3.150855193413e-15       0.000000000000e+00       0.000000000000e+00       0.000000000000e+00 
  169       6.674362548429e-13       7.240183201202e-15       1.423496122158e-15       3.077296964384e-15       0.000000000000e+00       0.000000000000e+00       0.000000000000e+00 
  170       6.621477737420e-13       7.068628742015e-15       3.658161888544e-15       3.005956328512e-15       0.000000000000e+00       0.000000000000e+00       0.000000000000e+00 
  171       6.593414706829e-13       6.899006415354e-15       5.759822296053e-15       2.936837363556e-15       0.000000000000e+00       0.000000000000e+00       0.000000000000e+00 
  172       6.588707812123e-13       6.731420617582e-15       7.730506480121e-15       2.869939696315e-15       0.000000000000e+00       0.000000000000e+00       0.000000000000e+00 
  173       6.605790894430e-13       6.565973913789e-15       9.572543454919e-15       2.805258410191e-15       0.000000000000e+00       0.000000000000e+00       0.000000000000e+00 
  174       6.642995666116e-13       6.402766967228e-15       1.128856753931e-14       2.742783952743e-15       0.000000000000e+00       0.000000000000e+00       0.000000000000e+00 
  175       6.698550096364e-13       6.241898468743e-15       1.288152378279e-14       2.682502043249e-15       0.000000000000e+00       0.000000000000e+00       0.000000000000e+00 
  176       6.770576796753e-13       6.083465066203e-15       1.435467339146e-14       2.624393580265e-15       0.000000000000e+00       0.000000000000e+00       0.000000000000e+00 
  177       6.857091406840e-13       5.927561293928e-15       1.571159915394e-14       2.568434549183e-15       0.000000000000e+00       0.000000000000e+00       0.000000000000e+00 
  178       6.956000979733e-13       5.774279502124e-15       1.695621086736e-14       2.514595929792e-15       0.000000000000e+00       0.000000000000e+00       0.000000000000e+00 
  179       7.065102367676e-13       5.623709786313e-15       1.809275076330e-14       2.462843603835e-15       0.000000000000e+00       0.000000000000e+00       0.000000000000e+00 
  180       7.182413087864e-13       5.475937086110e-15       1.912515557556e-14       2.413145725330e-15       0.000000000000e+00       0.000000000000e+00       0.000000000000e+00 
  181       7.307196702537e-13       5.331032371102e-15       2.005507470436e-14       2.365495679759e-15       0.000000000000e+00       0.000000000000e+00       0.000000000000e+00 
  182       7.439016034063e-13       5.189060617201e-15       2.088370457240e-14       2.319890776595e-15       0.000000000000e+00       0.000000000000e+00       0.000000000000e+00 
  183       7.577407622104e-13       5.050083493924e-15       2.161242086097e-14       2.276324886055e-15       0.000000000000e+00       0.000000000000e+00       0.000000000000e+00 
  184       7.721881333800e-13       4.914159283394e-15       2.224278156622e-14       2.234788374143e-15       0.000000000000e+00       0.000000000000e+00       0.000000000000e+00 
  185       7.871919973951e-13       4.781342799345e-15       2.277653005550e-14       2.195268037702e-15       0.000000000000e+00       0.000000000000e+00       0.000000000000e+00 
  186       8.026978895203e-13       4.651685306128e-15       2.321559812368e-14       2.157747039455e-15       0.000000000000e+00       0.000000000000e+00       0.000000000000e+00 
  187       8.186485608229e-13       4.525234437715e-15       2.356210904941e-14       2.122204843052e-15       0.000000000000e+00       0.000000000000e+00       0.000000000000e+00 
  188       8.349839391918e-13       4.402034116703e-15       2.381838065147e-14       2.088617148119e-15       0.000000000000e+00       0.000000000000e+00       0.000000000000e+00 
  189       8.516410903552e-13       4.282124473319e-15       2.398692834508e-14       2.056955825304e-15       0.000000000000e+00       0.000000000000e+00       0.000000000000e+00 
  190       8.685541788997e-13       4.165541764428e-15       2.407046819816e-14       2.027188851321e-15       0.000000000000e+00       0.000000000000e+00       0.000000000000e+00 
  191       8.856544292882e-13       4.052318292534e-15       2.407191998768e-14       1.999280243997e-15       0.000000000000e+00       0.000000000000e+00       0.000000000000e+00 
  192       9.028700868785e-13       3.942482324783e-15       2.399441025598e-14       1.973189997319e-15       0.000000000000e+00       0.000000000000e+00       0.000000000000e+00 
  193       9.201263789415e-13       3.836058011975e-15       2.384127536702e-14       1.948874016483e-15       0.000000000000e+00       0.000000000000e+00       0.000000000000e+00 
  194       9.373454756799e-13       3.733065307563e-15       2.361606456275e-14       1.926284052932e-15       0.000000000000e+00       0.000000000000e+00       0.000000000000e+00 
  195       9.544464512464e-13       3.633519886657e-15       2.332254301938e-14       1.905367639414e-15       0.000000000000e+00       0.000000000000e+00       0.000000000000e+00 
  196       9.713452447621e-13       3.537433065034e-15       2.296469490369e-14       1.886068025019e-15       0.000000000000e+00       0.000000000000e+00       0.000000000000e+00 
  197       9.879546213348e-13       3.444811718138e-15       2.254672642938e-14       1.868324110227e-15       0.000000000000e+00       0.000000000000e+00       0.000000000000e+00 
  198       1.004184133078e-12       3.355658200089e-15       2.207306891330e-14       1.852070381960e-15       0.000000000000e+00       0.000000000000e+00       0.000000000000e+00 
  199       1.019940080127e-12       3.269970262681e-15       2.154838183184e-14       1.837236848620e-15       0.000000000000e+00       0.000000000000e+00       0.000000000000e+00 
  200       1.035125471663e-12       3.187740974395e-15       2.097755587717e-14       1.823748975142e-15       0.000000000000e+00       0.000000000000e+00       0.000000000000e+00 
  201       1.049655490473e-12       3.108961970040e-15       2.036506785154e-14       1.811538094828e-15       0.000000000000e+00       0.000000000000e+00       0.000000000000e+00 
  202       1.063505198746e-12       3.033633626806e-15       1.971298764226e-14       1.800573608738e-15       0.000000000000e+00       0.000000000000e+00       0.000000000000e+00 
  203       1.076665168745e-12       2.961755459749e-15       1.902283461105e-14       1.790832963751e-15       0.000000000000e+00       0.000000000000e+00       0.000000000000e+00 
  204       1.089126292343e-12       2.893322785784e-15       1.829621409378e-14       1.782291348733e-15       0.000000000000e+00       0.000000000000e+00       0.000000000000e+00 
  205       1.100879787856e-12       2.828326652536e-15       1.753481854113e-14       1.774921660549e-15       0.000000000000e+00       0.000000000000e+00       0.000000000000e+00 
  206       1.111917206884e-12       2.766753767186e-15       1.674042865920e-14       1.768694470067e-15       0.000000000000e+00       0.000000000000e+00       0.000000000000e+00 
  207       1.122230441152e-12       2.708586425324e-15       1.591491455024e-14       1.763577988177e-15       0.000000000000e+00       0.000000000000e+00       0.000000000000e+00 
  208       1.131811729349e-12       2.653802439791e-15       1.506023685322e-14       1.759538031795e-15       0.000000000000e+00       0.000000000000e+00       0.000000000000e+00 
  209       1.140653663963e-12       2.602375069534e-15       1.417844788455e-14       1.756537989877e-15       0.000000000000e+00       0.000000000000e+00       0.000000000000e+00 
  210       1.148749198129e-12       2.554272948451e-15       1.327169277869e-14       1.754538789431e-15       0.000000000000e+00       0.000000000000e+00       0.000000000000e+00 
  211       1.156091652460e-12       2.509460014240e-15       1.234221062881e-14       1.753498861523e-15       0.000000000000e+00       0.000000000000e+00       0.000000000000e+00 
  212       1.162674721891e-12       2.467895437248e-15       1.139233562746e-14       1.753374107291e-15       0.000000000000e+00       0.000000000000e+00       0.000000000000e+00 
  213       1.168492482519e-12       2.429533549319e-15       1.042449820721e-14       1.754117863958e-15       0.000000000000e+00       0.000000000000e+00       0.000000000000e+00 
  214       1.173539398439e-12       2.394323772645e-15       9.441226181283e-15       1.755680870836e-15       0.000000000000e+00       0.000000000000e+00       0.000000000000e+00 
  215       1.177810328586e-12       2.362210548610e-15       8.445145884251e-15       1.758011235342e-15       0.000000000000e+00       0.000000000000e+00       0.000000000000e+00 
  216       1.181300533574e-12       2.333133266642e-15       7.438983312649e-15       1.761054399009e-15       0.000000000000e+00       0.000000000000e+00       0.000000000000e+00 
  217       1.184005682535e-12       2.307026193061e-15       6.425565265644e-15       1.764753103491e-15       0.000000000000e+00       0.000000000000e+00       0.000000000000e+00 
  218       1.185921859959e-12       2.283818399927e-15       5.407820485685e-15       1.769047356582e-15       0.000000000000e+00       0.000000000000e+00       0.000000000000e+00 
  219       1.187045572532e-12       2.263433693888e-15       4.388780799153e-15       1.773874398218e-15       0.000000000000e+00       0.000000000000e+00       0.000000000000e+00 
  220       1.187373755979e-12       2.245790545031e-15       3.371582257015e-15       1.779168666495e-15       0.000000000000e+00       0.000000000000e+00       0.000000000000e+00 
  221       1.186903781897e-12       2.230802015727e-15       2.359466275477e-15       1.784861763674e-15       0.000000000000e+00       0.000000000000e+00       0.000000000000e+00 
  222       1.185633464602e-12       2.218375689482e-15       1.355780776635e-15       1.790882422198e-15       0.000000000000e+00       0.000000000000e+00       0.000000000000e+00 
  223       1.183561067963e-12       2.208413599786e-15       3.639813291268e-16       1.797156470695e-15       0.000000000000e+00       0.000000000000e+00       0.000000000000e+00 
  224       1.180687511414e-12       2.200823672121e-15      -6.128587318021e-16       1.803617269029e-15       0.000000000000e+00       0.000000000000e+00       0.000000000000e+00 
  225       1.177023131383e-12       2.195555014667e-15      -1.573555298307e-15       1.810237829197e-15       0.000000000000e+00       0.000000000000e+00       0.000000000000e+00 
  226       1.172581367875e-12       2.192564759145e-15      -2.517401191196e-15       1.817000694085e-15       0.000000000000e+00       0.000000000000e+00       0.000000000000e+00 
  227       1.167376616392e-12       2.191806708136e-15      -3.443683877561e-15       1.823887645072e-15       0.000000000000e+00       0.000000000000e+00       0.000000000000e+00 
  228       1.161424240004e-12       2.193231291343e-15      -4.351685499217e-15       1.830879692967e-15       0.000000000000e+00       0.000000000000e+00       0.000000000000e+00 
  229       1.154740581423e-12       2.196785521850e-15      -5.240682901150e-15       1.837957068946e-15       0.000000000000e+00       0.000000000000e+00       0.000000000000e+00 
  230       1.147342975086e-12       2.202412952384e-15      -6.109947659958e-15       1.845099215488e-15       0.000000000000e+00       0.000000000000e+00       0.000000000000e+00 
  231       1.139249759223e-12       2.210053631579e-15      -6.958746112301e-15       1.852284777313e-15       0.000000000000e+00       0.000000000000e+00       0.000000000000e+00 
  232       1.130480287936e-12       2.219644060230e-15      -7.786339383339e-15       1.859491592320e-15       0.000000000000e+00       0.000000000000e+00       0.000000000000e+00 
  233       1.121054943275e-12       2.231117147558e-15      -8.591983415181e-15       1.866696682519e-15       0.000000000000e+00       0.000000000000e+00       0.000000000000e+00 
  234       1.110995147312e-12       2.244402167473e-15      -9.374928995328e-15       1.873876244976e-15       0.000000000000e+00       0.000000000000e+00       0.000000000000e+00 
  235       1.100323374216e-12       2.259424714830e-15      -1.013442178511e-14       1.881005642742e-15       0.000000000000e+00       0.000000000000e+00       0.000000000000e+00 
  236       1.089063162333e-12       2.276106661692e-15      -1.086970234816e-14       1.888059395795e-15       0.000000000000e+00       0.000000000000e+00       0.000000000000e+00 
  237       1.077239126255e-12       2.294366113592e-15      -1.158000617880e-14       1.895011171976e-15       0.000000000000e+00       0.000000000000e+00       0.000000000000e+00 
  238       1.064876968900e-12       2.314117365793e-15      -1.226456373055e-14       1.901833777925e-15       0.000000000000e+00       0.000000000000e+00       0.000000000000e+00 
  239       1.052003493586e-12       2.335270859548e-15      -1.292260044454e-14       1.908499150016e-15       0.000000000000e+00       0.000000000000e+00       0.000000000000e+00 
  240       1.038646616109e-12       2.357733138360e-15      -1.355333677794e-14       1.914978345300e-15       0.000000000000e+00       0.000000000000e+00       0.000000000000e+00 
  241       1.024835376814e-12       2.381406804248e-15      -1.415598823245e-14       1.921241532436e-15       0.000000000000e+00       0.000000000000e+00       0.000000000000e+00 
  242       1.010599952673e-12       2.406190474000e-15      -1.472976538269e-14       1.927257982630e-15       0.000000000000e+00       0.000000000000e+00       0.000000000000e+00 
  243       9.959716693635e-13       2.431978735441e-15      -1.527387390468e-14       1.932996060574e-15       0.000000000000e+00       0.000000000000e+00       0.000000000000e+00 
  244       9.809830133383e-13       2.458662103689e-15      -1.578751460429e-14       1.938423215378e-15       0.000000000000e+00       0.000000000000e+00       0.000000000000e+00 
  245       9.656676439050e-13       2.486126977419e-15      -1.626988344566e-14       1.943505971514e-15       0.000000000000e+00       0.000000000000e+00       0.000000000000e+00 
  246       9.500604053006e-13       2.514255595121e-15      -1.672017157963e-14       1.948209919745e-15       0.000000000000e+00       0.000000000000e+00       0.000000000000e+00 
  247       9.341973387666e-13       2.542925991364e-15      -1.713756537226e-14       1.952499708069e-15       0.000000000000e+00       0.000000000000e+00       0.000000000000e+00 
  248       9.181156946252e-13       2.572011953055e-15      -1.752124643317e-14       1.956339032651e-15       0.000000000000e+00       0.000000000000e+00       0.000000000000e+00 
  249       9.018539443543e-13       2.601382975698e-15      -1.787039164408e-14       1.959690628764e-15       0.000000000000e+00       0.000000000000e+00       0.000000000000e+00 
  250       8.854471895451e-13       2.630921153201e-15      -1.818435716793e-14       1.962522800495e-15       0.000000000000e+00       0.000000000000e+00       0.000000000000e+00 
  251       8.689130700232e-13       2.660573018500e-15      -1.846324219437e-14       1.964829446496e-15       0.000000000000e+00       0.000000000000e+00       0.000000000000e+00 
  252       8.522650657684e-13       2.690300610331e-15      -1.870735779012e-14       1.966611172557e-15       0.000000000000e+00       0.000000000000e+00       0.000000000000e+00 
  253       8.355170300959e-13       2.720064797648e-15      -1.891704622463e-14       1.967868860277e-15       0.000000000000e+00       0.000000000000e+00       0.000000000000e+00 
  254       8.186831929295e-13       2.749825268267e-15      -1.909268135029e-14       1.968603670497e-15       0.000000000000e+00       0.000000000000e+00       0.000000000000e+00 
  255       8.017781640741e-13       2.779540517510e-15      -1.923466898282e-14       1.968817046749e-15       0.000000000000e+00       0.000000000000e+00       0.000000000000e+00 
  256       7.848169364883e-13       2.809167836847e-15      -1.934344728143e-14       1.968510718692e-15       0.000000000000e+00       0.000000000000e+00       0.000000000000e+00 
  257       7.678148895575e-13       2.838663302543e-15      -1.941948712920e-14       1.967686705555e-15       0.000000000000e+00       0.000000000000e+00       0.000000000000e+00 
  258       7.507877923668e-13       2.867981764298e-15      -1.946329251330e-14       1.966347319578e-15       0.000000000000e+00       0.000000000000e+00       0.000000000000e+00 
  259       7.337518069731e-13       2.897076833894e-15      -1.947540090530e-14       1.964495169456e-15       0.000000000000e+00       0.000000000000e+00       0.000000000000e+00 
  260       7.167234916786e-13       2.925900873836e-15      -1.945638364142e-14       1.962133163777e-15       0.000000000000e+00       0.000000000000e+00       0.000000000000e+00 
  261       6.997198043034e-13       2.954404985999e-15      -1.940684630284e-14       1.959264514464e-15       0.000000000000e+00       0.000000000000e+00       0.000000000000e+00 
  262       6.827581054579e-13       2.982539000267e-15      -1.932742909598e-14       1.955892740219e-15       0.000000000000e+00       0.000000000000e+00       0.000000000000e+00 
  263       6.658561618160e-13       3.010251463180e-15      -1.921880723275e-14       1.952021669961e-15       0.000000000000e+00       0.000000000000e+00       0.000000000000e+00 
  264       6.490321493878e-13       3.037489626580e-15      -1.908169131085e-14       1.947655446268e-15       0.000000000000e+00       0.000000000000e+00       0.000000000000e+00 
  265       6.323046567923e-13       3.064199436247e-15      -1.891682769407e-14       1.942798528823e-15       0.000000000000e+00       0.000000000000e+00       0.000000000000e+00 
  266       6.156926885301e-13       3.090325520551e-15      -1.872499889253e-14       1.937455697847e-15       0.000000000000e+00       0.000000000000e+00       0.000000000000e+00 
  267       5.992156682563e-13       3.115811179092e-15      -1.850702394298e-14       1.931632057548e-15       0.000000000000e+00       0.000000000000e+00       0.000000000000e+00 
  268       5.828934420534e-13       3.140598371341e-15      -1.826375878909e-14       1.925333039558e-15       0.000000000000e+00       0.000000000000e+00       0.000000000000e+00 
  269       5.667462817037e-13       3.164627705291e-15      -1.799609666171e-14       1.918564406376e-15       0.000000000000e+00       0.000000000000e+00       0.000000000000e+00 
  270       5.507948879625e-13       3.187838426092e-15      -1.770496845916e-14       1.911332254811e-15       0.000000000000e+00       0.000000000000e+00       0.000000000000e+00 
  271       5.350603938306e-13       3.210168404701e-15      -1.739134312751e-14       1.903643019418e-15       0.000000000000e+00       0.000000000000e+00       0.000000000000e+00 
  272       5.195643678272e-13       3.231554126525e-15      -1.705622804087e-14       1.895503475946e-15       0.000000000000e+00       0.000000000000e+00       0.000000000000e+00 
  273       5.043288172627e-13       3.251930680062e-15      -1.670066938165e-14       1.886920744775e-15       0.000000000000e+00       0.000000000000e+00       0.000000000000e+00 
  274       4.893761915114e-13       3.271231745546e-15      -1.632575252085e-14       1.877902294358e-15       0.000000000000e+00       0.000000000000e+00       0.000000000000e+00 
  275       4.747293852842e-13       3.289389583590e-15      -1.593260239834e-14       1.868455944665e-15       0.000000000000e+00       0.000000000000e+00       0.000000000000e+00 
  276       4.604117419015e-13       3.306335023834e-15      -1.552238390313e-14       1.858589870622e-15       0.000000000000e+00       0.000000000000e+00       0.000000000000e+00 
  277       4.464470565663e-13       3.321997453581e-15      -1.509630225369e-14       1.848312605550e-15       0.000000000000e+00       0.000000000000e+00       0.000000000000e+00 
  278       4.328595796362e-13       3.336304806448e-15      -1.465560337817e-14       1.837633044613e-15       0.000000000000e+00       0.000000000000e+00       0.000000000000e+00 
  279       4.196699211659e-13       3.349196553223e-15      -1.420144475400e-14       1.826560622884e-15       0.000000000000e+00       0.000000000000e+00       0.000000000000e+00 
  280       4.068825229348e-13       3.360663442809e-15      -1.373449973718e-14       1.815105852693e-15       0.000000000000e+00       0.000000000000e+00       0.000000000000e+00 
  281       3.944975437365e-13       3.370709798084e-15      -1.325533347460e-14       1.803279820824e-15       0.000000000000e+00       0.000000000000e+00       0.000000000000e+00 
  282       3.825148966384e-13       3.379340707717e-15      -1.276453077887e-14       1.791094020088e-15       0.000000000000e+00       0.000000000000e+00       0.000000000000e+00 
  283       3.709342459582e-13       3.386562034778e-15      -1.226269630953e-14       1.778560353025e-15       0.000000000000e+00       0.000000000000e+00       0.000000000000e+00 
  284       3.597550042411e-13       3.392380425361e-15      -1.175045475439e-14       1.765691135623e-15       0.000000000000e+00       0.000000000000e+00       0.000000000000e+00 
  285       3.489763292356e-13       3.396803317195e-15      -1.122845101082e-14       1.752499101021e-15       0.000000000000e+00       0.000000000000e+00       0.000000000000e+00 
  286       3.385971208713e-13       3.399838948265e-15      -1.069735036703e-14       1.738997403220e-15       0.000000000000e+00       0.000000000000e+00       0.000000000000e+00 
  287       3.286160182349e-13       3.401496365424e-15      -1.015783868335e-14       1.725199620796e-15       0.000000000000e+00       0.000000000000e+00       0.000000000000e+00 
  288       3.190313965470e-13       3.401785433013e-15      -9.610622573573e-15       1.711119760604e-15       0.000000000000e+00       0.000000000000e+00       0.000000000000e+00 
  289       3.098413641392e-13       3.400716841476e-15      -9.056429586189e-15       1.696772261492e-15       0.000000000000e+00       0.000000000000e+00       0.000000000000e+00 
  290       3.010437594305e-13       3.398302115976e-15      -8.496008385714e-15       1.682171998010e-15       0.000000000000e+00       0.000000000000e+00       0.000000000000e+00 
  291       2.926361479042e-13       3.394553625010e-15      -7.930128933970e-15       1.667334284117e-15       0.000000000000e+00       0.000000000000e+00       0.000000000000e+00 
  292       2.846158190843e-13       3.389484589031e-15      -7.359582671382e-15       1.652274876895e-15       0.000000000000e+00       0.000000000000e+00       0.000000000000e+00 
  293       2.769797835127e-13       3.383109089058e-15      -6.785182698267e-15       1.637009980254e-15       0.000000000000e+00       0.000000000000e+00       0.000000000000e+00 
  294       2.697247697256e-13       3.375442075293e-15      -6.207763956130e-15       1.621556248645e-15       0.000000000000e+00       0.000000000000e+00       0.000000000000e+00 
  295       2.628472212304e-13       3.366499375744e-15      -5.628183408957e-15       1.605930790768e-15       0.000000000000e+00       0.000000000000e+00       0.000000000000e+00 
  296       2.563432934822e-13       3.356297704833e-15      -5.047320224505e-15       1.590151173281e-15       0.000000000000e+00       0.000000000000e+00       0.000000000000e+00 
  297       2.502088508608e-13       3.344854672017e-15      -4.466075955595e-15       1.574235424514e-15       0.000000000000e+00       0.000000000000e+00       0.000000000000e+00 
  298       2.444394636472e-13       3.332188790405e-15      -3.885374721410e-15       1.558202038171e-15       0.000000000000e+00       0.000000000000e+00       0.000000000000e+00 
  299       2.390304050005e-13       3.318319485371e-15      -3.306163388781e-15       1.542069977047e-15       0.000000000000e+00       0.000000000000e+00       0.000000000000e+00 
  300       2.339766479345e-13       3.303267103172e-15      -2.729411753482e-15       1.525858676733e-15       0.000000000000e+00       0.000000000000e+00       0.000000000000e+00 
  301       2.292728622944e-13       3.287052919567e-15      -2.156112721526e-15       1.509588049328e-15       0.000000000000e+00       0.000000000000e+00       0.000000000000e+00 
  302       2.249134117337e-13       3.269699148429e-15      -1.587282490454e-15       1.493278487149e-15       0.000000000000e+00       0.000000000000e+00       0.000000000000e+00 
  303       2.208923506909e-13       3.251228950364e-15      -1.023960730629e-15       1.476950866437e-15       0.000000000000e+00       0.000000000000e+00       0.000000000000e+00 
  304       2.172034213659e-13       3.231666441326e-15      -4.672107665297e-16       1.460626551070e-15       0.000000000000e+00       0.000000000000e+00       0.000000000000e+00 
  305       2.138400506971e-13       3.211036701237e-15       8.188024195864e-17       1.444327396274e-15       0.000000000000e+00       0.000000000000e+00       0.000000000000e+00 
  306       2.107953473381e-13       3.189365782598e-15       6.222011182495e-16       1.428075752326e-15       0.000000000000e+00       0.000000000000e+00       0.000000000000e+00 
  307       2.080620986342e-13       3.166680719109e-15       1.152616487763e-15       1.411894468272e-15       0.000000000000e+00       0.000000000000e+00       0.000000000000e+00 
  308       2.056327675992e-13       3.143009534283e-15       1.671966596634e-15       1.395806895630e-15       0.000000000000e+00       0.000000000000e+00       0.000000000000e+00 
  309       2.034994898923e-13       3.118381250066e-15       2.179067130418e-15       1.379836892105e-15       0.000000000000e+00       0.000000000000e+00       0.000000000000e+00 
  310       2.016540707946e-13       3.092825895449e-15       2.672709032798e-15       1.364008825293e-15       0.000000000000e+00       0.000000000000e+00       0.000000000000e+00 
  311       2.000879821861e-13       3.066374515090e-15       3.151658324294e-15       1.348347576396e-15       0.000000000000e+00       0.000000000000e+00       0.000000000000e+00 
  312       1.987929558219e-13       3.039058245229e-15       3.614862686620e-15       1.332874954594e-15       0.000000000000e+00       0.000000000000e+00       0.000000000000e+00 
  313       1.977627997893e-13       3.010905476400e-15       4.062082181724e-15       1.317598748689e-15       0.000000000000e+00       0.000000000000e+00       0.000000000000e+00 
  314       1.969916604275e-13       2.981944575905e-15       4.493287443754e-15       1.302523174709e-15       0.000000000000e+00       0.000000000000e+00       0.000000000000e+00 
  315       1.964734313457e-13       2.952204816081e-15       4.908455624328e-15       1.287652418746e-15       0.000000000000e+00       0.000000000000e+00       0.000000000000e+00 
  316       1.962017511327e-13       2.921716381768e-15       5.307570465313e-15       1.272990636249e-15       0.000000000000e+00       0.000000000000e+00       0.000000000000e+00 
  317       1.961700010657e-13       2.890510377778e-15       5.690622371609e-15       1.258541951333e-15       0.000000000000e+00       0.000000000000e+00       0.000000000000e+00 
  318       1.963713028206e-13       2.858618836369e-15       6.057608483931e-15       1.244310456067e-15       0.000000000000e+00       0.000000000000e+00       0.000000000000e+00 
  319       1.967985161810e-13       2.826074724714e-15       6.408532751585e-15       1.230300209781e-15       0.000000000000e+00       0.000000000000e+00       0.000000000000e+00 
  320       1.974442367474e-13       2.792911952368e-15       6.743406005256e-15       1.216515238363e-15       0.000000000000e+00       0.000000000000e+00       0.000000000000e+00 
  321       1.983007936475e-13       2.759165378746e-15       7.062246029786e-15       1.202959533555e-15       0.000000000000e+00       0.000000000000e+00       0.000000000000e+00 
  322       1.993602472446e-13       2.724870820582e-15       7.365077636957e-15       1.189637052256e-15       0.000000000000e+00       0.000000000000e+00       0.000000000000e+00 
  323       2.006143868481e-13       2.690065059411e-15       7.651932738271e-15       1.176551715820e-15       0.000000000000e+00       0.000000000000e+00       0.000000000000e+00 
  324       2.020547284221e-13       2.654785849031e-15       7.922850417732e-15       1.163707409353e-15       0.000000000000e+00       0.000000000000e+00       0.000000000000e+00 
  325       2.036725122954e-13       2.619071922977e-15       8.177877004629e-15       1.151107981015e-15       0.000000000000e+00       0.000000000000e+00       0.000000000000e+00 
  326       2.054587008708e-13       2.582963001992e-15       8.417066146314e-15       1.138757241318e-15       0.000000000000e+00       0.000000000000e+00       0.000000000000e+00 
  327       2.074039763345e-13       2.546499801492e-15       8.640478880988e-15       1.126658962423e-15       0.000000000000e+00       0.000000000000e+00       0.000000000000e+00 
  328       2.094987383655e-13       2.509724039044e-15       8.848183710480e-15       1.114816877442e-15       0.000000000000e+00       0.000000000000e+00       0.000000000000e+00 
  329       2.117331018453e-13       2.472678441832e-15       9.040256673027e-15       1.103234679736e-15       0.000000000000e+00       0.000000000000e+00       0.000000000000e+00 
  330       2.140968945673e-13       2.435406754125e-15       9.216781416059e-15       1.091916022212e-15       0.000000000000e+00       0.000000000000e+00       0.000000000000e+00 
  331       2.165796549460e-13       2.397953744752e-15       9.377849268977e-15       1.080864516627e-15       0.000000000000e+00       0.000000000000e+00       0.000000000000e+00 
  332       2.191706297268e-13       2.360365214570e-15       9.523559315938e-15       1.070083732881e-15       0.000000000000e+00       0.000000000000e+00       0.000000000000e+00 
  333       2.218587716952e-13       2.322688003936e-15       9.654018468632e-15       1.059577198322e-15       0.000000000000e+00       0.000000000000e+00       0.000000000000e+00 
  334       2.246327373865e-13       2.284970000172e-15       9.769341539071e-15       1.049348397038e-15       0.000000000000e+00       0.000000000000e+00       0.000000000000e+00 
  335       2.274808847951e-13       2.247260145044e-15       9.869651312359e-15       1.039400769165e-15       0.000000000000e+00       0.000000000000e+00       0.000000000000e+00 
  336       2.303912710838e-13       2.209608442224e-15       9.955078619486e-15       1.029737710176e-15       0.000000000000e+00       0.000000000000e+00       0.000000000000e+00 
  337       2.333516502937e-13       2.172065964765e-15       1.002576241010e-14       1.020362570191e-15       0.000000000000e+00       0.000000000000e+00       0.000000000000e+00 
  338       2.363494710534e-13       2.134684862571e-15       1.008184982529e-14       1.011278653264e-15       0.000000000000e+00       0.000000000000e+00       0.000000000000e+00 
  339       2.393718742883e-13       2.097518369864e-15       1.012349627039e-14       1.002489216694e-15       0.000000000000e+00       0.000000000000e+00       0.000000000000e+00 
  340       2.424056909303e-13       2.060620812659e-15       1.015086548770e-14       9.939974703145e-16       0.000000000000e+00       0.000000000000e+00       0.000000000000e+00 
  341       2.454374396274e-13       2.024047616231e-15       1.016412962934e-14       9.858065757979e-16       0.000000000000e+00       0.000000000000e+00       0.000000000000e+00 
  342       2.484533244527e-13       1.987855312587e-15       1.016346932999e-14       9.779196459530e-16       0.000000000000e+00       0.000000000000e+00       0.000000000000e+00 
  343       2.514392326142e-13       1.952101547933e-15       1.014907377968e-14       9.703397440238e-16       0.000000000000e+00       0.000000000000e+00       0.000000000000e+00 
  344       2.543807321642e-13       1.916845090150e-15       1.012114079657e-14       9.630698829892e-16       0.000000000000e+00       0.000000000000e+00       0.000000000000e+00 
  345       2.572630697088e-13       1.882145836259e-15       1.007987689974e-14       9.561130248615e-16       0.000000000000e+00       0.000000000000e+00       0.000000000000e+00 
  346       2.600711681172e-13       1.848064819896e-15       1.002549738195e-14       9.494720799857e-16       0.000000000000e+00       0.000000000000e+00       0.000000000000e+00 
  347       2.627896242312e-13       1.814664218776e-15       9.958226382465e-15       9.431499063383e-16       0.000000000000e+00       0.000000000000e+00       0.000000000000e+00 
  348       2.654027065749e-13       1.782007362171e-15       9.878296959777e-15       9.371493088270e-16       0.000000000000e+00       0.000000000000e+00       0.000000000000e+00 
  349       2.678970111884e-13       1.750148575399e-15       9.785959776185e-15       9.314718017868e-16       0.000000000000e+00       0.000000000000e+00       0.000000000000e+00 
  350       2.702695555724e-13       1.719102232454e-15       9.681509400619e-15       9.261138411725e-16       0.000000000000e+00       0.000000000000e+00       0.000000000000e+00 
  351       2.725200164597e-13       1.688872432534e-15       9.565259240890e-15       9.210704344887e-16       0.000000000000e+00       0.000000000000e+00       0.000000000000e+00 
  352       2.746481023461e-13       1.659463044520e-15       9.437533111463e-15       9.163363615612e-16       0.000000000000e+00       0.000000000000e+00       0.000000000000e+00 
  353       2.766535538113e-13       1.630877704466e-15       9.298665314697e-15       9.119061726214e-16       0.000000000000e+00       0.000000000000e+00       0.000000000000e+00 
  354       2.785361438397e-13       1.603119813078e-15       9.149000722088e-15       9.077741863899e-16       0.000000000000e+00       0.000000000000e+00       0.000000000000e+00 
  355       2.802956781414e-13       1.576192533205e-15       8.988894855506e-15       9.039344881607e-16       0.000000000000e+00       0.000000000000e+00       0.000000000000e+00 
  356       2.819319954726e-13       1.550098787328e-15       8.818713968442e-15       9.003809278851e-16       0.000000000000e+00       0.000000000000e+00       0.000000000000e+00 
  357       2.834449679570e-13       1.524841255038e-15       8.638835127249e-15       8.971071182561e-16       0.000000000000e+00       0.000000000000e+00       0.000000000000e+00 
  358       2.848345014058e-13       1.500422370528e-15       8.449646292380e-15       8.941064327918e-16       0.000000000000e+00       0.000000000000e+00       0.000000000000e+00 
  359       2.861005356393e-13       1.476844320081e-15       8.251546399633e-15       8.913720039198e-16       0.000000000000e+00       0.000000000000e+00       0.000000000000e+00 
  360       2.872430448072e-13       1.454109039548e-15       8.044945441393e-15       8.888967210614e-16       0.000000000000e+00       0.000000000000e+00       0.000000000000e+00 
  361       2.882620377095e-13       1.432218211844e-15       7.830264547870e-15       8.866732287152e-16       0.000000000000e+00       0.000000000000e+00       0.000000000000e+00 
  362       2.891575581173e-13       1.411173264428e-15       7.607936068344e-15       8.846939245411e-16       0.000000000000e+00       0.000000000000e+00       0.000000000000e+00 
  363       2.899296850937e-13       1.390975366789e-15       7.378403652406e-15       8.829509574448e-16       0.000000000000e+00       0.000000000000e+00       0.000000000000e+00 
  364       2.905785333146e-13       1.371625427937e-15       7.142122331199e-15       8.814362256614e-16       0.000000000000e+00       0.000000000000e+00       0.000000000000e+00 
  365       2.911042533892e-13       1.353124093884e-15       6.899558598661e-15       8.801413748396e-16       0.000000000000e+00       0.000000000000e+00       0.000000000000e+00 
  366       2.915070321813e-13       1.335471745134e-15       6.651190492764e-15       8.790577961255e-16       0.000000000000e+00       0.000000000000e+00       0.000000000000e+00 
  367       2.917870931296e-13       1.318668494167e-15       6.397507676758e-15       8.781766242470e-16       0.000000000000e+00       0.000000000000e+00       0.000000000000e+00 
  368       2.919446965688e-13       1.302714182925e-15       6.139011520412e-15       8.774887355973e-16       0.000000000000e+00       0.000000000000e+00       0.000000000000e+00 
  369       2.919801400504e-13       1.287608380299e-15       5.876215181256e-15       8.769847463195e-16       0.000000000000e+00       0.000000000000e+00       0.000000000000e+00 
  370       2.918937586633e-13       1.273350379617e-15       5.609643685821e-15       8.766550103901e-16       0.000000000000e+00       0.000000000000e+00       0.000000000000e+00 
  371       2.916859253549e-13       1.259939196128e-15       5.339834010885e-15       8.764896177032e-16       0.000000000000e+00       0.000000000000e+00       0.000000000000e+00 
  372       2.913570512514e-13       1.247373564487e-15       5.067335164708e-15       8.764783921549e-16       0.000000000000e+00       0.000000000000e+00       0.000000000000e+00 
  373       2.909075859792e-13       1.235651936243e-15       4.792708268280e-15       8.766108897265e-16       0.000000000000e+00       0.000000000000e+00       0.000000000000e+00 
  374       2.903380179854e-13       1.224772477328e-15       4.516526636558e-15       8.768763965694e-16       0.000000000000e+00       0.000000000000e+00       0.000000000000e+00 
  375       2.896488748584e-13       1.214733065537e-15       4.239375859710e-15       8.772639270883e-16       0.000000000000e+00       0.000000000000e+00       0.000000000000e+00 
  376       2.888407236491e-13       1.205531288018e-15       3.961853884357e-15       8.777622220259e-16       0.000000000000e+00       0.000000000000e+00       0.000000000000e+00 
  377       2.879141711914e-13       1.197164438759e-15       3.684571094814e-15       8.783597465466e-16       0.000000000000e+00       0.000000000000e+00       0.000000000000e+00 
  378       2.868698644233e-13       1.189629516071e-15       3.408150394332e-15       8.790446883204e-16       0.000000000000e+00       0.000000000000e+00       0.000000000000e+00 
  379       2.857084907072e-13       1.182923220079e-15       3.133227286337e-15       8.798049556071e-16       0.000000000000e+00       0.000000000000e+00       0.000000000000e+00 
  380       2.844307781513e-13       1.177041950202e-15       2.860449955676e-15       8.806281753405e-16       0.000000000000e+00       0.000000000000e+00       0.000000000000e+00 
  381       2.830374959300e-13       1.171981802644e-15       2.590479349855e-15       8.815016912120e-16       0.000000000000e+00       0.000000000000e+00       0.000000000000e+00 
  382       2.815294546047e-13       1.167738567879e-15       2.323989260285e-15       8.824125617547e-16       0.000000000000e+00       0.000000000000e+00       0.000000000000e+00 
  383       2.799075064448e-13       1.164307728136e-15       2.061666403518e-15       8.833475584278e-16       0.000000000000e+00       0.000000000000e+00       0.000000000000e+00 
  384       2.781725457484e-13       1.161684454886e-15       1.804210502493e-15       8.842931637001e-16       0.000000000000e+00       0.000000000000e+00       0.000000000000e+00 
  385       2.763255091631e-13       1.159863606330e-15       1.552334367775e-15       8.852355691344e-16       0.000000000000e+00       0.000000000000e+00       0.000000000000e+00 
  386       2.743673760068e-13       1.158839724881e-15       1.306763978800e-15       8.861606734713e-16       0.000000000000e+00       0.000000000000e+00       0.000000000000e+00 
  387       2.722991685885e-13       1.158607034655e-15       1.068238565113e-15       8.870540807134e-16       0.000000000000e+00       0.000000000000e+00       0.000000000000e+00 
  388       2.701222824142e-13       1.159157357990e-15       8.373871139507e-16       8.879032319661e-16       0.000000000000e+00       0.000000000000e+00       0.000000000000e+00 
  389       2.678394897666e-13       1.160473784236e-15       6.143526346864e-16       8.887038927822e-16       0.000000000000e+00       0.000000000000e+00       0.000000000000e+00 
  390       2.654539742948e-13       1.162536759211e-15       3.991539991483e-16       8.894539047214e-16       0.000000000000e+00       0.000000000000e+00       0.000000000000e+00 
  391       2.629690050998e-13       1.165326140620e-15       1.918082292313e-16       8.901510732863e-16       0.000000000000e+00       0.000000000000e+00       0.000000000000e+00 
  392       2.603879373179e-13       1.168821193893e-15      -7.669520110603e-18       8.907931677028e-16       0.000000000000e+00       0.000000000000e+00       0.000000000000e+00 
  393       2.577142127034e-13       1.173000588014e-15      -1.992659778704e-16       8.913779207010e-16       0.000000000000e+00       0.000000000000e+00       0.000000000000e+00 
  394       2.549513602117e-13       1.177842391352e-15      -3.829697739955e-16       8.919030282949e-16       0.000000000000e+00       0.000000000000e+00       0.000000000000e+00 
  395       2.521029965829e-13       1.183324067492e-15      -5.587714563941e-16       8.923661495638e-16       0.000000000000e+00       0.000000000000e+00       0.000000000000e+00 
  396       2.491728269242e-13       1.189422471071e-15      -7.266635079425e-16       8.927649064320e-16       0.000000000000e+00       0.000000000000e+00       0.000000000000e+00 
  397       2.461646452934e-13       1.196113843604e-15      -8.866403634912e-16       8.930968834500e-16       0.000000000000e+00       0.000000000000e+00       0.000000000000e+00 
  398       2.430823352818e-13       1.203373809321e-15      -1.038698426873e-15       8.933596275742e-16       0.000000000000e+00       0.000000000000e+00       0.000000000000e+00 
  399       2.399298705974e-13       1.211177370995e-15      -1.182836087907e-15       8.935506479481e-16       0.000000000000e+00       0.000000000000e+00       0.000000000000e+00 
  400       2.367113156478e-13       1.219498905775e-15      -1.319053739410e-15       8.936674156822e-16       0.000000000000e+00       0.000000000000e+00       0.000000000000e+00 
  401       2.334308261234e-13       1.228312161018e-15      -1.447353794199e-15       8.937073636349e-16       0.000000000000e+00       0.000000000000e+00       0.000000000000e+00 
  402       2.300926495806e-13       1.237590250120e-15      -1.567740702100e-15       8.936678861929e-16       0.000000000000e+00       0.000000000000e+00       0.000000000000e+00 
  403       2.267011260245e-13       1.247305648349e-15      -1.680220966955e-15       8.935463390514e-16       0.000000000000e+00       0.000000000000e+00       0.000000000000e+00 
  404       2.232606884926e-13       1.257430188674e-15      -1.784803163627e-15       8.933400389949e-16       0.000000000000e+00       0.000000000000e+00       0.000000000000e+00 
  405       2.197758636370e-13       1.267935057600e-15      -1.881497955010e-15       8.930462636776e-16       0.000000000000e+00       0.000000000000e+00       0.000000000000e+00 
  406       2.162512723083e-13       1.278790790998e-15      -1.970318109033e-15       8.926622514038e-16       0.000000000000e+00       0.000000000000e+00       0.000000000000e+00 
  407       2.126916301384e-13       1.289967269937e-15      -2.051278515667e-15       8.921852009083e-16       0.000000000000e+00       0.000000000000e+00       0.000000000000e+00 
  408       2.091017481232e-13       1.301433716517e-15      -2.124396203935e-15       8.916122711374e-16       0.000000000000e+00       0.000000000000e+00       0.000000000000e+00 
  409       2.054865332062e-13       1.313158689695e-15      -2.189690358914e-15       8.909405810285e-16       0.000000000000e+00       0.000000000000e+00       0.000000000000e+00 
  410       2.018509888615e-13       1.325110081127e-15      -2.247182338744e-15       8.901672092915e-16       0.000000000000e+00       0.000000000000e+00       0.000000000000e+00 
  411       1.982002156765e-13       1.337255110989e-15      -2.296895691638e-15       8.892891941885e-16       0.000000000000e+00       0.000000000000e+00       0.000000000000e+00 
  412       1.945394119354e-13       1.349560323817e-15      -2.338856172883e-15       8.883035333148e-16       0.000000000000e+00       0.000000000000e+00       0.000000000000e+00 
  413       1.908738742021e-13       1.361991584332e-15      -2.373091761851e-15       8.872071833794e-16       0.000000000000e+00       0.000000000000e+00       0.000000000000e+00 
  414       1.872089979032e-13       1.374514073278e-15      -2.399632679005e-15       8.859970599849e-16       0.000000000000e+00       0.000000000000e+00       0.000000000000e+00 
  415       1.835502779112e-13       1.387092283249e-15      -2.418511402902e-15       8.846700374087e-16       0.000000000000e+00       0.000000000000e+00       0.000000000000e+00 
  416       1.799033091276e-13       1.399690014522e-15      -2.429762687208e-15       8.832229483831e-16       0.000000000000e+00       0.000000000000e+00       0.000000000000e+00 
  417       1.762737870658e-13       1.412270370891e-15      -2.433423577697e-15       8.816525838756e-16       0.000000000000e+00       0.000000000000e+00       0.000000000000e+00 
  418       1.726675084344e-13       1.424795755494e-15      -2.429533429261e-15       8.799556928699e-16       0.000000000000e+00       0.000000000000e+00       0.000000000000e+00 
  419       1.690903717202e-13       1.437227866650e-15      -2.418133922917e-15       8.781289821460e-16       0.000000000000e+00       0.000000000000e+00       0.000000000000e+00 
  420       1.655483777711e-13       1.449527693688e-15      -2.399269082814e-15       8.761691160608e-16       0.000000000000e+00       0.000000000000e+00       0.000000000000e+00 
  421       1.620476303794e-13       1.461655512778e-15      -2.372985293237e-15       8.740727163286e-16       0.000000000000e+00       0.000000000000e+00       0.000000000000e+00 
  422       1.585943368649e-13       1.473570882763e-15      -2.339331315618e-15       8.718363618013e-16       0.000000000000e+00       0.000000000000e+00       0.000000000000e+00 
  423       1.551948086577e-13       1.485232640994e-15      -2.298358305541e-15       8.694565882495e-16       0.000000000000e+00       0.000000000000e+00       0.000000000000e+00 
  424       1.518554618816e-13       1.496598899156e-15      -2.250119829748e-15       8.669298881424e-16       0.000000000000e+00       0.000000000000e+00       0.000000000000e+00 
  425       1.485828179370e-13       1.507627039105e-15      -2.194671883146e-15       8.642527104285e-16       0.000000000000e+00       0.000000000000e+00       0.000000000000e+00 
  426       1.453835040840e-13       1.518273708696e-15      -2.132072905814e-15       8.614214603160e-16       0.000000000000e+00       0.000000000000e+00       0.000000000000e+00 
  427       1.422631256145e-13       1.528501643724e-15      -2.062405809066e-15       8.584336546820e-16       0.000000000000e+00       0.000000000000e+00       0.000000000000e+00 
  428       1.392228389204e-13       1.538300397852e-15      -1.985844844306e-15       8.552914320411e-16       0.000000000000e+00       0.000000000000e+00       0.000000000000e+00 
  429       1.362626629817e-13       1.547666309753e-15      -1.902591042601e-15       8.519981615601e-16       0.000000000000e+00       0.000000000000e+00       0.000000000000e+00 
  430       1.333825970858e-13       1.556595741040e-15      -1.812850442534e-15       8.485572987567e-16       0.000000000000e+00       0.000000000000e+00       0.000000000000e+00 
  431       1.305826206700e-13       1.565085076583e-15      -1.716834121665e-15       8.449723860384e-16       0.000000000000e+00       0.000000000000e+00       0.000000000000e+00 
  432       1.278626931634e-13       1.573130724814e-15      -1.614758227985e-15       8.412470532423e-16       0.000000000000e+00       0.000000000000e+00       0.000000000000e+00 
  433       1.252227538293e-13       1.580729118051e-15      -1.506844011379e-15       8.373850181738e-16       0.000000000000e+00       0.000000000000e+00       0.000000000000e+00 
  434       1.226627216070e-13       1.587876712804e-15      -1.393317855083e-15       8.333900871465e-16       0.000000000000e+00       0.000000000000e+00       0.000000000000e+00 
  435       1.201824949542e-13       1.594569990094e-15      -1.274411307138e-15       8.292661555207e-16       0.000000000000e+00       0.000000000000e+00       0.000000000000e+00 
  436       1.177819516890e-13       1.600805455763e-15      -1.150361111855e-15       8.250172082436e-16       0.000000000000e+00       0.000000000000e+00       0.000000000000e+00 
  437       1.154609488322e-13       1.606579640791e-15      -1.021409241268e-15       8.206473203878e-16       0.000000000000e+00       0.000000000000e+00       0.000000000000e+00 
  438       1.132193224495e-13       1.611889101608e-15      -8.878029265946e-16       8.161606576910e-16       0.000000000000e+00       0.000000000000e+00       0.000000000000e+00 
  439       1.110568874932e-13       1.616730420408e-15      -7.497946896946e-16       8.115614770952e-16       0.000000000000e+00       0.000000000000e+00       0.000000000000e+00 
  440       1.089734376450e-13       1.621100205463e-15      -6.076423745265e-16       8.068541272858e-16       0.000000000000e+00       0.000000000000e+00       0.000000000000e+00 
  441       1.069687451575e-13       1.624995091437e-15      -4.616091786071e-16       8.020430492314e-16       0.000000000000e+00       0.000000000000e+00       0.000000000000e+00 
  442       1.050425606969e-13       1.628411739699e-15      -3.119636844693e-16       7.971327767223e-16       0.000000000000e+00       0.000000000000e+00       0.000000000000e+00 
  443       1.031946131849e-13       1.631346838639e-15      -1.589798911203e-16       7.921279369105e-16       0.000000000000e+00       0.000000000000e+00       0.000000000000e+00 
  444       1.014246096408e-13       1.633797103979e-15      -2.937245500147e-18       7.870332508485e-16       0.000000000000e+00       0.000000000000e+00       0.000000000000e+00 
  445       9.973223502358e-14       1.635759279090e-15       1.558793260603e-16       7.818535340290e-16       0.000000000000e+00       0.000000000000e+00       0.000000000000e+00 
  446       9.811715207436e-14       1.637230135300e-15       3.171793863811e-16       7.765936969236e-16       0.000000000000e+00       0.000000000000e+00       0.000000000000e+00 
  447       9.657900115828e-14       1.638206472217e-15       4.806669559746e-16       7.712587455228e-16       0.000000000000e+00       0.000000000000e+00       0.000000000000e+00 
  448       9.511740010674e-14       1.638685118034e-15       6.460404815879e-16       7.658537818746e-16       0.000000000000e+00       0.000000000000e+00       0.000000000000e+00 
  449       9.373194405954e-14       1.638662929848e-15       8.129928047438e-16       7.603840046244e-16       0.000000000000e+00       0.000000000000e+00       0.000000000000e+00 
  450       9.242220530701e-14       1.638136793972e-15       9.812111302832e-16       7.548547095537e-16       0.000000000000e+00       0.000000000000e+00       0.000000000000e+00 
  451       9.118773313219e-14       1.637103626248e-15       1.150376994906e-15       7.492712901198e-16       0.000000000000e+00       0.000000000000e+00       0.000000000000e+00 
  452       9.002805365294e-14       1.635560372364e-15       1.320166235715e-15       7.436392379950e-16       0.000000000000e+00       0.000000000000e+00       0.000000000000e+00 
  453       8.894266966411e-14       1.633504008164e-15       1.490248958755e-15       7.379641436057e-16       0.000000000000e+00       0.000000000000e+00       0.000000000000e+00 
  454       8.793106047969e-14       1.630931539964e-15       1.660289507554e-15       7.322516966719e-16       0.000000000000e+00       0.000000000000e+00       0.000000000000e+00 
  455       8.699268177496e-14       1.627840004867e-15       1.829946431670e-15       7.265076867462e-16       0.000000000000e+00       0.000000000000e+00       0.000000000000e+00 
  456       8.612696542860e-14       1.624226471074e-15       1.998872455226e-15       7.207380037536e-16       0.000000000000e+00       0.000000000000e+00       0.000000000000e+00 
  457       8.533331936489e-14       1.620088038197e-15       2.166714445458e-15       7.149486385301e-16       0.000000000000e+00       0.000000000000e+00       0.000000000000e+00 
  458       8.461112739584e-14       1.615421837579e-15       2.333113381252e-15       7.091456833626e-16       0.000000000000e+00       0.000000000000e+00       0.000000000000e+00 
  459       8.395974906330e-14       1.610225032600e-15       2.497704321688e-15       7.033353325278e-16       0.000000000000e+00       0.000000000000e+00       0.000000000000e+00 
  460       8.337851948117e-14       1.604494818998e-15       2.660116374581e-15       6.975238828315e-16       0.000000000000e+00       0.000000000000e+00       0.000000000000e+00 
  461       8.286674917751e-14       1.598228425175e-15       2.819972665025e-15       6.917177341482e-16       0.000000000000e+00       0.000000000000e+00       0.000000000000e+00 
  462       8.242372393668e-14       1.591423112520e-15       2.976890303929e-15       6.859233899601e-16       0.000000000000e+00       0.000000000000e+00       0.000000000000e+00 
  463       8.204870464153e-14       1.584076175714e-15       3.130480356567e-15       6.801474578962e-16       0.000000000000e+00       0.000000000000e+00       0.000000000000e+00 
  464       8.174092711549e-14       1.576184943051e-15       3.280347811112e-15       6.743966502722e-16       0.000000000000e+00       0.000000000000e+00       0.000000000000e+00 
  465       8.149960196476e-14       1.567746776746e-15       3.426091547182e-15       6.686777846291e-16       0.000000000000e+00       0.000000000000e+00       0.000000000000e+00 
  466       8.132375113363e-14       1.558762032395e-15       3.567370129081e-15       6.629969148936e-16       0.000000000000e+00       0.000000000000e+00       0.000000000000e+00 
  467       8.121171227970e-14       1.549243038309e-15       3.704101508512e-15       6.573566939298e-16       0.000000000000e+00       0.000000000000e+00       0.000000000000e+00 
  468       8.116161862483e-14       1.539205396945e-15       3.836269490489e-15       6.517589297625e-16       0.000000000000e+00       0.000000000000e+00       0.000000000000e+00 
  469       8.117156059688e-14       1.528665053028e-15       3.963858476676e-15       6.462054475786e-16       0.000000000000e+00       0.000000000000e+00       0.000000000000e+00 
  470       8.123958558189e-14       1.517638295495e-15       4.086853470231e-15       6.406980897866e-16       0.000000000000e+00       0.000000000000e+00       0.000000000000e+00 
  471       8.136369767619e-14       1.506141759442e-15       4.205240080642e-15       6.352387160766e-16       0.000000000000e+00       0.000000000000e+00       0.000000000000e+00 
  472       8.154185743845e-14       1.494192428069e-15       4.319004528565e-15       6.298292034801e-16       0.000000000000e+00       0.000000000000e+00       0.000000000000e+00 
  473       8.177198164185e-14       1.481807634627e-15       4.428133650661e-15       6.244714464300e-16       0.000000000000e+00       0.000000000000e+00       0.000000000000e+00 
  474       8.205194302614e-14       1.469005064361e-15       4.532614904439e-15       6.191673568206e-16       0.000000000000e+00       0.000000000000e+00       0.000000000000e+00 
  475       8.237957004981e-14       1.455802756458e-15       4.632436373091e-15       6.139188640671e-16       0.000000000000e+00       0.000000000000e+00       0.000000000000e+00 
  476       8.275264664212e-14       1.442219105989e-15       4.727586770330e-15       6.087279151660e-16       0.000000000000e+00       0.000000000000e+00       0.000000000000e+00 
  477       8.316891195527e-14       1.428272865859e-15       4.818055445232e-15       6.035964747545e-16       0.000000000000e+00       0.000000000000e+00       0.000000000000e+00 
  478       8.362606011651e-14       1.413983148751e-15       4.903832387069e-15       5.985265251709e-16       0.000000000000e+00       0.000000000000e+00       0.000000000000e+00 
  479       8.412173998018e-14       1.399369429069e-15       4.984908230155e-15       5.935200665139e-16       0.000000000000e+00       0.000000000000e+00       0.000000000000e+00 
  480       8.465355487992e-14       1.384451544887e-15       5.061274258675e-15       5.885791167031e-16       0.000000000000e+00       0.000000000000e+00       0.000000000000e+00 
  481       8.521906238068e-14       1.369249699891e-15       5.132922411534e-15       5.837057115386e-16       0.000000000000e+00       0.000000000000e+00       0.000000000000e+00 
  482       8.581577403091e-14       1.353784465331e-15       5.199845287185e-15       5.789019047606e-16       0.000000000000e+00       0.000000000000e+00       0.000000000000e+00 
  483       8.644115511462e-14       1.338076781957e-15       5.262036148477e-15       5.741697681101e-16       0.000000000000e+00       0.000000000000e+00       0.000000000000e+00 
  484       8.709262440348e-14       1.322147961972e-15       5.319488927485e-15       5.695113913878e-16       0.000000000000e+00       0.000000000000e+00       0.000000000000e+00 
  485       8.776755390900e-14       1.306019690977e-15       5.372198230355e-15       5.649288825148e-16       0.000000000000e+00       0.000000000000e+00       0.000000000000e+00 
  486       8.846326863454e-14       1.289714029911e-15       5.420159342140e-15       5.604243675920e-16       0.000000000000e+00       0.000000000000e+00       0.000000000000e+00 
  487       8.917704632751e-14       1.273253417003e-15       5.463368231636e-15       5.559999909603e-16       0.000000000000e+00       0.000000000000e+00       0.000000000000e+00 
  488       8.990611723140e-14       1.256660669714e-15       5.501821556225e-15       5.516579152604e-16       0.000000000000e+00       0.000000000000e+00       0.000000000000e+00 
  489       9.064766383796e-14       1.239958986684e-15       5.535516666712e-15       5.474003214925e-16       0.000000000000e+00       0.000000000000e+00       0.000000000000e+00 
  490       9.139882063926e-14       1.223171949676e-15       5.564451612160e-15       5.432294090764e-16       0.000000000000e+00       0.000000000000e+00       0.000000000000e+00 
  491       9.215667387981e-14       1.206323525523e-15       5.588625144734e-15       5.391473959114e-16       0.000000000000e+00       0.000000000000e+00       0.000000000000e+00 
  492       9.291826130868e-14       1.189438068072e-15       5.608036724534e-15       5.351565184362e-16       0.000000000000e+00       0.000000000000e+00       0.000000000000e+00 
  493       9.368057193161e-14       1.172540320133e-15       5.622686524439e-15       5.312590316886e-16       0.000000000000e+00       0.000000000000e+00       0.000000000000e+00 
  494       9.444054576309e-14       1.155655415419e-15       5.632575434941e-15       5.274572093655e-16       0.000000000000e+00       0.000000000000e+00       0.000000000000e+00 
  495       9.519507357850e-14       1.138808880496e-15       5.637705068986e-15       5.237533438830e-16       0.000000000000e+00       0.000000000000e+00       0.000000000000e+00 
  496       9.594099666622e-14       1.122026636728e-15       5.638077766809e-15       5.201497464359e-16       0.000000000000e+00       0.000000000000e+00       0.000000000000e+00 
  497       9.667510657971e-14       1.105335002221e-15       5.633696600779e-15       5.166487470580e-16       0.000000000000e+00       0.000000000000e+00       0.000000000000e+00 
  498       9.739414488964e-14       1.088760693768e-15       5.624565380230e-15       5.132526946818e-16       0.000000000000e+00       0.000000000000e+00       0.000000000000e+00 
  499       9.809480293600e-14       1.072330828798e-15       5.610688656306e-15       5.099639571981e-16       0.000000000000e+00       0.000000000000e+00       0.000000000000e+00 
  500       9.877372158021e-14       1.056072927318e-15       5.592071726794e-15       5.067849215166e-16       0.000000000000e+00       0.000000000000e+00       0.000000000000e+00 
