# dimensionless [l(l+1)/2pi] C_l's for tensor mode
# for l=2 to 500, i.e. number of multipoles equal to 499
#
# -> if you prefer output in CAMB/HealPix/LensPix units/order, set 'format' to 'camb' in input file
# -> if you don't want to see such a header, set 'headers' to 'no' in input file
# -> for CMB lensing (phi), these are C_l^phi-phi for the lensing potential.
#    Remember the conversion factors:
#    C_l^dd (deflection) = l(l+1) C_l^phi-phi
#    C_l^gg (shear/convergence) = 1/4 (l(l+1))^2 C_l^phi-phi
#
# 1:l     2:TT                     3:EE                     4:TE                     5:BB                     6:phiphi                 7:TPhi                   8:Ephi               
    2       1.417234209504e-10       2.681829280800e-15       1.659106335305e-13       4.793255806528e-15       0.000000000000e+00       0.000000000000e+00       0.000000000000e+00 
    3       1.087369877366e-10       2.838842937329e-15      -8.065414500872e-15       4.828063970048e-15       0.000000000000e+00       0.000000000000e+00       0.000000000000e+00 
    4       9.751759963358e-11       2.605299180742e-15      -6.048392393573e-14       4.199334766738e-15       0.000000000000e+00       0.000000000000e+00       0.000000000000e+00 
    5       9.281643505723e-11       2.082416016237e-15      -7.136599305384e-14       3.289749145585e-15       0.000000000000e+00       0.000000000000e+00       0.000000000000e+00 
    6       9.004014057627e-11       1.500843896049e-15      -6.785043434295e-14       2.387172525406e-15       0.000000000000e+00       0.000000000000e+00       0.000000000000e+00 
    7       8.828348579803e-11       1.021757926357e-15      -6.020364262954e-14       1.650242233891e-15       0.000000000000e+00       0.000000000000e+00       0.000000000000e+00 
    8       8.709586042558e-11       7.108923146612e-16      -5.295442752082e-14       1.132015912506e-15       0.000000000000e+00       0.000000000000e+00       0.000000000000e+00 
    9       8.623240189452e-11       5.631135839529e-16      -4.778564431263e-14       8.206681052149e-16       0.000000000000e+00       0.000000000000e+00       0.000000000000e+00 
   10       8.555177458412e-11       5.389547796655e-16      -4.502793142605e-14       6.743561069466e-16       0.000000000000e+00       0.000000000000e+00       0.000000000000e+00 
   11       8.497124387614e-11       5.930463761470e-16      -4.445706457793e-14       6.449994870114e-16       0.000000000000e+00       0.000000000000e+00       0.000000000000e+00 
   12       8.444279635022e-11       6.896976351729e-16      -4.568474233933e-14       6.906695836097e-16       0.000000000000e+00       0.000000000000e+00       0.000000000000e+00 
   13       8.393791258536e-11       8.065891679454e-16      -4.832393019472e-14       7.806933390216e-16       0.000000000000e+00       0.000000000000e+00       0.000000000000e+00 
   14       8.343886074007e-11       9.331430411089e-16      -5.206810544173e-14       8.949068949004e-16       0.000000000000e+00       0.000000000000e+00       0.000000000000e+00 
   15       8.293454750686e-11       1.065342124629e-15      -5.669887555632e-14       1.022140439420e-15       0.000000000000e+00       0.000000000000e+00       0.000000000000e+00 
   16       8.241837322166e-11       1.202441815360e-15      -6.205908451968e-14       1.156891697472e-15       0.000000000000e+00       0.000000000000e+00       0.000000000000e+00 
   17       8.188674091975e-11       1.345179636160e-15      -6.803575639056e-14       1.296400763410e-15       0.000000000000e+00       0.000000000000e+00       0.000000000000e+00 
   18       8.133195036956e-11       1.493404724507e-15      -7.455324415330e-14       1.440324447982e-15       0.000000000000e+00       0.000000000000e+00       0.000000000000e+00 
   19       8.077126495677e-11       1.646992305308e-15      -8.156431928343e-14       1.588446296360e-15       0.000000000000e+00       0.000000000000e+00       0.000000000000e+00 
   20       8.018545019730e-11       1.805995608837e-15      -8.900651027892e-14       1.740530831856e-15       0.000000000000e+00       0.000000000000e+00       0.000000000000e+00 
   21       7.958503658517e-11       1.970211947258e-15      -9.684667838116e-14       1.896478223003e-15       0.000000000000e+00       0.000000000000e+00       0.000000000000e+00 
   22       7.896459077361e-11       2.139389523118e-15      -1.050510483395e-13       2.056303316425e-15       0.000000000000e+00       0.000000000000e+00       0.000000000000e+00 
   23       7.833154691981e-11       2.313386047423e-15      -1.135860467786e-13       2.219908432913e-15       0.000000000000e+00       0.000000000000e+00       0.000000000000e+00 
   24       7.767984285413e-11       2.492129309095e-15      -1.224126267560e-13       2.387187280722e-15       0.000000000000e+00       0.000000000000e+00       0.000000000000e+00 
   25       7.701538810694e-11       2.675561294682e-15      -1.315006466586e-13       2.557948175030e-15       0.000000000000e+00       0.000000000000e+00       0.000000000000e+00 
   26       7.633489349011e-11       2.863679131646e-15      -1.408199631238e-13       2.731979030302e-15       0.000000000000e+00       0.000000000000e+00       0.000000000000e+00 
   27       7.564080176221e-11       3.056585696398e-15      -1.503448675006e-13       2.909023917365e-15       0.000000000000e+00       0.000000000000e+00       0.000000000000e+00 
   28       7.492911091244e-11       3.254393955027e-15      -1.600496837777e-13       3.088825034421e-15       0.000000000000e+00       0.000000000000e+00       0.000000000000e+00 
   29       7.420765697703e-11       3.456925522077e-15      -1.699113977551e-13       3.271163583347e-15       0.000000000000e+00       0.000000000000e+00       0.000000000000e+00 
   30       7.347731922104e-11       3.663880852438e-15      -1.799064385708e-13       3.455846568783e-15       0.000000000000e+00       0.000000000000e+00       0.000000000000e+00 
   31       7.272995276482e-11       3.874928675099e-15      -1.900104412102e-13       3.642686067853e-15       0.000000000000e+00       0.000000000000e+00       0.000000000000e+00 
   32       7.197074214200e-11       4.089777280926e-15      -2.002022366314e-13       3.831443729920e-15       0.000000000000e+00       0.000000000000e+00       0.000000000000e+00 
   33       7.120196444161e-11       4.308125027932e-15      -2.104613477297e-13       4.021865844948e-15       0.000000000000e+00       0.000000000000e+00       0.000000000000e+00 
   34       7.041983104895e-11       4.529664889165e-15      -2.207674630768e-13       4.213702741177e-15       0.000000000000e+00       0.000000000000e+00       0.000000000000e+00 
   35       6.962766706401e-11       4.754172520847e-15      -2.311021087280e-13       4.406726957060e-15       0.000000000000e+00       0.000000000000e+00       0.000000000000e+00 
   36       6.882585296645e-11       4.981448170171e-15      -2.414476594840e-13       4.600721792148e-15       0.000000000000e+00       0.000000000000e+00       0.000000000000e+00 
   37       6.801093515689e-11       5.211298164707e-15      -2.517862887900e-13       4.795466662007e-15       0.000000000000e+00       0.000000000000e+00       0.000000000000e+00 
   38       6.718715321855e-11       5.443550500931e-15      -2.620976375096e-13       4.990702077558e-15       0.000000000000e+00       0.000000000000e+00       0.000000000000e+00 
   39       6.635772229307e-11       5.678045067212e-15      -2.723604285446e-13       5.186152720642e-15       0.000000000000e+00       0.000000000000e+00       0.000000000000e+00 
   40       6.552112176166e-11       5.914630139366e-15      -2.825531056966e-13       5.381536153111e-15       0.000000000000e+00       0.000000000000e+00       0.000000000000e+00 
   41       6.467342640407e-11       6.153157242399e-15      -2.926576345259e-13       5.576569958684e-15       0.000000000000e+00       0.000000000000e+00       0.000000000000e+00 
   42       6.381738793773e-11       6.393462468647e-15      -3.026723604908e-13       5.770997214008e-15       0.000000000000e+00       0.000000000000e+00       0.000000000000e+00 
   43       6.295548686404e-11       6.635379957021e-15      -3.126033593470e-13       5.964568434533e-15       0.000000000000e+00       0.000000000000e+00       0.000000000000e+00 
   44       6.208707783958e-11       6.878747159228e-15      -3.224612800084e-13       6.157034635476e-15       0.000000000000e+00       0.000000000000e+00       0.000000000000e+00 
   45       6.121007249900e-11       7.123393048581e-15      -3.322542720384e-13       6.348142970121e-15       0.000000000000e+00       0.000000000000e+00       0.000000000000e+00 
   46       6.032728391888e-11       7.369098240545e-15      -3.419636041455e-13       6.537622075287e-15       0.000000000000e+00       0.000000000000e+00       0.000000000000e+00 
   47       5.944147644944e-11       7.615623167998e-15      -3.515612204289e-13       6.725192355159e-15       0.000000000000e+00       0.000000000000e+00       0.000000000000e+00 
   48       5.855337543981e-11       7.862718421944e-15      -3.610163063359e-13       6.910569729726e-15       0.000000000000e+00       0.000000000000e+00       0.000000000000e+00 
   49       5.766148578692e-11       8.110124193330e-15      -3.702951383309e-13       7.093465389364e-15       0.000000000000e+00       0.000000000000e+00       0.000000000000e+00 
   50       5.676348342895e-11       8.357562306710e-15      -3.793638872054e-13       7.273598667971e-15       0.000000000000e+00       0.000000000000e+00       0.000000000000e+00 
   51       5.586125606976e-11       8.604711066994e-15      -3.881982738352e-13       7.450740351154e-15       0.000000000000e+00       0.000000000000e+00       0.000000000000e+00 
   52       5.495691705288e-11       8.851222620279e-15      -3.967762745133e-13       7.624680699335e-15       0.000000000000e+00       0.000000000000e+00       0.000000000000e+00 
   53       5.405124712138e-11       9.096728879979e-15      -4.050753853146e-13       7.795217719753e-15       0.000000000000e+00       0.000000000000e+00       0.000000000000e+00 
   54       5.314358698774e-11       9.340840620023e-15      -4.130726107597e-13       7.962157538382e-15       0.000000000000e+00       0.000000000000e+00       0.000000000000e+00 
   55       5.223279041594e-11       9.583184592604e-15      -4.207468958773e-13       8.125316582539e-15       0.000000000000e+00       0.000000000000e+00       0.000000000000e+00 
   56       5.132060684042e-11       9.823527756716e-15      -4.280871558681e-13       8.284527911577e-15       0.000000000000e+00       0.000000000000e+00       0.000000000000e+00 
   57       5.040895088997e-11       1.006168232232e-14      -4.350862213262e-13       8.439637110333e-15       0.000000000000e+00       0.000000000000e+00       0.000000000000e+00 
   58       4.949885082628e-11       1.029747099181e-14      -4.417386516436e-13       8.590501049077e-15       0.000000000000e+00       0.000000000000e+00       0.000000000000e+00 
   59       4.859038243243e-11       1.053072753469e-14      -4.480408188721e-13       8.736988325989e-15       0.000000000000e+00       0.000000000000e+00       0.000000000000e+00 
   60       4.768260290142e-11       1.076129736225e-14      -4.539909915844e-13       8.878979709628e-15       0.000000000000e+00       0.000000000000e+00       0.000000000000e+00 
   61       4.677435898425e-11       1.098902938475e-14      -4.595880960379e-13       9.016366090738e-15       0.000000000000e+00       0.000000000000e+00       0.000000000000e+00 
   62       4.586707297110e-11       1.121374814702e-14      -4.648274850062e-13       9.149040799416e-15       0.000000000000e+00       0.000000000000e+00       0.000000000000e+00 
   63       4.496246758341e-11       1.143527642976e-14      -4.697043637076e-13       9.276906340774e-15       0.000000000000e+00       0.000000000000e+00       0.000000000000e+00 
   64       4.406170928402e-11       1.165344370719e-14      -4.742150697603e-13       9.399877089687e-15       0.000000000000e+00       0.000000000000e+00       0.000000000000e+00 
   65       4.316536990526e-11       1.186808644520e-14      -4.783571150750e-13       9.517879654237e-15       0.000000000000e+00       0.000000000000e+00       0.000000000000e+00 
   66       4.227338827702e-11       1.207904839941e-14      -4.821292277485e-13       9.630853239158e-15       0.000000000000e+00       0.000000000000e+00       0.000000000000e+00 
   67       4.138503185494e-11       1.228618091323e-14      -4.855313939568e-13       9.738750009280e-15       0.000000000000e+00       0.000000000000e+00       0.000000000000e+00 
   68       4.049949645266e-11       1.248933784581e-14      -4.885642990563e-13       9.841526732063e-15       0.000000000000e+00       0.000000000000e+00       0.000000000000e+00 
   69       3.961793232474e-11       1.268835849629e-14      -4.912274257398e-13       9.939116926320e-15       0.000000000000e+00       0.000000000000e+00       0.000000000000e+00 
   70       3.874176157487e-11       1.288308173910e-14      -4.935206440046e-13       1.003145369707e-14       0.000000000000e+00       0.000000000000e+00       0.000000000000e+00 
   71       3.787205471912e-11       1.307335124585e-14      -4.954448039002e-13       1.011847809501e-14       0.000000000000e+00       0.000000000000e+00       0.000000000000e+00 
   72       3.700950863383e-11       1.325901564601e-14      -4.970017620552e-13       1.020013925692e-14       0.000000000000e+00       0.000000000000e+00       0.000000000000e+00 
   73       3.615442450356e-11       1.343992868767e-14      -4.981944082056e-13       1.027639454609e-14       0.000000000000e+00       0.000000000000e+00       0.000000000000e+00 
   74       3.530668576898e-11       1.361594939826e-14      -4.990266917218e-13       1.034720969269e-14       0.000000000000e+00       0.000000000000e+00       0.000000000000e+00 
   75       3.446573607477e-11       1.378694224527e-14      -4.995036481367e-13       1.041255893418e-14       0.000000000000e+00       0.000000000000e+00       0.000000000000e+00 
   76       3.363099944707e-11       1.395277856635e-14      -4.996307621058e-13       1.047242498932e-14       0.000000000000e+00       0.000000000000e+00       0.000000000000e+00 
   77       3.280327803082e-11       1.411334080522e-14      -4.994118635332e-13       1.052679866428e-14       0.000000000000e+00       0.000000000000e+00       0.000000000000e+00 
   78       3.198357035657e-11       1.426851934378e-14      -4.988508942073e-13       1.057567942944e-14       0.000000000000e+00       0.000000000000e+00       0.000000000000e+00 
   79       3.117263894895e-11       1.441821148506e-14      -4.979525500439e-13       1.061907571419e-14       0.000000000000e+00       0.000000000000e+00       0.000000000000e+00 
   80       3.037099734291e-11       1.456232163997e-14      -4.967222940076e-13       1.065700504398e-14       0.000000000000e+00       0.000000000000e+00       0.000000000000e+00 
   81       2.957889709985e-11       1.470076151407e-14      -4.951663690320e-13       1.068949417725e-14       0.000000000000e+00       0.000000000000e+00       0.000000000000e+00 
   82       2.879631482386e-11       1.483345029429e-14      -4.932918109406e-13       1.071657924246e-14       0.000000000000e+00       0.000000000000e+00       0.000000000000e+00 
   83       2.802293917788e-11       1.496031483576e-14      -4.911064613671e-13       1.073830587507e-14       0.000000000000e+00       0.000000000000e+00       0.000000000000e+00 
   84       2.725845228686e-11       1.508128692736e-14      -4.886184130712e-13       1.075472441186e-14       0.000000000000e+00       0.000000000000e+00       0.000000000000e+00 
   85       2.650345598870e-11       1.519629415859e-14      -4.858342119275e-13       1.076587425841e-14       0.000000000000e+00       0.000000000000e+00       0.000000000000e+00 
   86       2.575867604484e-11       1.530526787405e-14      -4.827603791679e-13       1.077179716924e-14       0.000000000000e+00       0.000000000000e+00       0.000000000000e+00 
   87       2.502467348825e-11       1.540814609554e-14      -4.794039558159e-13       1.077254201311e-14       0.000000000000e+00       0.000000000000e+00       0.000000000000e+00 
   88       2.430183658724e-11       1.550487365978e-14      -4.757725060678e-13       1.076816482701e-14       0.000000000000e+00       0.000000000000e+00       0.000000000000e+00 
   89       2.359037280934e-11       1.559540235605e-14      -4.718741206737e-13       1.075872887005e-14       0.000000000000e+00       0.000000000000e+00       0.000000000000e+00 
   90       2.289030078518e-11       1.567969106385e-14      -4.677174203188e-13       1.074430467740e-14       0.000000000000e+00       0.000000000000e+00       0.000000000000e+00 
   91       2.220144227237e-11       1.575770589060e-14      -4.633115590039e-13       1.072497011416e-14       0.000000000000e+00       0.000000000000e+00       0.000000000000e+00 
   92       2.152341411933e-11       1.582942030927e-14      -4.586662274273e-13       1.070081042936e-14       0.000000000000e+00       0.000000000000e+00       0.000000000000e+00 
   93       2.085586231437e-11       1.589481301020e-14      -4.537911646970e-13       1.067191432478e-14       0.000000000000e+00       0.000000000000e+00       0.000000000000e+00 
   94       2.019922185416e-11       1.595386078805e-14      -4.486946021214e-13       1.063836136817e-14       0.000000000000e+00       0.000000000000e+00       0.000000000000e+00 
   95       1.955405683328e-11       1.600654483456e-14      -4.433845905269e-13       1.060023277786e-14       0.000000000000e+00       0.000000000000e+00       0.000000000000e+00 
   96       1.892082389211e-11       1.605285303401e-14      -4.378694677485e-13       1.055761523840e-14       0.000000000000e+00       0.000000000000e+00       0.000000000000e+00 
   97       1.829986750373e-11       1.609278006947e-14      -4.321578552619e-13       1.051060089972e-14       0.000000000000e+00       0.000000000000e+00       0.000000000000e+00 
   98       1.769141526085e-11       1.612632752907e-14      -4.262586548153e-13       1.045928737643e-14       0.000000000000e+00       0.000000000000e+00       0.000000000000e+00 
   99       1.709557316277e-11       1.615350401234e-14      -4.201810450618e-13       1.040377774695e-14       0.000000000000e+00       0.000000000000e+00       0.000000000000e+00 
  100       1.651232090230e-11       1.617432523643e-14      -4.139344781908e-13       1.034418055282e-14       0.000000000000e+00       0.000000000000e+00       0.000000000000e+00 
  101       1.594150715268e-11       1.618881414247e-14      -4.075286765608e-13       1.028060979784e-14       0.000000000000e+00       0.000000000000e+00       0.000000000000e+00 
  102       1.538284485450e-11       1.619700100179e-14      -4.009736293306e-13       1.021318494734e-14       0.000000000000e+00       0.000000000000e+00       0.000000000000e+00 
  103       1.483590650267e-11       1.619892352227e-14      -3.942795890922e-13       1.014203092737e-14       0.000000000000e+00       0.000000000000e+00       0.000000000000e+00 
  104       1.430030359450e-11       1.619462345347e-14      -3.874566764702e-13       1.006727358245e-14       0.000000000000e+00       0.000000000000e+00       0.000000000000e+00 
  105       1.377626273270e-11       1.618413565097e-14      -3.805136403469e-13       9.989025351617e-15       0.000000000000e+00       0.000000000000e+00       0.000000000000e+00 
  106       1.326411892126e-11       1.616749772610e-14      -3.734589231035e-13       9.907397646965e-15       0.000000000000e+00       0.000000000000e+00       0.000000000000e+00 
  107       1.276413569694e-11       1.614475348208e-14      -3.663010301128e-13       9.822505172241e-15       0.000000000000e+00       0.000000000000e+00       0.000000000000e+00 
  108       1.227650243991e-11       1.611595298187e-14      -3.590485220638e-13       9.734465872179e-15       0.000000000000e+00       0.000000000000e+00       0.000000000000e+00 
  109       1.180133168444e-11       1.608115261595e-14      -3.517100072851e-13       9.643400881811e-15       0.000000000000e+00       0.000000000000e+00       0.000000000000e+00 
  110       1.133865642958e-11       1.604041517017e-14      -3.442941340690e-13       9.549434475775e-15       0.000000000000e+00       0.000000000000e+00       0.000000000000e+00 
  111       1.088842744984e-11       1.599380989354e-14      -3.368095829959e-13       9.452694017629e-15       0.000000000000e+00       0.000000000000e+00       0.000000000000e+00 
  112       1.045051060588e-11       1.594141256606e-14      -3.292650592576e-13       9.353309909168e-15       0.000000000000e+00       0.000000000000e+00       0.000000000000e+00 
  113       1.002468415519e-11       1.588330556649e-14      -3.216692849820e-13       9.251415539732e-15       0.000000000000e+00       0.000000000000e+00       0.000000000000e+00 
  114       9.610636062741e-12       1.581957794025e-14      -3.140309915562e-13       9.147147235522e-15       0.000000000000e+00       0.000000000000e+00       0.000000000000e+00 
  115       9.207961311704e-12       1.575032546715e-14      -3.063589119516e-13       9.040644208912e-15       0.000000000000e+00       0.000000000000e+00       0.000000000000e+00 
  116       8.816288543751e-12       1.567564663992e-14      -2.986615981455e-13       8.932044556961e-15       0.000000000000e+00       0.000000000000e+00       0.000000000000e+00 
  117       8.435683197230e-12       1.559562990004e-14      -2.909468646170e-13       8.821472813393e-15       0.000000000000e+00       0.000000000000e+00       0.000000000000e+00 
  118       8.066288560999e-12       1.551036497015e-14      -2.832222624615e-13       8.709050780941e-15       0.000000000000e+00       0.000000000000e+00       0.000000000000e+00 
  119       7.708199301433e-12       1.541994683581e-14      -2.754952391161e-13       8.594901262047e-15       0.000000000000e+00       0.000000000000e+00       0.000000000000e+00 
  120       7.361459916600e-12       1.532447577718e-14      -2.677731291372e-13       8.479147973240e-15       0.000000000000e+00       0.000000000000e+00       0.000000000000e+00 
  121       7.026063190442e-12       1.522405740065e-14      -2.600631449776e-13       8.361915459518e-15       0.000000000000e+00       0.000000000000e+00       0.000000000000e+00 
  122       6.701948646951e-12       1.511880267051e-14      -2.523723677648e-13       8.243329008729e-15       0.000000000000e+00       0.000000000000e+00       0.000000000000e+00 
  123       6.389001004349e-12       1.500882794061e-14      -2.447077380777e-13       8.123514565951e-15       0.000000000000e+00       0.000000000000e+00       0.000000000000e+00 
  124       6.087048629267e-12       1.489425498602e-14      -2.370760467247e-13       8.002598647875e-15       0.000000000000e+00       0.000000000000e+00       0.000000000000e+00 
  125       5.795861990922e-12       1.477521103467e-14      -2.294839255212e-13       7.880708257183e-15       0.000000000000e+00       0.000000000000e+00       0.000000000000e+00 
  126       5.515152115299e-12       1.465182879904e-14      -2.219378380670e-13       7.757970796933e-15       0.000000000000e+00       0.000000000000e+00       0.000000000000e+00 
  127       5.244569039322e-12       1.452424650777e-14      -2.144440705239e-13       7.634513984937e-15       0.000000000000e+00       0.000000000000e+00       0.000000000000e+00 
  128       4.983700265042e-12       1.439260793738e-14      -2.070087223933e-13       7.510465768145e-15       0.000000000000e+00       0.000000000000e+00       0.000000000000e+00 
  129       4.732167546718e-12       1.425705703223e-14      -1.996377027515e-13       7.385951513875e-15       0.000000000000e+00       0.000000000000e+00       0.000000000000e+00 
  130       4.489932540054e-12       1.411772103024e-14      -1.923367380781e-13       7.261085417009e-15       0.000000000000e+00       0.000000000000e+00       0.000000000000e+00 
  131       4.257021917865e-12       1.397472553724e-14      -1.851113478620e-13       7.135977983969e-15       0.000000000000e+00       0.000000000000e+00       0.000000000000e+00 
  132       4.033431208878e-12       1.382819976572e-14      -1.779668301275e-13       7.010738567292e-15       0.000000000000e+00       0.000000000000e+00       0.000000000000e+00 
  133       3.819123955548e-12       1.367827652775e-14      -1.709082522506e-13       6.885475260527e-15       0.000000000000e+00       0.000000000000e+00       0.000000000000e+00 
  134       3.614030871872e-12       1.352509222790e-14      -1.639404417759e-13       6.760294793134e-15       0.000000000000e+00       0.000000000000e+00       0.000000000000e+00 
  135       3.418049001195e-12       1.336878685615e-14      -1.570679772330e-13       6.635302425370e-15       0.000000000000e+00       0.000000000000e+00       0.000000000000e+00 
  136       3.231040874033e-12       1.320950398089e-14      -1.502951789533e-13       6.510601843193e-15       0.000000000000e+00       0.000000000000e+00       0.000000000000e+00 
  137       3.052833665877e-12       1.304739074180e-14      -1.436260998863e-13       6.386295053152e-15       0.000000000000e+00       0.000000000000e+00       0.000000000000e+00 
  138       2.883218355010e-12       1.288259784281e-14      -1.370645164167e-13       6.262482277287e-15       0.000000000000e+00       0.000000000000e+00       0.000000000000e+00 
  139       2.721948880321e-12       1.271527954501e-14      -1.306139191805e-13       6.139261848018e-15       0.000000000000e+00       0.000000000000e+00       0.000000000000e+00 
  140       2.568741299116e-12       1.254559365961e-14      -1.242775038818e-13       6.016730103045e-15       0.000000000000e+00       0.000000000000e+00       0.000000000000e+00 
  141       2.423272944929e-12       1.237370154085e-14      -1.180581621094e-13       5.894981280241e-15       0.000000000000e+00       0.000000000000e+00       0.000000000000e+00 
  142       2.285181585341e-12       1.219976807896e-14      -1.119584721536e-13       5.774107412550e-15       0.000000000000e+00       0.000000000000e+00       0.000000000000e+00 
  143       2.154064579787e-12       1.202396169306e-14      -1.059806898225e-13       5.654198222879e-15       0.000000000000e+00       0.000000000000e+00       0.000000000000e+00 
  144       2.029553727496e-12       1.184644803989e-14      -1.001270094647e-13       5.535340582322e-15       0.000000000000e+00       0.000000000000e+00       0.000000000000e+00 
  145       1.911549905695e-12       1.166737045569e-14      -9.440039542778e-14       5.417617046534e-15       0.000000000000e+00       0.000000000000e+00       0.000000000000e+00 
  146       1.800010070319e-12       1.148686756373e-14      -8.880381549476e-14       5.301106974589e-15       0.000000000000e+00       0.000000000000e+00       0.000000000000e+00 
  147       1.694873239454e-12       1.130507934262e-14      -8.333997047587e-14       5.185886846039e-15       0.000000000000e+00       0.000000000000e+00       0.000000000000e+00 
  148       1.596060086151e-12       1.112214708309e-14      -7.801128657799e-14       5.072030153296e-15       0.000000000000e+00       0.000000000000e+00       0.000000000000e+00 
  149       1.503472531237e-12       1.093821334487e-14      -7.281990777413e-14       4.959607294018e-15       0.000000000000e+00       0.000000000000e+00       0.000000000000e+00 
  150       1.416993336134e-12       1.075342191346e-14      -6.776768817295e-14       4.848685463494e-15       0.000000000000e+00       0.000000000000e+00       0.000000000000e+00 
  151       1.336485695664e-12       1.056791775695e-14      -6.285618438829e-14       4.739328547033e-15       0.000000000000e+00       0.000000000000e+00       0.000000000000e+00 
  152       1.261792830873e-12       1.038184698286e-14      -5.808664790869e-14       4.631597012345e-15       0.000000000000e+00       0.000000000000e+00       0.000000000000e+00 
  153       1.192737581836e-12       1.019535679496e-14      -5.346001746686e-14       4.525547801929e-15       0.000000000000e+00       0.000000000000e+00       0.000000000000e+00 
  154       1.129122000476e-12       1.000859545004e-14      -4.897691140925e-14       4.421234225459e-15       0.000000000000e+00       0.000000000000e+00       0.000000000000e+00 
  155       1.070726943374e-12       9.821712214789e-15      -4.463762006551e-14       4.318705852170e-15       0.000000000000e+00       0.000000000000e+00       0.000000000000e+00 
  156       1.017311664587e-12       9.634857322572e-15      -4.044209811804e-14       4.218008403241e-15       0.000000000000e+00       0.000000000000e+00       0.000000000000e+00 
  157       9.686134084575e-13       9.448181930261e-15      -3.638995697148e-14       4.119183644184e-15       0.000000000000e+00       0.000000000000e+00       0.000000000000e+00 
  158       9.243470024278e-13       9.261838075054e-15      -3.248045712223e-14       4.022269277225e-15       0.000000000000e+00       0.000000000000e+00       0.000000000000e+00 
  159       8.842044498560e-13       9.075978631285e-15      -2.871250052798e-14       3.927298833696e-15       0.000000000000e+00       0.000000000000e+00       0.000000000000e+00 
  160       8.478545228276e-13       8.890757267250e-15      -2.508462297717e-14       3.834301566416e-15       0.000000000000e+00       0.000000000000e+00       0.000000000000e+00 
  161       8.149956874168e-13       8.706322492378e-15      -2.159546279910e-14       3.743305588828e-15       0.000000000000e+00       0.000000000000e+00       0.000000000000e+00 
  162       7.855209939594e-13       8.522799297831e-15      -1.824522959310e-14       3.654347830300e-15       0.000000000000e+00       0.000000000000e+00       0.000000000000e+00 
  163       7.593670581536e-13       8.340305802250e-15      -1.503435140463e-14       3.567464759630e-15       0.000000000000e+00       0.000000000000e+00       0.000000000000e+00 
  164       7.364618795630e-13       8.158958945558e-15      -1.196300467071e-14       3.482689125532e-15       0.000000000000e+00       0.000000000000e+00       0.000000000000e+00 
  165       7.167246798063e-13       7.978874418585e-15      -9.031108781103e-15       3.400049863967e-15       0.000000000000e+00       0.000000000000e+00       0.000000000000e+00 
  166       7.000657407471e-13       7.800166592701e-15      -6.238320639375e-15       3.319572005461e-15       0.000000000000e+00       0.000000000000e+00       0.000000000000e+00 
  167       6.863862426829e-13       7.622948449440e-15      -3.584029223988e-15       3.241276582428e-15       0.000000000000e+00       0.000000000000e+00       0.000000000000e+00 
  168       6.755781025351e-13       7.447331510131e-15      -1.067350149406e-15       3.165180536497e-15       0.000000000000e+00       0.000000000000e+00       0.000000000000e+00 
  169       6.675238120383e-13       7.273425765522e-15       1.312879772816e-15       3.091296625835e-15       0.000000000000e+00       0.000000000000e+00       0.000000000000e+00 
  170       6.620962759296e-13       7.101339605411e-15       3.558107972935e-15       3.019633332468e-15       0.000000000000e+00       0.000000000000e+00       0.000000000000e+00 
  171       6.591586501387e-13       6.931179748274e-15       5.670071561922e-15       2.950194769607e-15       0.000000000000e+00       0.000000000000e+00       0.000000000000e+00 
  172       6.585641799767e-13       6.763051170891e-15       7.650802770374e-15       2.882980588968e-15       0.000000000000e+00       0.000000000000e+00       0.000000000000e+00 
  173       6.601560383265e-13       6.597057037975e-15       9.502634387408e-15       2.817985888102e-15       0.000000000000e+00       0.000000000000e+00       0.000000000000e+00 
  174       6.637671638313e-13       6.433298631799e-15       1.122820519958e-14       2.755201117712e-15       0.000000000000e+00       0.000000000000e+00       0.000000000000e+00 
  175       6.692200990849e-13       6.271875281827e-15       1.283046542977e-14       2.694611988980e-15       0.000000000000e+00       0.000000000000e+00       0.000000000000e+00 
  176       6.763268288209e-13       6.112884294337e-15       1.431268217610e-14       2.636199380889e-15       0.000000000000e+00       0.000000000000e+00       0.000000000000e+00 
  177       6.848886181023e-13       5.956420882053e-15       1.567844485085e-14       2.579939247547e-15       0.000000000000e+00       0.000000000000e+00       0.000000000000e+00 
  178       6.946958505111e-13       5.802578093770e-15       1.693167061934e-14       2.525802525513e-15       0.000000000000e+00       0.000000000000e+00       0.000000000000e+00 
  179       7.055278663374e-13       5.651446743984e-15       1.807660983884e-14       2.473755041114e-15       0.000000000000e+00       0.000000000000e+00       0.000000000000e+00 
  180       7.171861130364e-13       5.503112428244e-15       1.911720593473e-14       2.423764934237e-15       0.000000000000e+00       0.000000000000e+00       0.000000000000e+00 
  181       7.295968813080e-13       5.357646450898e-15       2.005510676778e-14       2.375825783152e-15       0.000000000000e+00       0.000000000000e+00       0.000000000000e+00 
  182       7.427164436083e-13       5.215114039393e-15       2.089150527047e-14       2.329935144151e-15       0.000000000000e+00       0.000000000000e+00       0.000000000000e+00 
  183       7.564984369070e-13       5.075577113221e-15       2.162777384390e-14       2.286087135736e-15       0.000000000000e+00       0.000000000000e+00       0.000000000000e+00 
  184       7.708938235741e-13       4.939094202810e-15       2.226546741894e-14       2.244272373634e-15       0.000000000000e+00       0.000000000000e+00       0.000000000000e+00 
  185       7.858508522663e-13       4.805720368420e-15       2.280632651741e-14       2.204477905804e-15       0.000000000000e+00       0.000000000000e+00       0.000000000000e+00 
  186       8.013150188138e-13       4.675507119038e-15       2.325228031316e-14       2.166687147443e-15       0.000000000000e+00       0.000000000000e+00       0.000000000000e+00 
  187       8.172290271071e-13       4.548502331269e-15       2.360544969326e-14       2.130879815998e-15       0.000000000000e+00       0.000000000000e+00       0.000000000000e+00 
  188       8.335327499835e-13       4.424750168232e-15       2.386815031911e-14       2.097031866172e-15       0.000000000000e+00       0.000000000000e+00       0.000000000000e+00 
  189       8.501631901135e-13       4.304290998453e-15       2.404289568761e-14       2.065115424933e-15       0.000000000000e+00       0.000000000000e+00       0.000000000000e+00 
  190       8.670544408877e-13       4.187161314760e-15       2.413240019228e-14       2.035098726523e-15       0.000000000000e+00       0.000000000000e+00       0.000000000000e+00 
  191       8.841376473036e-13       4.073393653175e-15       2.413958218439e-14       2.006946047466e-15       0.000000000000e+00       0.000000000000e+00       0.000000000000e+00 
  192       9.013409668517e-13       3.963016511810e-15       2.406756703415e-14       1.980617641575e-15       0.000000000000e+00       0.000000000000e+00       0.000000000000e+00 
  193       9.185895304028e-13       3.856054269760e-15       2.391969019180e-14       1.956069674966e-15       0.000000000000e+00       0.000000000000e+00       0.000000000000e+00 
  194       9.358054030939e-13       3.752527105997e-15       2.369950024877e-14       1.933254161058e-15       0.000000000000e+00       0.000000000000e+00       0.000000000000e+00 
  195       9.529075452156e-13       3.652450918263e-15       2.341076199884e-14       1.912118895588e-15       0.000000000000e+00       0.000000000000e+00       0.000000000000e+00 
  196       9.698117730980e-13       3.555837241966e-15       2.305745949923e-14       1.892607391618e-15       0.000000000000e+00       0.000000000000e+00       0.000000000000e+00 
  197       9.864307199980e-13       3.462693169072e-15       2.264379913182e-14       1.874658814542e-15       0.000000000000e+00       0.000000000000e+00       0.000000000000e+00 
  198       1.002673796985e-12       3.373021266999e-15       2.217421266421e-14       1.858207917095e-15       0.000000000000e+00       0.000000000000e+00       0.000000000000e+00 
  199       1.018447153830e-12       3.286819497514e-15       2.165336031092e-14       1.843184974363e-15       0.000000000000e+00       0.000000000000e+00       0.000000000000e+00 
  200       1.033653639888e-12       3.204081135620e-15       2.108613379449e-14       1.829515718789e-15       0.000000000000e+00       0.000000000000e+00       0.000000000000e+00 
  201       1.048208285389e-12       3.124798034976e-15       2.047701094215e-14       1.817131707023e-15       0.000000000000e+00       0.000000000000e+00       0.000000000000e+00 
  202       1.062086058988e-12       3.048970852714e-15       1.982806173437e-14       1.806002380850e-15       0.000000000000e+00       0.000000000000e+00       0.000000000000e+00 
  203       1.075277450126e-12       2.976599399429e-15       1.914080556370e-14       1.796105173742e-15       0.000000000000e+00       0.000000000000e+00       0.000000000000e+00 
  204       1.087773261964e-12       2.907679287546e-15       1.841684803493e-14       1.787415250908e-15       0.000000000000e+00       0.000000000000e+00       0.000000000000e+00 
  205       1.099564618137e-12       2.842201860106e-15       1.765788210967e-14       1.779905475145e-15       0.000000000000e+00       0.000000000000e+00       0.000000000000e+00 
  206       1.110642969511e-12       2.780154119550e-15       1.686568925098e-14       1.773546372668e-15       0.000000000000e+00       0.000000000000e+00       0.000000000000e+00 
  207       1.121000100940e-12       2.721518656502e-15       1.604214056792e-14       1.768306098955e-15       0.000000000000e+00       0.000000000000e+00       0.000000000000e+00 
  208       1.130628138026e-12       2.666273578559e-15       1.518919796015e-14       1.764150404587e-15       0.000000000000e+00       0.000000000000e+00       0.000000000000e+00 
  209       1.139519553877e-12       2.614392439068e-15       1.430891526254e-14       1.761042601084e-15       0.000000000000e+00       0.000000000000e+00       0.000000000000e+00 
  210       1.147667175859e-12       2.565844165918e-15       1.340343938975e-14       1.758943526752e-15       0.000000000000e+00       0.000000000000e+00       0.000000000000e+00 
  211       1.155064192359e-12       2.520592990320e-15       1.247501148083e-14       1.757811512514e-15       0.000000000000e+00       0.000000000000e+00       0.000000000000e+00 
  212       1.161704159541e-12       2.478598375592e-15       1.152596804380e-14       1.757602347759e-15       0.000000000000e+00       0.000000000000e+00       0.000000000000e+00 
  213       1.167581008102e-12       2.439814945946e-15       1.055874210025e-14       1.758269246175e-15       0.000000000000e+00       0.000000000000e+00       0.000000000000e+00 
  214       1.172689050031e-12       2.404192415271e-15       9.575864329908e-15       1.759762811594e-15       0.000000000000e+00       0.000000000000e+00       0.000000000000e+00 
  215       1.177022985367e-12       2.371675515916e-15       8.579964215285e-15       1.762031003827e-15       0.000000000000e+00       0.000000000000e+00       0.000000000000e+00 
  216       1.180577908953e-12       2.342203927477e-15       7.573771186218e-15       1.765019104508e-15       0.000000000000e+00       0.000000000000e+00       0.000000000000e+00 
  217       1.183349317200e-12       2.315712205583e-15       6.560115764480e-15       1.768669682933e-15       0.000000000000e+00       0.000000000000e+00       0.000000000000e+00 
  218       1.185333114836e-12       2.292129710677e-15       5.541930708372e-15       1.772922561899e-15       0.000000000000e+00       0.000000000000e+00       0.000000000000e+00 
  219       1.186525621672e-12       2.271380536800e-15       4.522252157315e-15       1.777714783544e-15       0.000000000000e+00       0.000000000000e+00       0.000000000000e+00 
  220       1.186923579352e-12       2.253383440382e-15       3.504220776439e-15       1.782980575189e-15       0.000000000000e+00       0.000000000000e+00       0.000000000000e+00 
  221       1.186524158117e-12       2.238051769019e-15       2.491082901175e-15       1.788651315175e-15       0.000000000000e+00       0.000000000000e+00       0.000000000000e+00 
  222       1.185324963558e-12       2.225293390263e-15       1.486191681851e-15       1.794655498705e-15       0.000000000000e+00       0.000000000000e+00       0.000000000000e+00 
  223       1.183324043374e-12       2.215010620404e-15       4.930082282791e-16       1.800918703684e-15       0.000000000000e+00       0.000000000000e+00       0.000000000000e+00 
  224       1.180522116130e-12       2.207111640447e-15      -4.853886352286e-16       1.807374050278e-15       0.000000000000e+00       0.000000000000e+00       0.000000000000e+00 
  225       1.176929402721e-12       2.201545706990e-15      -1.447810493260e-15       1.813994397473e-15       0.000000000000e+00       0.000000000000e+00       0.000000000000e+00 
  226       1.172559247264e-12       2.198270067636e-15      -2.393545976163e-15       1.820762150707e-15       0.000000000000e+00       0.000000000000e+00       0.000000000000e+00 
  227       1.167425946565e-12       2.197238633698e-15      -3.321878112163e-15       1.827658945113e-15       0.000000000000e+00       0.000000000000e+00       0.000000000000e+00 
  228       1.161544762166e-12       2.198401936333e-15      -4.232084352747e-15       1.834665636345e-15       0.000000000000e+00       0.000000000000e+00       0.000000000000e+00 
  229       1.154931932393e-12       2.201707082674e-15      -5.123436598048e-15       1.841762291399e-15       0.000000000000e+00       0.000000000000e+00       0.000000000000e+00 
  230       1.147604684405e-12       2.207097711973e-15      -5.995201222225e-15       1.848928179444e-15       0.000000000000e+00       0.000000000000e+00       0.000000000000e+00 
  231       1.139581246237e-12       2.214513951729e-15      -6.846639098853e-15       1.856141762643e-15       0.000000000000e+00       0.000000000000e+00       0.000000000000e+00 
  232       1.130880858855e-12       2.223892373824e-15      -7.677005626298e-15       1.863380686979e-15       0.000000000000e+00       0.000000000000e+00       0.000000000000e+00 
  233       1.121523788200e-12       2.235165950660e-15      -8.485550753105e-15       1.870621773079e-15       0.000000000000e+00       0.000000000000e+00       0.000000000000e+00 
  234       1.111531337236e-12       2.248264011296e-15      -9.271519003383e-15       1.877841007042e-15       0.000000000000e+00       0.000000000000e+00       0.000000000000e+00 
  235       1.100925858000e-12       2.263112197578e-15      -1.003414950218e-14       1.885013531259e-15       0.000000000000e+00       0.000000000000e+00       0.000000000000e+00 
  236       1.089730763646e-12       2.279632420277e-15      -1.077267600089e-14       1.892113635245e-15       0.000000000000e+00       0.000000000000e+00       0.000000000000e+00 
  237       1.077970540498e-12       2.297742815224e-15      -1.148632690258e-14       1.899114746457e-15       0.000000000000e+00       0.000000000000e+00       0.000000000000e+00 
  238       1.065670760095e-12       2.317357699445e-15      -1.217432528746e-14       1.905989421123e-15       0.000000000000e+00       0.000000000000e+00       0.000000000000e+00 
  239       1.052858091237e-12       2.338387527295e-15      -1.283588893819e-14       1.912709335067e-15       0.000000000000e+00       0.000000000000e+00       0.000000000000e+00 
  240       1.039560312039e-12       2.360738846594e-15      -1.347023036528e-14       1.919245274532e-15       0.000000000000e+00       0.000000000000e+00       0.000000000000e+00 
  241       1.025806321973e-12       2.384314254763e-15      -1.407655683252e-14       1.925567127007e-15       0.000000000000e+00       0.000000000000e+00       0.000000000000e+00 
  242       1.011626153918e-12       2.409012354958e-15      -1.465407038230e-14       1.931643872050e-15       0.000000000000e+00       0.000000000000e+00       0.000000000000e+00 
  243       9.970509862107e-13       2.434727712203e-15      -1.520196786103e-14       1.937443572114e-15       0.000000000000e+00       0.000000000000e+00       0.000000000000e+00 
  244       9.821131546881e-13       2.461350809529e-15      -1.571944094452e-14       1.942933363375e-15       0.000000000000e+00       0.000000000000e+00       0.000000000000e+00 
  245       9.668461647398e-13       2.488768004107e-15      -1.620567616335e-14       1.948079446552e-15       0.000000000000e+00       0.000000000000e+00       0.000000000000e+00 
  246       9.512847033545e-13       2.516861483383e-15      -1.665985492826e-14       1.952847077733e-15       0.000000000000e+00       0.000000000000e+00       0.000000000000e+00 
  247       9.354646511676e-13       2.545509221215e-15      -1.708115355554e-14       1.957200559204e-15       0.000000000000e+00       0.000000000000e+00       0.000000000000e+00 
  248       9.194230945098e-13       2.574584934003e-15      -1.746874329240e-14       1.961103230269e-15       0.000000000000e+00       0.000000000000e+00       0.000000000000e+00 
  249       9.031983374543e-13       2.603958036830e-15      -1.782179034238e-14       1.964517458079e-15       0.000000000000e+00       0.000000000000e+00       0.000000000000e+00 
  250       8.868253460912e-13       2.633510512668e-15      -1.813964123151e-14       1.967411230284e-15       0.000000000000e+00       0.000000000000e+00       0.000000000000e+00 
  251       8.703217649132e-13       2.663188690173e-15      -1.842239071795e-14       1.969778373862e-15       0.000000000000e+00       0.000000000000e+00       0.000000000000e+00 
  252       8.537011166661e-13       2.692954369414e-15      -1.867034671263e-14       1.971619485543e-15       0.000000000000e+00       0.000000000000e+00       0.000000000000e+00 
  253       8.369773007885e-13       2.722768166275e-15      -1.888384826596e-14       1.972935438429e-15       0.000000000000e+00       0.000000000000e+00       0.000000000000e+00 
  254       8.201645967246e-13       2.752589500928e-15      -1.906326594767e-14       1.973727385444e-15       0.000000000000e+00       0.000000000000e+00       0.000000000000e+00 
  255       8.032776672371e-13       2.782376586316e-15      -1.920900222660e-14       1.973996762784e-15       0.000000000000e+00       0.000000000000e+00       0.000000000000e+00 
  256       7.863315617194e-13       2.812086416633e-15      -1.932149185057e-14       1.973745293365e-15       0.000000000000e+00       0.000000000000e+00       0.000000000000e+00 
  257       7.693417195093e-13       2.841674755797e-15      -1.940120222616e-14       1.972974990276e-15       0.000000000000e+00       0.000000000000e+00       0.000000000000e+00 
  258       7.523239732007e-13       2.871096125933e-15      -1.944863379853e-14       1.971688160227e-15       0.000000000000e+00       0.000000000000e+00       0.000000000000e+00 
  259       7.352945519574e-13       2.900303795852e-15      -1.946432043126e-14       1.969887407000e-15       0.000000000000e+00       0.000000000000e+00       0.000000000000e+00 
  260       7.182700848251e-13       2.929249769529e-15      -1.944882978616e-14       1.967575634899e-15       0.000000000000e+00       0.000000000000e+00       0.000000000000e+00 
  261       7.012676040445e-13       2.957884774580e-15      -1.940276370310e-14       1.964756052199e-15       0.000000000000e+00       0.000000000000e+00       0.000000000000e+00 
  262       6.843045483641e-13       2.986158250744e-15      -1.932675857980e-14       1.961432174598e-15       0.000000000000e+00       0.000000000000e+00       0.000000000000e+00 
  263       6.673987663528e-13       3.014018338358e-15      -1.922148575169e-14       1.957607828665e-15       0.000000000000e+00       0.000000000000e+00       0.000000000000e+00 
  264       6.505685197129e-13       3.041411866841e-15      -1.908765187169e-14       1.953287155291e-15       0.000000000000e+00       0.000000000000e+00       0.000000000000e+00 
  265       6.338324865924e-13       3.068284343168e-15      -1.892599929008e-14       1.948474613137e-15       0.000000000000e+00       0.000000000000e+00       0.000000000000e+00 
  266       6.172097648985e-13       3.094579940350e-15      -1.873730643427e-14       1.943174982091e-15       0.000000000000e+00       0.000000000000e+00       0.000000000000e+00 
  267       6.007198756098e-13       3.120241485915e-15      -1.852238818863e-14       1.937393366707e-15       0.000000000000e+00       0.000000000000e+00       0.000000000000e+00 
  268       5.843827660891e-13       3.145210450383e-15      -1.828209627434e-14       1.931135199665e-15       0.000000000000e+00       0.000000000000e+00       0.000000000000e+00 
  269       5.682188133966e-13       3.169426935749e-15      -1.801731962919e-14       1.924406245215e-15       0.000000000000e+00       0.000000000000e+00       0.000000000000e+00 
  270       5.522488276021e-13       3.192829663960e-15      -1.772898478739e-14       1.917212602630e-15       0.000000000000e+00       0.000000000000e+00       0.000000000000e+00 
  271       5.364940550981e-13       3.215355965391e-15      -1.741805625940e-14       1.909560709655e-15       0.000000000000e+00       0.000000000000e+00       0.000000000000e+00 
  272       5.209761819127e-13       3.236941767329e-15      -1.708553691175e-14       1.901457345956e-15       0.000000000000e+00       0.000000000000e+00       0.000000000000e+00 
  273       5.057173370219e-13       3.257521582448e-15      -1.673246834688e-14       1.892909636573e-15       0.000000000000e+00       0.000000000000e+00       0.000000000000e+00 
  274       4.907400956629e-13       3.277028497289e-15      -1.635993128290e-14       1.883925055367e-15       0.000000000000e+00       0.000000000000e+00       0.000000000000e+00 
  275       4.760674826464e-13       3.295394160738e-15      -1.596904593348e-14       1.874511428471e-15       0.000000000000e+00       0.000000000000e+00       0.000000000000e+00 
  276       4.617229756698e-13       3.312548772507e-15      -1.556097238763e-14       1.864676937740e-15       0.000000000000e+00       0.000000000000e+00       0.000000000000e+00 
  277       4.477305086295e-13       3.328421071612e-15      -1.513691098954e-14       1.854430124202e-15       0.000000000000e+00       0.000000000000e+00       0.000000000000e+00 
  278       4.341144749343e-13       3.342938324847e-15      -1.469810271837e-14       1.843779891507e-15       0.000000000000e+00       0.000000000000e+00       0.000000000000e+00 
  279       4.208956114965e-13       3.356039410481e-15      -1.424570096977e-14       1.832735675199e-15       0.000000000000e+00       0.000000000000e+00       0.000000000000e+00 
  280       4.080784078493e-13       3.367714843333e-15      -1.378037876591e-14       1.821307953142e-15       0.000000000000e+00       0.000000000000e+00       0.000000000000e+00 
  281       3.956630511660e-13       3.377968800898e-15      -1.330270193544e-14       1.809507768259e-15       0.000000000000e+00       0.000000000000e+00       0.000000000000e+00 
  282       3.836494838235e-13       3.386806223467e-15      -1.281325606029e-14       1.797346568782e-15       0.000000000000e+00       0.000000000000e+00       0.000000000000e+00 
  283       3.720374003881e-13       3.394232822725e-15      -1.231264665793e-14       1.784836211954e-15       0.000000000000e+00       0.000000000000e+00       0.000000000000e+00 
  284       3.608262446003e-13       3.400255090343e-15      -1.180149936367e-14       1.771988967735e-15       0.000000000000e+00       0.000000000000e+00       0.000000000000e+00 
  285       3.500152063595e-13       3.404880306574e-15      -1.128046011292e-14       1.758817522508e-15       0.000000000000e+00       0.000000000000e+00       0.000000000000e+00 
  286       3.396032187097e-13       3.408116548845e-15      -1.075019532348e-14       1.745334982780e-15       0.000000000000e+00       0.000000000000e+00       0.000000000000e+00 
  287       3.295889548242e-13       3.409972700355e-15      -1.021139207785e-14       1.731554878893e-15       0.000000000000e+00       0.000000000000e+00       0.000000000000e+00 
  288       3.199708249910e-13       3.410458458666e-15      -9.664758305444e-15       1.717491168720e-15       0.000000000000e+00       0.000000000000e+00       0.000000000000e+00 
  289       3.107469735975e-13       3.409584344298e-15      -9.111022964929e-15       1.703158241379e-15       0.000000000000e+00       0.000000000000e+00       0.000000000000e+00 
  290       3.019152761158e-13       3.407361709325e-15      -8.550936226479e-15       1.688570920932e-15       0.000000000000e+00       0.000000000000e+00       0.000000000000e+00 
  291       2.934733360878e-13       3.403802745966e-15      -7.985269654060e-15       1.673744470091e-15       0.000000000000e+00       0.000000000000e+00       0.000000000000e+00 
  292       2.854184821102e-13       3.398920495184e-15      -7.414816387713e-15       1.658694593923e-15       0.000000000000e+00       0.000000000000e+00       0.000000000000e+00 
  293       2.777477648198e-13       3.392728855276e-15      -6.840391325827e-15       1.643437443554e-15       0.000000000000e+00       0.000000000000e+00       0.000000000000e+00 
  294       2.704579538782e-13       3.385242590469e-15      -6.262831307430e-15       1.627989619876e-15       0.000000000000e+00       0.000000000000e+00       0.000000000000e+00 
  295       2.635455349574e-13       3.376477339517e-15      -5.682995294458e-15       1.612368177249e-15       0.000000000000e+00       0.000000000000e+00       0.000000000000e+00 
  296       2.570067067242e-13       3.366449624290e-15      -5.101764554044e-15       1.596590627208e-15       0.000000000000e+00       0.000000000000e+00       0.000000000000e+00 
  297       2.508373778262e-13       3.355176858371e-15      -4.520042840793e-15       1.580674942166e-15       0.000000000000e+00       0.000000000000e+00       0.000000000000e+00 
  298       2.450331638759e-13       3.342677355653e-15      -3.938756579066e-15       1.564639559118e-15       0.000000000000e+00       0.000000000000e+00       0.000000000000e+00 
  299       2.395893844365e-13       3.328970338927e-15      -3.358855045255e-15       1.548503383351e-15       0.000000000000e+00       0.000000000000e+00       0.000000000000e+00 
  300       2.345010600068e-13       3.314075948484e-15      -2.781310550070e-15       1.532285792141e-15       0.000000000000e+00       0.000000000000e+00       0.000000000000e+00 
  301       2.297629090060e-13       3.298015250702e-15      -2.207118620815e-15       1.516006638463e-15       0.000000000000e+00       0.000000000000e+00       0.000000000000e+00 
  302       2.253693447594e-13       3.280810246647e-15      -1.637298183666e-15       1.499686254696e-15       0.000000000000e+00       0.000000000000e+00       0.000000000000e+00 
  303       2.213144724827e-13       3.262483880660e-15      -1.072891745958e-15       1.483345456325e-15       0.000000000000e+00       0.000000000000e+00       0.000000000000e+00 
  304       2.175920862678e-13       3.243060048959e-15      -5.149655784589e-16       1.467005545646e-15       0.000000000000e+00       0.000000000000e+00       0.000000000000e+00 
  305       2.141956660674e-13       3.222563608228e-15       3.539010234544e-17       1.450688315472e-15       0.000000000000e+00       0.000000000000e+00       0.000000000000e+00 
  306       2.111183746805e-13       3.201020384213e-15       5.770609519749e-16       1.434416052839e-15       0.000000000000e+00       0.000000000000e+00       0.000000000000e+00 
  307       2.083530547369e-13       3.178457180316e-15       1.108908315673e-15       1.418211542708e-15       0.000000000000e+00       0.000000000000e+00       0.000000000000e+00 
  308       2.058922256831e-13       3.154901786191e-15       1.629769046125e-15       1.402098071671e-15       0.000000000000e+00       0.000000000000e+00       0.000000000000e+00 
  309       2.037280807664e-13       3.130382986335e-15       2.138455321183e-15       1.386099431655e-15       0.000000000000e+00       0.000000000000e+00       0.000000000000e+00 
  310       2.018524840211e-13       3.104930568687e-15       2.633754461578e-15       1.370239923629e-15       0.000000000000e+00       0.000000000000e+00       0.000000000000e+00 
  311       2.002569672526e-13       3.078575333218e-15       3.114428748647e-15       1.354544361306e-15       0.000000000000e+00       0.000000000000e+00       0.000000000000e+00 
  312       1.989333140739e-13       3.051348208125e-15       3.579422282756e-15       1.339034511685e-15       0.000000000000e+00       0.000000000000e+00       0.000000000000e+00 
  313       1.978753481482e-13       3.023277535464e-15       4.028492540617e-15       1.323718226546e-15       0.000000000000e+00       0.000000000000e+00       0.000000000000e+00 
  314       1.970772220303e-13       2.994391676362e-15       4.461607765946e-15       1.308599813895e-15       0.000000000000e+00       0.000000000000e+00       0.000000000000e+00 
  315       1.965328353121e-13       2.964719899528e-15       4.878742642533e-15       1.293683554994e-15       0.000000000000e+00       0.000000000000e+00       0.000000000000e+00 
  316       1.962358323295e-13       2.934292388753e-15       5.279878366379e-15       1.278973703688e-15       0.000000000000e+00       0.000000000000e+00       0.000000000000e+00 
  317       1.961795998683e-13       2.903140250406e-15       5.665002717821e-15       1.264474485728e-15       0.000000000000e+00       0.000000000000e+00       0.000000000000e+00 
  318       1.963572648713e-13       2.871295520934e-15       6.034110133671e-15       1.250190098101e-15       0.000000000000e+00       0.000000000000e+00       0.000000000000e+00 
  319       1.967616921441e-13       2.838791174358e-15       6.387201779342e-15       1.236124708355e-15       0.000000000000e+00       0.000000000000e+00       0.000000000000e+00 
  320       1.973854820620e-13       2.805661129769e-15       6.724285620984e-15       1.222282453924e-15       0.000000000000e+00       0.000000000000e+00       0.000000000000e+00 
  321       1.982209682765e-13       2.771940258831e-15       7.045376497615e-15       1.208667441457e-15       0.000000000000e+00       0.000000000000e+00       0.000000000000e+00 
  322       1.992602154214e-13       2.737664393273e-15       7.350496193253e-15       1.195283746139e-15       0.000000000000e+00       0.000000000000e+00       0.000000000000e+00 
  323       2.004950168194e-13       2.702870332389e-15       7.639673509046e-15       1.182135411027e-15       0.000000000000e+00       0.000000000000e+00       0.000000000000e+00 
  324       2.019168921888e-13       2.667595850539e-15       7.912944335410e-15       1.169226446364e-15       0.000000000000e+00       0.000000000000e+00       0.000000000000e+00 
  325       2.035170853496e-13       2.631879704641e-15       8.170351724151e-15       1.156560828917e-15       0.000000000000e+00       0.000000000000e+00       0.000000000000e+00 
  326       2.052865619302e-13       2.595761641672e-15       8.411945960609e-15       1.144142501295e-15       0.000000000000e+00       0.000000000000e+00       0.000000000000e+00 
  327       2.072160070739e-13       2.559282406166e-15       8.637784635779e-15       1.131975371278e-15       0.000000000000e+00       0.000000000000e+00       0.000000000000e+00 
  328       2.092958231448e-13       2.522483747711e-15       8.847932718452e-15       1.120063311147e-15       0.000000000000e+00       0.000000000000e+00       0.000000000000e+00 
  329       2.115161274353e-13       2.485408428445e-15       9.042462627341e-15       1.108410157002e-15       0.000000000000e+00       0.000000000000e+00       0.000000000000e+00 
  330       2.138667498714e-13       2.448100230557e-15       9.221454303214e-15       1.097019708098e-15       0.000000000000e+00       0.000000000000e+00       0.000000000000e+00 
  331       2.163372307201e-13       2.410603963783e-15       9.384995281030e-15       1.085895726164e-15       0.000000000000e+00       0.000000000000e+00       0.000000000000e+00 
  332       2.189168182952e-13       2.372965472904e-15       9.533180762067e-15       1.075041934733e-15       0.000000000000e+00       0.000000000000e+00       0.000000000000e+00 
  333       2.215944666641e-13       2.335231645244e-15       9.666113686053e-15       1.064462018466e-15       0.000000000000e+00       0.000000000000e+00       0.000000000000e+00 
  334       2.243588333543e-13       2.297450418165e-15       9.783904803303e-15       1.054159622480e-15       0.000000000000e+00       0.000000000000e+00       0.000000000000e+00 
  335       2.271982770595e-13       2.259670786571e-15       9.886672746847e-15       1.044138351676e-15       0.000000000000e+00       0.000000000000e+00       0.000000000000e+00 
  336       2.301008553466e-13       2.221942810399e-15       9.974544104564e-15       1.034401770061e-15       0.000000000000e+00       0.000000000000e+00       0.000000000000e+00 
  337       2.330543223614e-13       2.184317622120e-15       1.004765349131e-14       1.024953400076e-15       0.000000000000e+00       0.000000000000e+00       0.000000000000e+00 
  338       2.360461265361e-13       2.146847434238e-15       1.010614362106e-14       1.015796721925e-15       0.000000000000e+00       0.000000000000e+00       0.000000000000e+00 
  339       2.390634082946e-13       2.109585546784e-15       1.015016537903e-14       1.006935172899e-15       0.000000000000e+00       0.000000000000e+00       0.000000000000e+00 
  340       2.420929977598e-13       2.072586354818e-15       1.017987789381e-14       9.983721466993e-16       0.000000000000e+00       0.000000000000e+00       0.000000000000e+00 
  341       2.451214124597e-13       2.035905355922e-15       1.019544860950e-14       9.901109927712e-16       0.000000000000e+00       0.000000000000e+00       0.000000000000e+00 
  342       2.481348550341e-13       1.999599157703e-15       1.019705335785e-14       9.821550156240e-16       0.000000000000e+00       0.000000000000e+00       0.000000000000e+00 
  343       2.511192109406e-13       1.963725485287e-15       1.018487643035e-14       9.745074741599e-16       0.000000000000e+00       0.000000000000e+00       0.000000000000e+00 
  344       2.540600461615e-13       1.928343188816e-15       1.015911065044e-14       9.671715809999e-16       0.000000000000e+00       0.000000000000e+00       0.000000000000e+00 
  345       2.569426049102e-13       1.893512250951e-15       1.011995744557e-14       9.601505018100e-16       0.000000000000e+00       0.000000000000e+00       0.000000000000e+00 
  346       2.597518073375e-13       1.859293794364e-15       1.006762691935e-14       9.534473546279e-16       0.000000000000e+00       0.000000000000e+00       0.000000000000e+00 
  347       2.624722472379e-13       1.825750089238e-15       1.000233792372e-14       9.470652091888e-16       0.000000000000e+00       0.000000000000e+00       0.000000000000e+00 
  348       2.650881897566e-13       1.792944560766e-15       9.924318131032e-15       9.410070862523e-16       0.000000000000e+00       0.000000000000e+00       0.000000000000e+00 
  349       2.675862251227e-13       1.760931649883e-15       9.833813646540e-15       9.352746793554e-16       0.000000000000e+00       0.000000000000e+00       0.000000000000e+00 
  350       2.699633562044e-13       1.729725915285e-15       9.731118138939e-15       9.298644628508e-16       0.000000000000e+00       0.000000000000e+00       0.000000000000e+00 
  351       2.722192423982e-13       1.699331662674e-15       9.616545061099e-15       9.247714208872e-16       0.000000000000e+00       0.000000000000e+00       0.000000000000e+00 
  352       2.743535742289e-13       1.669752973253e-15       9.490418300110e-15       9.199903084738e-16       0.000000000000e+00       0.000000000000e+00       0.000000000000e+00 
  353       2.763660736649e-13       1.640993701253e-15       9.353072258788e-15       9.155156495512e-16       0.000000000000e+00       0.000000000000e+00       0.000000000000e+00 
  354       2.782564944343e-13       1.613057471467e-15       9.204851937177e-15       9.113417350626e-16       0.000000000000e+00       0.000000000000e+00       0.000000000000e+00 
  355       2.800246223405e-13       1.585947676776e-15       9.046113014056e-15       9.074626210253e-16       0.000000000000e+00       0.000000000000e+00       0.000000000000e+00 
  356       2.816702755778e-13       1.559667475681e-15       8.877221928442e-15       9.038721266018e-16       0.000000000000e+00       0.000000000000e+00       0.000000000000e+00 
  357       2.831933050473e-13       1.534219789831e-15       8.698555961094e-15       9.005638321710e-16       0.000000000000e+00       0.000000000000e+00       0.000000000000e+00 
  358       2.845935946726e-13       1.509607301554e-15       8.510503316019e-15       8.975310773997e-16       0.000000000000e+00       0.000000000000e+00       0.000000000000e+00 
  359       2.858710617156e-13       1.485832451384e-15       8.313463201974e-15       8.947669593131e-16       0.000000000000e+00       0.000000000000e+00       0.000000000000e+00 
  360       2.870256570920e-13       1.462897435594e-15       8.107845913975e-15       8.922643303672e-16       0.000000000000e+00       0.000000000000e+00       0.000000000000e+00 
  361       2.880573656873e-13       1.440804203724e-15       7.894072914796e-15       8.900157965188e-16       0.000000000000e+00       0.000000000000e+00       0.000000000000e+00 
  362       2.889662066724e-13       1.419554456108e-15       7.672576916476e-15       8.880137152978e-16       0.000000000000e+00       0.000000000000e+00       0.000000000000e+00 
  363       2.897522338193e-13       1.399149641410e-15       7.443801961824e-15       8.862501938776e-16       0.000000000000e+00       0.000000000000e+00       0.000000000000e+00 
  364       2.904155358171e-13       1.379590954145e-15       7.208203505923e-15       8.847170871468e-16       0.000000000000e+00       0.000000000000e+00       0.000000000000e+00 
  365       2.909562365873e-13       1.360879332218e-15       6.966248497635e-15       8.834059957805e-16       0.000000000000e+00       0.000000000000e+00       0.000000000000e+00 
  366       2.913744955998e-13       1.343015454444e-15       6.718415461102e-15       8.823082643112e-16       0.000000000000e+00       0.000000000000e+00       0.000000000000e+00 
  367       2.916705081887e-13       1.325999738086e-15       6.465194577257e-15       8.814149792001e-16       0.000000000000e+00       0.000000000000e+00       0.000000000000e+00 
  368       2.918445058680e-13       1.309832336378e-15       6.207087765321e-15       8.807169669088e-16       0.000000000000e+00       0.000000000000e+00       0.000000000000e+00 
  369       2.918967566470e-13       1.294513136061e-15       5.944608764312e-15       8.802047919698e-16       0.000000000000e+00       0.000000000000e+00       0.000000000000e+00 
  370       2.918275653466e-13       1.280041754906e-15       5.678283214551e-15       8.798687550584e-16       0.000000000000e+00       0.000000000000e+00       0.000000000000e+00 
  371       2.916372739145e-13       1.266417539246e-15       5.408648739161e-15       8.796988910634e-16       0.000000000000e+00       0.000000000000e+00       0.000000000000e+00 
  372       2.913262617414e-13       1.253639561510e-15       5.136255025576e-15       8.796849671587e-16       0.000000000000e+00       0.000000000000e+00       0.000000000000e+00 
  373       2.908949459763e-13       1.241706617746e-15       4.861663907043e-15       8.798164808745e-16       0.000000000000e+00       0.000000000000e+00       0.000000000000e+00 
  374       2.903437818425e-13       1.230617225153e-15       4.585449444127e-15       8.800826581684e-16       0.000000000000e+00       0.000000000000e+00       0.000000000000e+00 
  375       2.896732629535e-13       1.220369619612e-15       4.308198006217e-15       8.804724514966e-16       0.000000000000e+00       0.000000000000e+00       0.000000000000e+00 
  376       2.888839216282e-13       1.210961753214e-15       4.030508353028e-15       8.809745378853e-16       0.000000000000e+00       0.000000000000e+00       0.000000000000e+00 
  377       2.879763292071e-13       1.202391291791e-15       3.752991716108e-15       8.815773170019e-16       0.000000000000e+00       0.000000000000e+00       0.000000000000e+00 
  378       2.869510963678e-13       1.194655612442e-15       3.476271880339e-15       8.822689092263e-16       0.000000000000e+00       0.000000000000e+00       0.000000000000e+00 
  379       2.858088734411e-13       1.187751801069e-15       3.200985265446e-15       8.830371537217e-16       0.000000000000e+00       0.000000000000e+00       0.000000000000e+00 
  380       2.845503507261e-13       1.181676649900e-15       2.927781007497e-15       8.838696065065e-16       0.000000000000e+00       0.000000000000e+00       0.000000000000e+00 
  381       2.831762588064e-13       1.176426655021e-15       2.657321040411e-15       8.847535385251e-16       0.000000000000e+00       0.000000000000e+00       0.000000000000e+00 
  382       2.816873688658e-13       1.171998013908e-15       2.390280177459e-15       8.856759337192e-16       0.000000000000e+00       0.000000000000e+00       0.000000000000e+00 
  383       2.800844930039e-13       1.168386622954e-15       2.127346192772e-15       8.866234870992e-16       0.000000000000e+00       0.000000000000e+00       0.000000000000e+00 
  384       2.783684845520e-13       1.165588074997e-15       1.869219902843e-15       8.875826028153e-16       0.000000000000e+00       0.000000000000e+00       0.000000000000e+00 
  385       2.765402383885e-13       1.163597656854e-15       1.616615248032e-15       8.885393922285e-16       0.000000000000e+00       0.000000000000e+00       0.000000000000e+00 
  386       2.746006912550e-13       1.162410346847e-15       1.370259374072e-15       8.894796719824e-16       0.000000000000e+00       0.000000000000e+00       0.000000000000e+00 
  387       2.725508220720e-13       1.162020812334e-15       1.130892713570e-15       8.903889620742e-16       0.000000000000e+00       0.000000000000e+00       0.000000000000e+00 
  388       2.703919879207e-13       1.162421247541e-15       8.991455484174e-16       8.912546300020e-16       0.000000000000e+00       0.000000000000e+00       0.000000000000e+00 
  389       2.681269451995e-13       1.163594802942e-15       6.751624404272e-16       8.920724155647e-16       0.000000000000e+00       0.000000000000e+00       0.000000000000e+00 
  390       2.657588672847e-13       1.165521905251e-15       4.589639121914e-16       8.928401463421e-16       0.000000000000e+00       0.000000000000e+00       0.000000000000e+00 
  391       2.632910128934e-13       1.168182390754e-15       2.505686809956e-16       8.935556134354e-16       0.000000000000e+00       0.000000000000e+00       0.000000000000e+00 
  392       2.607267266666e-13       1.171555501120e-15       4.999364211843e-17       8.942165712444e-16       0.000000000000e+00       0.000000000000e+00       0.000000000000e+00 
  393       2.580694397515e-13       1.175619879213e-15      -1.427461478693e-16       8.948207372453e-16       0.000000000000e+00       0.000000000000e+00       0.000000000000e+00 
  394       2.553226703844e-13       1.180353564907e-15      -3.276374878049e-16       8.953657917679e-16       0.000000000000e+00       0.000000000000e+00       0.000000000000e+00 
  395       2.524900244727e-13       1.185733990898e-15      -5.046690486348e-16       8.958493777732e-16       0.000000000000e+00       0.000000000000e+00       0.000000000000e+00 
  396       2.495751961785e-13       1.191737978512e-15      -6.738313901150e-16       8.962691006311e-16       0.000000000000e+00       0.000000000000e+00       0.000000000000e+00 
  397       2.465819685001e-13       1.198341733525e-15      -8.351169775119e-16       8.966225278977e-16       0.000000000000e+00       0.000000000000e+00       0.000000000000e+00 
  398       2.435142138557e-13       1.205520841969e-15      -9.885201983026e-16       8.969071890926e-16       0.000000000000e+00       0.000000000000e+00       0.000000000000e+00 
  399       2.403758946649e-13       1.213250265948e-15      -1.134037378876e-15       8.971205754769e-16       0.000000000000e+00       0.000000000000e+00       0.000000000000e+00 
  400       2.371710639324e-13       1.221504339449e-15      -1.271666801233e-15       8.972601398301e-16       0.000000000000e+00       0.000000000000e+00       0.000000000000e+00 
  401       2.339038658297e-13       1.230256764155e-15      -1.401408719688e-15       8.973232962282e-16       0.000000000000e+00       0.000000000000e+00       0.000000000000e+00 
  402       2.305785362783e-13       1.239480605258e-15      -1.523265377567e-15       8.973074198208e-16       0.000000000000e+00       0.000000000000e+00       0.000000000000e+00 
  403       2.271994035319e-13       1.249148287270e-15      -1.637241023913e-15       8.972098466086e-16       0.000000000000e+00       0.000000000000e+00       0.000000000000e+00 
  404       2.237708887596e-13       1.259231589837e-15      -1.743341930183e-15       8.970278732212e-16       0.000000000000e+00       0.000000000000e+00       0.000000000000e+00 
  405       2.202975066277e-13       1.269701643551e-15      -1.841576406947e-15       8.967587566941e-16       0.000000000000e+00       0.000000000000e+00       0.000000000000e+00 
  406       2.167838658829e-13       1.280528925762e-15      -1.931954820594e-15       8.963997142468e-16       0.000000000000e+00       0.000000000000e+00       0.000000000000e+00 
  407       2.132346699348e-13       1.291683256391e-15      -2.014489610029e-15       8.959479230598e-16       0.000000000000e+00       0.000000000000e+00       0.000000000000e+00 
  408       2.096547174385e-13       1.303133793742e-15      -2.089195303374e-15       8.954005200523e-16       0.000000000000e+00       0.000000000000e+00       0.000000000000e+00 
  409       2.060489028769e-13       1.314849030315e-15      -2.156088534669e-15       8.947546016597e-16       0.000000000000e+00       0.000000000000e+00       0.000000000000e+00 
  410       2.024222171438e-13       1.326796788620e-15      -2.215188060574e-15       8.940072236110e-16       0.000000000000e+00       0.000000000000e+00       0.000000000000e+00 
  411       1.987797481262e-13       1.338944216984e-15      -2.266514777066e-15       8.931554007066e-16       0.000000000000e+00       0.000000000000e+00       0.000000000000e+00 
  412       1.951266812871e-13       1.351257785371e-15      -2.310091736145e-15       8.921961065952e-16       0.000000000000e+00       0.000000000000e+00       0.000000000000e+00 
  413       1.914683002479e-13       1.363703281189e-15      -2.345944162529e-15       8.911262735519e-16       0.000000000000e+00       0.000000000000e+00       0.000000000000e+00 
  414       1.878099873710e-13       1.376245805104e-15      -2.374099470358e-15       8.899427922554e-16       0.000000000000e+00       0.000000000000e+00       0.000000000000e+00 
  415       1.841572243427e-13       1.388849766854e-15      -2.394587279896e-15       8.886425115656e-16       0.000000000000e+00       0.000000000000e+00       0.000000000000e+00 
  416       1.805155927556e-13       1.401478881059e-15      -2.407439434227e-15       8.872222383010e-16       0.000000000000e+00       0.000000000000e+00       0.000000000000e+00 
  417       1.768907746911e-13       1.414096163035e-15      -2.412690015959e-15       8.856787370161e-16       0.000000000000e+00       0.000000000000e+00       0.000000000000e+00 
  418       1.732885533025e-13       1.426663924606e-15      -2.410375363925e-15       8.840087297794e-16       0.000000000000e+00       0.000000000000e+00       0.000000000000e+00 
  419       1.697148133968e-13       1.439143769917e-15      -2.400534089881e-15       8.822088959501e-16       0.000000000000e+00       0.000000000000e+00       0.000000000000e+00 
  420       1.661755420180e-13       1.451496591247e-15      -2.383207095210e-15       8.802758719564e-16       0.000000000000e+00       0.000000000000e+00       0.000000000000e+00 
  421       1.626768290296e-13       1.463682564819e-15      -2.358437587619e-15       8.782062510724e-16       0.000000000000e+00       0.000000000000e+00       0.000000000000e+00 
  422       1.592248676968e-13       1.475661146615e-15      -2.326271097843e-15       8.759965831958e-16       0.000000000000e+00       0.000000000000e+00       0.000000000000e+00 
  423       1.558259552696e-13       1.487391068186e-15      -2.286755496343e-15       8.736433746257e-16       0.000000000000e+00       0.000000000000e+00       0.000000000000e+00 
  424       1.524864935652e-13       1.498830332470e-15      -2.239941010009e-15       8.711430878394e-16       0.000000000000e+00       0.000000000000e+00       0.000000000000e+00 
  425       1.492129895506e-13       1.509936209596e-15      -2.185880238859e-15       8.684921412707e-16       0.000000000000e+00       0.000000000000e+00       0.000000000000e+00 
  426       1.460120559251e-13       1.520665232704e-15      -2.124628172739e-15       8.656869090868e-16       0.000000000000e+00       0.000000000000e+00       0.000000000000e+00 
  427       1.428892890922e-13       1.530980014740e-15      -2.056264758612e-15       8.627248798680e-16       0.000000000000e+00       0.000000000000e+00       0.000000000000e+00 
  428       1.398458598447e-13       1.540869962813e-15      -1.980963413997e-15       8.596081765166e-16       0.000000000000e+00       0.000000000000e+00       0.000000000000e+00 
  429       1.368818078340e-13       1.550331260347e-15      -1.898924877308e-15       8.563401556639e-16       0.000000000000e+00       0.000000000000e+00       0.000000000000e+00 
  430       1.339971535471e-13       1.559360110053e-15      -1.810354899278e-15       8.529242601249e-16       0.000000000000e+00       0.000000000000e+00       0.000000000000e+00 
  431       1.311918981526e-13       1.567952734226e-15      -1.715464274473e-15       8.493640194364e-16       0.000000000000e+00       0.000000000000e+00       0.000000000000e+00 
  432       1.284660233456e-13       1.576105375032e-15      -1.614468872794e-15       8.456630503962e-16       0.000000000000e+00       0.000000000000e+00       0.000000000000e+00 
  433       1.258194911936e-13       1.583814294803e-15      -1.507589670988e-15       8.418250576005e-16       0.000000000000e+00       0.000000000000e+00       0.000000000000e+00 
  434       1.232522439815e-13       1.591075776322e-15      -1.395052784153e-15       8.378538339834e-16       0.000000000000e+00       0.000000000000e+00       0.000000000000e+00 
  435       1.207642040578e-13       1.597886123122e-15      -1.277089497250e-15       8.337532613546e-16       0.000000000000e+00       0.000000000000e+00       0.000000000000e+00 
  436       1.183552736794e-13       1.604241659772e-15      -1.153936296606e-15       8.295273109381e-16       0.000000000000e+00       0.000000000000e+00       0.000000000000e+00 
  437       1.160253348576e-13       1.610138732170e-15      -1.025834901422e-15       8.251800439107e-16       0.000000000000e+00       0.000000000000e+00       0.000000000000e+00 
  438       1.137742492032e-13       1.615573707834e-15      -8.930322952866e-16       8.207156119406e-16       0.000000000000e+00       0.000000000000e+00       0.000000000000e+00 
  439       1.116018577722e-13       1.620542976194e-15      -7.557807576752e-16       8.161382577252e-16       0.000000000000e+00       0.000000000000e+00       0.000000000000e+00 
  440       1.095079809112e-13       1.625042948880e-15      -6.143378954637e-16       8.114523155303e-16       0.000000000000e+00       0.000000000000e+00       0.000000000000e+00 
  441       1.074924181031e-13       1.629070060018e-15      -4.689666744338e-16       8.066622117283e-16       0.000000000000e+00       0.000000000000e+00       0.000000000000e+00 
  442       1.055549478124e-13       1.632620766519e-15      -3.199354507810e-16       8.017724653364e-16       0.000000000000e+00       0.000000000000e+00       0.000000000000e+00 
  443       1.036953273304e-13       1.635691548370e-15      -1.675180026226e-16       7.967876885551e-16       0.000000000000e+00       0.000000000000e+00       0.000000000000e+00 
  444       1.019132926215e-13       1.638278908922e-15      -1.199356150466e-17       7.917125873072e-16       0.000000000000e+00       0.000000000000e+00       0.000000000000e+00 
  445       1.002085581677e-13       1.640379375191e-15       1.463531560895e-16       7.865519617755e-16       0.000000000000e+00       0.000000000000e+00       0.000000000000e+00 
  446       9.858081681499e-14       1.641989498136e-15       3.072319172323e-16       7.813107069417e-16       0.000000000000e+00       0.000000000000e+00       0.000000000000e+00 
  447       9.702973961812e-14       1.643105852963e-15       4.703469410440e-16       7.759938131245e-16       0.000000000000e+00       0.000000000000e+00       0.000000000000e+00 
  448       9.555497568656e-14       1.643725039406e-15       6.353968671847e-16       7.706063665185e-16       0.000000000000e+00       0.000000000000e+00       0.000000000000e+00 
  449       9.415615202978e-14       1.643843682026e-15       8.020747243474e-16       7.651535497323e-16       0.000000000000e+00       0.000000000000e+00       0.000000000000e+00 
  450       9.283287340278e-14       1.643458430495e-15       9.700678987497e-16       7.596406423272e-16       0.000000000000e+00       0.000000000000e+00       0.000000000000e+00 
  451       9.158472215159e-14       1.642565959895e-15       1.139058102626e-15       7.540730213553e-16       0.000000000000e+00       0.000000000000e+00       0.000000000000e+00 
  452       9.041125805874e-14       1.641162971002e-15       1.308721342722e-15       7.484561618981e-16       0.000000000000e+00       0.000000000000e+00       0.000000000000e+00 
  453       8.931201818878e-14       1.639246190582e-15       1.478727888783e-15       7.427956376053e-16       0.000000000000e+00       0.000000000000e+00       0.000000000000e+00 
  454       8.828651673371e-14       1.636812371681e-15       1.648742242049e-15       7.370971212327e-16       0.000000000000e+00       0.000000000000e+00       0.000000000000e+00 
  455       8.733424485854e-14       1.633858293915e-15       1.818423103748e-15       7.313663851808e-16       0.000000000000e+00       0.000000000000e+00       0.000000000000e+00 
  456       8.645467054672e-14       1.630380763763e-15       1.987423343584e-15       7.256093020337e-16       0.000000000000e+00       0.000000000000e+00       0.000000000000e+00 
  457       8.564723844567e-14       1.626376614857e-15       2.155389968237e-15       7.198318450967e-16       0.000000000000e+00       0.000000000000e+00       0.000000000000e+00 
  458       8.491136971224e-14       1.621842708274e-15       2.321964089845e-15       7.140400889357e-16       0.000000000000e+00       0.000000000000e+00       0.000000000000e+00 
  459       8.424646185822e-14       1.616775932826e-15       2.486780894505e-15       7.082402099147e-16       0.000000000000e+00       0.000000000000e+00       0.000000000000e+00 
  460       8.365188859580e-14       1.611173205354e-15       2.649469610762e-15       7.024384867352e-16       0.000000000000e+00       0.000000000000e+00       0.000000000000e+00 
  461       8.312699968309e-14       1.605031471015e-15       2.809653478102e-15       6.966413009736e-16       0.000000000000e+00       0.000000000000e+00       0.000000000000e+00 
  462       8.267112076960e-14       1.598347703577e-15       2.966949715442e-15       6.908551376208e-16       0.000000000000e+00       0.000000000000e+00       0.000000000000e+00 
  463       8.228355324171e-14       1.591118905708e-15       3.120969489626e-15       6.850865856197e-16       0.000000000000e+00       0.000000000000e+00       0.000000000000e+00 
  464       8.196357406819e-14       1.583342109269e-15       3.271317883915e-15       6.793423384040e-16       0.000000000000e+00       0.000000000000e+00       0.000000000000e+00 
  465       8.171043564565e-14       1.575014375604e-15       3.417593866480e-15       6.736291944368e-16       0.000000000000e+00       0.000000000000e+00       0.000000000000e+00 
  466       8.152319459923e-14       1.566135806676e-15       3.559455811250e-15       6.679531923788e-16       0.000000000000e+00       0.000000000000e+00       0.000000000000e+00 
  467       8.140019262077e-14       1.556718681262e-15       3.696820374200e-15       6.623169858052e-16       0.000000000000e+00       0.000000000000e+00       0.000000000000e+00 
  468       8.133955912899e-14       1.546778604376e-15       3.829669759808e-15       6.567223876423e-16       0.000000000000e+00       0.000000000000e+00       0.000000000000e+00 
  469       8.133938060205e-14       1.536331524133e-15       3.957986734210e-15       6.511712281946e-16       0.000000000000e+00       0.000000000000e+00       0.000000000000e+00 
  470       8.139770032867e-14       1.525393733702e-15       4.081754629838e-15       6.456653552058e-16       0.000000000000e+00       0.000000000000e+00       0.000000000000e+00 
  471       8.151251815937e-14       1.513981873257e-15       4.200957350062e-15       6.402066339208e-16       0.000000000000e+00       0.000000000000e+00       0.000000000000e+00 
  472       8.168179025758e-14       1.502112931929e-15       4.315579373826e-15       6.347969471459e-16       0.000000000000e+00       0.000000000000e+00       0.000000000000e+00 
  473       8.190342885084e-14       1.489804249757e-15       4.425605760290e-15       6.294381953112e-16       0.000000000000e+00       0.000000000000e+00       0.000000000000e+00 
  474       8.217530198199e-14       1.477073519639e-15       4.531022153464e-15       6.241322965309e-16       0.000000000000e+00       0.000000000000e+00       0.000000000000e+00 
  475       8.249523326029e-14       1.463938789286e-15       4.631814786851e-15       6.188811866651e-16       0.000000000000e+00       0.000000000000e+00       0.000000000000e+00 
  476       8.286100161265e-14       1.450418463169e-15       4.727970488086e-15       6.136868193810e-16       0.000000000000e+00       0.000000000000e+00       0.000000000000e+00 
  477       8.327034103475e-14       1.436531304476e-15       4.819476683572e-15       6.085511662142e-16       0.000000000000e+00       0.000000000000e+00       0.000000000000e+00 
  478       8.372094034226e-14       1.422296437057e-15       4.906321403120e-15       6.034762166296e-16       0.000000000000e+00       0.000000000000e+00       0.000000000000e+00 
  479       8.421044292198e-14       1.407733347382e-15       4.988493284590e-15       5.984639780833e-16       0.000000000000e+00       0.000000000000e+00       0.000000000000e+00 
  480       8.473644648302e-14       1.392861886488e-15       5.065981578528e-15       5.935164760832e-16       0.000000000000e+00       0.000000000000e+00       0.000000000000e+00 
  481       8.529650280796e-14       1.377702271932e-15       5.138776152802e-15       5.886357542510e-16       0.000000000000e+00       0.000000000000e+00       0.000000000000e+00 
  482       8.588811750406e-14       1.362275089741e-15       5.206867497249e-15       5.838238743825e-16       0.000000000000e+00       0.000000000000e+00       0.000000000000e+00 
  483       8.650874975438e-14       1.346601296367e-15       5.270246728304e-15       5.790829165099e-16       0.000000000000e+00       0.000000000000e+00       0.000000000000e+00 
  484       8.715581206901e-14       1.330702220636e-15       5.328905593647e-15       5.744149789625e-16       0.000000000000e+00       0.000000000000e+00       0.000000000000e+00 
  485       8.782667003617e-14       1.314599565697e-15       5.382836476837e-15       5.698221784279e-16       0.000000000000e+00       0.000000000000e+00       0.000000000000e+00 
  486       8.851864207345e-14       1.298315410979e-15       5.432032401953e-15       5.653066500136e-16       0.000000000000e+00       0.000000000000e+00       0.000000000000e+00 
  487       8.922899917895e-14       1.281872214139e-15       5.476487038232e-15       5.608705473080e-16       0.000000000000e+00       0.000000000000e+00       0.000000000000e+00 
  488       8.995496468245e-14       1.265292813013e-15       5.516194704709e-15       5.565160424418e-16       0.000000000000e+00       0.000000000000e+00       0.000000000000e+00 
  489       9.069371399660e-14       1.248600427569e-15       5.551150374853e-15       5.522453261492e-16       0.000000000000e+00       0.000000000000e+00       0.000000000000e+00 
  490       9.144237436806e-14       1.231818661858e-15       5.581349681212e-15       5.480606078295e-16       0.000000000000e+00       0.000000000000e+00       0.000000000000e+00 
  491       9.219802462870e-14       1.214971505966e-15       5.606788920043e-15       5.439641156076e-16       0.000000000000e+00       0.000000000000e+00       0.000000000000e+00 
  492       9.295769494677e-14       1.198083337963e-15       5.627465055959e-15       5.399580963961e-16       0.000000000000e+00       0.000000000000e+00       0.000000000000e+00 
  493       9.371836657806e-14       1.181178925860e-15       5.643375726565e-15       5.360448159560e-16       0.000000000000e+00       0.000000000000e+00       0.000000000000e+00 
  494       9.447697161708e-14       1.164283429552e-15       5.654519247093e-15       5.322265589584e-16       0.000000000000e+00       0.000000000000e+00       0.000000000000e+00 
  495       9.523039274822e-14       1.147422402778e-15       5.660894615048e-15       5.285056290454e-16       0.000000000000e+00       0.000000000000e+00       0.000000000000e+00 
  496       9.597546299694e-14       1.130621795067e-15       5.662501514842e-15       5.248843488915e-16       0.000000000000e+00       0.000000000000e+00       0.000000000000e+00 
  497       9.670896548094e-14       1.113907953691e-15       5.659340322434e-15       5.213650602649e-16       0.000000000000e+00       0.000000000000e+00       0.000000000000e+00 
  498       9.742763316131e-14       1.097307625617e-15       5.651412109969e-15       5.179501240890e-16       0.000000000000e+00       0.000000000000e+00       0.000000000000e+00 
  499       9.812814859372e-14       1.080847959460e-15       5.638718650417e-15       5.146419205031e-16       0.000000000000e+00       0.000000000000e+00       0.000000000000e+00 
  500       9.880714367960e-14       1.064556507428e-15       5.621262422211e-15       5.114428489240e-16       0.000000000000e+00       0.000000000000e+00       0.000000000000e+00 
