# dimensionless [l(l+1)/2pi] C_l's for tensor mode
# for l=2 to 500, i.e. number of multipoles equal to 499
#
# -> if you prefer output in CAMB/HealPix/LensPix units/order, set 'format' to 'camb' in input file
# -> if you don't want to see such a header, set 'headers' to 'no' in input file
# -> for CMB lensing (phi), these are C_l^phi-phi for the lensing potential.
#    Remember the conversion factors:
#    C_l^dd (deflection) = l(l+1) C_l^phi-phi
#    C_l^gg (shear/convergence) = 1/4 (l(l+1))^2 C_l^phi-phi
#
# 1:l     2:TT                     3:EE                     4:TE                     5:BB                     6:phiphi                 7:TPhi                   8:Ephi               
    2       1.404604635780e-10       2.664194372930e-15       1.638387900700e-13       4.759174372335e-15       0.000000000000e+00       0.000000000000e+00       0.000000000000e+00 
    3       1.079602519650e-10       2.825111529238e-15      -8.383698441590e-15       4.799444878946e-15       0.000000000000e+00       0.000000000000e+00       0.000000000000e+00 
    4       9.692957136194e-11       2.594900123560e-15      -6.034571849138e-14       4.178046768086e-15       0.000000000000e+00       0.000000000000e+00       0.000000000000e+00 
    5       9.232902979887e-11       2.075462569196e-15      -7.112559536157e-14       3.275397532827e-15       0.000000000000e+00       0.000000000000e+00       0.000000000000e+00 
    6       8.962262383021e-11       1.496803527069e-15      -6.761207797545e-14       2.378342291873e-15       0.000000000000e+00       0.000000000000e+00       0.000000000000e+00 
    7       8.791860532465e-11       1.019797824335e-15      -5.999658344018e-14       1.645325572775e-15       0.000000000000e+00       0.000000000000e+00       0.000000000000e+00 
    8       8.677295117836e-11       7.102296739470e-16      -5.278047690709e-14       1.129634406535e-15       0.000000000000e+00       0.000000000000e+00       0.000000000000e+00 
    9       8.594435050564e-11       5.631778158028e-16      -4.763817831899e-14       8.198117521125e-16       0.000000000000e+00       0.000000000000e+00       0.000000000000e+00 
   10       8.529353226168e-11       5.394032651071e-16      -4.489922259771e-14       6.743673055565e-16       0.000000000000e+00       0.000000000000e+00       0.000000000000e+00 
   11       8.473903742072e-11       5.937097992900e-16      -4.434076829505e-14       6.454944781631e-16       0.000000000000e+00       0.000000000000e+00       0.000000000000e+00 
   12       8.423368070181e-11       6.905126445221e-16      -4.557639394389e-14       6.914497083065e-16       0.000000000000e+00       0.000000000000e+00       0.000000000000e+00 
   13       8.374950865769e-11       8.075451926940e-16      -4.822070887803e-14       7.816716961345e-16       0.000000000000e+00       0.000000000000e+00       0.000000000000e+00 
   14       8.326919549104e-11       9.342508884627e-16      -5.196843677076e-14       8.960560619493e-16       0.000000000000e+00       0.000000000000e+00       0.000000000000e+00 
   15       8.278195034032e-11       1.066618071258e-15      -5.660205599263e-14       1.023461163335e-15       0.000000000000e+00       0.000000000000e+00       0.000000000000e+00 
   16       8.228140526448e-11       1.203901782671e-15      -6.196499447882e-14       1.158395876390e-15       0.000000000000e+00       0.000000000000e+00       0.000000000000e+00 
   17       8.176414536041e-11       1.346838802793e-15      -6.794467322023e-14       1.298102592501e-15       0.000000000000e+00       0.000000000000e+00       0.000000000000e+00 
   18       8.122264846237e-11       1.495276473419e-15      -7.446572947543e-14       1.442238458844e-15       0.000000000000e+00       0.000000000000e+00       0.000000000000e+00 
   19       8.067420335035e-11       1.649089231880e-15      -8.148106936072e-14       1.590586121793e-15       0.000000000000e+00       0.000000000000e+00       0.000000000000e+00 
   20       8.009977683464e-11       1.808329885375e-15      -8.892837251534e-14       1.742908611657e-15       0.000000000000e+00       0.000000000000e+00       0.000000000000e+00 
   21       7.950993493512e-11       1.972795335647e-15      -9.677456352124e-14       1.899105264314e-15       0.000000000000e+00       0.000000000000e+00       0.000000000000e+00 
   22       7.889934378952e-11       2.142233368704e-15      -1.049859218723e-13       2.059190269433e-15       0.000000000000e+00       0.000000000000e+00       0.000000000000e+00 
   23       7.827546942225e-11       2.316501330744e-15      -1.135288896073e-13       2.223065409413e-15       0.000000000000e+00       0.000000000000e+00       0.000000000000e+00 
   24       7.763233507415e-11       2.495526671551e-15      -1.223644312511e-13       2.390623895646e-15       0.000000000000e+00       0.000000000000e+00       0.000000000000e+00 
   25       7.697587609401e-11       2.679251068101e-15      -1.314623917644e-13       2.561673604825e-15       0.000000000000e+00       0.000000000000e+00       0.000000000000e+00 
   26       7.630286171224e-11       2.867671427804e-15      -1.407926116853e-13       2.736002033353e-15       0.000000000000e+00       0.000000000000e+00       0.000000000000e+00 
   27       7.561576441854e-11       3.060890713902e-15      -1.503293578535e-13       2.913352787860e-15       0.000000000000e+00       0.000000000000e+00       0.000000000000e+00 
   28       7.491063338740e-11       3.259022077633e-15      -1.600469287709e-13       3.093467614004e-15       0.000000000000e+00       0.000000000000e+00       0.000000000000e+00 
   29       7.419530776827e-11       3.461886998069e-15      -1.699222690833e-13       3.276127355609e-15       0.000000000000e+00       0.000000000000e+00       0.000000000000e+00 
   30       7.347069215798e-11       3.669185701670e-15      -1.799317655338e-13       3.461138725324e-15       0.000000000000e+00       0.000000000000e+00       0.000000000000e+00 
   31       7.272869758580e-11       3.880586684760e-15      -1.900510131413e-13       3.648313530719e-15       0.000000000000e+00       0.000000000000e+00       0.000000000000e+00 
   32       7.197451527359e-11       4.095797978358e-15      -2.002587954115e-13       3.837413053680e-15       0.000000000000e+00       0.000000000000e+00       0.000000000000e+00 
   33       7.121043590012e-11       4.314517670206e-15      -2.105345886774e-13       4.028183201426e-15       0.000000000000e+00       0.000000000000e+00       0.000000000000e+00 
   34       7.043270289941e-11       4.536438460220e-15      -2.208580373485e-13       4.220373934255e-15       0.000000000000e+00       0.000000000000e+00       0.000000000000e+00 
   35       6.964464959876e-11       4.761335729877e-15      -2.312106178408e-13       4.413757421614e-15       0.000000000000e+00       0.000000000000e+00       0.000000000000e+00 
   36       6.884667204823e-11       4.989009451358e-15      -2.415746567052e-13       4.608116608611e-15       0.000000000000e+00       0.000000000000e+00       0.000000000000e+00 
   37       6.803534277474e-11       5.219265685796e-15      -2.519322810102e-13       4.803230547655e-15       0.000000000000e+00       0.000000000000e+00       0.000000000000e+00 
   38       6.721490451052e-11       5.451932198940e-15      -2.622630783476e-13       4.998839273279e-15       0.000000000000e+00       0.000000000000e+00       0.000000000000e+00 
   39       6.638857723144e-11       5.686848668854e-15      -2.725457187135e-13       5.194666949896e-15       0.000000000000e+00       0.000000000000e+00       0.000000000000e+00 
   40       6.555485710964e-11       5.923863176683e-15      -2.827585966676e-13       5.390430609394e-15       0.000000000000e+00       0.000000000000e+00       0.000000000000e+00 
   41       6.470984145718e-11       6.162827033815e-15      -2.928836329341e-13       5.585847303186e-15       0.000000000000e+00       0.000000000000e+00       0.000000000000e+00 
   42       6.385628675529e-11       6.403575978135e-15      -3.029191332670e-13       5.780659606890e-15       0.000000000000e+00       0.000000000000e+00       0.000000000000e+00 
   43       6.299667805888e-11       6.645943738707e-15      -3.128711396143e-13       5.974617544215e-15       0.000000000000e+00       0.000000000000e+00       0.000000000000e+00 
   44       6.213038143846e-11       6.889767334493e-15      -3.227502737337e-13       6.167471640142e-15       0.000000000000e+00       0.000000000000e+00       0.000000000000e+00 
   45       6.125532292208e-11       7.134875300154e-15      -3.325646585729e-13       6.358968545368e-15       0.000000000000e+00       0.000000000000e+00       0.000000000000e+00 
   46       6.037431872144e-11       7.381047865003e-15      -3.422955144954e-13       6.548836332723e-15       0.000000000000e+00       0.000000000000e+00       0.000000000000e+00 
   47       5.949013591937e-11       7.628045086323e-15      -3.519147324072e-13       6.736794817230e-15       0.000000000000e+00       0.000000000000e+00       0.000000000000e+00 
   48       5.860350647472e-11       7.875617174424e-15      -3.613914463346e-13       6.922559318419e-15       0.000000000000e+00       0.000000000000e+00       0.000000000000e+00 
   49       5.771294603230e-11       8.123503934881e-15      -3.706918834443e-13       7.105840415130e-15       0.000000000000e+00       0.000000000000e+00       0.000000000000e+00 
   50       5.681614264446e-11       8.371426776153e-15      -3.797821658172e-13       7.286356836370e-15       0.000000000000e+00       0.000000000000e+00       0.000000000000e+00 
   51       5.591498768789e-11       8.619063468854e-15      -3.886379602893e-13       7.463878827812e-15       0.000000000000e+00       0.000000000000e+00       0.000000000000e+00 
   52       5.501159733416e-11       8.866065571050e-15      -3.972371887017e-13       7.638196132809e-15       0.000000000000e+00       0.000000000000e+00       0.000000000000e+00 
   53       5.410675722523e-11       9.112064377980e-15      -4.055572942683e-13       7.809106249283e-15       0.000000000000e+00       0.000000000000e+00       0.000000000000e+00 
   54       5.319981516157e-11       9.356670014433e-15      -4.135752305018e-13       7.976414802700e-15       0.000000000000e+00       0.000000000000e+00       0.000000000000e+00 
   55       5.228963265222e-11       9.599508593415e-15      -4.212698944019e-13       8.139937735165e-15       0.000000000000e+00       0.000000000000e+00       0.000000000000e+00 
   56       5.137796222145e-11       9.840346581226e-15      -4.286301592241e-13       8.299507655075e-15       0.000000000000e+00       0.000000000000e+00       0.000000000000e+00 
   57       5.046672113243e-11       1.007899573756e-14      -4.356488178265e-13       8.454969718147e-15       0.000000000000e+00       0.000000000000e+00       0.000000000000e+00 
   58       4.955694141313e-11       1.031527831900e-14      -4.423203955680e-13       8.606180383568e-15       0.000000000000e+00       0.000000000000e+00       0.000000000000e+00 
   59       4.864870379892e-11       1.054902765449e-14      -4.486412344656e-13       8.753007857719e-15       0.000000000000e+00       0.000000000000e+00       0.000000000000e+00 
   60       4.774107167494e-11       1.078008872080e-14      -4.546095773516e-13       8.895332537913e-15       0.000000000000e+00       0.000000000000e+00       0.000000000000e+00 
   61       4.683289814413e-11       1.100830999754e-14      -4.602243268071e-13       9.033044962243e-15       0.000000000000e+00       0.000000000000e+00       0.000000000000e+00 
   62       4.592560836255e-11       1.123351559371e-14      -4.654808060485e-13       9.166038117560e-15       0.000000000000e+00       0.000000000000e+00       0.000000000000e+00 
   63       4.502092735103e-11       1.145552785740e-14      -4.703741915344e-13       9.294214184488e-15       0.000000000000e+00       0.000000000000e+00       0.000000000000e+00 
   64       4.412002438479e-11       1.167417583703e-14      -4.749007955011e-13       9.417487236322e-15       0.000000000000e+00       0.000000000000e+00       0.000000000000e+00 
   65       4.322347463954e-11       1.188929558012e-14      -4.790581080705e-13       9.535783603632e-15       0.000000000000e+00       0.000000000000e+00       0.000000000000e+00 
   66       4.233122083757e-11       1.210073043212e-14      -4.828448393600e-13       9.649042238859e-15       0.000000000000e+00       0.000000000000e+00       0.000000000000e+00 
   67       4.144253489386e-11       1.230833133516e-14      -4.862609615905e-13       9.757215080918e-15       0.000000000000e+00       0.000000000000e+00       0.000000000000e+00 
   68       4.055661707078e-11       1.251195174701e-14      -4.893071480268e-13       9.860258681264e-15       0.000000000000e+00       0.000000000000e+00       0.000000000000e+00 
   69       3.967462015204e-11       1.271143053460e-14      -4.919828636583e-13       9.958106296758e-15       0.000000000000e+00       0.000000000000e+00       0.000000000000e+00 
   70       3.879796840357e-11       1.290660613507e-14      -4.942879615086e-13       1.005069077108e-14       0.000000000000e+00       0.000000000000e+00       0.000000000000e+00 
   71       3.792773470086e-11       1.309732178725e-14      -4.962232777771e-13       1.013795291153e-14       0.000000000000e+00       0.000000000000e+00       0.000000000000e+00 
   72       3.706461847966e-11       1.328342569284e-14      -4.977906585222e-13       1.021984163011e-14       0.000000000000e+00       0.000000000000e+00       0.000000000000e+00 
   73       3.620892368658e-11       1.346477117757e-14      -4.989929863431e-13       1.029631408466e-14       0.000000000000e+00       0.000000000000e+00       0.000000000000e+00 
   74       3.536053672984e-11       1.364121685242e-14      -4.998342070629e-13       1.036733581996e-14       0.000000000000e+00       0.000000000000e+00       0.000000000000e+00 
   75       3.451890442990e-11       1.381262677480e-14      -5.003193564108e-13       1.043288090882e-14       0.000000000000e+00       0.000000000000e+00       0.000000000000e+00 
   76       3.368345392740e-11       1.397887188500e-14      -5.004539207068e-13       1.049293192476e-14       0.000000000000e+00       0.000000000000e+00       0.000000000000e+00 
   77       3.285498954938e-11       1.413983426146e-14      -5.002417253406e-13       1.054747954225e-14       0.000000000000e+00       0.000000000000e+00       0.000000000000e+00 
   78       3.203451179265e-11       1.429540393795e-14      -4.996867079345e-13       1.059652311962e-14       0.000000000000e+00       0.000000000000e+00       0.000000000000e+00 
   79       3.122278518763e-11       1.444547788144e-14      -4.987935629972e-13       1.064007099641e-14       0.000000000000e+00       0.000000000000e+00       0.000000000000e+00 
   80       3.042032531170e-11       1.458996017944e-14      -4.975677549497e-13       1.067814063111e-14       0.000000000000e+00       0.000000000000e+00       0.000000000000e+00 
   81       2.962738580259e-11       1.472876222740e-14      -4.960155311508e-13       1.071075873873e-14       0.000000000000e+00       0.000000000000e+00       0.000000000000e+00 
   82       2.884394537172e-11       1.486180291596e-14      -4.941439349226e-13       1.073796142850e-14       0.000000000000e+00       0.000000000000e+00       0.000000000000e+00 
   83       2.806969481758e-11       1.498900881836e-14      -4.919608185766e-13       1.075979434154e-14       0.000000000000e+00       0.000000000000e+00       0.000000000000e+00 
   84       2.730431834384e-11       1.511031145202e-14      -4.894742864783e-13       1.077630783296e-14       0.000000000000e+00       0.000000000000e+00       0.000000000000e+00 
   85       2.654841954503e-11       1.522563813137e-14      -4.866908896259e-13       1.078754129920e-14       0.000000000000e+00       0.000000000000e+00       0.000000000000e+00 
   86       2.580272583311e-11       1.533491993505e-14      -4.836171542612e-13       1.079353649281e-14       0.000000000000e+00       0.000000000000e+00       0.000000000000e+00 
   87       2.506779985947e-11       1.543809463296e-14      -4.802601286153e-13       1.079434230053e-14       0.000000000000e+00       0.000000000000e+00       0.000000000000e+00 
   88       2.434403147465e-11       1.553510682438e-14      -4.766273863549e-13       1.079001479761e-14       0.000000000000e+00       0.000000000000e+00       0.000000000000e+00 
   89       2.363162968800e-11       1.562590807623e-14      -4.727270300289e-13       1.078061730225e-14       0.000000000000e+00       0.000000000000e+00       0.000000000000e+00 
   90       2.293061462732e-11       1.571045706113e-14      -4.685676945149e-13       1.076622042991e-14       0.000000000000e+00       0.000000000000e+00       0.000000000000e+00 
   91       2.224080949852e-11       1.578871969566e-14      -4.641585504657e-13       1.074690214770e-14       0.000000000000e+00       0.000000000000e+00       0.000000000000e+00 
   92       2.156183254528e-11       1.586066927848e-14      -4.595093077559e-13       1.072274782874e-14       0.000000000000e+00       0.000000000000e+00       0.000000000000e+00 
   93       2.089333110381e-11       1.592628433800e-14      -4.546297249025e-13       1.069384630841e-14       0.000000000000e+00       0.000000000000e+00       0.000000000000e+00 
   94       2.023574149837e-11       1.598554150495e-14      -4.495280454412e-13       1.066027725649e-14       0.000000000000e+00       0.000000000000e+00       0.000000000000e+00 
   95       1.958962910007e-11       1.603842181831e-14      -4.442123316592e-13       1.062212199742e-14       0.000000000000e+00       0.000000000000e+00       0.000000000000e+00 
   96       1.895545176121e-11       1.608491302562e-14      -4.386909343763e-13       1.057946733878e-14       0.000000000000e+00       0.000000000000e+00       0.000000000000e+00 
   97       1.833355509815e-11       1.612500968968e-14      -4.329724896105e-13       1.053240557073e-14       0.000000000000e+00       0.000000000000e+00       0.000000000000e+00 
   98       1.772416777413e-11       1.615871329532e-14      -4.270659152426e-13       1.048103446551e-14       0.000000000000e+00       0.000000000000e+00       0.000000000000e+00 
   99       1.712739678217e-11       1.618603235606e-14      -4.209804076818e-13       1.042545727693e-14       0.000000000000e+00       0.000000000000e+00       0.000000000000e+00 
  100       1.654322272791e-11       1.620698252093e-14      -4.147254385303e-13       1.036578273985e-14       0.000000000000e+00       0.000000000000e+00       0.000000000000e+00 
  101       1.597149511247e-11       1.622158668110e-14      -4.083107512490e-13       1.030212506969e-14       0.000000000000e+00       0.000000000000e+00       0.000000000000e+00 
  102       1.541192761531e-11       1.622987507667e-14      -4.017463578218e-13       1.023460396186e-14       0.000000000000e+00       0.000000000000e+00       0.000000000000e+00 
  103       1.486409337712e-11       1.623188540338e-14      -3.950425354216e-13       1.016334459132e-14       0.000000000000e+00       0.000000000000e+00       0.000000000000e+00 
  104       1.432760452020e-11       1.622765940939e-14      -3.882094288498e-13       1.008847305445e-14       0.000000000000e+00       0.000000000000e+00       0.000000000000e+00 
  105       1.380268848838e-11       1.621723193219e-14      -3.812558038763e-13       1.001010199460e-14       0.000000000000e+00       0.000000000000e+00       0.000000000000e+00 
  106       1.328968113060e-11       1.620064057281e-14      -3.741901184932e-13       9.928343024800e-15       0.000000000000e+00       0.000000000000e+00       0.000000000000e+00 
  107       1.278884675560e-11       1.617792914086e-14      -3.670208945264e-13       9.843311061927e-15       0.000000000000e+00       0.000000000000e+00       0.000000000000e+00 
  108       1.230037543935e-11       1.614914772267e-14      -3.597567099688e-13       9.755124276099e-15       0.000000000000e+00       0.000000000000e+00       0.000000000000e+00 
  109       1.182438033252e-11       1.611435274948e-14      -3.524061913131e-13       9.663904040095e-15       0.000000000000e+00       0.000000000000e+00       0.000000000000e+00 
  110       1.136089496795e-11       1.607360706554e-14      -3.449780058850e-13       9.569774878752e-15       0.000000000000e+00       0.000000000000e+00       0.000000000000e+00 
  111       1.090987056803e-11       1.602697999633e-14      -3.374808541759e-13       9.472864418370e-15       0.000000000000e+00       0.000000000000e+00       0.000000000000e+00 
  112       1.047117335221e-11       1.597454741668e-14      -3.299234621763e-13       9.373303336119e-15       0.000000000000e+00       0.000000000000e+00       0.000000000000e+00 
  113       1.004458184445e-11       1.591639181891e-14      -3.223145737080e-13       9.271225309435e-15       0.000000000000e+00       0.000000000000e+00       0.000000000000e+00 
  114       9.629784180597e-12       1.585260238105e-14      -3.146629427578e-13       9.166766965430e-15       0.000000000000e+00       0.000000000000e+00       0.000000000000e+00 
  115       9.226375415931e-12       1.578327503491e-14      -3.069773258102e-13       9.060067830296e-15       0.000000000000e+00       0.000000000000e+00       0.000000000000e+00 
  116       8.833984266799e-12       1.570850843288e-14      -2.992662977103e-13       8.951266312236e-15       0.000000000000e+00       0.000000000000e+00       0.000000000000e+00 
  117       8.452676573853e-12       1.562839114599e-14      -2.915376902460e-13       8.840487204371e-15       0.000000000000e+00       0.000000000000e+00       0.000000000000e+00 
  118       8.082596064478e-12       1.554301303011e-14      -2.837990705927e-13       8.727852560340e-15       0.000000000000e+00       0.000000000000e+00       0.000000000000e+00 
  119       7.723837776429e-12       1.545246921962e-14      -2.760579025491e-13       8.613485440076e-15       0.000000000000e+00       0.000000000000e+00       0.000000000000e+00 
  120       7.376446509708e-12       1.535686015934e-14      -2.683215373094e-13       8.497509824147e-15       0.000000000000e+00       0.000000000000e+00       0.000000000000e+00 
  121       7.040415278435e-12       1.525629163640e-14      -2.605972042362e-13       8.380050528082e-15       0.000000000000e+00       0.000000000000e+00       0.000000000000e+00 
  122       6.715683762718e-12       1.515087481216e-14      -2.528920016330e-13       8.261233116709e-15       0.000000000000e+00       0.000000000000e+00       0.000000000000e+00 
  123       6.402136760525e-12       1.504072625407e-14      -2.452128875172e-13       8.141183818485e-15       0.000000000000e+00       0.000000000000e+00       0.000000000000e+00 
  124       6.099602639558e-12       1.492596796757e-14      -2.375666703925e-13       8.020029439833e-15       0.000000000000e+00       0.000000000000e+00       0.000000000000e+00 
  125       5.807851789121e-12       1.480672742801e-14      -2.299600000215e-13       7.897897279471e-15       0.000000000000e+00       0.000000000000e+00       0.000000000000e+00 
  126       5.526595071992e-12       1.468313761250e-14      -2.223993581985e-13       7.774915042749e-15       0.000000000000e+00       0.000000000000e+00       0.000000000000e+00 
  127       5.255482276299e-12       1.455533703184e-14      -2.148910495221e-13       7.651210755979e-15       0.000000000000e+00       0.000000000000e+00       0.000000000000e+00 
  128       4.994100567385e-12       1.442346976240e-14      -2.074411921682e-13       7.526912680771e-15       0.000000000000e+00       0.000000000000e+00       0.000000000000e+00 
  129       4.742071388727e-12       1.428768004936e-14      -2.000557131023e-13       7.402146491512e-15       0.000000000000e+00       0.000000000000e+00       0.000000000000e+00 
  130       4.499356471662e-12       1.414809537953e-14      -1.927403527254e-13       7.277026639676e-15       0.000000000000e+00       0.000000000000e+00       0.000000000000e+00 
  131       4.265982625930e-12       1.400484160323e-14      -1.855006433025e-13       7.151663875867e-15       0.000000000000e+00       0.000000000000e+00       0.000000000000e+00 
  132       4.041945464427e-12       1.385804818958e-14      -1.783418954632e-13       7.026167797537e-15       0.000000000000e+00       0.000000000000e+00       0.000000000000e+00 
  133       3.827208559546e-12       1.370784821955e-14      -1.712691890059e-13       6.900646743736e-15       0.000000000000e+00       0.000000000000e+00       0.000000000000e+00 
  134       3.621702599510e-12       1.355437837903e-14      -1.642873637021e-13       6.775207689858e-15       0.000000000000e+00       0.000000000000e+00       0.000000000000e+00 
  135       3.425324544712e-12       1.339777895182e-14      -1.574010101013e-13       6.649956142398e-15       0.000000000000e+00       0.000000000000e+00       0.000000000000e+00 
  136       3.237936784050e-12       1.323819381275e-14      -1.506144603348e-13       6.524996033691e-15       0.000000000000e+00       0.000000000000e+00       0.000000000000e+00 
  137       3.059366291266e-12       1.307577042067e-14      -1.439317789208e-13       6.400429616672e-15       0.000000000000e+00       0.000000000000e+00       0.000000000000e+00 
  138       2.889403781282e-12       1.291065981153e-14      -1.373567535684e-13       6.276357359617e-15       0.000000000000e+00       0.000000000000e+00       0.000000000000e+00 
  139       2.727802866535e-12       1.274301659141e-14      -1.308928859820e-13       6.152877840897e-15       0.000000000000e+00       0.000000000000e+00       0.000000000000e+00 
  140       2.574279213318e-12       1.257299892957e-14      -1.245433826660e-13       6.030087643725e-15       0.000000000000e+00       0.000000000000e+00       0.000000000000e+00 
  141       2.428509698114e-12       1.240076855150e-14      -1.183111457292e-13       5.908081250906e-15       0.000000000000e+00       0.000000000000e+00       0.000000000000e+00 
  142       2.290131563934e-12       1.222649073198e-14      -1.121987636890e-13       5.786950939589e-15       0.000000000000e+00       0.000000000000e+00       0.000000000000e+00 
  143       2.158741576654e-12       1.205033428811e-14      -1.062085022762e-13       5.666786676012e-15       0.000000000000e+00       0.000000000000e+00       0.000000000000e+00 
  144       2.033970988152e-12       1.187246526689e-14      -1.003425652126e-13       5.547675564980e-15       0.000000000000e+00       0.000000000000e+00       0.000000000000e+00 
  145       1.915720536031e-12       1.169302732133e-14      -9.460392493396e-14       5.429700359320e-15       0.000000000000e+00       0.000000000000e+00       0.000000000000e+00 
  146       1.803947115810e-12       1.151215937746e-14      -8.899555666626e-14       5.312940602719e-15       0.000000000000e+00       0.000000000000e+00       0.000000000000e+00 
  147       1.698589650096e-12       1.133000172326e-14      -8.352016822982e-14       5.197472954942e-15       0.000000000000e+00       0.000000000000e+00       0.000000000000e+00 
  148       1.599568680589e-12       1.114669596551e-14      -7.818019239533e-14       5.083371084029e-15       0.000000000000e+00       0.000000000000e+00       0.000000000000e+00 
  149       1.506785960095e-12       1.096238498655e-14      -7.297777923987e-14       4.970705558480e-15       0.000000000000e+00       0.000000000000e+00       0.000000000000e+00 
  150       1.420124044528e-12       1.077721290111e-14      -6.791478850289e-14       4.859543739448e-15       0.000000000000e+00       0.000000000000e+00       0.000000000000e+00 
  151       1.339445884924e-12       1.059132501313e-14      -6.299278194222e-14       4.749949672928e-15       0.000000000000e+00       0.000000000000e+00       0.000000000000e+00 
  152       1.264594419446e-12       1.040486777255e-14      -5.821301569011e-14       4.641983981948e-15       0.000000000000e+00       0.000000000000e+00       0.000000000000e+00 
  153       1.195392165394e-12       1.021798873212e-14      -5.357643260921e-14       4.535703758760e-15       0.000000000000e+00       0.000000000000e+00       0.000000000000e+00 
  154       1.131640811212e-12       1.003083650422e-14      -4.908365464859e-14       4.431162457029e-15       0.000000000000e+00       0.000000000000e+00       0.000000000000e+00 
  155       1.073120808496e-12       9.843560717671e-15      -4.473497519973e-14       4.328409784024e-15       0.000000000000e+00       0.000000000000e+00       0.000000000000e+00 
  156       1.019590964005e-12       9.656311974533e-15      -4.053035145257e-14       4.227491592809e-15       0.000000000000e+00       0.000000000000e+00       0.000000000000e+00 
  157       9.707880316651e-13       9.469241806917e-15      -3.646939675147e-14       4.128449774430e-15       0.000000000000e+00       0.000000000000e+00       0.000000000000e+00 
  158       9.264263045817e-13       9.282502633796e-15      -3.255137295126e-14       4.031322150110e-15       0.000000000000e+00       0.000000000000e+00       0.000000000000e+00 
  159       8.861972070454e-13       9.096247717815e-15      -2.877518277321e-14       3.936142363438e-15       0.000000000000e+00       0.000000000000e+00       0.000000000000e+00 
  160       8.497688865413e-13       8.910631122100e-15      -2.513936216108e-14       3.842939772554e-15       0.000000000000e+00       0.000000000000e+00       0.000000000000e+00 
  161       8.168392374055e-13       8.725801735619e-15      -2.164254949284e-14       3.751742590105e-15       0.000000000000e+00       0.000000000000e+00       0.000000000000e+00 
  162       7.873010977568e-13       8.541884846194e-15      -1.828495589331e-14       3.662587841447e-15       0.000000000000e+00       0.000000000000e+00       0.000000000000e+00 
  163       7.610909496447e-13       8.358998847814e-15      -1.506701094164e-14       3.575512085132e-15       0.000000000000e+00       0.000000000000e+00       0.000000000000e+00 
  164       7.381366404435e-13       8.177260955596e-15      -1.198889210318e-14       3.490548152220e-15       0.000000000000e+00       0.000000000000e+00       0.000000000000e+00 
  165       7.183572206933e-13       7.996787135306e-15      -9.050519279494e-15       3.407725053415e-15       0.000000000000e+00       0.000000000000e+00       0.000000000000e+00 
  166       7.016627819403e-13       7.817692032877e-15      -6.251549358235e-15       3.327067886200e-15       0.000000000000e+00       0.000000000000e+00       0.000000000000e+00 
  167       6.879542945774e-13       7.640088903929e-15      -3.591370763177e-15       3.248597741964e-15       0.000000000000e+00       0.000000000000e+00       0.000000000000e+00 
  168       6.771234456852e-13       7.464089543289e-15      -1.069098004148e-15       3.172331613142e-15       0.000000000000e+00       0.000000000000e+00       0.000000000000e+00 
  169       6.690524768718e-13       7.289804214508e-15       1.316433773003e-15       3.098282300341e-15       0.000000000000e+00       0.000000000000e+00       0.000000000000e+00 
  170       6.636140221139e-13       7.117341579383e-15       3.566674236446e-15       3.026458319478e-15       0.000000000000e+00       0.000000000000e+00       0.000000000000e+00 
  171       6.606709455976e-13       6.946808627474e-15       5.683363318403e-15       2.956863808910e-15       0.000000000000e+00       0.000000000000e+00       0.000000000000e+00 
  172       6.600761795583e-13       6.778310605625e-15       7.668536665190e-15       2.889498436568e-15       0.000000000000e+00       0.000000000000e+00       0.000000000000e+00 
  173       6.616725621216e-13       6.611950947481e-15       9.524531087255e-15       2.824357307090e-15       0.000000000000e+00       0.000000000000e+00       0.000000000000e+00 
  174       6.652926751442e-13       6.447831203010e-15       1.125399000921e-14       2.761430868952e-15       0.000000000000e+00       0.000000000000e+00       0.000000000000e+00 
  175       6.707586820539e-13       6.286050968020e-15       1.285986891988e-14       2.700704821602e-15       0.000000000000e+00       0.000000000000e+00       0.000000000000e+00 
  176       6.778821656906e-13       6.126707813679e-15       1.434544082234e-14       2.642160022595e-15       0.000000000000e+00       0.000000000000e+00       0.000000000000e+00 
  177       6.864639661466e-13       5.969897216034e-15       1.571430168393e-14       2.585772394723e-15       0.000000000000e+00       0.000000000000e+00       0.000000000000e+00 
  178       6.962940186074e-13       5.815712485533e-15       1.697037588631e-14       2.531512833146e-15       0.000000000000e+00       0.000000000000e+00       0.000000000000e+00 
  179       7.071511911921e-13       5.664244696540e-15       1.811792167553e-14       2.479347112532e-15       0.000000000000e+00       0.000000000000e+00       0.000000000000e+00 
  180       7.188365052723e-13       5.515579687775e-15       1.916088987509e-14       2.429243323525e-15       0.000000000000e+00       0.000000000000e+00       0.000000000000e+00 
  181       7.312760880791e-13       5.369788944239e-15       2.010093163754e-14       2.381195037186e-15       0.000000000000e+00       0.000000000000e+00       0.000000000000e+00 
  182       7.444261112687e-13       5.226937853476e-15       2.093924242982e-14       2.335199807809e-15       0.000000000000e+00       0.000000000000e+00       0.000000000000e+00 
  183       7.582401049256e-13       5.087088488833e-15       2.167719758525e-14       2.291251744369e-15       0.000000000000e+00       0.000000000000e+00       0.000000000000e+00 
  184       7.726689183586e-13       4.950299528191e-15       2.231635537154e-14       2.249341445394e-15       0.000000000000e+00       0.000000000000e+00       0.000000000000e+00 
  185       7.876606808972e-13       4.816626172695e-15       2.285846005868e-14       2.209455933828e-15       0.000000000000e+00       0.000000000000e+00       0.000000000000e+00 
  186       8.031607626883e-13       4.686120065487e-15       2.330544498695e-14       2.171578591893e-15       0.000000000000e+00       0.000000000000e+00       0.000000000000e+00 
  187       8.191117354920e-13       4.558829210434e-15       2.365943563481e-14       2.135689095959e-15       0.000000000000e+00       0.000000000000e+00       0.000000000000e+00 
  188       8.354533334779e-13       4.434797890858e-15       2.392275268690e-14       2.101763351405e-15       0.000000000000e+00       0.000000000000e+00       0.000000000000e+00 
  189       8.521224140218e-13       4.314066588274e-15       2.409791510195e-14       2.069773427488e-15       0.000000000000e+00       0.000000000000e+00       0.000000000000e+00 
  190       8.690529185016e-13       4.196671901109e-15       2.418764318076e-14       2.039687492205e-15       0.000000000000e+00       0.000000000000e+00       0.000000000000e+00 
  191       8.861758330939e-13       4.082646463443e-15       2.419486163415e-14       2.011469747161e-15       0.000000000000e+00       0.000000000000e+00       0.000000000000e+00 
  192       9.034191495700e-13       3.972018863734e-15       2.412270265086e-14       1.985080362433e-15       0.000000000000e+00       0.000000000000e+00       0.000000000000e+00 
  193       9.207078260925e-13       3.864813563553e-15       2.397450896559e-14       1.960475411432e-15       0.000000000000e+00       0.000000000000e+00       0.000000000000e+00 
  194       9.379637480111e-13       3.761050816309e-15       2.375383692684e-14       1.937606805776e-15       0.000000000000e+00       0.000000000000e+00       0.000000000000e+00 
  195       9.551056886597e-13       3.660746585986e-15       2.346445956498e-14       1.916422230146e-15       0.000000000000e+00       0.000000000000e+00       0.000000000000e+00 
  196       9.720492701518e-13       3.563912465868e-15       2.311036966008e-14       1.896865077159e-15       0.000000000000e+00       0.000000000000e+00       0.000000000000e+00 
  197       9.887069241776e-13       3.470555597275e-15       2.269578280995e-14       1.878874382229e-15       0.000000000000e+00       0.000000000000e+00       0.000000000000e+00 
  198       1.004987852800e-12       3.380678588289e-15       2.222514049806e-14       1.862384758431e-15       0.000000000000e+00       0.000000000000e+00       0.000000000000e+00 
  199       1.020797989249e-12       3.294279432489e-15       2.170311316147e-14       1.847326331373e-15       0.000000000000e+00       0.000000000000e+00       0.000000000000e+00 
  200       1.036039958723e-12       3.211351427679e-15       2.113460325880e-14       1.833624674051e-15       0.000000000000e+00       0.000000000000e+00       0.000000000000e+00 
  201       1.050628595168e-12       3.131886442764e-15       2.052409847799e-14       1.821211195607e-15       0.000000000000e+00       0.000000000000e+00       0.000000000000e+00 
  202       1.064538808329e-12       3.055885147435e-15       1.987367349356e-14       1.810055269981e-15       0.000000000000e+00       0.000000000000e+00       0.000000000000e+00 
  203       1.077761064270e-12       2.983347357327e-15       1.918485122295e-14       1.800134279305e-15       0.000000000000e+00       0.000000000000e+00       0.000000000000e+00 
  204       1.090286143440e-12       2.914268680633e-15       1.845924099755e-14       1.791423332265e-15       0.000000000000e+00       0.000000000000e+00       0.000000000000e+00 
  205       1.102105147436e-12       2.848640446734e-15       1.769853970995e-14       1.783895229872e-15       0.000000000000e+00       0.000000000000e+00       0.000000000000e+00 
  206       1.113209505780e-12       2.786449634820e-15       1.690453296118e-14       1.777520431218e-15       0.000000000000e+00       0.000000000000e+00       0.000000000000e+00 
  207       1.123590982693e-12       2.727678802522e-15       1.607909620805e-14       1.772267019240e-15       0.000000000000e+00       0.000000000000e+00       0.000000000000e+00 
  208       1.133241683861e-12       2.672306014533e-15       1.522419591037e-14       1.768100666483e-15       0.000000000000e+00       0.000000000000e+00       0.000000000000e+00 
  209       1.142154063214e-12       2.620304771238e-15       1.434189067826e-14       1.764984600859e-15       0.000000000000e+00       0.000000000000e+00       0.000000000000e+00 
  210       1.150320929696e-12       2.571643937339e-15       1.343433241941e-14       1.762879571410e-15       0.000000000000e+00       0.000000000000e+00       0.000000000000e+00 
  211       1.157735454034e-12       2.526287670480e-15       1.250376748635e-14       1.761743814073e-15       0.000000000000e+00       0.000000000000e+00       0.000000000000e+00 
  212       1.164391175517e-12       2.484195349874e-15       1.155253782375e-14       1.761533017437e-15       0.000000000000e+00       0.000000000000e+00       0.000000000000e+00 
  213       1.170282008761e-12       2.445321504933e-15       1.058308211566e-14       1.762200288506e-15       0.000000000000e+00       0.000000000000e+00       0.000000000000e+00 
  214       1.175402250487e-12       2.409615743887e-15       9.597936932817e-15       1.763696118465e-15       0.000000000000e+00       0.000000000000e+00       0.000000000000e+00 
  215       1.179746586291e-12       2.377022682416e-15       8.599737879909e-15       1.765968348436e-15       0.000000000000e+00       0.000000000000e+00       0.000000000000e+00 
  216       1.183310097415e-12       2.347481872275e-15       7.591220742842e-15       1.768962135245e-15       0.000000000000e+00       0.000000000000e+00       0.000000000000e+00 
  217       1.186088267523e-12       2.320927729917e-15       6.575222636029e-15       1.772619917178e-15       0.000000000000e+00       0.000000000000e+00       0.000000000000e+00 
  218       1.188076989470e-12       2.297289465124e-15       5.554683149657e-15       1.776881379750e-15       0.000000000000e+00       0.000000000000e+00       0.000000000000e+00 
  219       1.189272572076e-12       2.276491009632e-15       4.532645496964e-15       1.781683421462e-15       0.000000000000e+00       0.000000000000e+00       0.000000000000e+00 
  220       1.189671746896e-12       2.258450945753e-15       3.512257661517e-15       1.786960119563e-15       0.000000000000e+00       0.000000000000e+00       0.000000000000e+00 
  221       1.189271674996e-12       2.243082435008e-15       2.496773544485e-15       1.792642695813e-15       0.000000000000e+00       0.000000000000e+00       0.000000000000e+00 
  222       1.188069953724e-12       2.230293146749e-15       1.489554111916e-15       1.798659482248e-15       0.000000000000e+00       0.000000000000e+00       0.000000000000e+00 
  223       1.186064623479e-12       2.219985186784e-15       4.940685420105e-16       1.804935886934e-15       0.000000000000e+00       0.000000000000e+00       0.000000000000e+00 
  224       1.183256402165e-12       2.212066536978e-15      -4.865971587466e-16       1.811404877304e-15       0.000000000000e+00       0.000000000000e+00       0.000000000000e+00 
  225       1.179655534106e-12       2.206486338997e-15      -1.451251782548e-15       1.818039249875e-15       0.000000000000e+00       0.000000000000e+00       0.000000000000e+00 
  226       1.175275394640e-12       2.203201741230e-15      -2.399182273652e-15       1.824821369271e-15       0.000000000000e+00       0.000000000000e+00       0.000000000000e+00 
  227       1.170130314033e-12       2.202166548037e-15      -3.329669959222e-15       1.831732828022e-15       0.000000000000e+00       0.000000000000e+00       0.000000000000e+00 
  228       1.164235589555e-12       2.203331175778e-15      -4.241990574741e-15       1.838754437365e-15       0.000000000000e+00       0.000000000000e+00       0.000000000000e+00 
  229       1.157607497556e-12       2.206642608853e-15      -5.135414289434e-15       1.845866218053e-15       0.000000000000e+00       0.000000000000e+00       0.000000000000e+00 
  230       1.150263305542e-12       2.212044355727e-15      -6.009205731680e-15       1.853047391152e-15       0.000000000000e+00       0.000000000000e+00       0.000000000000e+00 
  231       1.142221284254e-12       2.219476404971e-15      -6.862624014432e-15       1.860276368849e-15       0.000000000000e+00       0.000000000000e+00       0.000000000000e+00 
  232       1.133500719740e-12       2.228875181290e-15      -7.694922760638e-15       1.867530745255e-15       0.000000000000e+00       0.000000000000e+00       0.000000000000e+00 
  233       1.124121925435e-12       2.240173501560e-15      -8.505350128654e-15       1.874787287210e-15       0.000000000000e+00       0.000000000000e+00       0.000000000000e+00 
  234       1.114106254235e-12       2.253300530858e-15      -9.293148837664e-15       1.882021925081e-15       0.000000000000e+00       0.000000000000e+00       0.000000000000e+00 
  235       1.103476110577e-12       2.268181738497e-15      -1.005755619310e-14       1.889209743574e-15       0.000000000000e+00       0.000000000000e+00       0.000000000000e+00 
  236       1.092254962509e-12       2.284738854062e-15      -1.079780411205e-14       1.896324972531e-15       0.000000000000e+00       0.000000000000e+00       0.000000000000e+00 
  237       1.080467353772e-12       2.302889823436e-15      -1.151311914869e-14       1.903340977736e-15       0.000000000000e+00       0.000000000000e+00       0.000000000000e+00 
  238       1.068138915872e-12       2.322548764842e-15      -1.220272251970e-14       1.910230251721e-15       0.000000000000e+00       0.000000000000e+00       0.000000000000e+00 
  239       1.055296380163e-12       2.343625924871e-15      -1.286583012966e-14       1.916964404565e-15       0.000000000000e+00       0.000000000000e+00       0.000000000000e+00 
  240       1.041967589914e-12       2.366027634515e-15      -1.350165259649e-14       1.923514154703e-15       0.000000000000e+00       0.000000000000e+00       0.000000000000e+00 
  241       1.028181512392e-12       2.389656265204e-15      -1.410939527688e-14       1.929849319723e-15       0.000000000000e+00       0.000000000000e+00       0.000000000000e+00 
  242       1.013968250937e-12       2.414410184835e-15      -1.468825829167e-14       1.935938807179e-15       0.000000000000e+00       0.000000000000e+00       0.000000000000e+00 
  243       9.993590570370e-13       2.440183713810e-15      -1.523743655129e-14       1.941750605383e-15       0.000000000000e+00       0.000000000000e+00       0.000000000000e+00 
  244       9.843863424055e-13       2.466867081066e-15      -1.575611978119e-14       1.947251774221e-15       0.000000000000e+00       0.000000000000e+00       0.000000000000e+00 
  245       9.690836910569e-13       2.494346380107e-15      -1.624349254721e-14       1.952408435947e-15       0.000000000000e+00       0.000000000000e+00       0.000000000000e+00 
  246       9.534858713838e-13       2.522503525042e-15      -1.669873428107e-14       1.957185765991e-15       0.000000000000e+00       0.000000000000e+00       0.000000000000e+00 
  247       9.376288482322e-13       2.551216206616e-15      -1.712101930572e-14       1.961547983763e-15       0.000000000000e+00       0.000000000000e+00       0.000000000000e+00 
  248       9.215497949790e-13       2.580357848240e-15      -1.750951686081e-14       1.965458343456e-15       0.000000000000e+00       0.000000000000e+00       0.000000000000e+00 
  249       9.052871056073e-13       2.609797562032e-15      -1.786339112806e-14       1.968879124848e-15       0.000000000000e+00       0.000000000000e+00       0.000000000000e+00 
  250       8.888758282924e-13       2.639417057071e-15      -1.818198704522e-14       1.971778241310e-15       0.000000000000e+00       0.000000000000e+00       0.000000000000e+00 
  251       8.723336489821e-13       2.669162537071e-15      -1.846539958741e-14       1.974149505723e-15       0.000000000000e+00       0.000000000000e+00       0.000000000000e+00 
  252       8.556741222144e-13       2.698995712960e-15      -1.871393739529e-14       1.975993516486e-15       0.000000000000e+00       0.000000000000e+00       0.000000000000e+00 
  253       8.389111801109e-13       2.728877108713e-15      -1.892794032204e-14       1.977311149021e-15       0.000000000000e+00       0.000000000000e+00       0.000000000000e+00 
  254       8.220591356976e-13       2.758766049810e-15      -1.910777981416e-14       1.978103559228e-15       0.000000000000e+00       0.000000000000e+00       0.000000000000e+00 
  255       8.051326862255e-13       2.788620651683e-15      -1.925385929210e-14       1.978372186945e-15       0.000000000000e+00       0.000000000000e+00       0.000000000000e+00 
  256       7.881469164910e-13       2.818397808170e-15      -1.936661453104e-14       1.978118759402e-15       0.000000000000e+00       0.000000000000e+00       0.000000000000e+00 
  257       7.711173021566e-13       2.848053179966e-15      -1.944651404156e-14       1.977345294683e-15       0.000000000000e+00       0.000000000000e+00       0.000000000000e+00 
  258       7.540597130719e-13       2.877541183078e-15      -1.949405945034e-14       1.976054105184e-15       0.000000000000e+00       0.000000000000e+00       0.000000000000e+00 
  259       7.369904165938e-13       2.906814977270e-15      -1.950978588091e-14       1.974247801069e-15       0.000000000000e+00       0.000000000000e+00       0.000000000000e+00 
  260       7.199260809073e-13       2.935826454525e-15      -1.949426233433e-14       1.971929293729e-15       0.000000000000e+00       0.000000000000e+00       0.000000000000e+00 
  261       7.028837783460e-13       2.964526227486e-15      -1.944809206994e-14       1.969101799240e-15       0.000000000000e+00       0.000000000000e+00       0.000000000000e+00 
  262       6.858809887131e-13       2.992863617917e-15      -1.937191298599e-14       1.965768841824e-15       0.000000000000e+00       0.000000000000e+00       0.000000000000e+00 
  263       6.689356026015e-13       3.020786645149e-15      -1.926639800044e-14       1.961934257300e-15       0.000000000000e+00       0.000000000000e+00       0.000000000000e+00 
  264       6.520659247150e-13       3.048242014537e-15      -1.913225543162e-14       1.957602196551e-15       0.000000000000e+00       0.000000000000e+00       0.000000000000e+00 
  265       6.352906771883e-13       3.075175105904e-15      -1.897022937896e-14       1.952777128974e-15       0.000000000000e+00       0.000000000000e+00       0.000000000000e+00 
  266       6.186290029083e-13       3.101529962003e-15      -1.878110010369e-14       1.947463845944e-15       0.000000000000e+00       0.000000000000e+00       0.000000000000e+00 
  267       6.021004688343e-13       3.127249276962e-15      -1.856568440954e-14       1.941667464270e-15       0.000000000000e+00       0.000000000000e+00       0.000000000000e+00 
  268       5.857250693185e-13       3.152274384736e-15      -1.832483602348e-14       1.935393429651e-15       0.000000000000e+00       0.000000000000e+00       0.000000000000e+00 
  269       5.695232294271e-13       3.176545247564e-15      -1.805944597642e-14       1.928647520139e-15       0.000000000000e+00       0.000000000000e+00       0.000000000000e+00 
  270       5.535158082608e-13       3.200000444415e-15      -1.777044298389e-14       1.921435849591e-15       0.000000000000e+00       0.000000000000e+00       0.000000000000e+00 
  271       5.377241022751e-13       3.222577159444e-15      -1.745879382681e-14       1.913764871133e-15       0.000000000000e+00       0.000000000000e+00       0.000000000000e+00 
  272       5.221698486012e-13       3.244211170442e-15      -1.712550373214e-14       1.905641380613e-15       0.000000000000e+00       0.000000000000e+00       0.000000000000e+00 
  273       5.068752283667e-13       3.264836837289e-15      -1.677161675363e-14       1.897072520065e-15       0.000000000000e+00       0.000000000000e+00       0.000000000000e+00 
  274       4.918628700160e-13       3.284387090405e-15      -1.639821615250e-14       1.888065781160e-15       0.000000000000e+00       0.000000000000e+00       0.000000000000e+00 
  275       4.771558526312e-13       3.302793419201e-15      -1.600642477819e-14       1.878629008669e-15       0.000000000000e+00       0.000000000000e+00       0.000000000000e+00 
  276       4.627777092524e-13       3.319985860535e-15      -1.559740544905e-14       1.868770403921e-15       0.000000000000e+00       0.000000000000e+00       0.000000000000e+00 
  277       4.487524301987e-13       3.335892987159e-15      -1.517236133302e-14       1.858498528258e-15       0.000000000000e+00       0.000000000000e+00       0.000000000000e+00 
  278       4.351044663885e-13       3.350441896174e-15      -1.473253632840e-14       1.847822306497e-15       0.000000000000e+00       0.000000000000e+00       0.000000000000e+00 
  279       4.218546035831e-13       3.363571323475e-15      -1.427908654160e-14       1.836751196529e-15       0.000000000000e+00       0.000000000000e+00       0.000000000000e+00 
  280       4.090073416831e-13       3.375271762941e-15      -1.381268656685e-14       1.825295700735e-15       0.000000000000e+00       0.000000000000e+00       0.000000000000e+00 
  281       3.965628680381e-13       3.385547403269e-15      -1.333390355007e-14       1.813466887807e-15       0.000000000000e+00       0.000000000000e+00       0.000000000000e+00 
  282       3.845211246211e-13       3.394403197779e-15      -1.284332443629e-14       1.801276232681e-15       0.000000000000e+00       0.000000000000e+00       0.000000000000e+00 
  283       3.728818050068e-13       3.401844873024e-15      -1.234155615233e-14       1.788735620255e-15       0.000000000000e+00       0.000000000000e+00       0.000000000000e+00 
  284       3.616443513487e-13       3.407878937406e-15      -1.182922578957e-14       1.775857349098e-15       0.000000000000e+00       0.000000000000e+00       0.000000000000e+00 
  285       3.508079513579e-13       3.412512689791e-15      -1.130698078659e-14       1.762654135166e-15       0.000000000000e+00       0.000000000000e+00       0.000000000000e+00 
  286       3.403715352805e-13       3.415754228123e-15      -1.077548911192e-14       1.749139115517e-15       0.000000000000e+00       0.000000000000e+00       0.000000000000e+00 
  287       3.303337728760e-13       3.417612458039e-15      -1.023543944669e-14       1.735325852021e-15       0.000000000000e+00       0.000000000000e+00       0.000000000000e+00 
  288       3.206930703949e-13       3.418097101486e-15      -9.687541367392e-15       1.721228335073e-15       0.000000000000e+00       0.000000000000e+00       0.000000000000e+00 
  289       3.114475675569e-13       3.417218705332e-15      -9.132525528539e-15       1.706860987311e-15       0.000000000000e+00       0.000000000000e+00       0.000000000000e+00 
  290       3.025951345286e-13       3.414988649983e-15      -8.571143845389e-15       1.692238667323e-15       0.000000000000e+00       0.000000000000e+00       0.000000000000e+00 
  291       2.941333689017e-13       3.411419157998e-15      -8.004169676641e-15       1.677376673365e-15       0.000000000000e+00       0.000000000000e+00       0.000000000000e+00 
  292       2.860595926712e-13       3.406523302701e-15      -7.432398007138e-15       1.662290747074e-15       0.000000000000e+00       0.000000000000e+00       0.000000000000e+00 
  293       2.783708492126e-13       3.400315016799e-15      -6.856645630575e-15       1.646997077177e-15       0.000000000000e+00       0.000000000000e+00       0.000000000000e+00 
  294       2.710639002605e-13       3.392809100997e-15      -6.277751332194e-15       1.631512303211e-15       0.000000000000e+00       0.000000000000e+00       0.000000000000e+00 
  295       2.641352228866e-13       3.384021232609e-15      -5.696576071494e-15       1.615853519230e-15       0.000000000000e+00       0.000000000000e+00       0.000000000000e+00 
  296       2.575810064771e-13       3.373967974176e-15      -5.114003164932e-15       1.600038277523e-15       0.000000000000e+00       0.000000000000e+00       0.000000000000e+00 
  297       2.513971497113e-13       3.362666782080e-15      -4.530938468622e-15       1.584084592325e-15       0.000000000000e+00       0.000000000000e+00       0.000000000000e+00 
  298       2.455792575390e-13       3.350136015157e-15      -3.948310561044e-15       1.568010943528e-15       0.000000000000e+00       0.000000000000e+00       0.000000000000e+00 
  299       2.401226381591e-13       3.336394943314e-15      -3.367070925742e-15       1.551836280402e-15       0.000000000000e+00       0.000000000000e+00       0.000000000000e+00 
  300       2.350222999968e-13       3.321463756145e-15      -2.788194134031e-15       1.535580025300e-15       0.000000000000e+00       0.000000000000e+00       0.000000000000e+00 
  301       2.302729486823e-13       3.305363571541e-15      -2.212678027698e-15       1.519262077374e-15       0.000000000000e+00       0.000000000000e+00       0.000000000000e+00 
  302       2.258689840282e-13       3.288116444308e-15      -1.641543901702e-15       1.502902816293e-15       0.000000000000e+00       0.000000000000e+00       0.000000000000e+00 
  303       2.218044970078e-13       3.269745374783e-15      -1.075836686884e-15       1.486523105948e-15       0.000000000000e+00       0.000000000000e+00       0.000000000000e+00 
  304       2.180732667329e-13       3.250274317444e-15      -5.166251326631e-16       1.470144298172e-15       0.000000000000e+00       0.000000000000e+00       0.000000000000e+00 
  305       2.146687574318e-13       3.229728189531e-15       3.499801025679e-17       1.453788236450e-15       0.000000000000e+00       0.000000000000e+00       0.000000000000e+00 
  306       2.115841154274e-13       3.208132879655e-15       5.779158071849e-16       1.437477259634e-15       0.000000000000e+00       0.000000000000e+00       0.000000000000e+00 
  307       2.088121661149e-13       3.185515256416e-15       1.110986956741e-15       1.421234205656e-15       0.000000000000e+00       0.000000000000e+00       0.000000000000e+00 
  308       2.063454109401e-13       3.161903177017e-15       1.633045608151e-15       1.405082415239e-15       0.000000000000e+00       0.000000000000e+00       0.000000000000e+00 
  309       2.041760243768e-13       3.137325495878e-15       2.142901178547e-15       1.389045735615e-15       0.000000000000e+00       0.000000000000e+00       0.000000000000e+00 
  310       2.022958509055e-13       3.111812073254e-15       2.639338170261e-15       1.373148524232e-15       0.000000000000e+00       0.000000000000e+00       0.000000000000e+00 
  311       2.006964019909e-13       3.085393783844e-15       3.121115988125e-15       1.357415652475e-15       0.000000000000e+00       0.000000000000e+00       0.000000000000e+00 
  312       1.993694416061e-13       3.058101630338e-15       3.587176282482e-15       1.341868937863e-15       0.000000000000e+00       0.000000000000e+00       0.000000000000e+00 
  313       1.983087790315e-13       3.029964020914e-15       4.037275985991e-15       1.326516250093e-15       0.000000000000e+00       0.000000000000e+00       0.000000000000e+00 
  314       1.975085533377e-13       3.001009382247e-15       4.471383292619e-15       1.311361906774e-15       0.000000000000e+00       0.000000000000e+00       0.000000000000e+00 
  315       1.969626500492e-13       2.971267050673e-15       4.889472852065e-15       1.296410198698e-15       0.000000000000e+00       0.000000000000e+00       0.000000000000e+00 
  316       1.966646988461e-13       2.940767279707e-15       5.291525842064e-15       1.281665389157e-15       0.000000000000e+00       0.000000000000e+00       0.000000000000e+00 
  317       1.966080712651e-13       2.909541247558e-15       5.677530040695e-15       1.267131713274e-15       0.000000000000e+00       0.000000000000e+00       0.000000000000e+00 
  318       1.967858784005e-13       2.877621064639e-15       6.047479898684e-15       1.252813377324e-15       0.000000000000e+00       0.000000000000e+00       0.000000000000e+00 
  319       1.971909686056e-13       2.845039781090e-15       6.401376611709e-15       1.238714558062e-15       0.000000000000e+00       0.000000000000e+00       0.000000000000e+00 
  320       1.978159251935e-13       2.811831394284e-15       6.739228192710e-15       1.224839402042e-15       0.000000000000e+00       0.000000000000e+00       0.000000000000e+00 
  321       1.986530641390e-13       2.778030856350e-15       7.061049544185e-15       1.211192024948e-15       0.000000000000e+00       0.000000000000e+00       0.000000000000e+00 
  322       1.996944317790e-13       2.743674081683e-15       7.366862530504e-15       1.197776510915e-15       0.000000000000e+00       0.000000000000e+00       0.000000000000e+00 
  323       2.009318025139e-13       2.708797954457e-15       7.656696050212e-15       1.184596911853e-15       0.000000000000e+00       0.000000000000e+00       0.000000000000e+00 
  324       2.023566765092e-13       2.673440336148e-15       7.930586108332e-15       1.171657246774e-15       0.000000000000e+00       0.000000000000e+00       0.000000000000e+00 
  325       2.039602773960e-13       2.637640073040e-15       8.188575888672e-15       1.158961501116e-15       0.000000000000e+00       0.000000000000e+00       0.000000000000e+00 
  326       2.057335499727e-13       2.601437003744e-15       8.430715826130e-15       1.146513626068e-15       0.000000000000e+00       0.000000000000e+00       0.000000000000e+00 
  327       2.076671579058e-13       2.564871966714e-15       8.657063678998e-15       1.134317537891e-15       0.000000000000e+00       0.000000000000e+00       0.000000000000e+00 
  328       2.097514814313e-13       2.527986807761e-15       8.867684601273e-15       1.122377117248e-15       0.000000000000e+00       0.000000000000e+00       0.000000000000e+00 
  329       2.119766150558e-13       2.490824387563e-15       9.062651214952e-15       1.110696208525e-15       0.000000000000e+00       0.000000000000e+00       0.000000000000e+00 
  330       2.143323652578e-13       2.453428589190e-15       9.242043682348e-15       1.099278619159e-15       0.000000000000e+00       0.000000000000e+00       0.000000000000e+00 
  331       2.168082481886e-13       2.415844325609e-15       9.405949778389e-15       1.088128118958e-15       0.000000000000e+00       0.000000000000e+00       0.000000000000e+00 
  332       2.193934873735e-13       2.378117547203e-15       9.554464962923e-15       1.077248439429e-15       0.000000000000e+00       0.000000000000e+00       0.000000000000e+00 
  333       2.220770114134e-13       2.340295249288e-15       9.687692453029e-15       1.066643273102e-15       0.000000000000e+00       0.000000000000e+00       0.000000000000e+00 
  334       2.248474516854e-13       2.302425479625e-15       9.805743295314e-15       1.056316272854e-15       0.000000000000e+00       0.000000000000e+00       0.000000000000e+00 
  335       2.276931400443e-13       2.264557345934e-15       9.908736438226e-15       1.046271051234e-15       0.000000000000e+00       0.000000000000e+00       0.000000000000e+00 
  336       2.306021065238e-13       2.226741023411e-15       9.996798804355e-15       1.036511179788e-15       0.000000000000e+00       0.000000000000e+00       0.000000000000e+00 
  337       2.335620770374e-13       2.189027762245e-15       1.007006536274e-14       1.027040188383e-15       0.000000000000e+00       0.000000000000e+00       0.000000000000e+00 
  338       2.365604710798e-13       2.151469895125e-15       1.012867920117e-14       1.017861564533e-15       0.000000000000e+00       0.000000000000e+00       0.000000000000e+00 
  339       2.395843994281e-13       2.114120844765e-15       1.017279159850e-14       1.008978752721e-15       0.000000000000e+00       0.000000000000e+00       0.000000000000e+00 
  340       2.426206618428e-13       2.077035131412e-15       1.020256209694e-14       1.000395153725e-15       0.000000000000e+00       0.000000000000e+00       0.000000000000e+00 
  341       2.456557447690e-13       2.040268380361e-15       1.021815857438e-14       9.921141239457e-16       0.000000000000e+00       0.000000000000e+00       0.000000000000e+00 
  342       2.486758190376e-13       2.003877329476e-15       1.021975731667e-14       9.841389747251e-16       0.000000000000e+00       0.000000000000e+00       0.000000000000e+00 
  343       2.516667375667e-13       1.967919836695e-15       1.020754308996e-14       9.764729716760e-16       0.000000000000e+00       0.000000000000e+00       0.000000000000e+00 
  344       2.546140330624e-13       1.932454887556e-15       1.018170921297e-14       9.691193340046e-16       0.000000000000e+00       0.000000000000e+00       0.000000000000e+00 
  345       2.575029157200e-13       1.897542602703e-15       1.014245762932e-14       9.620812338355e-16       0.000000000000e+00       0.000000000000e+00       0.000000000000e+00 
  346       2.603182709256e-13       1.863244245405e-15       1.008999897982e-14       9.553617955365e-16       0.000000000000e+00       0.000000000000e+00       0.000000000000e+00 
  347       2.630446569568e-13       1.829622229070e-15       1.002455267477e-14       9.489640950429e-16       0.000000000000e+00       0.000000000000e+00       0.000000000000e+00 
  348       2.656663026841e-13       1.796740124760e-15       9.946346966311e-15       9.428911591825e-16       0.000000000000e+00       0.000000000000e+00       0.000000000000e+00 
  349       2.681697674751e-13       1.764652498314e-15       9.855628571743e-15       9.371446846700e-16       0.000000000000e+00       0.000000000000e+00       0.000000000000e+00 
  350       2.705520475551e-13       1.733373940423e-15       9.752691837016e-15       9.317211377453e-16       0.000000000000e+00       0.000000000000e+00       0.000000000000e+00 
  351       2.728128018618e-13       1.702908764860e-15       9.637850926251e-15       9.266154912014e-16       0.000000000000e+00       0.000000000000e+00       0.000000000000e+00 
  352       2.749517205400e-13       1.673261060333e-15       9.511430461352e-15       9.218224881705e-16       0.000000000000e+00       0.000000000000e+00       0.000000000000e+00 
  353       2.769685252586e-13       1.644434688003e-15       9.373765603689e-15       9.173366401898e-16       0.000000000000e+00       0.000000000000e+00       0.000000000000e+00 
  354       2.788629695266e-13       1.616433279012e-15       9.225202135789e-15       9.131522252696e-16       0.000000000000e+00       0.000000000000e+00       0.000000000000e+00 
  355       2.806348390100e-13       1.589260232006e-15       9.066096543025e-15       9.092632859590e-16       0.000000000000e+00       0.000000000000e+00       0.000000000000e+00 
  356       2.822839518482e-13       1.562918710654e-15       8.896816095304e-15       9.056636274134e-16       0.000000000000e+00       0.000000000000e+00       0.000000000000e+00 
  357       2.838101589703e-13       1.537411641178e-15       8.717738928752e-15       9.023468154613e-16       0.000000000000e+00       0.000000000000e+00       0.000000000000e+00 
  358       2.852133444119e-13       1.512741709872e-15       8.529254127407e-15       8.993061746710e-16       0.000000000000e+00       0.000000000000e+00       0.000000000000e+00 
  359       2.864934256315e-13       1.488911360627e-15       8.331761804904e-15       8.965347864173e-16       0.000000000000e+00       0.000000000000e+00       0.000000000000e+00 
  360       2.876503538269e-13       1.465922792455e-15       8.125673186165e-15       8.940254869486e-16       0.000000000000e+00       0.000000000000e+00       0.000000000000e+00 
  361       2.886841142522e-13       1.443777957012e-15       7.911410689085e-15       8.917708654538e-16       0.000000000000e+00       0.000000000000e+00       0.000000000000e+00 
  362       2.895947265336e-13       1.422478556119e-15       7.689408006225e-15       8.897632621289e-16       0.000000000000e+00       0.000000000000e+00       0.000000000000e+00 
  363       2.903822449863e-13       1.402026039291e-15       7.460110186494e-15       8.879947662438e-16       0.000000000000e+00       0.000000000000e+00       0.000000000000e+00 
  364       2.910467589312e-13       1.382421601255e-15       7.223973716843e-15       8.864572142097e-16       0.000000000000e+00       0.000000000000e+00       0.000000000000e+00 
  365       2.915883930110e-13       1.363666179479e-15       6.981466603948e-15       8.851421876452e-16       0.000000000000e+00       0.000000000000e+00       0.000000000000e+00 
  366       2.920073075070e-13       1.345760451688e-15       6.733068455903e-15       8.840410114435e-16       0.000000000000e+00       0.000000000000e+00       0.000000000000e+00 
  367       2.923036986555e-13       1.328704833395e-15       6.479270563907e-15       8.831447518394e-16       0.000000000000e+00       0.000000000000e+00       0.000000000000e+00 
  368       2.924777989645e-13       1.312499475421e-15       6.220575983948e-15       8.824442144758e-16       0.000000000000e+00       0.000000000000e+00       0.000000000000e+00 
  369       2.925298775298e-13       1.297144261418e-15       5.957499618499e-15       8.819299424709e-16       0.000000000000e+00       0.000000000000e+00       0.000000000000e+00 
  370       2.924602403519e-13       1.282638805394e-15       5.690568298198e-15       8.815922144848e-16       0.000000000000e+00       0.000000000000e+00       0.000000000000e+00 
  371       2.922692306525e-13       1.268982449236e-15       5.420320863545e-15       8.814210427863e-16       0.000000000000e+00       0.000000000000e+00       0.000000000000e+00 
  372       2.919572291909e-13       1.256174260232e-15       5.147308246580e-15       8.814061713200e-16       0.000000000000e+00       0.000000000000e+00       0.000000000000e+00 
  373       2.915246545802e-13       1.244213028598e-15       4.872093552582e-15       8.815370737729e-16       0.000000000000e+00       0.000000000000e+00       0.000000000000e+00 
  374       2.909719636045e-13       1.233097264997e-15       4.595252141750e-15       8.818029516413e-16       0.000000000000e+00       0.000000000000e+00       0.000000000000e+00 
  375       2.902996515350e-13       1.222825198068e-15       4.317371710892e-15       8.821927322979e-16       0.000000000000e+00       0.000000000000e+00       0.000000000000e+00 
  376       2.895082524465e-13       1.213394771943e-15       4.039052375117e-15       8.826950670583e-16       0.000000000000e+00       0.000000000000e+00       0.000000000000e+00 
  377       2.885983395339e-13       1.204803643775e-15       3.760906749520e-15       8.832983292478e-16       0.000000000000e+00       0.000000000000e+00       0.000000000000e+00 
  378       2.875705254290e-13       1.197049181262e-15       3.483560030871e-15       8.839906122688e-16       0.000000000000e+00       0.000000000000e+00       0.000000000000e+00 
  379       2.864254625166e-13       1.190128460168e-15       3.207650079304e-15       8.847597276669e-16       0.000000000000e+00       0.000000000000e+00       0.000000000000e+00 
  380       2.851638432515e-13       1.184038261845e-15       2.933827500005e-15       8.855932031984e-16       0.000000000000e+00       0.000000000000e+00       0.000000000000e+00 
  381       2.837864004745e-13       1.178775070762e-15       2.662755724898e-15       8.864782808966e-16       0.000000000000e+00       0.000000000000e+00       0.000000000000e+00 
  382       2.822939077293e-13       1.174335072024e-15       2.395111094338e-15       8.874019151391e-16       0.000000000000e+00       0.000000000000e+00       0.000000000000e+00 
  383       2.806871795788e-13       1.170714148898e-15       2.131582938796e-15       8.883507707143e-16       0.000000000000e+00       0.000000000000e+00       0.000000000000e+00 
  384       2.789670719217e-13       1.167907880332e-15       1.872873660546e-15       8.893112208885e-16       0.000000000000e+00       0.000000000000e+00       0.000000000000e+00 
  385       2.771344823091e-13       1.165911538487e-15       1.619698815356e-15       8.902693454726e-16       0.000000000000e+00       0.000000000000e+00       0.000000000000e+00 
  386       2.751903502609e-13       1.164720086251e-15       1.372787194178e-15       8.912109288890e-16       0.000000000000e+00       0.000000000000e+00       0.000000000000e+00 
  387       2.731356575823e-13       1.164328174768e-15       1.132880904829e-15       8.921214582382e-16       0.000000000000e+00       0.000000000000e+00       0.000000000000e+00 
  388       2.709717649669e-13       1.164727977220e-15       9.006116514964e-16       8.929882723849e-16       0.000000000000e+00       0.000000000000e+00       0.000000000000e+00 
  389       2.687014350406e-13       1.165902605899e-15       6.761243045996e-16       8.938071017818e-16       0.000000000000e+00       0.000000000000e+00       0.000000000000e+00 
  390       2.663278482067e-13       1.167832444032e-15       4.594394105845e-16       8.945757694785e-16       0.000000000000e+00       0.000000000000e+00       0.000000000000e+00 
  391       2.638542703967e-13       1.170497283108e-15       2.505757059821e-16       8.952920619703e-16       0.000000000000e+00       0.000000000000e+00       0.000000000000e+00 
  392       2.612840536540e-13       1.173876318681e-15       4.955010066703e-17       8.959537289747e-16       0.000000000000e+00       0.000000000000e+00       0.000000000000e+00 
  393       2.586206367181e-13       1.177948146171e-15      -1.436223388843e-16       8.965584832086e-16       0.000000000000e+00       0.000000000000e+00       0.000000000000e+00 
  394       2.558675456084e-13       1.182690756671e-15      -3.289284063360e-16       8.971040001655e-16       0.000000000000e+00       0.000000000000e+00       0.000000000000e+00 
  395       2.530283942078e-13       1.188081532745e-15      -5.063567722342e-16       8.975879178921e-16       0.000000000000e+00       0.000000000000e+00       0.000000000000e+00 
  396       2.501068848470e-13       1.194097244236e-15      -6.758980007491e-16       8.980078367661e-16       0.000000000000e+00       0.000000000000e+00       0.000000000000e+00 
  397       2.471068088881e-13       1.200714044066e-15      -8.375445664168e-16       8.983613192723e-16       0.000000000000e+00       0.000000000000e+00       0.000000000000e+00 
  398       2.440320473085e-13       1.207907464042e-15      -9.912908708816e-16       8.986458897803e-16       0.000000000000e+00       0.000000000000e+00       0.000000000000e+00 
  399       2.408865712849e-13       1.215652410657e-15      -1.137133259637e-15       8.988590343214e-16       0.000000000000e+00       0.000000000000e+00       0.000000000000e+00 
  400       2.376744427773e-13       1.223923160892e-15      -1.275070038769e-15       8.989982003654e-16       0.000000000000e+00       0.000000000000e+00       0.000000000000e+00 
  401       2.343998151124e-13       1.232693358024e-15      -1.405101491697e-15       8.990607965979e-16       0.000000000000e+00       0.000000000000e+00       0.000000000000e+00 
  402       2.310669335681e-13       1.241936007424e-15      -1.527229895914e-15       8.990441926973e-16       0.000000000000e+00       0.000000000000e+00       0.000000000000e+00 
  403       2.276801359568e-13       1.251623472363e-15      -1.641459539734e-15       8.989457191115e-16       0.000000000000e+00       0.000000000000e+00       0.000000000000e+00 
  404       2.242438532099e-13       1.261727469816e-15      -1.747796739027e-15       8.987626668355e-16       0.000000000000e+00       0.000000000000e+00       0.000000000000e+00 
  405       2.207626099610e-13       1.272219066261e-15      -1.846249853967e-15       8.984922871879e-16       0.000000000000e+00       0.000000000000e+00       0.000000000000e+00 
  406       2.172410251304e-13       1.283068673487e-15      -1.936829305768e-15       8.981317915882e-16       0.000000000000e+00       0.000000000000e+00       0.000000000000e+00 
  407       2.136838125086e-13       1.294246044395e-15      -2.019547593431e-15       8.976783513340e-16       0.000000000000e+00       0.000000000000e+00       0.000000000000e+00 
  408       2.100957813403e-13       1.305720268801e-15      -2.094419310484e-15       8.971290973776e-16       0.000000000000e+00       0.000000000000e+00       0.000000000000e+00 
  409       2.064818369083e-13       1.317459769240e-15      -2.161461161723e-15       8.964811201033e-16       0.000000000000e+00       0.000000000000e+00       0.000000000000e+00 
  410       2.028469811173e-13       1.329432296769e-15      -2.220691979956e-15       8.957314691045e-16       0.000000000000e+00       0.000000000000e+00       0.000000000000e+00 
  411       1.991963130781e-13       1.341604926768e-15      -2.272132742741e-15       8.948771529605e-16       0.000000000000e+00       0.000000000000e+00       0.000000000000e+00 
  412       1.955350296910e-13       1.353944054747e-15      -2.315806589134e-15       8.939151390137e-16       0.000000000000e+00       0.000000000000e+00       0.000000000000e+00 
  413       1.918684262298e-13       1.366415392147e-15      -2.351738836424e-15       8.928423531468e-16       0.000000000000e+00       0.000000000000e+00       0.000000000000e+00 
  414       1.882018969262e-13       1.378983962144e-15      -2.379956996881e-15       8.916556795593e-16       0.000000000000e+00       0.000000000000e+00       0.000000000000e+00 
  415       1.845409355530e-13       1.391614095451e-15      -2.400490794495e-15       8.903519605451e-16       0.000000000000e+00       0.000000000000e+00       0.000000000000e+00 
  416       1.808911360082e-13       1.404269426121e-15      -2.413372181715e-15       8.889279962692e-16       0.000000000000e+00       0.000000000000e+00       0.000000000000e+00 
  417       1.772581928993e-13       1.416912887354e-15      -2.418635356199e-15       8.873805445447e-16       0.000000000000e+00       0.000000000000e+00       0.000000000000e+00 
  418       1.736479021264e-13       1.429506707295e-15      -2.416316777546e-15       8.857063206104e-16       0.000000000000e+00       0.000000000000e+00       0.000000000000e+00 
  419       1.700661614668e-13       1.442012404840e-15      -2.406455184047e-15       8.839019969068e-16       0.000000000000e+00       0.000000000000e+00       0.000000000000e+00 
  420       1.665189711586e-13       1.454390785439e-15      -2.389091609420e-15       8.819642028543e-16       0.000000000000e+00       0.000000000000e+00       0.000000000000e+00 
  421       1.630124344844e-13       1.466601936898e-15      -2.364269399556e-15       8.798895246292e-16       0.000000000000e+00       0.000000000000e+00       0.000000000000e+00 
  422       1.595527583556e-13       1.478605225185e-15      -2.332034229259e-15       8.776745049416e-16       0.000000000000e+00       0.000000000000e+00       0.000000000000e+00 
  423       1.561462538960e-13       1.490359290229e-15      -2.292434118989e-15       8.753156428116e-16       0.000000000000e+00       0.000000000000e+00       0.000000000000e+00 
  424       1.527993370255e-13       1.501822041728e-15      -2.245519451602e-15       8.728093933472e-16       0.000000000000e+00       0.000000000000e+00       0.000000000000e+00 
  425       1.495185290444e-13       1.512950654947e-15      -2.191342989095e-15       8.701521675206e-16       0.000000000000e+00       0.000000000000e+00       0.000000000000e+00 
  426       1.463104572173e-13       1.523701566526e-15      -2.129959889345e-15       8.673403319457e-16       0.000000000000e+00       0.000000000000e+00       0.000000000000e+00 
  427       1.431807302348e-13       1.534037306725e-15      -2.061450313708e-15       8.643713700209e-16       0.000000000000e+00       0.000000000000e+00       0.000000000000e+00 
  428       1.401305212747e-13       1.543947260733e-15      -1.985988062819e-15       8.612474093218e-16       0.000000000000e+00       0.000000000000e+00       0.000000000000e+00 
  429       1.371598698388e-13       1.553427605444e-15      -1.903774308814e-15       8.579718137783e-16       0.000000000000e+00       0.000000000000e+00       0.000000000000e+00 
  430       1.342687962167e-13       1.562474537120e-15      -1.815015246932e-15       8.545480336891e-16       0.000000000000e+00       0.000000000000e+00       0.000000000000e+00 
  431       1.314573013315e-13       1.571084271689e-15      -1.719922127089e-15       8.509796062617e-16       0.000000000000e+00       0.000000000000e+00       0.000000000000e+00 
  432       1.287253665843e-13       1.579253045029e-15      -1.618711285454e-15       8.472701561515e-16       0.000000000000e+00       0.000000000000e+00       0.000000000000e+00 
  433       1.260729536996e-13       1.586977113267e-15      -1.511604176029e-15       8.434233960018e-16       0.000000000000e+00       0.000000000000e+00       0.000000000000e+00 
  434       1.235000045702e-13       1.594252753067e-15      -1.398827402215e-15       8.394431269832e-16       0.000000000000e+00       0.000000000000e+00       0.000000000000e+00 
  435       1.210064411028e-13       1.601076261922e-15      -1.280612748396e-15       8.353332393333e-16       0.000000000000e+00       0.000000000000e+00       0.000000000000e+00 
  436       1.185921650625e-13       1.607443958450e-15      -1.157197211509e-15       8.310977128963e-16       0.000000000000e+00       0.000000000000e+00       0.000000000000e+00 
  437       1.162570579182e-13       1.613352182683e-15      -1.028823032624e-15       8.267406176625e-16       0.000000000000e+00       0.000000000000e+00       0.000000000000e+00 
  438       1.140009806879e-13       1.618797296357e-15      -8.957377285129e-16       8.222661143078e-16       0.000000000000e+00       0.000000000000e+00       0.000000000000e+00 
  439       1.118237737835e-13       1.623775683209e-15      -7.581941232317e-16       8.176784547339e-16       0.000000000000e+00       0.000000000000e+00       0.000000000000e+00 
  440       1.097252568561e-13       1.628283749268e-15      -6.164503796916e-16       8.129819826070e-16       0.000000000000e+00       0.000000000000e+00       0.000000000000e+00 
  441       1.077052286409e-13       1.632317923143e-15      -4.707700312355e-16       8.081811338982e-16       0.000000000000e+00       0.000000000000e+00       0.000000000000e+00 
  442       1.057634668026e-13       1.635874656319e-15      -3.214220132136e-16       8.032804374227e-16       0.000000000000e+00       0.000000000000e+00       0.000000000000e+00 
  443       1.038997277803e-13       1.638950423448e-15      -1.686806945584e-16       7.982845153792e-16       0.000000000000e+00       0.000000000000e+00       0.000000000000e+00 
  444       1.021137466329e-13       1.641541722643e-15      -1.282590936047e-17       7.931980838903e-16       0.000000000000e+00       0.000000000000e+00       0.000000000000e+00 
  445       1.004052368837e-13       1.643645075765e-15       1.458570115567e-16       7.880259535410e-16       0.000000000000e+00       0.000000000000e+00       0.000000000000e+00 
  446       9.877389036606e-14       1.645257028721e-15       3.070772090610e-16       7.827730299193e-16       0.000000000000e+00       0.000000000000e+00       0.000000000000e+00 
  447       9.721937706810e-14       1.646374151752e-15       4.705382641365e-16       7.774443141553e-16       0.000000000000e+00       0.000000000000e+00       0.000000000000e+00 
  448       9.574134497811e-14       1.646993039728e-15       6.359381663079e-16       7.720449034607e-16       0.000000000000e+00       0.000000000000e+00       0.000000000000e+00 
  449       9.433941992949e-14       1.647110312436e-15       8.029692820655e-16       7.665799916687e-16       0.000000000000e+00       0.000000000000e+00       0.000000000000e+00 
  450       9.301320544593e-14       1.646722614878e-15       9.713183232894e-16       7.610548697736e-16       0.000000000000e+00       0.000000000000e+00       0.000000000000e+00 
  451       9.176228258650e-14       1.645826617558e-15       1.140666315675e-15       7.554749264702e-16       0.000000000000e+00       0.000000000000e+00       0.000000000000e+00 
  452       9.058620979077e-14       1.644419016775e-15       1.310688567155e-15       7.498456486933e-16       0.000000000000e+00       0.000000000000e+00       0.000000000000e+00 
  453       8.948452272395e-14       1.642496534918e-15       1.481054636330e-15       7.441726221578e-16       0.000000000000e+00       0.000000000000e+00       0.000000000000e+00 
  454       8.845673412195e-14       1.640055920755e-15       1.651428300885e-15       7.384615318978e-16       0.000000000000e+00       0.000000000000e+00       0.000000000000e+00 
  455       8.750233363655e-14       1.637093949727e-15       1.821467526022e-15       7.327181628065e-16       0.000000000000e+00       0.000000000000e+00       0.000000000000e+00 
  456       8.662078768046e-14       1.633607424239e-15       1.990824432877e-15       7.269484001756e-16       0.000000000000e+00       0.000000000000e+00       0.000000000000e+00 
  457       8.581153927250e-14       1.629593173951e-15       2.159145266952e-15       7.211582302350e-16       0.000000000000e+00       0.000000000000e+00       0.000000000000e+00 
  458       8.507400788263e-14       1.625048056074e-15       2.326070366534e-15       7.153537406926e-16       0.000000000000e+00       0.000000000000e+00       0.000000000000e+00 
  459       8.440758927715e-14       1.619968955657e-15       2.491234131123e-15       7.095411212734e-16       0.000000000000e+00       0.000000000000e+00       0.000000000000e+00 
  460       8.381165536376e-14       1.614352785884e-15       2.654264989855e-15       7.037266642596e-16       0.000000000000e+00       0.000000000000e+00       0.000000000000e+00 
  461       8.328555403667e-14       1.608196488362e-15       2.814785369927e-15       6.979167650300e-16       0.000000000000e+00       0.000000000000e+00       0.000000000000e+00 
  462       8.282860902175e-14       1.601497033416e-15       2.972411665023e-15       6.921179225995e-16       0.000000000000e+00       0.000000000000e+00       0.000000000000e+00 
  463       8.244011972163e-14       1.594251420379e-15       3.126754203736e-15       6.863367401588e-16       0.000000000000e+00       0.000000000000e+00       0.000000000000e+00 
  464       8.211936106078e-14       1.586456677886e-15       3.277417217994e-15       6.805799256143e-16       0.000000000000e+00       0.000000000000e+00       0.000000000000e+00 
  465       8.186558333069e-14       1.578109864166e-15       3.423998811486e-15       6.748542921271e-16       0.000000000000e+00       0.000000000000e+00       0.000000000000e+00 
  466       8.167784072564e-14       1.569211084009e-15       3.566156624820e-15       6.691658913531e-16       0.000000000000e+00       0.000000000000e+00       0.000000000000e+00 
  467       8.155447137820e-14       1.559772642682e-15       3.703807149838e-15       6.635173823053e-16       0.000000000000e+00       0.000000000000e+00       0.000000000000e+00 
  468       8.149360079636e-14       1.549810178184e-15       3.836932571581e-15       6.579105814641e-16       0.000000000000e+00       0.000000000000e+00       0.000000000000e+00 
  469       8.149331145769e-14       1.539339672334e-15       3.965515638307e-15       6.523473227185e-16       0.000000000000e+00       0.000000000000e+00       0.000000000000e+00 
  470       8.155164256004e-14       1.528377452731e-15       4.089539666150e-15       6.468294574270e-16       0.000000000000e+00       0.000000000000e+00       0.000000000000e+00 
  471       8.166658977214e-14       1.516940194704e-15       4.208988543761e-15       6.413588544791e-16       0.000000000000e+00       0.000000000000e+00       0.000000000000e+00 
  472       8.183610498428e-14       1.505044923271e-15       4.323846736968e-15       6.359374003569e-16       0.000000000000e+00       0.000000000000e+00       0.000000000000e+00 
  473       8.205809605896e-14       1.492709015092e-15       4.434099293422e-15       6.305669991958e-16       0.000000000000e+00       0.000000000000e+00       0.000000000000e+00 
  474       8.233042658153e-14       1.479950200429e-15       4.539731847248e-15       6.252495728467e-16       0.000000000000e+00       0.000000000000e+00       0.000000000000e+00 
  475       8.265091561086e-14       1.466786565094e-15       4.640730623695e-15       6.199870609366e-16       0.000000000000e+00       0.000000000000e+00       0.000000000000e+00 
  476       8.301733742997e-14       1.453236552413e-15       4.737082443792e-15       6.147814209306e-16       0.000000000000e+00       0.000000000000e+00       0.000000000000e+00 
  477       8.342742129669e-14       1.439318965177e-15       4.828774728992e-15       6.096346281927e-16       0.000000000000e+00       0.000000000000e+00       0.000000000000e+00 
  478       8.387885119431e-14       1.425052967595e-15       4.915795505827e-15       6.045486760477e-16       0.000000000000e+00       0.000000000000e+00       0.000000000000e+00 
  479       8.436926558224e-14       1.410458087257e-15       4.998133410556e-15       5.995255758420e-16       0.000000000000e+00       0.000000000000e+00       0.000000000000e+00 
  480       8.489625714666e-14       1.395554217083e-15       5.075777693821e-15       5.945673570053e-16       0.000000000000e+00       0.000000000000e+00       0.000000000000e+00 
  481       8.545737255115e-14       1.380361617279e-15       5.148718225291e-15       5.896760671122e-16       0.000000000000e+00       0.000000000000e+00       0.000000000000e+00 
  482       8.605011218736e-14       1.364900917298e-15       5.216945498317e-15       5.848537719428e-16       0.000000000000e+00       0.000000000000e+00       0.000000000000e+00 
  483       8.667192992568e-14       1.349193117789e-15       5.280450634581e-15       5.801025555449e-16       0.000000000000e+00       0.000000000000e+00       0.000000000000e+00 
  484       8.732023286584e-14       1.333259592557e-15       5.339225388750e-15       5.754245202947e-16       0.000000000000e+00       0.000000000000e+00       0.000000000000e+00 
  485       8.799238108762e-14       1.317122090515e-15       5.393262153122e-15       5.708217869587e-16       0.000000000000e+00       0.000000000000e+00       0.000000000000e+00 
  486       8.868568740144e-14       1.300802737644e-15       5.442553962281e-15       5.662964947546e-16       0.000000000000e+00       0.000000000000e+00       0.000000000000e+00 
  487       8.939741709908e-14       1.284324038943e-15       5.487094497744e-15       5.618508014129e-16       0.000000000000e+00       0.000000000000e+00       0.000000000000e+00 
  488       9.012478770427e-14       1.267708880390e-15       5.526878092615e-15       5.574868832384e-16       0.000000000000e+00       0.000000000000e+00       0.000000000000e+00 
  489       9.086496872337e-14       1.250980530895e-15       5.561899736236e-15       5.532069351711e-16       0.000000000000e+00       0.000000000000e+00       0.000000000000e+00 
  490       9.161508139603e-14       1.234162644252e-15       5.592155078834e-15       5.490131708479e-16       0.000000000000e+00       0.000000000000e+00       0.000000000000e+00 
  491       9.237219844582e-14       1.217279261103e-15       5.617640436176e-15       5.449078226642e-16       0.000000000000e+00       0.000000000000e+00       0.000000000000e+00 
  492       9.313334383088e-14       1.200354810885e-15       5.638352794215e-15       5.408931418345e-16       0.000000000000e+00       0.000000000000e+00       0.000000000000e+00 
  493       9.389549249462e-14       1.183414113791e-15       5.654289813749e-15       5.369713984545e-16       0.000000000000e+00       0.000000000000e+00       0.000000000000e+00 
  494       9.465557011629e-14       1.166482382724e-15       5.665449835062e-15       5.331448815623e-16       0.000000000000e+00       0.000000000000e+00       0.000000000000e+00 
  495       9.541045286169e-14       1.149585225250e-15       5.671831882581e-15       5.294158991992e-16       0.000000000000e+00       0.000000000000e+00       0.000000000000e+00 
  496       9.615696713381e-14       1.132748645558e-15       5.673435669526e-15       5.257867784720e-16       0.000000000000e+00       0.000000000000e+00       0.000000000000e+00 
  497       9.689188932349e-14       1.115999046412e-15       5.670261602558e-15       5.222598656134e-16       0.000000000000e+00       0.000000000000e+00       0.000000000000e+00 
  498       9.761194556003e-14       1.099363231109e-15       5.662310786435e-15       5.188375260442e-16       0.000000000000e+00       0.000000000000e+00       0.000000000000e+00 
  499       9.831381146189e-14       1.082868405433e-15       5.649585028655e-15       5.155221444340e-16       0.000000000000e+00       0.000000000000e+00       0.000000000000e+00 
  500       9.899411188731e-14       1.066542179610e-15       5.632086844117e-15       5.123161247631e-16       0.000000000000e+00       0.000000000000e+00       0.000000000000e+00 
