# dimensionless [l(l+1)/2pi] C_l's for tensor mode
# for l=2 to 500, i.e. number of multipoles equal to 499
#
# -> if you prefer output in CAMB/HealPix/LensPix units/order, set 'format' to 'camb' in input file
# -> if you don't want to see such a header, set 'headers' to 'no' in input file
# -> for CMB lensing (phi), these are C_l^phi-phi for the lensing potential.
#    Remember the conversion factors:
#    C_l^dd (deflection) = l(l+1) C_l^phi-phi
#    C_l^gg (shear/convergence) = 1/4 (l(l+1))^2 C_l^phi-phi
#
# 1:l     2:TT                     3:EE                     4:TE                     5:BB                     6:phiphi                 7:TPhi                   8:Ephi               
    2       1.421811146244e-10       2.679760962826e-15       1.648988899155e-13       4.782451694518e-15       0.000000000000e+00       0.000000000000e+00       0.000000000000e+00 
    3       1.090139924208e-10       2.845891804830e-15      -9.297053997932e-15       4.826042340223e-15       0.000000000000e+00       0.000000000000e+00       0.000000000000e+00 
    4       9.773967435355e-11       2.619402793374e-15      -6.179096050653e-14       4.206030781743e-15       0.000000000000e+00       0.000000000000e+00       0.000000000000e+00 
    5       9.301917629208e-11       2.099869911251e-15      -7.261219071189e-14       3.301925140719e-15       0.000000000000e+00       0.000000000000e+00       0.000000000000e+00 
    6       9.023148849538e-11       1.517642402438e-15      -6.894831251575e-14       2.401074215759e-15       0.000000000000e+00       0.000000000000e+00       0.000000000000e+00 
    7       8.846726621102e-11       1.035125673835e-15      -6.111215101620e-14       1.662916639609e-15       0.000000000000e+00       0.000000000000e+00       0.000000000000e+00 
    8       8.727421438284e-11       7.196939824582e-16      -5.366517846246e-14       1.141866358336e-15       0.000000000000e+00       0.000000000000e+00       0.000000000000e+00 
    9       8.640695111173e-11       5.676974222867e-16      -4.831247039548e-14       8.271866620067e-16       0.000000000000e+00       0.000000000000e+00       0.000000000000e+00 
   10       8.572377826184e-11       5.403549478021e-16      -4.539804513082e-14       6.778692783335e-16       0.000000000000e+00       0.000000000000e+00       0.000000000000e+00 
   11       8.514162129368e-11       5.925054401027e-16      -4.469828553550e-14       6.461124485931e-16       0.000000000000e+00       0.000000000000e+00       0.000000000000e+00 
   12       8.461213083513e-11       6.880692951931e-16      -4.582473628280e-14       6.901910805533e-16       0.000000000000e+00       0.000000000000e+00       0.000000000000e+00 
   13       8.410661677717e-11       8.045759208106e-16      -4.838663285070e-14       7.791089359403e-16       0.000000000000e+00       0.000000000000e+00       0.000000000000e+00 
   14       8.360730993398e-11       9.308530251058e-16      -5.207088521894e-14       8.927846329970e-16       0.000000000000e+00       0.000000000000e+00       0.000000000000e+00 
   15       8.310301607380e-11       1.062901924749e-15      -5.665297481971e-14       1.019643725872e-15       0.000000000000e+00       0.000000000000e+00       0.000000000000e+00 
   16       8.258702907153e-11       1.199806786296e-15      -6.197255454570e-14       1.154151153501e-15       0.000000000000e+00       0.000000000000e+00       0.000000000000e+00 
   17       8.205569428113e-11       1.342272047588e-15      -6.791709056043e-14       1.293488210407e-15       0.000000000000e+00       0.000000000000e+00       0.000000000000e+00 
   18       8.150126004564e-11       1.490187801589e-15      -7.440576192297e-14       1.437234688090e-15       0.000000000000e+00       0.000000000000e+00       0.000000000000e+00 
   19       8.094102002920e-11       1.643481826974e-15      -8.139088544264e-14       1.585176101605e-15       0.000000000000e+00       0.000000000000e+00       0.000000000000e+00 
   20       8.035570445595e-11       1.802258558324e-15      -8.881097778626e-14       1.737097107166e-15       0.000000000000e+00       0.000000000000e+00       0.000000000000e+00 
   21       7.975583578497e-11       1.966273513146e-15      -9.663081102998e-14       1.892879882131e-15       0.000000000000e+00       0.000000000000e+00       0.000000000000e+00 
   22       7.913593600118e-11       2.135198944814e-15      -1.048136967272e-13       2.052507326565e-15       0.000000000000e+00       0.000000000000e+00       0.000000000000e+00 
   23       7.850346952802e-11       2.308868454482e-15      -1.133274712937e-13       2.215868518849e-15       0.000000000000e+00       0.000000000000e+00       0.000000000000e+00 
   24       7.785239002014e-11       2.487225261019e-15      -1.221357016384e-13       2.382849818777e-15       0.000000000000e+00       0.000000000000e+00       0.000000000000e+00 
   25       7.718859530530e-11       2.670331614914e-15      -1.312080715372e-13       2.553251278066e-15       0.000000000000e+00       0.000000000000e+00       0.000000000000e+00 
   26       7.650875633730e-11       2.858307796497e-15      -1.405132771761e-13       2.726870434776e-15       0.000000000000e+00       0.000000000000e+00       0.000000000000e+00 
   27       7.581533692788e-11       3.051137027352e-15      -1.500250426107e-13       2.903544199034e-15       0.000000000000e+00       0.000000000000e+00       0.000000000000e+00 
   28       7.510435624280e-11       3.248742855967e-15      -1.597172739776e-13       3.083121363690e-15       0.000000000000e+00       0.000000000000e+00       0.000000000000e+00 
   29       7.438365747738e-11       3.450914076049e-15      -1.695668079591e-13       3.265361124692e-15       0.000000000000e+00       0.000000000000e+00       0.000000000000e+00 
   30       7.365409899242e-11       3.657372580080e-15      -1.795499813219e-13       3.449993576549e-15       0.000000000000e+00       0.000000000000e+00       0.000000000000e+00 
   31       7.290749879526e-11       3.867824091420e-15      -1.896424274095e-13       3.636752398478e-15       0.000000000000e+00       0.000000000000e+00       0.000000000000e+00 
   32       7.214905495998e-11       4.082041579987e-15      -1.998234977639e-13       3.825401846642e-15       0.000000000000e+00       0.000000000000e+00       0.000000000000e+00 
   33       7.138106294511e-11       4.299810612832e-15      -2.100735038860e-13       4.015720446946e-15       0.000000000000e+00       0.000000000000e+00       0.000000000000e+00 
   34       7.059973967283e-11       4.520908982264e-15      -2.203728725968e-13       4.207484236541e-15       0.000000000000e+00       0.000000000000e+00       0.000000000000e+00 
   35       6.980840821828e-11       4.745113868834e-15      -2.307030570801e-13       4.400430966947e-15       0.000000000000e+00       0.000000000000e+00       0.000000000000e+00 
   36       6.900743306198e-11       4.972195964963e-15      -2.410460357279e-13       4.594282963831e-15       0.000000000000e+00       0.000000000000e+00       0.000000000000e+00 
   37       6.819333748491e-11       5.201923402639e-15      -2.513835151746e-13       4.788768684268e-15       0.000000000000e+00       0.000000000000e+00       0.000000000000e+00 
   38       6.737036498296e-11       5.434083981576e-15      -2.616948130070e-13       4.983666059800e-15       0.000000000000e+00       0.000000000000e+00       0.000000000000e+00 
   39       6.654173681828e-11       5.668469772471e-15      -2.719583188529e-13       5.178773815007e-15       0.000000000000e+00       0.000000000000e+00       0.000000000000e+00 
   40       6.570593046027e-11       5.904871024424e-15      -2.821520705818e-13       5.373900596814e-15       0.000000000000e+00       0.000000000000e+00       0.000000000000e+00 
   41       6.485901411230e-11       6.143091842725e-15      -2.922576936361e-13       5.568845398243e-15       0.000000000000e+00       0.000000000000e+00       0.000000000000e+00 
   42       6.400374173471e-11       6.383003606488e-15      -3.022737387704e-13       5.763329805977e-15       0.000000000000e+00       0.000000000000e+00       0.000000000000e+00 
   43       6.314259435293e-11       6.624508767909e-15      -3.122067019968e-13       5.957044648796e-15       0.000000000000e+00       0.000000000000e+00       0.000000000000e+00 
   44       6.227492102498e-11       6.867527537486e-15      -3.220677438554e-13       6.149667431294e-15       0.000000000000e+00       0.000000000000e+00       0.000000000000e+00 
   45       6.139862485214e-11       7.111963737393e-15      -3.318655607085e-13       6.340877450205e-15       0.000000000000e+00       0.000000000000e+00       0.000000000000e+00 
   46       6.051651948090e-11       7.357587891021e-15      -3.415818012333e-13       6.530408462491e-15       0.000000000000e+00       0.000000000000e+00       0.000000000000e+00 
   47       5.963136952923e-11       7.604120839974e-15      -3.511887739343e-13       6.718010369717e-15       0.000000000000e+00       0.000000000000e+00       0.000000000000e+00 
   48       5.874389652588e-11       7.851264810443e-15      -3.606560717889e-13       6.903434745790e-15       0.000000000000e+00       0.000000000000e+00       0.000000000000e+00 
   49       5.785259710756e-11       8.098702365319e-15      -3.699504240284e-13       7.086434935650e-15       0.000000000000e+00       0.000000000000e+00       0.000000000000e+00 
   50       5.695513796270e-11       8.346104250569e-15      -3.790383790464e-13       7.266767856269e-15       0.000000000000e+00       0.000000000000e+00       0.000000000000e+00 
   51       5.605340882715e-11       8.593157876315e-15      -3.878955555209e-13       7.444199746986e-15       0.000000000000e+00       0.000000000000e+00       0.000000000000e+00 
   52       5.514952680977e-11       8.839544755281e-15      -3.964996462000e-13       7.618502150632e-15       0.000000000000e+00       0.000000000000e+00       0.000000000000e+00 
   53       5.424427447262e-11       9.084931669808e-15      -4.048277916152e-13       7.789450522203e-15       0.000000000000e+00       0.000000000000e+00       0.000000000000e+00 
   54       5.333699222801e-11       9.328970042512e-15      -4.128565650928e-13       7.956824407665e-15       0.000000000000e+00       0.000000000000e+00       0.000000000000e+00 
   55       5.242653220025e-11       9.571323423100e-15      -4.205644869312e-13       8.120415793237e-15       0.000000000000e+00       0.000000000000e+00       0.000000000000e+00 
   56       5.151464380645e-11       9.811759386701e-15      -4.279403326707e-13       8.280056172518e-15       0.000000000000e+00       0.000000000000e+00       0.000000000000e+00 
   57       5.060324075162e-11       1.005007936272e-14      -4.349768625223e-13       8.435596516595e-15       0.000000000000e+00       0.000000000000e+00       0.000000000000e+00 
   58       4.969334844642e-11       1.028609297483e-14      -4.416685547633e-13       8.586900178999e-15       0.000000000000e+00       0.000000000000e+00       0.000000000000e+00 
   59       4.878503775998e-11       1.051961850708e-14      -4.480116892876e-13       8.733843392829e-15       0.000000000000e+00       0.000000000000e+00       0.000000000000e+00 
   60       4.787735877267e-11       1.075048336999e-14      -4.540044311555e-13       8.876315767887e-15       0.000000000000e+00       0.000000000000e+00       0.000000000000e+00 
   61       4.696915108446e-11       1.097852010592e-14      -4.596455945470e-13       9.014216039217e-15       0.000000000000e+00       0.000000000000e+00       0.000000000000e+00 
   62       4.606183715047e-11       1.120355230303e-14      -4.649304213974e-13       9.147437072909e-15       0.000000000000e+00       0.000000000000e+00       0.000000000000e+00 
   63       4.515714123617e-11       1.142540633230e-14      -4.698539991797e-13       9.275878361540e-15       0.000000000000e+00       0.000000000000e+00       0.000000000000e+00 
   64       4.425623051553e-11       1.164391584733e-14      -4.744125377449e-13       9.399450815378e-15       0.000000000000e+00       0.000000000000e+00       0.000000000000e+00 
   65       4.335967663627e-11       1.185892210895e-14      -4.786034110018e-13       9.518077108845e-15       0.000000000000e+00       0.000000000000e+00       0.000000000000e+00 
   66       4.246741728509e-11       1.207027430975e-14      -4.824251985975e-13       9.631692026979e-15       0.000000000000e+00       0.000000000000e+00       0.000000000000e+00 
   67       4.157871775295e-11       1.227782989866e-14      -4.858777275979e-13       9.740242811896e-15       0.000000000000e+00       0.000000000000e+00       0.000000000000e+00 
   68       4.069277161570e-11       1.248144832148e-14      -4.889615406276e-13       9.843682051506e-15       0.000000000000e+00       0.000000000000e+00       0.000000000000e+00 
   69       3.981073002583e-11       1.268097004417e-14      -4.916760819814e-13       9.941943897968e-15       0.000000000000e+00       0.000000000000e+00       0.000000000000e+00 
   70       3.893401645207e-11       1.287623384262e-14      -4.940212171589e-13       1.003496363073e-14       0.000000000000e+00       0.000000000000e+00       0.000000000000e+00 
   71       3.806370225261e-11       1.306708316404e-14      -4.959978004120e-13       1.012268484083e-14       0.000000000000e+00       0.000000000000e+00       0.000000000000e+00 
   72       3.720048458602e-11       1.325336628310e-14      -4.976077017561e-13       1.020505958666e-14       0.000000000000e+00       0.000000000000e+00       0.000000000000e+00 
   73       3.634466432216e-11       1.343493645812e-14      -4.988538339825e-13       1.028204854966e-14       0.000000000000e+00       0.000000000000e+00       0.000000000000e+00 
   74       3.549612395308e-11       1.361165208722e-14      -4.997401796695e-13       1.035362119005e-14       0.000000000000e+00       0.000000000000e+00       0.000000000000e+00 
   75       3.465430550393e-11       1.378337686453e-14      -5.002718181947e-13       1.041975590258e-14       0.000000000000e+00       0.000000000000e+00       0.000000000000e+00 
   76       3.381863142990e-11       1.394998109282e-14      -5.004542493223e-13       1.048043866452e-14       0.000000000000e+00       0.000000000000e+00       0.000000000000e+00 
   77       3.298990474541e-11       1.411134555269e-14      -5.002911618538e-13       1.053565835085e-14       0.000000000000e+00       0.000000000000e+00       0.000000000000e+00 
   78       3.216912527002e-11       1.426735862594e-14      -4.997863052646e-13       1.058541084374e-14       0.000000000000e+00       0.000000000000e+00       0.000000000000e+00 
   79       3.135705649799e-11       1.441791537871e-14      -4.989441694142e-13       1.062970058728e-14       0.000000000000e+00       0.000000000000e+00       0.000000000000e+00 
   80       3.055421259296e-11       1.456291774130e-14      -4.977699971339e-13       1.066854071224e-14       0.000000000000e+00       0.000000000000e+00       0.000000000000e+00 
   81       2.976084538268e-11       1.470227468812e-14      -4.962697968139e-13       1.070195316092e-14       0.000000000000e+00       0.000000000000e+00       0.000000000000e+00 
   82       2.897693135364e-11       1.483590241755e-14      -4.944503549908e-13       1.072996881196e-14       0.000000000000e+00       0.000000000000e+00       0.000000000000e+00 
   83       2.820215864585e-11       1.496372453184e-14      -4.923192489355e-13       1.075262760514e-14       0.000000000000e+00       0.000000000000e+00       0.000000000000e+00 
   84       2.743620902636e-11       1.508567004299e-14      -4.898843398903e-13       1.076997475017e-14       0.000000000000e+00       0.000000000000e+00       0.000000000000e+00 
   85       2.667968600710e-11       1.520166661654e-14      -4.871521286827e-13       1.078204835762e-14       0.000000000000e+00       0.000000000000e+00       0.000000000000e+00 
   86       2.593331746013e-11       1.531164653239e-14      -4.841291493187e-13       1.078888997678e-14       0.000000000000e+00       0.000000000000e+00       0.000000000000e+00 
   87       2.519766638982e-11       1.541554890038e-14      -4.808224678963e-13       1.079054838746e-14       0.000000000000e+00       0.000000000000e+00       0.000000000000e+00 
   88       2.447312288518e-11       1.551331980373e-14      -4.772396864653e-13       1.078707965897e-14       0.000000000000e+00       0.000000000000e+00       0.000000000000e+00 
   89       2.375989607218e-11       1.560491244231e-14      -4.733889468851e-13       1.077854720918e-14       0.000000000000e+00       0.000000000000e+00       0.000000000000e+00 
   90       2.305800606607e-11       1.569028727605e-14      -4.692789346845e-13       1.076502186341e-14       0.000000000000e+00       0.000000000000e+00       0.000000000000e+00 
   91       2.236727592374e-11       1.576941216825e-14      -4.649188829202e-13       1.074658191354e-14       0.000000000000e+00       0.000000000000e+00       0.000000000000e+00 
   92       2.168732359598e-11       1.584226252896e-14      -4.603185760354e-13       1.072331317690e-14       0.000000000000e+00       0.000000000000e+00       0.000000000000e+00 
   93       2.101779623251e-11       1.590881852577e-14      -4.554878263046e-13       1.069530476475e-14       0.000000000000e+00       0.000000000000e+00       0.000000000000e+00 
   94       2.035913088715e-11       1.596905592490e-14      -4.504348047091e-13       1.066263553128e-14       0.000000000000e+00       0.000000000000e+00       0.000000000000e+00 
   95       1.971189387578e-11       1.602295413129e-14      -4.451674649915e-13       1.062538568609e-14       0.000000000000e+00       0.000000000000e+00       0.000000000000e+00 
   96       1.907654396018e-11       1.607049910004e-14      -4.396940453667e-13       1.058364090332e-14       0.000000000000e+00       0.000000000000e+00       0.000000000000e+00 
   97       1.845342762704e-11       1.611168343959e-14      -4.340230651417e-13       1.053749232171e-14       0.000000000000e+00       0.000000000000e+00       0.000000000000e+00 
   98       1.784277436710e-11       1.614650651476e-14      -4.281633213342e-13       1.048703654474e-14       0.000000000000e+00       0.000000000000e+00       0.000000000000e+00 
   99       1.724469195417e-11       1.617497454987e-14      -4.221238852917e-13       1.043237564069e-14       0.000000000000e+00       0.000000000000e+00       0.000000000000e+00 
  100       1.665916172417e-11       1.619710073185e-14      -4.159140993113e-13       1.037361714277e-14       0.000000000000e+00       0.000000000000e+00       0.000000000000e+00 
  101       1.608603385425e-11       1.621290531330e-14      -4.095435732579e-13       1.031087404921e-14       0.000000000000e+00       0.000000000000e+00       0.000000000000e+00 
  102       1.552502264179e-11       1.622241571561e-14      -4.030221811843e-13       1.024426482333e-14       0.000000000000e+00       0.000000000000e+00       0.000000000000e+00 
  103       1.497570178348e-11       1.622566663206e-14      -3.963600579496e-13       1.017391339370e-14       0.000000000000e+00       0.000000000000e+00       0.000000000000e+00 
  104       1.443768411297e-11       1.622269705244e-14      -3.895672232106e-13       1.009994459533e-14       0.000000000000e+00       0.000000000000e+00       0.000000000000e+00 
  105       1.391119863384e-11       1.621354065708e-14      -3.826524028300e-13       1.002246979195e-14       0.000000000000e+00       0.000000000000e+00       0.000000000000e+00 
  106       1.339658299709e-11       1.619823431137e-14      -3.756240412135e-13       9.941599302682e-15       0.000000000000e+00       0.000000000000e+00       0.000000000000e+00 
  107       1.289410334180e-11       1.617682109676e-14      -3.684906523349e-13       9.857446738043e-15       0.000000000000e+00       0.000000000000e+00       0.000000000000e+00 
  108       1.240395160122e-11       1.614935038004e-14      -3.612608122610e-13       9.770128949940e-15       0.000000000000e+00       0.000000000000e+00       0.000000000000e+00 
  109       1.192624280889e-11       1.611587788262e-14      -3.539431516751e-13       9.679765981677e-15       0.000000000000e+00       0.000000000000e+00       0.000000000000e+00 
  110       1.146101240465e-11       1.607646574978e-14      -3.465463484021e-13       9.586481017958e-15       0.000000000000e+00       0.000000000000e+00       0.000000000000e+00 
  111       1.100821354078e-11       1.603118261993e-14      -3.390791199325e-13       9.490400334884e-15       0.000000000000e+00       0.000000000000e+00       0.000000000000e+00 
  112       1.056771438803e-11       1.598010369390e-14      -3.315502159464e-13       9.391653249959e-15       0.000000000000e+00       0.000000000000e+00       0.000000000000e+00 
  113       1.013929544174e-11       1.592331080419e-14      -3.239684108386e-13       9.290372072087e-15       0.000000000000e+00       0.000000000000e+00       0.000000000000e+00 
  114       9.722646827869e-12       1.586089248425e-14      -3.163424962422e-13       9.186692051580e-15       0.000000000000e+00       0.000000000000e+00       0.000000000000e+00 
  115       9.317365609122e-12       1.579294403774e-14      -3.086812735533e-13       9.080751330151e-15       0.000000000000e+00       0.000000000000e+00       0.000000000000e+00 
  116       8.923082457347e-12       1.571956334613e-14      -3.009933485382e-13       8.972687036578e-15       0.000000000000e+00       0.000000000000e+00       0.000000000000e+00 
  117       8.539864902340e-12       1.564083756526e-14      -2.932865028075e-13       8.862623142027e-15       0.000000000000e+00       0.000000000000e+00       0.000000000000e+00 
  118       8.167858279927e-12       1.555685493388e-14      -2.855682315308e-13       8.750681027400e-15       0.000000000000e+00       0.000000000000e+00       0.000000000000e+00 
  119       7.807159219225e-12       1.546770892183e-14      -2.778459253918e-13       8.636983122397e-15       0.000000000000e+00       0.000000000000e+00       0.000000000000e+00 
  120       7.457814092541e-12       1.537349826161e-14      -2.701268613618e-13       8.521652821443e-15       0.000000000000e+00       0.000000000000e+00       0.000000000000e+00 
  121       7.119817465274e-12       1.527432698000e-14      -2.624181934746e-13       8.404814399604e-15       0.000000000000e+00       0.000000000000e+00       0.000000000000e+00 
  122       6.793110545813e-12       1.517030442961e-14      -2.547269436010e-13       8.286592928513e-15       0.000000000000e+00       0.000000000000e+00       0.000000000000e+00 
  123       6.477579635438e-12       1.506154532049e-14      -2.470599922228e-13       8.167114192293e-15       0.000000000000e+00       0.000000000000e+00       0.000000000000e+00 
  124       6.173054578221e-12       1.494816975171e-14      -2.394240692075e-13       8.046504603477e-15       0.000000000000e+00       0.000000000000e+00       0.000000000000e+00 
  125       5.879307210927e-12       1.483030324293e-14      -2.318257445827e-13       7.924891118934e-15       0.000000000000e+00       0.000000000000e+00       0.000000000000e+00 
  126       5.596049812909e-12       1.470807676604e-14      -2.242714193103e-13       7.802401155787e-15       0.000000000000e+00       0.000000000000e+00       0.000000000000e+00 
  127       5.322933556017e-12       1.458162677668e-14      -2.167673160610e-13       7.679162507339e-15       0.000000000000e+00       0.000000000000e+00       0.000000000000e+00 
  128       5.059546954489e-12       1.445109524586e-14      -2.093194699888e-13       7.555303258994e-15       0.000000000000e+00       0.000000000000e+00       0.000000000000e+00 
  129       4.805512884461e-12       1.431662441648e-14      -2.019337463191e-13       7.430948910481e-15       0.000000000000e+00       0.000000000000e+00       0.000000000000e+00 
  130       4.560794968364e-12       1.417834035538e-14      -1.946159148897e-13       7.306213564182e-15       0.000000000000e+00       0.000000000000e+00       0.000000000000e+00 
  131       4.325422028362e-12       1.403636764824e-14      -1.873715663912e-13       7.181207606761e-15       0.000000000000e+00       0.000000000000e+00       0.000000000000e+00 
  132       4.099391693134e-12       1.389083450675e-14      -1.802060773405e-13       7.056040313174e-15       0.000000000000e+00       0.000000000000e+00       0.000000000000e+00 
  133       3.882669553101e-12       1.374187276252e-14      -1.731246010475e-13       6.930819742596e-15       0.000000000000e+00       0.000000000000e+00       0.000000000000e+00 
  134       3.675188315656e-12       1.358961786088e-14      -1.661320585813e-13       6.805652634353e-15       0.000000000000e+00       0.000000000000e+00       0.000000000000e+00 
  135       3.476846960389e-12       1.343420885474e-14      -1.592331297364e-13       6.680644303858e-15       0.000000000000e+00       0.000000000000e+00       0.000000000000e+00 
  136       3.287509894319e-12       1.327578839840e-14      -1.524322439990e-13       6.555898538536e-15       0.000000000000e+00       0.000000000000e+00       0.000000000000e+00 
  137       3.107006107120e-12       1.311450274143e-14      -1.457335715134e-13       6.431517493762e-15       0.000000000000e+00       0.000000000000e+00       0.000000000000e+00 
  138       2.935128326350e-12       1.295050172248e-14      -1.391410140482e-13       6.307601588789e-15       0.000000000000e+00       0.000000000000e+00       0.000000000000e+00 
  139       2.771632172680e-12       1.278393876314e-14      -1.326581959622e-13       6.184249402681e-15       0.000000000000e+00       0.000000000000e+00       0.000000000000e+00 
  140       2.616235315120e-12       1.261497086176e-14      -1.262884551715e-13       6.061557570245e-15       0.000000000000e+00       0.000000000000e+00       0.000000000000e+00 
  141       2.468616626250e-12       1.244375858731e-14      -1.200348341148e-13       5.939620677963e-15       0.000000000000e+00       0.000000000000e+00       0.000000000000e+00 
  142       2.328415337448e-12       1.227046607320e-14      -1.139000707205e-13       5.818531159923e-15       0.000000000000e+00       0.000000000000e+00       0.000000000000e+00 
  143       2.195230194115e-12       1.209526101116e-14      -1.078865893724e-13       5.698379193749e-15       0.000000000000e+00       0.000000000000e+00       0.000000000000e+00 
  144       2.068694254466e-12       1.191830837391e-14      -1.019967319892e-13       5.579252113370e-15       0.000000000000e+00       0.000000000000e+00       0.000000000000e+00 
  145       1.948709380265e-12       1.173975089895e-14      -9.623349600938e-14       5.461232801759e-15       0.000000000000e+00       0.000000000000e+00       0.000000000000e+00 
  146       1.835233365483e-12       1.155972666009e-14      -9.059985232756e-14       5.344400941170e-15       0.000000000000e+00       0.000000000000e+00       0.000000000000e+00 
  147       1.728205962176e-12       1.137837512397e-14      -8.509850412874e-14       5.228833376179e-15       0.000000000000e+00       0.000000000000e+00       0.000000000000e+00 
  148       1.627548470445e-12       1.119583710785e-14      -7.973187923446e-14       5.114604006839e-15       0.000000000000e+00       0.000000000000e+00       0.000000000000e+00 
  149       1.533163328398e-12       1.101225473742e-14      -7.450212244904e-14       5.001783681834e-15       0.000000000000e+00       0.000000000000e+00       0.000000000000e+00 
  150       1.444933702110e-12       1.082777140459e-14      -6.941108790580e-14       4.890440091634e-15       0.000000000000e+00       0.000000000000e+00       0.000000000000e+00 
  151       1.362723075589e-12       1.064253172530e-14      -6.446033141330e-14       4.780637661651e-15       0.000000000000e+00       0.000000000000e+00       0.000000000000e+00 
  152       1.286374840730e-12       1.045668149733e-14      -5.965110280156e-14       4.672437445394e-15       0.000000000000e+00       0.000000000000e+00       0.000000000000e+00 
  153       1.215711887282e-12       1.027036765804e-14      -5.498433826830e-14       4.565897017620e-15       0.000000000000e+00       0.000000000000e+00       0.000000000000e+00 
  154       1.150536192811e-12       1.008373824226e-14      -5.046065272515e-14       4.461070367497e-15       0.000000000000e+00       0.000000000000e+00       0.000000000000e+00 
  155       1.090628412653e-12       9.896942340010e-15      -4.608033214392e-14       4.358007791749e-15       0.000000000000e+00       0.000000000000e+00       0.000000000000e+00 
  156       1.035747469883e-12       9.710130054349e-15      -4.184332590279e-14       4.256755787821e-15       0.000000000000e+00       0.000000000000e+00       0.000000000000e+00 
  157       9.856301452763e-13       9.523452459150e-15      -3.774923913256e-14       4.157356947025e-15       0.000000000000e+00       0.000000000000e+00       0.000000000000e+00 
  158       9.399906672636e-13       9.337061556909e-15      -3.379732506285e-14       4.059849847700e-15       0.000000000000e+00       0.000000000000e+00       0.000000000000e+00 
  159       8.985203018989e-13       9.151110236539e-15      -2.998647736840e-14       3.964268948367e-15       0.000000000000e+00       0.000000000000e+00       0.000000000000e+00 
  160       8.608869428175e-13       8.965752231175e-15      -2.631522251521e-14       3.870644480882e-15       0.000000000000e+00       0.000000000000e+00       0.000000000000e+00 
  161       8.267883053737e-13       8.781136141801e-15      -2.278219891449e-14       3.779005530127e-15       0.000000000000e+00       0.000000000000e+00       0.000000000000e+00 
  162       7.961176562496e-13       8.597387002819e-15      -1.938765807024e-14       3.689389803448e-15       0.000000000000e+00       0.000000000000e+00       0.000000000000e+00 
  163       7.688120243387e-13       8.414622998032e-15      -1.613208217259e-14       3.601834524979e-15       0.000000000000e+00       0.000000000000e+00       0.000000000000e+00 
  164       7.447997526078e-13       8.232961179246e-15      -1.301570385872e-14       3.516373235359e-15       0.000000000000e+00       0.000000000000e+00       0.000000000000e+00 
  165       7.240003346841e-13       8.052517396762e-15      -1.003850079886e-14       3.433035699545e-15       0.000000000000e+00       0.000000000000e+00       0.000000000000e+00 
  166       7.063242514431e-13       7.873406229877e-15      -7.200190282243e-15       3.351847814631e-15       0.000000000000e+00       0.000000000000e+00       0.000000000000e+00 
  167       6.916728075958e-13       7.695740917382e-15      -4.500223803059e-15       3.272831517659e-15       0.000000000000e+00       0.000000000000e+00       0.000000000000e+00 
  168       6.799379682762e-13       7.519633288053e-15      -1.937781646456e-15       3.196004693442e-15       0.000000000000e+00       0.000000000000e+00       0.000000000000e+00 
  169       6.710021956288e-13       7.345193691154e-15       4.882325255069e-16       3.121381082374e-15       0.000000000000e+00       0.000000000000e+00       0.000000000000e+00 
  170       6.647382853959e-13       7.172530926932e-15       2.779197087884e-15       3.048970188246e-15       0.000000000000e+00       0.000000000000e+00       0.000000000000e+00 
  171       6.610092035053e-13       7.001752177115e-15       4.936777866872e-15       2.978777186067e-15       0.000000000000e+00       0.000000000000e+00       0.000000000000e+00 
  172       6.596679226577e-13       6.832962935404e-15       6.962933553845e-15       2.910802829872e-15       0.000000000000e+00       0.000000000000e+00       0.000000000000e+00 
  173       6.605572589139e-13       6.666266937980e-15       8.859921119375e-15       2.845043360545e-15       0.000000000000e+00       0.000000000000e+00       0.000000000000e+00 
  174       6.635097082825e-13       6.501766093989e-15       1.063030122727e-14       2.781490413630e-15       0.000000000000e+00       0.000000000000e+00       0.000000000000e+00 
  175       6.683472833073e-13       6.339560416050e-15       1.227694364859e-14       2.720130927149e-15       0.000000000000e+00       0.000000000000e+00       0.000000000000e+00 
  176       6.748813496548e-13       6.179747950744e-15       1.380303267570e-14       2.660947049418e-15       0.000000000000e+00       0.000000000000e+00       0.000000000000e+00 
  177       6.829124627016e-13       6.022424709117e-15       1.521207253628e-14       2.603916046860e-15       0.000000000000e+00       0.000000000000e+00       0.000000000000e+00 
  178       6.922302041217e-13       5.867684597172e-15       1.650789280735e-14       2.549010211826e-15       0.000000000000e+00       0.000000000000e+00       0.000000000000e+00 
  179       7.026130184743e-13       5.715619346369e-15       1.769465382932e-14       2.496196770405e-15       0.000000000000e+00       0.000000000000e+00       0.000000000000e+00 
  180       7.138614788284e-13       5.566315510096e-15       1.877621885355e-14       2.445445142341e-15       0.000000000000e+00       0.000000000000e+00       0.000000000000e+00 
  181       7.259013819330e-13       5.419845331286e-15       1.975420336664e-14       2.396749558668e-15       0.000000000000e+00       0.000000000000e+00       0.000000000000e+00 
  182       7.386885531715e-13       5.276275013725e-15       2.062978074612e-14       2.350108069068e-15       0.000000000000e+00       0.000000000000e+00       0.000000000000e+00 
  183       7.521761139504e-13       5.135667511104e-15       2.140430465252e-14       2.305515286702e-15       0.000000000000e+00       0.000000000000e+00       0.000000000000e+00 
  184       7.663144414136e-13       4.998082446718e-15       2.207931211087e-14       2.262962323098e-15       0.000000000000e+00       0.000000000000e+00       0.000000000000e+00 
  185       7.810511281575e-13       4.863576033145e-15       2.265652659232e-14       2.222436723051e-15       0.000000000000e+00       0.000000000000e+00       0.000000000000e+00 
  186       7.963309419450e-13       4.732200991947e-15       2.313786109566e-14       2.183922399517e-15       0.000000000000e+00       0.000000000000e+00       0.000000000000e+00 
  187       8.120957854210e-13       4.604006473352e-15       2.352542122887e-14       2.147399568508e-15       0.000000000000e+00       0.000000000000e+00       0.000000000000e+00 
  188       8.282846558265e-13       4.479037975951e-15       2.382150829070e-14       2.112844683986e-15       0.000000000000e+00       0.000000000000e+00       0.000000000000e+00 
  189       8.448336047131e-13       4.357337266382e-15       2.402862235222e-14       2.080230372762e-15       0.000000000000e+00       0.000000000000e+00       0.000000000000e+00 
  190       8.616756976585e-13       4.238942299026e-15       2.414946533836e-14       2.049525369387e-15       0.000000000000e+00       0.000000000000e+00       0.000000000000e+00 
  191       8.787409739802e-13       4.123887135693e-15       2.418694410950e-14       2.020694451053e-15       0.000000000000e+00       0.000000000000e+00       0.000000000000e+00 
  192       8.959564064508e-13       4.012201865314e-15       2.414417354297e-14       1.993698372482e-15       0.000000000000e+00       0.000000000000e+00       0.000000000000e+00 
  193       9.132458610124e-13       3.903912523634e-15       2.402447961467e-14       1.968493800825e-15       0.000000000000e+00       0.000000000000e+00       0.000000000000e+00 
  194       9.305300564913e-13       3.799041012897e-15       2.383140248060e-14       1.945033250555e-15       0.000000000000e+00       0.000000000000e+00       0.000000000000e+00 
  195       9.477265243127e-13       3.697605021540e-15       2.356869955839e-14       1.923265018368e-15       0.000000000000e+00       0.000000000000e+00       0.000000000000e+00 
  196       9.647495682154e-13       3.599617943883e-15       2.324034860889e-14       1.903133118070e-15       0.000000000000e+00       0.000000000000e+00       0.000000000000e+00 
  197       9.815102239664e-13       3.505088799816e-15       2.285055081772e-14       1.884577215480e-15       0.000000000000e+00       0.000000000000e+00       0.000000000000e+00 
  198       9.979162190755e-13       3.414022154497e-15       2.240373387682e-14       1.867532563318e-15       0.000000000000e+00       0.000000000000e+00       0.000000000000e+00 
  199       1.013871932510e-12       3.326418038032e-15       2.190455506601e-14       1.851929936108e-15       0.000000000000e+00       0.000000000000e+00       0.000000000000e+00 
  200       1.029278354410e-12       3.242271865174e-15       2.135790433454e-14       1.837695565068e-15       0.000000000000e+00       0.000000000000e+00       0.000000000000e+00 
  201       1.044048812606e-12       3.161577504961e-15       2.076825841635e-14       1.824761465684e-15       0.000000000000e+00       0.000000000000e+00       0.000000000000e+00 
  202       1.058157487819e-12       3.084336901012e-15       2.013768535372e-14       1.813097377913e-15       0.000000000000e+00       0.000000000000e+00       0.000000000000e+00 
  203       1.071594290299e-12       3.010550984341e-15       1.946770321135e-14       1.802680984607e-15       0.000000000000e+00       0.000000000000e+00       0.000000000000e+00 
  204       1.084349410775e-12       2.940216514631e-15       1.875991738731e-14       1.793487689731e-15       0.000000000000e+00       0.000000000000e+00       0.000000000000e+00 
  205       1.096413326765e-12       2.873326009230e-15       1.801602177659e-14       1.785490583973e-15       0.000000000000e+00       0.000000000000e+00       0.000000000000e+00 
  206       1.107776808890e-12       2.809867672153e-15       1.723779993462e-14       1.778660410353e-15       0.000000000000e+00       0.000000000000e+00       0.000000000000e+00 
  207       1.118430927191e-12       2.749825323079e-15       1.642712624077e-14       1.772965529842e-15       0.000000000000e+00       0.000000000000e+00       0.000000000000e+00 
  208       1.128367057441e-12       2.693178326358e-15       1.558596706193e-14       1.768371886962e-15       0.000000000000e+00       0.000000000000e+00       0.000000000000e+00 
  209       1.137576887455e-12       2.639901520002e-15       1.471638191594e-14       1.764842975406e-15       0.000000000000e+00       0.000000000000e+00       0.000000000000e+00 
  210       1.146052423413e-12       2.589965144691e-15       1.382052463522e-14       1.762339803647e-15       0.000000000000e+00       0.000000000000e+00       0.000000000000e+00 
  211       1.153785996162e-12       2.543334772772e-15       1.290064453022e-14       1.760820860544e-15       0.000000000000e+00       0.000000000000e+00       0.000000000000e+00 
  212       1.160770267540e-12       2.499971237258e-15       1.195908755297e-14       1.760242080960e-15       0.000000000000e+00       0.000000000000e+00       0.000000000000e+00 
  213       1.166998236683e-12       2.459830560830e-15       1.099829746060e-14       1.760556811371e-15       0.000000000000e+00       0.000000000000e+00       0.000000000000e+00 
  214       1.172463246344e-12       2.422863884834e-15       1.002081697886e-14       1.761715775474e-15       0.000000000000e+00       0.000000000000e+00       0.000000000000e+00 
  215       1.177158989202e-12       2.389017398284e-15       9.029288965660e-15       1.763667039801e-15       0.000000000000e+00       0.000000000000e+00       0.000000000000e+00 
  216       1.181079514178e-12       2.358232266861e-15       8.026457574578e-15       1.766355979331e-15       0.000000000000e+00       0.000000000000e+00       0.000000000000e+00 
  217       1.184219232750e-12       2.330444561912e-15       7.015169418383e-15       1.769725243098e-15       0.000000000000e+00       0.000000000000e+00       0.000000000000e+00 
  218       1.186572925262e-12       2.305585189452e-15       5.998374732566e-15       1.773714719804e-15       0.000000000000e+00       0.000000000000e+00       0.000000000000e+00 
  219       1.188135747246e-12       2.283579819163e-15       4.979128538862e-15       1.778261503430e-15       0.000000000000e+00       0.000000000000e+00       0.000000000000e+00 
  220       1.188903235727e-12       2.264348813393e-15       3.960591808771e-15       1.783299858848e-15       0.000000000000e+00       0.000000000000e+00       0.000000000000e+00 
  221       1.188871315543e-12       2.247807156158e-15       2.946032627086e-15       1.788761187429e-15       0.000000000000e+00       0.000000000000e+00       0.000000000000e+00 
  222       1.188036305654e-12       2.233864382143e-15       1.938827355413e-15       1.794573992658e-15       0.000000000000e+00       0.000000000000e+00       0.000000000000e+00 
  223       1.186394925461e-12       2.222424505697e-15       9.424617956954e-16       1.800663845741e-15       0.000000000000e+00       0.000000000000e+00       0.000000000000e+00 
  224       1.183946718439e-12       2.213397239278e-15      -3.996095937086e-17       1.806963834000e-15       0.000000000000e+00       0.000000000000e+00       0.000000000000e+00 
  225       1.180701483092e-12       2.206732597153e-15      -1.007234538802e-15       1.813446723585e-15       0.000000000000e+00       0.000000000000e+00       0.000000000000e+00 
  226       1.176672332049e-12       2.202388379357e-15      -1.958630383155e-15       1.820094798332e-15       0.000000000000e+00       0.000000000000e+00       0.000000000000e+00 
  227       1.171873329690e-12       2.200319038394e-15      -2.893413192883e-15       1.826889553497e-15       0.000000000000e+00       0.000000000000e+00       0.000000000000e+00 
  228       1.166319504210e-12       2.200475635107e-15      -3.810840939367e-15       1.833811686325e-15       0.000000000000e+00       0.000000000000e+00       0.000000000000e+00 
  229       1.160026859695e-12       2.202805794568e-15      -4.710164875949e-15       1.840841086623e-15       0.000000000000e+00       0.000000000000e+00       0.000000000000e+00 
  230       1.153012388185e-12       2.207253661947e-15      -5.590629548958e-15       1.847956827325e-15       0.000000000000e+00       0.000000000000e+00       0.000000000000e+00 
  231       1.145294081747e-12       2.213759858403e-15      -6.451472808745e-15       1.855137155068e-15       0.000000000000e+00       0.000000000000e+00       0.000000000000e+00 
  232       1.136890944545e-12       2.222261436954e-15      -7.291925820717e-15       1.862359480760e-15       0.000000000000e+00       0.000000000000e+00       0.000000000000e+00 
  233       1.127823004906e-12       2.232691838361e-15      -8.111213076362e-15       1.869600370147e-15       0.000000000000e+00       0.000000000000e+00       0.000000000000e+00 
  234       1.118111327392e-12       2.244980847008e-15      -8.908552404285e-15       1.876835534387e-15       0.000000000000e+00       0.000000000000e+00       0.000000000000e+00 
  235       1.107778024868e-12       2.259054546782e-15      -9.683154981235e-15       1.884039820620e-15       0.000000000000e+00       0.000000000000e+00       0.000000000000e+00 
  236       1.096846270572e-12       2.274835276950e-15      -1.043422534314e-14       1.891187202534e-15       0.000000000000e+00       0.000000000000e+00       0.000000000000e+00 
  237       1.085340310184e-12       2.292241588040e-15      -1.116096139615e-14       1.898250770940e-15       0.000000000000e+00       0.000000000000e+00       0.000000000000e+00 
  238       1.073285473894e-12       2.311188197722e-15      -1.186255442763e-14       1.905202724340e-15       0.000000000000e+00       0.000000000000e+00       0.000000000000e+00 
  239       1.060708188474e-12       2.331585946687e-15      -1.253818911723e-14       1.912014359496e-15       0.000000000000e+00       0.000000000000e+00       0.000000000000e+00 
  240       1.047635989346e-12       2.353341754525e-15      -1.318704354791e-14       1.918656062002e-15       0.000000000000e+00       0.000000000000e+00       0.000000000000e+00 
  241       1.034097532650e-12       2.376358575607e-15      -1.380828921696e-14       1.925097296853e-15       0.000000000000e+00       0.000000000000e+00       0.000000000000e+00 
  242       1.020122607316e-12       2.400535354964e-15      -1.440109104704e-14       1.931306599016e-15       0.000000000000e+00       0.000000000000e+00       0.000000000000e+00 
  243       1.005742147129e-12       2.425766984166e-15      -1.496460739718e-14       1.937251564000e-15       0.000000000000e+00       0.000000000000e+00       0.000000000000e+00 
  244       9.909882428040e-13       2.451944257201e-15      -1.549799007388e-14       1.942898838423e-15       0.000000000000e+00       0.000000000000e+00       0.000000000000e+00 
  245       9.758941540509e-13       2.478953826357e-15      -1.600038434207e-14       1.948214110587e-15       0.000000000000e+00       0.000000000000e+00       0.000000000000e+00 
  246       9.604943216456e-13       2.506678158100e-15      -1.647092893618e-14       1.953162101045e-15       0.000000000000e+00       0.000000000000e+00       0.000000000000e+00 
  247       9.448243794985e-13       2.534995488956e-15      -1.690875607117e-14       1.957706553173e-15       0.000000000000e+00       0.000000000000e+00       0.000000000000e+00 
  248       9.289211667247e-13       2.563779781384e-15      -1.731299145353e-14       1.961810223738e-15       0.000000000000e+00       0.000000000000e+00       0.000000000000e+00 
  249       9.128227397126e-13       2.592900679666e-15      -1.768275429236e-14       1.965434873468e-15       0.000000000000e+00       0.000000000000e+00       0.000000000000e+00 
  250       8.965638664544e-13       2.622240302360e-15      -1.801734840512e-14       1.968547903738e-15       0.000000000000e+00       0.000000000000e+00       0.000000000000e+00 
  251       8.801621962632e-13       2.651744785470e-15      -1.831684774301e-14       1.971142710827e-15       0.000000000000e+00       0.000000000000e+00       0.000000000000e+00 
  252       8.636313151847e-13       2.681375628769e-15      -1.858154468476e-14       1.973219488234e-15       0.000000000000e+00       0.000000000000e+00       0.000000000000e+00 
  253       8.469851953142e-13       2.711093115063e-15      -1.881176235765e-14       1.974778689546e-15       0.000000000000e+00       0.000000000000e+00       0.000000000000e+00 
  254       8.302381982262e-13       2.740856298273e-15      -1.900785501393e-14       1.975821031724e-15       0.000000000000e+00       0.000000000000e+00       0.000000000000e+00 
  255       8.134050784043e-13       2.770622991511e-15      -1.917020840734e-14       1.976347498373e-15       0.000000000000e+00       0.000000000000e+00       0.000000000000e+00 
  256       7.965009866710e-13       2.800349755156e-15      -1.929924016951e-14       1.976359343030e-15       0.000000000000e+00       0.000000000000e+00       0.000000000000e+00 
  257       7.795414736175e-13       2.829991884932e-15      -1.939540018651e-14       1.975858092441e-15       0.000000000000e+00       0.000000000000e+00       0.000000000000e+00 
  258       7.625424930337e-13       2.859503399986e-15      -1.945917097527e-14       1.974845549840e-15       0.000000000000e+00       0.000000000000e+00       0.000000000000e+00 
  259       7.455204053373e-13       2.888837030963e-15      -1.949106806007e-14       1.973323798230e-15       0.000000000000e+00       0.000000000000e+00       0.000000000000e+00 
  260       7.284919810045e-13       2.917944208084e-15      -1.949164034903e-14       1.971295203661e-15       0.000000000000e+00       0.000000000000e+00       0.000000000000e+00 
  261       7.114744039993e-13       2.946775049225e-15      -1.946147051052e-14       1.968762418512e-15       0.000000000000e+00       0.000000000000e+00       0.000000000000e+00 
  262       6.944852752031e-13       2.975278347991e-15      -1.940117534971e-14       1.965728384770e-15       0.000000000000e+00       0.000000000000e+00       0.000000000000e+00 
  263       6.775426158452e-13       3.003401561797e-15      -1.931140618498e-14       1.962196337310e-15       0.000000000000e+00       0.000000000000e+00       0.000000000000e+00 
  264       6.606648709317e-13       3.031090799939e-15      -1.919284922443e-14       1.958169807173e-15       0.000000000000e+00       0.000000000000e+00       0.000000000000e+00 
  265       6.438709126762e-13       3.058290811677e-15      -1.904622594232e-14       1.953652624848e-15       0.000000000000e+00       0.000000000000e+00       0.000000000000e+00 
  266       6.271800439286e-13       3.084944974312e-15      -1.887229345557e-14       1.948648923552e-15       0.000000000000e+00       0.000000000000e+00       0.000000000000e+00 
  267       6.106120016060e-13       3.110995281259e-15      -1.867184490023e-14       1.943163142507e-15       0.000000000000e+00       0.000000000000e+00       0.000000000000e+00 
  268       5.941869601216e-13       3.136382330125e-15      -1.844570980791e-14       1.937200030223e-15       0.000000000000e+00       0.000000000000e+00       0.000000000000e+00 
  269       5.779255348150e-13       3.161045310791e-15      -1.819475448231e-14       1.930764647776e-15       0.000000000000e+00       0.000000000000e+00       0.000000000000e+00 
  270       5.618487853816e-13       3.184921993482e-15      -1.791988237566e-14       1.923862372088e-15       0.000000000000e+00       0.000000000000e+00       0.000000000000e+00 
  271       5.459782193028e-13       3.207948716851e-15      -1.762203446518e-14       1.916498899207e-15       0.000000000000e+00       0.000000000000e+00       0.000000000000e+00 
  272       5.303357952757e-13       3.230060376050e-15      -1.730218962957e-14       1.908680247587e-15       0.000000000000e+00       0.000000000000e+00       0.000000000000e+00 
  273       5.149439266425e-13       3.251190410812e-15      -1.696136502550e-14       1.900412761369e-15       0.000000000000e+00       0.000000000000e+00       0.000000000000e+00 
  274       4.998254848209e-13       3.271270793525e-15      -1.660061646404e-14       1.891703113656e-15       0.000000000000e+00       0.000000000000e+00       0.000000000000e+00 
  275       4.850038027335e-13       3.290232017310e-15      -1.622103878715e-14       1.882558309799e-15       0.000000000000e+00       0.000000000000e+00       0.000000000000e+00 
  276       4.705026782377e-13       3.308003084100e-15      -1.582376624416e-14       1.872985690673e-15       0.000000000000e+00       0.000000000000e+00       0.000000000000e+00 
  277       4.563463775554e-13       3.324511492714e-15      -1.540997286823e-14       1.862992935957e-15       0.000000000000e+00       0.000000000000e+00       0.000000000000e+00 
  278       4.425596387031e-13       3.339683226935e-15      -1.498087285283e-14       1.852588067418e-15       0.000000000000e+00       0.000000000000e+00       0.000000000000e+00 
  279       4.291635362983e-13       3.353455926411e-15      -1.453759712174e-14       1.841779764011e-15       0.000000000000e+00       0.000000000000e+00       0.000000000000e+00 
  280       4.161628317813e-13       3.365819179195e-15      -1.408081518612e-14       1.830578318538e-15       0.000000000000e+00       0.000000000000e+00       0.000000000000e+00 
  281       4.035579745063e-13       3.376776293482e-15      -1.361109442975e-14       1.818994736945e-15       0.000000000000e+00       0.000000000000e+00       0.000000000000e+00 
  282       3.913491784198e-13       3.386331311102e-15      -1.312902233633e-14       1.807040434701e-15       0.000000000000e+00       0.000000000000e+00       0.000000000000e+00 
  283       3.795364191326e-13       3.394489015847e-15      -1.263520667577e-14       1.794727240554e-15       0.000000000000e+00       0.000000000000e+00       0.000000000000e+00 
  284       3.681194309931e-13       3.401254941801e-15      -1.213027569045e-14       1.782067400296e-15       0.000000000000e+00       0.000000000000e+00       0.000000000000e+00 
  285       3.570977041590e-13       3.406635381664e-15      -1.161487828152e-14       1.769073580513e-15       0.000000000000e+00       0.000000000000e+00       0.000000000000e+00 
  286       3.464704816699e-13       3.410637395079e-15      -1.108968419525e-14       1.755758872353e-15       0.000000000000e+00       0.000000000000e+00       0.000000000000e+00 
  287       3.362367565201e-13       3.413268816964e-15      -1.055538420922e-14       1.742136795277e-15       0.000000000000e+00       0.000000000000e+00       0.000000000000e+00 
  288       3.263952687307e-13       3.414538265832e-15      -1.001269031870e-14       1.728221300823e-15       0.000000000000e+00       0.000000000000e+00       0.000000000000e+00 
  289       3.169445024225e-13       3.414455152126e-15      -9.462335922916e-15       1.714026776361e-15       0.000000000000e+00       0.000000000000e+00       0.000000000000e+00 
  290       3.078826828878e-13       3.413029686540e-15      -8.905076011327e-15       1.699568048856e-15       0.000000000000e+00       0.000000000000e+00       0.000000000000e+00 
  291       2.992077736634e-13       3.410272888349e-15      -8.341687349929e-15       1.684860388623e-15       0.000000000000e+00       0.000000000000e+00       0.000000000000e+00 
  292       2.909174736031e-13       3.406196593737e-15      -7.772968667552e-15       1.669919513087e-15       0.000000000000e+00       0.000000000000e+00       0.000000000000e+00 
  293       2.830092139496e-13       3.400813464122e-15      -7.199740842145e-15       1.654761590544e-15       0.000000000000e+00       0.000000000000e+00       0.000000000000e+00 
  294       2.754801554077e-13       3.394136994484e-15      -6.622847087073e-15       1.639403243915e-15       0.000000000000e+00       0.000000000000e+00       0.000000000000e+00 
  295       2.683271852161e-13       3.386181521693e-15      -6.043153137406e-15       1.623861554511e-15       0.000000000000e+00       0.000000000000e+00       0.000000000000e+00 
  296       2.615469142203e-13       3.376962232838e-15      -5.461547436217e-15       1.608154065786e-15       0.000000000000e+00       0.000000000000e+00       0.000000000000e+00 
  297       2.551356739449e-13       3.366495173548e-15      -4.878941320868e-15       1.592298787099e-15       0.000000000000e+00       0.000000000000e+00       0.000000000000e+00 
  298       2.490895136661e-13       3.354797256327e-15      -4.296269209307e-15       1.576314197471e-15       0.000000000000e+00       0.000000000000e+00       0.000000000000e+00 
  299       2.434041974842e-13       3.341886268875e-15      -3.714488786360e-15       1.560219249347e-15       0.000000000000e+00       0.000000000000e+00       0.000000000000e+00 
  300       2.380752013959e-13       3.327780882420e-15      -3.134581190021e-15       1.544033372351e-15       0.000000000000e+00       0.000000000000e+00       0.000000000000e+00 
  301       2.330977103669e-13       3.312500660040e-15      -2.557551197748e-15       1.527776477047e-15       0.000000000000e+00       0.000000000000e+00       0.000000000000e+00 
  302       2.284666154044e-13       3.296066064997e-15      -1.984427412754e-15       1.511468958698e-15       0.000000000000e+00       0.000000000000e+00       0.000000000000e+00 
  303       2.241765106295e-13       3.278498469058e-15      -1.416262450298e-15       1.495131701021e-15       0.000000000000e+00       0.000000000000e+00       0.000000000000e+00 
  304       2.202216903497e-13       3.259820160825e-15      -8.541331239807e-16       1.478786079953e-15       0.000000000000e+00       0.000000000000e+00       0.000000000000e+00 
  305       2.165961461311e-13       3.240054354062e-15      -2.991406320343e-16       1.462453967403e-15       0.000000000000e+00       0.000000000000e+00       0.000000000000e+00 
  306       2.132935638714e-13       3.219225196024e-15       2.475892563831e-16       1.446157735014e-15       0.000000000000e+00       0.000000000000e+00       0.000000000000e+00 
  307       2.103073208718e-13       3.197357775779e-15       7.849060148962e-16       1.429920257920e-15       0.000000000000e+00       0.000000000000e+00       0.000000000000e+00 
  308       2.076304829100e-13       3.174478132542e-15       1.311634173619e-15       1.413764918509e-15       0.000000000000e+00       0.000000000000e+00       0.000000000000e+00 
  309       2.052558013121e-13       3.150613263998e-15       1.826573132863e-15       1.397715610176e-15       0.000000000000e+00       0.000000000000e+00       0.000000000000e+00 
  310       2.031757100256e-13       3.125791134629e-15       2.328496976844e-15       1.381796741085e-15       0.000000000000e+00       0.000000000000e+00       0.000000000000e+00 
  311       2.013823226913e-13       3.100040684043e-15       2.816154287390e-15       1.366033237929e-15       0.000000000000e+00       0.000000000000e+00       0.000000000000e+00 
  312       1.998679167033e-13       3.073391250849e-15       3.288475619408e-15       1.350446991361e-15       0.000000000000e+00       0.000000000000e+00       0.000000000000e+00 
  313       1.986264162151e-13       3.045870797650e-15       3.745206949195e-15       1.335046002307e-15       0.000000000000e+00       0.000000000000e+00       0.000000000000e+00 
  314       1.976519722253e-13       3.017507619958e-15       4.186305254001e-15       1.319834739386e-15       0.000000000000e+00       0.000000000000e+00       0.000000000000e+00 
  315       1.969384794745e-13       2.988330930800e-15       4.611733568730e-15       1.304817651229e-15       0.000000000000e+00       0.000000000000e+00       0.000000000000e+00 
  316       1.964795741168e-13       2.958370868321e-15       5.021461054816e-15       1.289999165855e-15       0.000000000000e+00       0.000000000000e+00       0.000000000000e+00 
  317       1.962686313899e-13       2.927658503400e-15       5.415463069111e-15       1.275383690065e-15       0.000000000000e+00       0.000000000000e+00       0.000000000000e+00 
  318       1.962987632869e-13       2.896225847257e-15       5.793721232767e-15       1.260975608825e-15       0.000000000000e+00       0.000000000000e+00       0.000000000000e+00 
  319       1.965628162263e-13       2.864105859060e-15       6.156223500115e-15       1.246779284653e-15       0.000000000000e+00       0.000000000000e+00       0.000000000000e+00 
  320       1.970533687236e-13       2.831332453534e-15       6.502964227555e-15       1.232799057005e-15       0.000000000000e+00       0.000000000000e+00       0.000000000000e+00 
  321       1.977627290616e-13       2.797940508574e-15       6.833944242431e-15       1.219039241662e-15       0.000000000000e+00       0.000000000000e+00       0.000000000000e+00 
  322       1.986829329616e-13       2.763965872850e-15       7.149170911919e-15       1.205504130113e-15       0.000000000000e+00       0.000000000000e+00       0.000000000000e+00 
  323       1.998057412542e-13       2.729445373418e-15       7.448658211909e-15       1.192197988948e-15       0.000000000000e+00       0.000000000000e+00       0.000000000000e+00 
  324       2.011226375502e-13       2.694416823329e-15       7.732426795886e-15       1.179125059239e-15       0.000000000000e+00       0.000000000000e+00       0.000000000000e+00 
  325       2.026248259114e-13       2.658919029237e-15       8.000504063815e-15       1.166289555928e-15       0.000000000000e+00       0.000000000000e+00       0.000000000000e+00 
  326       2.043032285214e-13       2.622991799009e-15       8.252924231024e-15       1.153695667210e-15       0.000000000000e+00       0.000000000000e+00       0.000000000000e+00 
  327       2.061484833569e-13       2.586675949334e-15       8.489728397084e-15       1.141347553928e-15       0.000000000000e+00       0.000000000000e+00       0.000000000000e+00 
  328       2.081509418580e-13       2.550013313331e-15       8.710964614695e-15       1.129249348949e-15       0.000000000000e+00       0.000000000000e+00       0.000000000000e+00 
  329       2.103006665993e-13       2.513046748160e-15       8.916687958567e-15       1.117405156557e-15       0.000000000000e+00       0.000000000000e+00       0.000000000000e+00 
  330       2.125874289610e-13       2.475820142630e-15       9.106960594303e-15       1.105819051837e-15       0.000000000000e+00       0.000000000000e+00       0.000000000000e+00 
  331       2.150007067996e-13       2.438378424806e-15       9.281851847285e-15       1.094495080062e-15       0.000000000000e+00       0.000000000000e+00       0.000000000000e+00 
  332       2.175296821186e-13       2.400767569624e-15       9.441438271551e-15       1.083437256079e-15       0.000000000000e+00       0.000000000000e+00       0.000000000000e+00 
  333       2.201632387395e-13       2.363034606493e-15       9.585803718684e-15       1.072649563694e-15       0.000000000000e+00       0.000000000000e+00       0.000000000000e+00 
  334       2.228899599730e-13       2.325227626907e-15       9.715039406689e-15       1.062135955060e-15       0.000000000000e+00       0.000000000000e+00       0.000000000000e+00 
  335       2.256981262892e-13       2.287395792056e-15       9.829243988881e-15       1.051900350064e-15       0.000000000000e+00       0.000000000000e+00       0.000000000000e+00 
  336       2.285757129893e-13       2.249589340434e-15       9.928523622766e-15       1.041946635713e-15       0.000000000000e+00       0.000000000000e+00       0.000000000000e+00 
  337       2.315103878756e-13       2.211859595444e-15       1.001299203892e-14       1.032278665515e-15       0.000000000000e+00       0.000000000000e+00       0.000000000000e+00 
  338       2.344895089232e-13       2.174258973014e-15       1.008277060988e-14       1.022900258876e-15       0.000000000000e+00       0.000000000000e+00       0.000000000000e+00 
  339       2.375001219500e-13       2.136840989201e-15       1.013798841903e-14       1.013815200475e-15       0.000000000000e+00       0.000000000000e+00       0.000000000000e+00 
  340       2.405289582886e-13       2.099660267801e-15       1.017878232945e-14       1.005027239658e-15       0.000000000000e+00       0.000000000000e+00       0.000000000000e+00 
  341       2.435624324563e-13       2.062772547960e-15       1.020529705284e-14       9.965400898221e-16       0.000000000000e+00       0.000000000000e+00       0.000000000000e+00 
  342       2.465866398264e-13       2.026234691781e-15       1.021768521841e-14       9.883574278000e-16       0.000000000000e+00       0.000000000000e+00       0.000000000000e+00 
  343       2.495873542988e-13       1.990104691934e-15       1.021610744171e-14       9.804828932488e-16       0.000000000000e+00       0.000000000000e+00       0.000000000000e+00 
  344       2.525500259714e-13       1.954441679263e-15       1.020073239355e-14       9.729200880349e-16       0.000000000000e+00       0.000000000000e+00       0.000000000000e+00 
  345       2.554597788104e-13       1.919305930401e-15       1.017173686889e-14       9.656725756210e-16       0.000000000000e+00       0.000000000000e+00       0.000000000000e+00 
  346       2.583014083214e-13       1.884758875371e-15       1.012930585569e-14       9.587438804521e-16       0.000000000000e+00       0.000000000000e+00       0.000000000000e+00 
  347       2.610593792204e-13       1.850863105201e-15       1.007363260382e-14       9.521374873417e-16       0.000000000000e+00       0.000000000000e+00       0.000000000000e+00 
  348       2.637178231044e-13       1.817682379530e-15       1.000491869396e-14       9.458568408586e-16       0.000000000000e+00       0.000000000000e+00       0.000000000000e+00 
  349       2.662631934320e-13       1.785271529547e-15       9.923387984657e-15       9.399040155232e-16       0.000000000000e+00       0.000000000000e+00       0.000000000000e+00 
  350       2.686923569484e-13       1.753645688329e-15       9.829328952307e-15       9.342756666893e-16       0.000000000000e+00       0.000000000000e+00       0.000000000000e+00 
  351       2.710048337956e-13       1.722809797310e-15       9.723054244795e-15       9.289669102708e-16       0.000000000000e+00       0.000000000000e+00       0.000000000000e+00 
  352       2.732001708102e-13       1.692768593323e-15       9.604887044175e-15       9.239726348424e-16       0.000000000000e+00       0.000000000000e+00       0.000000000000e+00 
  353       2.752779418051e-13       1.663526606279e-15       9.475161149173e-15       9.192874997207e-16       0.000000000000e+00       0.000000000000e+00       0.000000000000e+00 
  354       2.772377478505e-13       1.635088156847e-15       9.334221057713e-15       9.149059330438e-16       0.000000000000e+00       0.000000000000e+00       0.000000000000e+00 
  355       2.790792175555e-13       1.607457354142e-15       9.182422049429e-15       9.108221298528e-16       0.000000000000e+00       0.000000000000e+00       0.000000000000e+00 
  356       2.808020073495e-13       1.580638093405e-15       9.020130268184e-15       9.070300501717e-16       0.000000000000e+00       0.000000000000e+00       0.000000000000e+00 
  357       2.824058017636e-13       1.554634053682e-15       8.847722804584e-15       9.035234170880e-16       0.000000000000e+00       0.000000000000e+00       0.000000000000e+00 
  358       2.838903137121e-13       1.529448695510e-15       8.665587778498e-15       9.002957148335e-16       0.000000000000e+00       0.000000000000e+00       0.000000000000e+00 
  359       2.852552847738e-13       1.505085258599e-15       8.474124421573e-15       8.973401868644e-16       0.000000000000e+00       0.000000000000e+00       0.000000000000e+00 
  360       2.865004854732e-13       1.481546759511e-15       8.273743159752e-15       8.946498339424e-16       0.000000000000e+00       0.000000000000e+00       0.000000000000e+00 
  361       2.876257155625e-13       1.458835989348e-15       8.064865695790e-15       8.922174122146e-16       0.000000000000e+00       0.000000000000e+00       0.000000000000e+00 
  362       2.886308043026e-13       1.436955511428e-15       7.847925091770e-15       8.900354312943e-16       0.000000000000e+00       0.000000000000e+00       0.000000000000e+00 
  363       2.895156107443e-13       1.415907658971e-15       7.623365851622e-15       8.880961523416e-16       0.000000000000e+00       0.000000000000e+00       0.000000000000e+00 
  364       2.902800240103e-13       1.395694532781e-15       7.391644003639e-15       8.863915861439e-16       0.000000000000e+00       0.000000000000e+00       0.000000000000e+00 
  365       2.909239635761e-13       1.376317998926e-15       7.153227182992e-15       8.849134911962e-16       0.000000000000e+00       0.000000000000e+00       0.000000000000e+00 
  366       2.914473795518e-13       1.357779686423e-15       6.908594714250e-15       8.836533717819e-16       0.000000000000e+00       0.000000000000e+00       0.000000000000e+00 
  367       2.918502529631e-13       1.340080984918e-15       6.658237693894e-15       8.826024760532e-16       0.000000000000e+00       0.000000000000e+00       0.000000000000e+00 
  368       2.921325960331e-13       1.323223042372e-15       6.402659072837e-15       8.817517941114e-16       0.000000000000e+00       0.000000000000e+00       0.000000000000e+00 
  369       2.922944524635e-13       1.307206762736e-15       6.142373738936e-15       8.810920560880e-16       0.000000000000e+00       0.000000000000e+00       0.000000000000e+00 
  370       2.923358977161e-13       1.292032803642e-15       5.877908599515e-15       8.806137302247e-16       0.000000000000e+00       0.000000000000e+00       0.000000000000e+00 
  371       2.922570392940e-13       1.277701574079e-15       5.609802663877e-15       8.803070209539e-16       0.000000000000e+00       0.000000000000e+00       0.000000000000e+00 
  372       2.920580170234e-13       1.264213232077e-15       5.338607125821e-15       8.801618669797e-16       0.000000000000e+00       0.000000000000e+00       0.000000000000e+00 
  373       2.917390033347e-13       1.251567682391e-15       5.064885446164e-15       8.801679393579e-16       0.000000000000e+00       0.000000000000e+00       0.000000000000e+00 
  374       2.913002035439e-13       1.239764574180e-15       4.789213435251e-15       8.803146395769e-16       0.000000000000e+00       0.000000000000e+00       0.000000000000e+00 
  375       2.907418561344e-13       1.228803298692e-15       4.512179335475e-15       8.805910976379e-16       0.000000000000e+00       0.000000000000e+00       0.000000000000e+00 
  376       2.900642330378e-13       1.218682986945e-15       4.234383903797e-15       8.809861701358e-16       0.000000000000e+00       0.000000000000e+00       0.000000000000e+00 
  377       2.892676399159e-13       1.209402507410e-15       3.956440494257e-15       8.814884383394e-16       0.000000000000e+00       0.000000000000e+00       0.000000000000e+00 
  378       2.883524164417e-13       1.200960463692e-15       3.678975140493e-15       8.820862062719e-16       0.000000000000e+00       0.000000000000e+00       0.000000000000e+00 
  379       2.873189365810e-13       1.193355192213e-15       3.402626638260e-15       8.827674987917e-16       0.000000000000e+00       0.000000000000e+00       0.000000000000e+00 
  380       2.861676088738e-13       1.186584759895e-15       3.128046627945e-15       8.835200596727e-16       0.000000000000e+00       0.000000000000e+00       0.000000000000e+00 
  381       2.848988767157e-13       1.180646961840e-15       2.855899677084e-15       8.843313496851e-16       0.000000000000e+00       0.000000000000e+00       0.000000000000e+00 
  382       2.835132186392e-13       1.175539319016e-15       2.586863362878e-15       8.851885446753e-16       0.000000000000e+00       0.000000000000e+00       0.000000000000e+00 
  383       2.820111485954e-13       1.171259075934e-15       2.321628354711e-15       8.860785336471e-16       0.000000000000e+00       0.000000000000e+00       0.000000000000e+00 
  384       2.803932162351e-13       1.167803198335e-15       2.060898496668e-15       8.869879168421e-16       0.000000000000e+00       0.000000000000e+00       0.000000000000e+00 
  385       2.786600071904e-13       1.165168370870e-15       1.805390890049e-15       8.879030038196e-16       0.000000000000e+00       0.000000000000e+00       0.000000000000e+00 
  386       2.768121433558e-13       1.163350994784e-15       1.555835975887e-15       8.888098115381e-16       0.000000000000e+00       0.000000000000e+00       0.000000000000e+00 
  387       2.748502831703e-13       1.162347185594e-15       1.312977617466e-15       8.896940624350e-16       0.000000000000e+00       0.000000000000e+00       0.000000000000e+00 
  388       2.727755146487e-13       1.162150394012e-15       1.077450453982e-15       8.905432638929e-16       0.000000000000e+00       0.000000000000e+00       0.000000000000e+00 
  389       2.705905501117e-13       1.162744175310e-15       8.494067355073e-16       8.913530363069e-16       0.000000000000e+00       0.000000000000e+00       0.000000000000e+00 
  390       2.682985766985e-13       1.164109144938e-15       6.288756914439e-16       8.921210179562e-16       0.000000000000e+00       0.000000000000e+00       0.000000000000e+00 
  391       2.659028682424e-13       1.166225326671e-15       4.158849839538e-16       8.928448047292e-16       0.000000000000e+00       0.000000000000e+00       0.000000000000e+00 
  392       2.634067858654e-13       1.169072148402e-15       2.104606928973e-16       8.935219498585e-16       0.000000000000e+00       0.000000000000e+00       0.000000000000e+00 
  393       2.608137785713e-13       1.172628437934e-15       1.262730077339e-17       8.941499636566e-16       0.000000000000e+00       0.000000000000e+00       0.000000000000e+00 
  394       2.581273838395e-13       1.176872418773e-15      -1.775923223399e-16       8.947263132510e-16       0.000000000000e+00       0.000000000000e+00       0.000000000000e+00 
  395       2.553512282185e-13       1.181781705921e-15      -3.601769338458e-16       8.952484223196e-16       0.000000000000e+00       0.000000000000e+00       0.000000000000e+00 
  396       2.524890279201e-13       1.187333301670e-15      -5.351069336886e-16       8.957136708261e-16       0.000000000000e+00       0.000000000000e+00       0.000000000000e+00 
  397       2.495445894125e-13       1.193503591389e-15      -7.023643794136e-16       8.961193947554e-16       0.000000000000e+00       0.000000000000e+00       0.000000000000e+00 
  398       2.465218100143e-13       1.200268339325e-15      -8.619330012270e-16       8.964628858486e-16       0.000000000000e+00       0.000000000000e+00       0.000000000000e+00 
  399       2.434246784879e-13       1.207602684388e-15      -1.013798217056e-15       8.967413913389e-16       0.000000000000e+00       0.000000000000e+00       0.000000000000e+00 
  400       2.402572756335e-13       1.215481135947e-15      -1.157947147610e-15       8.969521136865e-16       0.000000000000e+00       0.000000000000e+00       0.000000000000e+00 
  401       2.370237748826e-13       1.223877569623e-15      -1.294368631436e-15       8.970922103142e-16       0.000000000000e+00       0.000000000000e+00       0.000000000000e+00 
  402       2.337284428917e-13       1.232765223080e-15      -1.423053239986e-15       8.971587933426e-16       0.000000000000e+00       0.000000000000e+00       0.000000000000e+00 
  403       2.303756401358e-13       1.242116691819e-15      -1.543993292670e-15       8.971489293254e-16       0.000000000000e+00       0.000000000000e+00       0.000000000000e+00 
  404       2.269698215025e-13       1.251903924969e-15      -1.657182871920e-15       8.970596389851e-16       0.000000000000e+00       0.000000000000e+00       0.000000000000e+00 
  405       2.235155368851e-13       1.262098221080e-15      -1.762617838248e-15       8.968878969478e-16       0.000000000000e+00       0.000000000000e+00       0.000000000000e+00 
  406       2.200174317768e-13       1.272670223919e-15      -1.860295845307e-15       8.966306314791e-16       0.000000000000e+00       0.000000000000e+00       0.000000000000e+00 
  407       2.164802478641e-13       1.283589918256e-15      -1.950216354951e-15       8.962847242189e-16       0.000000000000e+00       0.000000000000e+00       0.000000000000e+00 
  408       2.129088236205e-13       1.294826625662e-15      -2.032380652296e-15       8.958470099174e-16       0.000000000000e+00       0.000000000000e+00       0.000000000000e+00 
  409       2.093080949001e-13       1.306349000299e-15      -2.106791860775e-15       8.953142761698e-16       0.000000000000e+00       0.000000000000e+00       0.000000000000e+00 
  410       2.056830955315e-13       1.318125024714e-15      -2.173454957205e-15       8.946832631519e-16       0.000000000000e+00       0.000000000000e+00       0.000000000000e+00 
  411       2.020389579114e-13       1.330122005631e-15      -2.232376786842e-15       8.939506633558e-16       0.000000000000e+00       0.000000000000e+00       0.000000000000e+00 
  412       1.983809135979e-13       1.342306569742e-15      -2.283566078443e-15       8.931131213245e-16       0.000000000000e+00       0.000000000000e+00       0.000000000000e+00 
  413       1.947142939049e-13       1.354644659503e-15      -2.327033459324e-15       8.921672333879e-16       0.000000000000e+00       0.000000000000e+00       0.000000000000e+00 
  414       1.910445304949e-13       1.367101528923e-15      -2.362791470425e-15       8.911095473980e-16       0.000000000000e+00       0.000000000000e+00       0.000000000000e+00 
  415       1.873771559736e-13       1.379641739359e-15      -2.390854581363e-15       8.899365624641e-16       0.000000000000e+00       0.000000000000e+00       0.000000000000e+00 
  416       1.837178044826e-13       1.392229155308e-15      -2.411239205496e-15       8.886447286880e-16       0.000000000000e+00       0.000000000000e+00       0.000000000000e+00 
  417       1.800722122941e-13       1.404826940198e-15      -2.423963714983e-15       8.872304468997e-16       0.000000000000e+00       0.000000000000e+00       0.000000000000e+00 
  418       1.764462184036e-13       1.417397552182e-15      -2.429048455844e-15       8.856900683928e-16       0.000000000000e+00       0.000000000000e+00       0.000000000000e+00 
  419       1.728457651242e-13       1.429902739933e-15      -2.426515763018e-15       8.840198946594e-16       0.000000000000e+00       0.000000000000e+00       0.000000000000e+00 
  420       1.692768986801e-13       1.442303538431e-15      -2.416389975425e-15       8.822161771258e-16       0.000000000000e+00       0.000000000000e+00       0.000000000000e+00 
  421       1.657457698002e-13       1.454560264760e-15      -2.398697451024e-15       8.802751168877e-16       0.000000000000e+00       0.000000000000e+00       0.000000000000e+00 
  422       1.622586343119e-13       1.466632513898e-15      -2.373466581877e-15       8.781928644455e-16       0.000000000000e+00       0.000000000000e+00       0.000000000000e+00 
  423       1.588218537347e-13       1.478479154514e-15      -2.340727809201e-15       8.759655194401e-16       0.000000000000e+00       0.000000000000e+00       0.000000000000e+00 
  424       1.554418958738e-13       1.490058324752e-15      -2.300513638440e-15       8.735891303874e-16       0.000000000000e+00       0.000000000000e+00       0.000000000000e+00 
  425       1.521253354139e-13       1.501327428035e-15      -2.252858654311e-15       8.710596944145e-16       0.000000000000e+00       0.000000000000e+00       0.000000000000e+00 
  426       1.488788545128e-13       1.512243128845e-15      -2.197799535876e-15       8.683731569945e-16       0.000000000000e+00       0.000000000000e+00       0.000000000000e+00 
  427       1.457081223401e-13       1.522768043030e-15      -2.135400721897e-15       8.655266404332e-16       0.000000000000e+00       0.000000000000e+00       0.000000000000e+00 
  428       1.426143904990e-13       1.532891067938e-15      -2.065832337936e-15       8.625221758992e-16       0.000000000000e+00       0.000000000000e+00       0.000000000000e+00 
  429       1.395977829417e-13       1.542607735674e-15      -1.989294950078e-15       8.593630978437e-16       0.000000000000e+00       0.000000000000e+00       0.000000000000e+00 
  430       1.366584064179e-13       1.551913581277e-15      -1.905994185974e-15       8.560528272615e-16       0.000000000000e+00       0.000000000000e+00       0.000000000000e+00 
  431       1.337963503315e-13       1.560804142905e-15      -1.816140766741e-15       8.525948722331e-16       0.000000000000e+00       0.000000000000e+00       0.000000000000e+00 
  432       1.310116865989e-13       1.569274962027e-15      -1.719950538868e-15       8.489928284672e-16       0.000000000000e+00       0.000000000000e+00       0.000000000000e+00 
  433       1.283044695059e-13       1.577321583612e-15      -1.617644506115e-15       8.452503798426e-16       0.000000000000e+00       0.000000000000e+00       0.000000000000e+00 
  434       1.256747355660e-13       1.584939556311e-15      -1.509448861417e-15       8.413712989504e-16       0.000000000000e+00       0.000000000000e+00       0.000000000000e+00 
  435       1.231225033774e-13       1.592124432653e-15      -1.395595018787e-15       8.373594476363e-16       0.000000000000e+00       0.000000000000e+00       0.000000000000e+00 
  436       1.206477734806e-13       1.598871769229e-15      -1.276319645214e-15       8.332187775424e-16       0.000000000000e+00       0.000000000000e+00       0.000000000000e+00 
  437       1.182505282166e-13       1.605177126881e-15      -1.151864692570e-15       8.289533306500e-16       0.000000000000e+00       0.000000000000e+00       0.000000000000e+00 
  438       1.159307315834e-13       1.611036070891e-15      -1.022477429513e-15       8.245672398209e-16       0.000000000000e+00       0.000000000000e+00       0.000000000000e+00 
  439       1.136883290948e-13       1.616444171166e-15      -8.884104733841e-16       8.200647293405e-16       0.000000000000e+00       0.000000000000e+00       0.000000000000e+00 
  440       1.115232476370e-13       1.621397002433e-15      -7.499218221131e-16       8.154501154592e-16       0.000000000000e+00       0.000000000000e+00       0.000000000000e+00 
  441       1.094353953266e-13       1.625890144421e-15      -6.072748861212e-16       8.107278069349e-16       0.000000000000e+00       0.000000000000e+00       0.000000000000e+00 
  442       1.074246613681e-13       1.629919182050e-15      -4.607385202221e-16       8.059023055753e-16       0.000000000000e+00       0.000000000000e+00       0.000000000000e+00 
  443       1.054909159114e-13       1.633479705625e-15      -3.105870555246e-16       8.009782067796e-16       0.000000000000e+00       0.000000000000e+00       0.000000000000e+00 
  444       1.036340099098e-13       1.636567311015e-15      -1.571003313351e-16       7.959602000812e-16       0.000000000000e+00       0.000000000000e+00       0.000000000000e+00 
  445       1.018537749767e-13       1.639177599849e-15      -5.637270596943e-19       7.908530696894e-16       0.000000000000e+00       0.000000000000e+00       0.000000000000e+00 
  446       1.001500232442e-13       1.641306179702e-15       1.587318058936e-16       7.856616950319e-16       0.000000000000e+00       0.000000000000e+00       0.000000000000e+00 
  447       9.852254721971e-14       1.642948664283e-15       3.204897122124e-16       7.803910512968e-16       0.000000000000e+00       0.000000000000e+00       0.000000000000e+00 
  448       9.697111964434e-14       1.644100673620e-15       4.844078007776e-16       7.750462099747e-16       0.000000000000e+00       0.000000000000e+00       0.000000000000e+00 
  449       9.549549334994e-14       1.644757834254e-15       6.501782127613e-16       7.696323394010e-16       0.000000000000e+00       0.000000000000e+00       0.000000000000e+00 
  450       9.409540111689e-14       1.644915779426e-15       8.174873897243e-16       7.641547052980e-16       0.000000000000e+00       0.000000000000e+00       0.000000000000e+00 
  451       9.277055553160e-14       1.644570149260e-15       9.860160417141e-16       7.586186713172e-16       0.000000000000e+00       0.000000000000e+00       0.000000000000e+00 
  452       9.152064884416e-14       1.643716590957e-15       1.155439115362e-15       7.530296995811e-16       0.000000000000e+00       0.000000000000e+00       0.000000000000e+00 
  453       9.034535282582e-14       1.642350758983e-15       1.325425761982e-15       7.473933512258e-16       0.000000000000e+00       0.000000000000e+00       0.000000000000e+00 
  454       8.924431862664e-14       1.640468315255e-15       1.495639305668e-15       7.417152869428e-16       0.000000000000e+00       0.000000000000e+00       0.000000000000e+00 
  455       8.821717663300e-14       1.638064929327e-15       1.665737211388e-15       7.360012675213e-16       0.000000000000e+00       0.000000000000e+00       0.000000000000e+00 
  456       8.726353632522e-14       1.635136278585e-15       1.835371053090e-15       7.302571543906e-16       0.000000000000e+00       0.000000000000e+00       0.000000000000e+00 
  457       8.638298613512e-14       1.631678048430e-15       2.004186481792e-15       7.244889101618e-16       0.000000000000e+00       0.000000000000e+00       0.000000000000e+00 
  458       8.557509330359e-14       1.627685932467e-15       2.171823193682e-15       7.187025991702e-16       0.000000000000e+00       0.000000000000e+00       0.000000000000e+00 
  459       8.483940373813e-14       1.623155632697e-15       2.337914898218e-15       7.129043880177e-16       0.000000000000e+00       0.000000000000e+00       0.000000000000e+00 
  460       8.417544187050e-14       1.618082859698e-15       2.502089286221e-15       7.071005461145e-16       0.000000000000e+00       0.000000000000e+00       0.000000000000e+00 
  461       8.358271051421e-14       1.612463332821e-15       2.663967997980e-15       7.012974462215e-16       0.000000000000e+00       0.000000000000e+00       0.000000000000e+00 
  462       8.306069072215e-14       1.606292780374e-15       2.823166591342e-15       6.955015649925e-16       0.000000000000e+00       0.000000000000e+00       0.000000000000e+00 
  463       8.260884164414e-14       1.599566939811e-15       2.979294509813e-15       6.897194835163e-16       0.000000000000e+00       0.000000000000e+00       0.000000000000e+00 
  464       8.222660038448e-14       1.592281557919e-15       3.131955050658e-15       6.839578878588e-16       0.000000000000e+00       0.000000000000e+00       0.000000000000e+00 
  465       8.191338185958e-14       1.584432391010e-15       3.280745332994e-15       6.782235696054e-16       0.000000000000e+00       0.000000000000e+00       0.000000000000e+00 
  466       8.166837862286e-14       1.576018415961e-15       3.425321090108e-15       6.725225737671e-16       0.000000000000e+00       0.000000000000e+00       0.000000000000e+00 
  467       8.148995375643e-14       1.567051573209e-15       3.565593335925e-15       6.668576121416e-16       0.000000000000e+00       0.000000000000e+00       0.000000000000e+00 
  468       8.137622875771e-14       1.557547328102e-15       3.701537771560e-15       6.612305703188e-16       0.000000000000e+00       0.000000000000e+00       0.000000000000e+00 
  469       8.132528160787e-14       1.547521489473e-15       3.833130519589e-15       6.556433530931e-16       0.000000000000e+00       0.000000000000e+00       0.000000000000e+00 
  470       8.133514651908e-14       1.536990211601e-15       3.960348127893e-15       6.500978845357e-16       0.000000000000e+00       0.000000000000e+00       0.000000000000e+00 
  471       8.140381368177e-14       1.525969996169e-15       4.083167573498e-15       6.445961080664e-16       0.000000000000e+00       0.000000000000e+00       0.000000000000e+00 
  472       8.152922901193e-14       1.514477694222e-15       4.201566266419e-15       6.391399865256e-16       0.000000000000e+00       0.000000000000e+00       0.000000000000e+00 
  473       8.170929389834e-14       1.502530508127e-15       4.315522053502e-15       6.337315022464e-16       0.000000000000e+00       0.000000000000e+00       0.000000000000e+00 
  474       8.194186494990e-14       1.490145993530e-15       4.425013222270e-15       6.283726571265e-16       0.000000000000e+00       0.000000000000e+00       0.000000000000e+00 
  475       8.222475374285e-14       1.477342061318e-15       4.530018504762e-15       6.230654727003e-16       0.000000000000e+00       0.000000000000e+00       0.000000000000e+00 
  476       8.255572656806e-14       1.464136979573e-15       4.630517081375e-15       6.178119902109e-16       0.000000000000e+00       0.000000000000e+00       0.000000000000e+00 
  477       8.293250417832e-14       1.450549375537e-15       4.726488584712e-15       6.126142706820e-16       0.000000000000e+00       0.000000000000e+00       0.000000000000e+00 
  478       8.335276153556e-14       1.436598237564e-15       4.817913103420e-15       6.074743949901e-16       0.000000000000e+00       0.000000000000e+00       0.000000000000e+00 
  479       8.381412755819e-14       1.422302917084e-15       4.904771186034e-15       6.023944639361e-16       0.000000000000e+00       0.000000000000e+00       0.000000000000e+00 
  480       8.431418486833e-14       1.407683130560e-15       4.987043844820e-15       5.973765983180e-16       0.000000000000e+00       0.000000000000e+00       0.000000000000e+00 
  481       8.485046953909e-14       1.392758961446e-15       5.064712559619e-15       5.924229390021e-16       0.000000000000e+00       0.000000000000e+00       0.000000000000e+00 
  482       8.542047084183e-14       1.377550862145e-15       5.137759281687e-15       5.875356469956e-16       0.000000000000e+00       0.000000000000e+00       0.000000000000e+00 
  483       8.602163099345e-14       1.362079655973e-15       5.206166437539e-15       5.827169035185e-16       0.000000000000e+00       0.000000000000e+00       0.000000000000e+00 
  484       8.665134490366e-14       1.346366539110e-15       5.269916932795e-15       5.779689100752e-16       0.000000000000e+00       0.000000000000e+00       0.000000000000e+00 
  485       8.730695992225e-14       1.330433082566e-15       5.328994156015e-15       5.732938885271e-16       0.000000000000e+00       0.000000000000e+00       0.000000000000e+00 
  486       8.798577558634e-14       1.314301234135e-15       5.383381982550e-15       5.686940811642e-16       0.000000000000e+00       0.000000000000e+00       0.000000000000e+00 
  487       8.868504336770e-14       1.297993320355e-15       5.433064778380e-15       5.641717507772e-16       0.000000000000e+00       0.000000000000e+00       0.000000000000e+00 
  488       8.940196641997e-14       1.281532048467e-15       5.478027403957e-15       5.597291807296e-16       0.000000000000e+00       0.000000000000e+00       0.000000000000e+00 
  489       9.013369932595e-14       1.264940508377e-15       5.518255218052e-15       5.553686750296e-16       0.000000000000e+00       0.000000000000e+00       0.000000000000e+00 
  490       9.087734784490e-14       1.248242174608e-15       5.553734081591e-15       5.510925584021e-16       0.000000000000e+00       0.000000000000e+00       0.000000000000e+00 
  491       9.162996865977e-14       1.231460908263e-15       5.584450361502e-15       5.469031763608e-16       0.000000000000e+00       0.000000000000e+00       0.000000000000e+00 
  492       9.238856912448e-14       1.214620958986e-15       5.610390934557e-15       5.428028952801e-16       0.000000000000e+00       0.000000000000e+00       0.000000000000e+00 
  493       9.315010701124e-14       1.197746966914e-15       5.631543191216e-15       5.387941024673e-16       0.000000000000e+00       0.000000000000e+00       0.000000000000e+00 
  494       9.391149025774e-14       1.180863964645e-15       5.647895039467e-15       5.348792062342e-16       0.000000000000e+00       0.000000000000e+00       0.000000000000e+00 
  495       9.466957671448e-14       1.163997379186e-15       5.659434908669e-15       5.310606359697e-16       0.000000000000e+00       0.000000000000e+00       0.000000000000e+00 
  496       9.542117389204e-14       1.147173033922e-15       5.666151753400e-15       5.273408422111e-16       0.000000000000e+00       0.000000000000e+00       0.000000000000e+00 
  497       9.616303870833e-14       1.130417150567e-15       5.668035057291e-15       5.237222967167e-16       0.000000000000e+00       0.000000000000e+00       0.000000000000e+00 
  498       9.689187723585e-14       1.113756351129e-15       5.665074836876e-15       5.202074925377e-16       0.000000000000e+00       0.000000000000e+00       0.000000000000e+00 
  499       9.760434444902e-14       1.097217659862e-15       5.657261645432e-15       5.167989440897e-16       0.000000000000e+00       0.000000000000e+00       0.000000000000e+00 
  500       9.829704397138e-14       1.080828505232e-15       5.644586576821e-15       5.134991872255e-16       0.000000000000e+00       0.000000000000e+00       0.000000000000e+00 
