# Matter power spectrum P(k) at redshift z=0
# for k=1.03892e-05 to 108.968 h/Mpc,
# number of wavenumbers equal to 813
#    1:k (h/Mpc)              2:P (Mpc/h)^3        
       1.038922642939e-05       4.698341204325e+01 
       2.321812845777e-05       1.026212067025e+02 
       3.609173375949e-05       1.575262295296e+02 
       4.904439972293e-05       2.121921728404e+02 
       6.211104703766e-05       2.669140105398e+02 
       7.532746857054e-05       3.219213747524e+02 
       8.873064803662e-05       3.774162206604e+02 
       1.023590926717e-04       4.335884119531e+02 
       1.162531841463e-04       4.906238900662e+02 
       1.304555519933e-04       5.487097419491e+02 
       1.450114738307e-04       6.080378311019e+02 
       1.599693066034e-04       6.688077239336e+02 
       1.753809529045e-04       7.312292563945e+02 
       1.913023660834e-04       7.955249404247e+02 
       2.077940972269e-04       8.619323142792e+02 
       2.249218860767e-04       9.307062987900e+02 
       2.427572963652e-04       1.002121584011e+03 
       2.613783937036e-04       1.076475069836e+03 
       2.808704607789e-04       1.154088300893e+03 
       3.013267399005e-04       1.235309910727e+03 
       3.228491865167e-04       1.320517948452e+03 
       3.455492088079e-04       1.410122014355e+03 
       3.695483574944e-04       1.504565018934e+03 
       3.949789163030e-04       1.604324385553e+03 
       4.219843271272e-04       1.709912393775e+03 
       4.507193652352e-04       1.821875360421e+03 
       4.813499601652e-04       1.940791219487e+03 
       5.140525395271e-04       2.067265069048e+03 
       5.490127596148e-04       2.201922178647e+03 
       5.864234840096e-04       2.345397990848e+03 
       6.264818862127e-04       2.498324775971e+03 
       6.693855924581e-04       2.661314710966e+03 
       7.153278526981e-04       2.834939569317e+03 
       7.644918337246e-04       3.019707565433e+03 
       8.170442631527e-04       3.216038486340e+03 
       8.731288004716e-04       3.424238765314e+03 
       9.328596440384e-04       3.644478511829e+03 
       9.963159657110e-04       3.876773030790e+03 
       1.063537764317e-03       4.120970902594e+03 
       1.134523625953e-03       4.376750518847e+03 
       1.209230678886e-03       4.643625770850e+03 
       1.287576767588e-03       4.920960932186e+03 
       1.369444598904e-03       5.207978115233e+03 
       1.454687391583e-03       5.503802910951e+03 
       1.543135431286e-03       5.807525481430e+03 
       1.634602911679e-03       6.118173243344e+03 
       1.728894515035e-03       6.434761507963e+03 
       1.825811320086e-03       6.756317477450e+03 
       1.925155782401e-03       7.081899474160e+03 
       2.026735680812e-03       7.410611712486e+03 
       2.130367041837e-03       7.741614404128e+03 
       2.235876134908e-03       8.074130718550e+03 
       2.343100676070e-03       8.407448908405e+03 
       2.451890393792e-03       8.740922942658e+03 
       2.562107106469e-03       9.073971031046e+03 
       2.673624445201e-03       9.406072200622e+03 
       2.786327333995e-03       9.736762918348e+03 
       2.900111316992e-03       1.006563221129e+04 
       3.014881801364e-03       1.039231916942e+04 
       3.130553266383e-03       1.071650485967e+04 
       3.247048474339e-03       1.103791246068e+04 
       3.364297707344e-03       1.135629810306e+04 
       3.482238045183e-03       1.167145301065e+04 
       3.600812692879e-03       1.198319322165e+04 
       3.719970362018e-03       1.229136496703e+04 
       3.839664706618e-03       1.259583136707e+04 
       3.959853812268e-03       1.289647984087e+04 
       4.080499735881e-03       1.319321564757e+04 
       4.201568092653e-03       1.348595579972e+04 
       4.323027686457e-03       1.377463834803e+04 
       4.444850179783e-03       1.405920368385e+04 
       4.567009799409e-03       1.433961727219e+04 
       4.689483074174e-03       1.461584090970e+04 
       4.812248601458e-03       1.488785368499e+04 
       4.935286839263e-03       1.515564289194e+04 
       5.058579921044e-03       1.541919578128e+04 
       5.182111490760e-03       1.567850919766e+04 
       5.305866555835e-03       1.593358773561e+04 
       5.429831356000e-03       1.618443577898e+04 
       5.553993246208e-03       1.643106814465e+04 
       5.678340591997e-03       1.667349365682e+04 
       5.802862675902e-03       1.691173619032e+04 
       5.927549613644e-03       1.714582291347e+04 
       6.052392279003e-03       1.737579705335e+04 
       6.177382236385e-03       1.760162038009e+04 
       6.302511680230e-03       1.782333783887e+04 
       6.427773380501e-03       1.804100900304e+04 
       6.553160633584e-03       1.825463260086e+04 
       6.678667218001e-03       1.846412970705e+04 
       6.804287354430e-03       1.866977523675e+04 
       6.930015669548e-03       1.887148363155e+04 
       7.055847163317e-03       1.906929812578e+04 
       7.181777179324e-03       1.926324185449e+04 
       7.307801377880e-03       1.945334989094e+04 
       7.433915711576e-03       1.963967430409e+04 
       7.560116403057e-03       1.982223560571e+04 
       7.686399924782e-03       2.000107541812e+04 
       7.812762980579e-03       2.017623096480e+04 
       7.939202488810e-03       2.034773749350e+04 
       8.065715566993e-03       2.051562875990e+04 
       8.192299517746e-03       2.067994799133e+04 
       8.318951815908e-03       2.084072539040e+04 
       8.445670096748e-03       2.099799754467e+04 
       8.572452145146e-03       2.115180233138e+04 
       8.699295885663e-03       2.130218202039e+04 
       8.826199373408e-03       2.144917041746e+04 
       8.953160785648e-03       2.159279614865e+04 
       9.080178414077e-03       2.173309891598e+04 
       9.207250657696e-03       2.187013944208e+04 
       9.334376016246e-03       2.200391951957e+04 
       9.461553084149e-03       2.213448868855e+04 
       9.588780544910e-03       2.226188106405e+04 
       9.716057165945e-03       2.238612997818e+04 
       9.843381793799e-03       2.250726922070e+04 
       9.970753349712e-03       2.262534835137e+04 
       1.009817082553e-02       2.274037907779e+04 
       1.022563327988e-02       2.285240959379e+04 
       1.035313983469e-02       2.296146750429e+04 
       1.048068967188e-02       2.306756980139e+04 
       1.060828203033e-02       2.317079786301e+04 
       1.073591620312e-02       2.327116139665e+04 
       1.086359153481e-02       2.336865130641e+04 
       1.099130741913e-02       2.346335850183e+04 
       1.111906329662e-02       2.355530480599e+04 
       1.124685865257e-02       2.364446865960e+04 
       1.137469301507e-02       2.373094115453e+04 
       1.150256595319e-02       2.381475078785e+04 
       1.163047707528e-02       2.389588383480e+04 
       1.175842602739e-02       2.397442626110e+04 
       1.188641249182e-02       2.405037012169e+04 
       1.201443618576e-02       2.412375421729e+04 
       1.214249686003e-02       2.419461044686e+04 
       1.227059429786e-02       2.426297692568e+04 
       1.239872831385e-02       2.432887368402e+04 
       1.252689875292e-02       2.439231943929e+04 
       1.265510548940e-02       2.445335136609e+04 
       1.278334842612e-02       2.451201635115e+04 
       1.291162749359e-02       2.456831480584e+04 
       1.303994264930e-02       2.462230355829e+04 
       1.316829387699e-02       2.467398527648e+04 
       1.329668118602e-02       2.472340558675e+04 
       1.342510461074e-02       2.477057177879e+04 
       1.355356421003e-02       2.481553197032e+04 
       1.368206006672e-02       2.485829136621e+04 
       1.381059228718e-02       2.489891176064e+04 
       1.393916100088e-02       2.493737557720e+04 
       1.406776636002e-02       2.497373571596e+04 
       1.419640853919e-02       2.500802196121e+04 
       1.432508773506e-02       2.504025577600e+04 
       1.445380416611e-02       2.507044090884e+04 
       1.458255807237e-02       2.509862902628e+04 
       1.471134971523e-02       2.512483462911e+04 
       1.484017937721e-02       2.514908631172e+04 
       1.496904736186e-02       2.517140689676e+04 
       1.509795399360e-02       2.519182145216e+04 
       1.522689961757e-02       2.521035403436e+04 
       1.535588459964e-02       2.522703286895e+04 
       1.548490932627e-02       2.524187654259e+04 
       1.561397420449e-02       2.525490951770e+04 
       1.574307966191e-02       2.526616224984e+04 
       1.587222614672e-02       2.527565946063e+04 
       1.600141412769e-02       2.528340207118e+04 
       1.613064409423e-02       2.528942531302e+04 
       1.625991655648e-02       2.529376649352e+04 
       1.638923204534e-02       2.529643567679e+04 
       1.651859111263e-02       2.529745342592e+04 
       1.664799433120e-02       2.529686459692e+04 
       1.677744229502e-02       2.529465761209e+04 
       1.690693561941e-02       2.529089654062e+04 
       1.703647494116e-02       2.528554190835e+04 
       1.716606091875e-02       2.527864556472e+04 
       1.729569423256e-02       2.527025719942e+04 
       1.742537558506e-02       2.526035791778e+04 
       1.755510570111e-02       2.524901991129e+04 
       1.768488532816e-02       2.523620486791e+04 
       1.781471523658e-02       2.522197835293e+04 
       1.794459621991e-02       2.520634275286e+04 
       1.807452909519e-02       2.518928458536e+04 
       1.820451470329e-02       2.517088305472e+04 
       1.833455390922e-02       2.515115726080e+04 
       1.846464760255e-02       2.513008930126e+04 
       1.859479669771e-02       2.510770458625e+04 
       1.872500213445e-02       2.508405948098e+04 
       1.885526487820e-02       2.505913020209e+04 
       1.898558592054e-02       2.503294354965e+04 
       1.911596627961e-02       2.500554193934e+04 
       1.924640700059e-02       2.497692412059e+04 
       1.937690915616e-02       2.494711710371e+04 
       1.950747384705e-02       2.491615513178e+04 
       1.963810220248e-02       2.488403220984e+04 
       1.976879538078e-02       2.485078564128e+04 
       1.989955456986e-02       2.481642850134e+04 
       2.003038098787e-02       2.478093519957e+04 
       2.016127588371e-02       2.474443625087e+04 
       2.029224053772e-02       2.470684379608e+04 
       2.042327626226e-02       2.466817393168e+04 
       2.055438440240e-02       2.462852256612e+04 
       2.068556633659e-02       2.458786979814e+04 
       2.081682347734e-02       2.454623985963e+04 
       2.094815727200e-02       2.450359585233e+04 
       2.107956920342e-02       2.446004287075e+04 
       2.121106079080e-02       2.441553519844e+04 
       2.134263359045e-02       2.437011484483e+04 
       2.147428919662e-02       2.432378899030e+04 
       2.160602924233e-02       2.427657904400e+04 
       2.173785540027e-02       2.422851045105e+04 
       2.186976938367e-02       2.417958086441e+04 
       2.200177294727e-02       2.412976593746e+04 
       2.213386788824e-02       2.407922571384e+04 
       2.226605604718e-02       2.402786695440e+04 
       2.239833930914e-02       2.397566679749e+04 
       2.253071960470e-02       2.392274598682e+04 
       2.266319891099e-02       2.386907297595e+04 
       2.279577925287e-02       2.381465395025e+04 
       2.292846270406e-02       2.375948222870e+04 
       2.306125138832e-02       2.370363190372e+04 
       2.319414748067e-02       2.364702201541e+04 
       2.332715320870e-02       2.358981202289e+04 
       2.346027085382e-02       2.353189671014e+04 
       2.359350275265e-02       2.347334699138e+04 
       2.372685129837e-02       2.341414601557e+04 
       2.386031894220e-02       2.335433760404e+04 
       2.399390819482e-02       2.329390037327e+04 
       2.412762162796e-02       2.323294554469e+04 
       2.426146187594e-02       2.317135246532e+04 
       2.439543163729e-02       2.310919547358e+04 
       2.452953367645e-02       2.304644632573e+04 
       2.466377082550e-02       2.298320713440e+04 
       2.479814598595e-02       2.291943880271e+04 
       2.493266213057e-02       2.285518853942e+04 
       2.506732230534e-02       2.279042025183e+04 
       2.520212963140e-02       2.272512966563e+04 
       2.533708730709e-02       2.265938695524e+04 
       2.547219861006e-02       2.259315767442e+04 
       2.560746689946e-02       2.252650720325e+04 
       2.574289561820e-02       2.245944778482e+04 
       2.587848829524e-02       2.239192261402e+04 
       2.601424854807e-02       2.232402808671e+04 
       2.615018008515e-02       2.225564265391e+04 
       2.628628670849e-02       2.218693568469e+04 
       2.642257231637e-02       2.211786712350e+04 
       2.655904090605e-02       2.204840390334e+04 
       2.669569657670e-02       2.197854639376e+04 
       2.683254353228e-02       2.190846282708e+04 
       2.696958608469e-02       2.183793004814e+04 
       2.710682865691e-02       2.176712676103e+04 
       2.724427578631e-02       2.169599809048e+04 
       2.738193212810e-02       2.162458646828e+04 
       2.751980245881e-02       2.155287979605e+04 
       2.765789168003e-02       2.148086113928e+04 
       2.779620482219e-02       2.140863699332e+04 
       2.793474704856e-02       2.133608224946e+04 
       2.807352365931e-02       2.126330150566e+04 
       2.821254009580e-02       2.119024409205e+04 
       2.835180194502e-02       2.111702956952e+04 
       2.849131494419e-02       2.104354861470e+04 
       2.863108498553e-02       2.096989337809e+04 
       2.877111812125e-02       2.089595034714e+04 
       2.891142056871e-02       2.082181085696e+04 
       2.905199871581e-02       2.074756132559e+04 
       2.919285912656e-02       2.067311980597e+04 
       2.933400854692e-02       2.059847662484e+04 
       2.947545391087e-02       2.052366787941e+04 
       2.961720234669e-02       2.044874658056e+04 
       2.975926118359e-02       2.037358837719e+04 
       2.990163795849e-02       2.029840249648e+04 
       3.004434042321e-02       2.022304980655e+04 
       3.018737655192e-02       2.014756812339e+04 
       3.033075454889e-02       2.007193727826e+04 
       3.047448285660e-02       1.999622412801e+04 
       3.061857016421e-02       1.992040897269e+04 
       3.076302541639e-02       1.984446485030e+04 
       3.090785782258e-02       1.976846230816e+04 
       3.105307686660e-02       1.969241259480e+04 
       3.119869231675e-02       1.961621639446e+04 
       3.134471423639e-02       1.954001018353e+04 
       3.149115299496e-02       1.946367327317e+04 
       3.163801927953e-02       1.938736676706e+04 
       3.178532410691e-02       1.931096479204e+04 
       3.193307883634e-02       1.923444870701e+04 
       3.208129518277e-02       1.915801816618e+04 
       3.222998523079e-02       1.908150605495e+04 
       3.237916144927e-02       1.900489632908e+04 
       3.252883670670e-02       1.892824322250e+04 
       3.267902428728e-02       1.885165169517e+04 
       3.282973790787e-02       1.877501431909e+04 
       3.298099173577e-02       1.869840103330e+04 
       3.313280040742e-02       1.862177118330e+04 
       3.328517904812e-02       1.854503427723e+04 
       3.343814329270e-02       1.846842572906e+04 
       3.359170930737e-02       1.839174871667e+04 
       3.374589381272e-02       1.831511501744e+04 
       3.390071410793e-02       1.823846625792e+04 
       3.405618809640e-02       1.816186289397e+04 
       3.421233431269e-02       1.808523152928e+04 
       3.436917195107e-02       1.800863044857e+04 
       3.452672089563e-02       1.793209313914e+04 
       3.468500175217e-02       1.785557354785e+04 
       3.484403588187e-02       1.777905626682e+04 
       3.500384543699e-02       1.770259298517e+04 
       3.516445339873e-02       1.762612941980e+04 
       3.532588361722e-02       1.754973587757e+04 
       3.548816085414e-02       1.747334260205e+04 
       3.565131082779e-02       1.739701299680e+04 
       3.581536026107e-02       1.732075310968e+04 
       3.598033693244e-02       1.724444053054e+04 
       3.614626973017e-02       1.716828216176e+04 
       3.631318871005e-02       1.709210667480e+04 
       3.648112515693e-02       1.701591034383e+04 
       3.665011165028e-02       1.693984026671e+04 
       3.682018213423e-02       1.686375589525e+04 
       3.699137199229e-02       1.678773510555e+04 
       3.716371812730e-02       1.671180366892e+04 
       3.733725904692e-02       1.663588531847e+04 
       3.751203495518e-02       1.656003206820e+04 
       3.768808785064e-02       1.648411206593e+04 
       3.786546163166e-02       1.640832001590e+04 
       3.804420220943e-02       1.633254686365e+04 
       3.822435762953e-02       1.625683415902e+04 
       3.840597820268e-02       1.618112510967e+04 
       3.858911664557e-02       1.610551198249e+04 
       3.877382823277e-02       1.602981722747e+04 
       3.896017096062e-02       1.595422541995e+04 
       3.914820572440e-02       1.587859729085e+04 
       3.933799651004e-02       1.580305787397e+04 
       3.952961060172e-02       1.572748634383e+04 
       3.972311880705e-02       1.565196238856e+04 
       3.991859570163e-02       1.557638630489e+04 
       4.011611989496e-02       1.550084946886e+04 
       4.031577431990e-02       1.542530768813e+04 
       4.051764654839e-02       1.534980839071e+04 
       4.072182913609e-02       1.527418858012e+04 
       4.092841999930e-02       1.519865922200e+04 
       4.113752282770e-02       1.512304926448e+04 
       4.134924753711e-02       1.504732503697e+04 
       4.156371076694e-02       1.497165043862e+04 
       4.178103642758e-02       1.489590298330e+04 
       4.200135630395e-02       1.482010805107e+04 
       4.222481072199e-02       1.474422950449e+04 
       4.245154928613e-02       1.466827091168e+04 
       4.268173169688e-02       1.459222518365e+04 
       4.291552865902e-02       1.451606982513e+04 
       4.315312289241e-02       1.443973022892e+04 
       4.339471025972e-02       1.436330411614e+04 
       4.364050102707e-02       1.428679195675e+04 
       4.389072127675e-02       1.421004510220e+04 
       4.414561449396e-02       1.413315388826e+04 
       4.440544335371e-02       1.405603791881e+04 
       4.467049173799e-02       1.397868081961e+04 
       4.494106701937e-02       1.390111134882e+04 
       4.521750265321e-02       1.382336557193e+04 
       4.550016112887e-02       1.374519918544e+04 
       4.578943733972e-02       1.366678397512e+04 
       4.608576244376e-02       1.358800105757e+04 
       4.638960830041e-02       1.350886466419e+04 
       4.670149258728e-02       1.342928419094e+04 
       4.702198472182e-02       1.334929756606e+04 
       4.735171274002e-02       1.326883774693e+04 
       4.769137131738e-02       1.318776814653e+04 
       4.804173115941e-02       1.310617469601e+04 
       4.840365004088e-02       1.302391939299e+04 
       4.877808583913e-02       1.294097287482e+04 
       4.916611198976e-02       1.285726981625e+04 
       4.956893589854e-02       1.277269398461e+04 
       4.998792097752e-02       1.268714535727e+04 
       5.042461314402e-02       1.260058630918e+04 
       5.088077283903e-02       1.251283852578e+04 
       5.135841389881e-02       1.242384643261e+04 
       5.185985096546e-02       1.233339521105e+04 
       5.238775756514e-02       1.224127208046e+04 
       5.294523753235e-02       1.214737502643e+04 
       5.353591312362e-02       1.205120174553e+04 
       5.416403393096e-02       1.195262685494e+04 
       5.483461151318e-02       1.185119974217e+04 
       5.555358534069e-02       1.174642928728e+04 
       5.632802580607e-02       1.163764674196e+04 
       5.716637886191e-02       1.152405650229e+04 
       5.807875265916e-02       1.140454024022e+04 
       5.907723624772e-02       1.127770928186e+04 
       6.017621842365e-02       1.114168441607e+04 
       6.139263230638e-02       1.099394165700e+04 
       6.274597680058e-02       1.083103250701e+04 
       6.425785302188e-02       1.064858123401e+04 
       6.595062402503e-02       1.044079421732e+04 
       6.784476182918e-02       1.020074218069e+04 
       6.995472176711e-02       9.920968260417e+03 
       7.228405529729e-02       9.594858900071e+03 
       7.482177443635e-02       9.219133381763e+03 
       7.754252337828e-02       8.796218728964e+03 
       8.041144656731e-02       8.335469166202e+03 
       8.339154300549e-02       7.852395105813e+03 
       8.644988654097e-02       7.365847256280e+03 
       8.956066708596e-02       6.894845674623e+03 
       9.270538142104e-02       6.455811243542e+03 
       9.587154475323e-02       6.060771728928e+03 
       9.905106127616e-02       5.716686735587e+03 
       1.022388126487e-01       5.425543285747e+03 
       1.054316138585e-01       5.185313588860e+03 
       1.086275022229e-01       4.990265837703e+03 
       1.118252754364e-01       4.832436195379e+03 
       1.150241995683e-01       4.702338520476e+03 
       1.182238274827e-01       4.589805505344e+03 
       1.214238870266e-01       4.485099152877e+03 
       1.246242125839e-01       4.379673738438e+03 
       1.278247033255e-01       4.266836953183e+03 
       1.310252977965e-01       4.142278962739e+03 
       1.342259584676e-01       4.004298006147e+03 
       1.374266623504e-01       3.853674258316e+03 
       1.406273952980e-01       3.693294396073e+03 
       1.438281485447e-01       3.527478602776e+03 
       1.470289166047e-01       3.361301200962e+03 
       1.502296959954e-01       3.199754193110e+03 
       1.534304844622e-01       3.047497431131e+03 
       1.566312805062e-01       2.908050976039e+03 
       1.598320830973e-01       2.783751218955e+03 
       1.630328914991e-01       2.675668485656e+03 
       1.662337051613e-01       2.583599719425e+03 
       1.694345236545e-01       2.506242417130e+03 
       1.726353466292e-01       2.441458055490e+03 
       1.758361737909e-01       2.386487112869e+03 
       1.790370048841e-01       2.338297961888e+03 
       1.822378396822e-01       2.293950263643e+03 
       1.854386779810e-01       2.251018987698e+03 
       1.886395195942e-01       2.206582510120e+03 
       1.918403643508e-01       2.158768378774e+03 
       1.950412120922e-01       2.106537943358e+03 
       1.982420626712e-01       2.049695865329e+03 
       2.014429159506e-01       1.988790789055e+03 
       2.046437718022e-01       1.924986010878e+03 
       2.078446301060e-01       1.859891622514e+03 
       2.110454907492e-01       1.795120386660e+03 
       2.142463536262e-01       1.732204140083e+03 
       2.174472186375e-01       1.672479982549e+03 
       2.206480856895e-01       1.616944923549e+03 
       2.238489546940e-01       1.566237904540e+03 
       2.270498255679e-01       1.520658457838e+03 
       2.302506982326e-01       1.480218933883e+03 
       2.334515726140e-01       1.444570045006e+03 
       2.366524486420e-01       1.413126125278e+03 
       2.398533262501e-01       1.385041035174e+03 
       2.430542053756e-01       1.359385439050e+03 
       2.462550859589e-01       1.335094998489e+03 
       2.494559679435e-01       1.311335413799e+03 
       2.526568512758e-01       1.287303208596e+03 
       2.558577359050e-01       1.262518756751e+03 
       2.590586217826e-01       1.236646643182e+03 
       2.622595088628e-01       1.209593169739e+03 
       2.654603971016e-01       1.181466125130e+03 
       2.686612864575e-01       1.152513445731e+03 
       2.718621768907e-01       1.123117295629e+03 
       2.750630683635e-01       1.093779661953e+03 
       2.782639608398e-01       1.064993567688e+03 
       2.814648542851e-01       1.037207098689e+03 
       2.846657486666e-01       1.010874779111e+03 
       2.878666439528e-01       9.862336300614e+02 
       2.910675401138e-01       9.634421514912e+02 
       2.942684371209e-01       9.424541373980e+02 
       2.974693349465e-01       9.231743666444e+02 
       3.006702335644e-01       9.053898750067e+02 
       3.038711329495e-01       8.888407930622e+02 
       3.070720330776e-01       8.732511165135e+02 
       3.102729339257e-01       8.583430254931e+02 
       3.134738354714e-01       8.438392802713e+02 
       3.166747376937e-01       8.294819742385e+02 
       3.198756405720e-01       8.150765115438e+02 
       3.230765440869e-01       8.004790765276e+02 
       3.262774482193e-01       7.856395282370e+02 
       3.294783529514e-01       7.705667107506e+02 
       3.326792582656e-01       7.553343809903e+02 
       3.358801641453e-01       7.400824537874e+02 
       3.390810705743e-01       7.249458720235e+02 
       3.422819775372e-01       7.100622941215e+02 
       3.454828850191e-01       6.955624237902e+02 
       3.486837930057e-01       6.815507704367e+02 
       3.518847014830e-01       6.681128668380e+02 
       3.550856104377e-01       6.553189395046e+02 
       3.582865198571e-01       6.431867531637e+02 
       3.614874297286e-01       6.317099861191e+02 
       3.646883400404e-01       6.208480730415e+02 
       3.678892507809e-01       6.105295842097e+02 
       3.710901619390e-01       6.006385472148e+02 
       3.742910735038e-01       5.910702696251e+02 
       3.774919854651e-01       5.817444751953e+02 
       3.806928978128e-01       5.725763867866e+02 
       3.838938105371e-01       5.635119670242e+02 
       3.870947236286e-01       5.544992328076e+02 
       3.902956370784e-01       5.455446907769e+02 
       3.934965508777e-01       5.366075125652e+02 
       3.966974650178e-01       5.277254701644e+02 
       3.998983794907e-01       5.188839188680e+02 
       4.030992942884e-01       5.101395975044e+02 
       4.063002094031e-01       5.015161736355e+02 
       4.095011248274e-01       4.930606916268e+02 
       4.127020405541e-01       4.848220965648e+02 
       4.159029565761e-01       4.768292859460e+02 
       4.191038728867e-01       4.690813431178e+02 
       4.223047894792e-01       4.615884441969e+02 
       4.255057063474e-01       4.543388113855e+02 
       4.287066234849e-01       4.473472214739e+02 
       4.319075408858e-01       4.405640836061e+02 
       4.351084585442e-01       4.340035164819e+02 
       4.383093764546e-01       4.276478949760e+02 
       4.415102946113e-01       4.214418950118e+02 
       4.447112130091e-01       4.153889738634e+02 
       4.479121316427e-01       4.094539850136e+02 
       4.511130505071e-01       4.035927366418e+02 
       4.543139695975e-01       3.978152276095e+02 
       4.575148889090e-01       3.920865849714e+02 
       4.607158084371e-01       3.864351968279e+02 
       4.639167281772e-01       3.808477983960e+02 
       4.671176481250e-01       3.753325895131e+02 
       4.703185682762e-01       3.698941588214e+02 
       4.735194886267e-01       3.645421381442e+02 
       4.767204091724e-01       3.592798167695e+02 
       4.799213299095e-01       3.541124822585e+02 
       4.831222508340e-01       3.490686272488e+02 
       4.863231719424e-01       3.441358591657e+02 
       4.895240932310e-01       3.393468250207e+02 
       4.927250146962e-01       3.346850708394e+02 
       4.959259363346e-01       3.301382188324e+02 
       4.991268581429e-01       3.257100177386e+02 
       5.023277801178e-01       3.213943916683e+02 
       5.055287022562e-01       3.171495242309e+02 
       5.087296245550e-01       3.129971792660e+02 
       5.119305470110e-01       3.089258609976e+02 
       5.151314696215e-01       3.049211500372e+02 
       5.183323923835e-01       3.009920414331e+02 
       5.215333152942e-01       2.971000539976e+02 
       5.247342383510e-01       2.932736715656e+02 
       5.279351615510e-01       2.894857788282e+02 
       5.311360848918e-01       2.857583749321e+02 
       5.343370083708e-01       2.820684955782e+02 
       5.375379319855e-01       2.784514913009e+02 
       5.407388557335e-01       2.748948397151e+02 
       5.439397796125e-01       2.714164994664e+02 
       5.471407036201e-01       2.679834226495e+02 
       5.503416277541e-01       2.646265310776e+02 
       5.535425520123e-01       2.613275013377e+02 
       5.567434763925e-01       2.580948469074e+02 
       5.599444008926e-01       2.549221902563e+02 
       5.631453255107e-01       2.518196048855e+02 
       5.663462502446e-01       2.487750160161e+02 
       5.695471750925e-01       2.457808629684e+02 
       5.727481000524e-01       2.428550301339e+02 
       5.759490251224e-01       2.399725925419e+02 
       5.791499503007e-01       2.371262662986e+02 
       5.823508755856e-01       2.343312730083e+02 
       5.855518009752e-01       2.315820052159e+02 
       5.887527264679e-01       2.288680573238e+02 
       5.919536520619e-01       2.261994811992e+02 
       5.951545777557e-01       2.235722384086e+02 
       5.983555035476e-01       2.209857336622e+02 
       6.015564294360e-01       2.184404608307e+02 
       6.047573554195e-01       2.159202558273e+02 
       6.079582814965e-01       2.134454010199e+02 
       6.111592076656e-01       2.110033128057e+02 
       6.143601339252e-01       2.086081087636e+02 
       6.175610602741e-01       2.062463572902e+02 
       6.207619867107e-01       2.039324472849e+02 
       6.239629132338e-01       2.016588363696e+02 
       6.271638398421e-01       1.994165665833e+02 
       6.303647665341e-01       1.972096876969e+02 
       6.335656933087e-01       1.950438377300e+02 
       6.367666201646e-01       1.929059316048e+02 
       6.399675471006e-01       1.908019659804e+02 
       6.431684741155e-01       1.887347717288e+02 
       6.463694012081e-01       1.867003978928e+02 
       6.495703283772e-01       1.847000575202e+02 
       6.527712556218e-01       1.827198131459e+02 
       6.559721829406e-01       1.807750196775e+02 
       6.591731103327e-01       1.788527648430e+02 
       6.623740377970e-01       1.769525514083e+02 
       6.655749653324e-01       1.750857342596e+02 
       6.687758929379e-01       1.732486310806e+02 
       6.719768206125e-01       1.714350404571e+02 
       6.751777483553e-01       1.696527485613e+02 
       6.783786761651e-01       1.678859732031e+02 
       6.815796040412e-01       1.661511960610e+02 
       6.847805319825e-01       1.644404134666e+02 
       6.879814599882e-01       1.627497351180e+02 
       6.911823880574e-01       1.610875826545e+02 
       6.943833161891e-01       1.594500190141e+02 
       6.975842443825e-01       1.578413086246e+02 
       7.007851726368e-01       1.562524483867e+02 
       7.039861009512e-01       1.546856268828e+02 
       7.071870293248e-01       1.531412753642e+02 
       7.103879577567e-01       1.516163137319e+02 
       7.135888862463e-01       1.501145539684e+02 
       7.167898147928e-01       1.486300075877e+02 
       7.199907433954e-01       1.471732472413e+02 
       7.231916720533e-01       1.457303026367e+02 
       7.263926007658e-01       1.443091801614e+02 
       7.295935295322e-01       1.429124854644e+02 
       7.327944583518e-01       1.415222520070e+02 
       7.359953872239e-01       1.401543564709e+02 
       7.391963161478e-01       1.388065316824e+02 
       7.423972451229e-01       1.374799307018e+02 
       7.455981741484e-01       1.361640332020e+02 
       7.487991032237e-01       1.348734696260e+02 
       7.520000323483e-01       1.335967263348e+02 
       7.552009615214e-01       1.323362714521e+02 
       7.584018907424e-01       1.310922210496e+02 
       7.616028200108e-01       1.298637914383e+02 
       7.648037493259e-01       1.286517217056e+02 
       7.680046786872e-01       1.274595848221e+02 
       7.712056080941e-01       1.262771508615e+02 
       7.744065375460e-01       1.251138771426e+02 
       7.776074670423e-01       1.239654539937e+02 
       7.808083965826e-01       1.228308591463e+02 
       7.840093261662e-01       1.217106029251e+02 
       7.872102557927e-01       1.206053788301e+02 
       7.904111854615e-01       1.195111014865e+02 
       7.936121151721e-01       1.184319696993e+02 
       7.968130449241e-01       1.173669083414e+02 
       8.000139747168e-01       1.163165856461e+02 
       8.032149045498e-01       1.152817699796e+02 
       8.064158344227e-01       1.142539544348e+02 
       8.096167643350e-01       1.132399215210e+02 
       8.128176942861e-01       1.122422993311e+02 
       8.160186242757e-01       1.112499235146e+02 
       8.192195543032e-01       1.102731530473e+02 
       8.224204843684e-01       1.093128963257e+02 
       8.256214144706e-01       1.083619726304e+02 
       8.288223446095e-01       1.074211780831e+02 
       8.320232747846e-01       1.064902402731e+02 
       8.352242049956e-01       1.055695142709e+02 
       8.384251352420e-01       1.046612592621e+02 
       8.416260655234e-01       1.037655156012e+02 
       8.448269958394e-01       1.028797254287e+02 
       8.480279261897e-01       1.020050039974e+02 
       8.512288565738e-01       1.011407809421e+02 
       8.544297869914e-01       1.002890588492e+02 
       8.576307174420e-01       9.944256218700e+01 
       8.608316479254e-01       9.860742538353e+01 
       8.640325784411e-01       9.778394159038e+01 
       8.672335089888e-01       9.696631158614e+01 
       8.704344395681e-01       9.616351285005e+01 
       8.736353701787e-01       9.536600892438e+01 
       8.768363008203e-01       9.457734223142e+01 
       8.800372314924e-01       9.380006216389e+01 
       8.832381621949e-01       9.303135322542e+01 
       8.864390929273e-01       9.226906772105e+01 
       8.896400236893e-01       9.151741409316e+01 
       8.928409544806e-01       9.077424818846e+01 
       8.960418853009e-01       9.003729472322e+01 
       8.992428161498e-01       8.931297660156e+01 
       9.024437470272e-01       8.859329114352e+01 
       9.056446779326e-01       8.788362141263e+01 
       9.088456088658e-01       8.718433150658e+01 
       9.120465398264e-01       8.648587528744e+01 
       9.152474708143e-01       8.580022809740e+01 
       9.184484018291e-01       8.511888100642e+01 
       9.216493328704e-01       8.444616422951e+01 
       9.248502639382e-01       8.378388584063e+01 
       9.280511950320e-01       8.312833712732e+01 
       9.312521261516e-01       8.247835919746e+01 
       9.344530572968e-01       8.183465829908e+01 
       9.376539884672e-01       8.119706246698e+01 
       9.408549196626e-01       8.056958341831e+01 
       9.440558508829e-01       7.994536603696e+01 
       9.472567821276e-01       7.932995806376e+01 
       9.504577133966e-01       7.872263271863e+01 
       9.536586446896e-01       7.811925933721e+01 
       9.568595760064e-01       7.752359699806e+01 
       9.600605073467e-01       7.693532854214e+01 
       9.632614387104e-01       7.634910667273e+01 
       9.664623700971e-01       7.577118353505e+01 
       9.696633015067e-01       7.520164296323e+01 
       9.728642329388e-01       7.463429214408e+01 
       9.760651643934e-01       7.407541217518e+01 
       9.792660958702e-01       7.352430974591e+01 
       9.824670273689e-01       7.297529447121e+01 
       9.856679588894e-01       7.243323395628e+01 
       9.888688904313e-01       7.189692243076e+01 
       9.920698219947e-01       7.136383628586e+01 
       9.952707535791e-01       7.083863801987e+01 
       9.984716851844e-01       7.031952126245e+01 
       1.001672616811e+00       6.980376186440e+01 
       1.004873548457e+00       6.929453984780e+01 
       1.008074480124e+00       6.879297662052e+01 
       1.011275411811e+00       6.829289339491e+01 
       1.014476343518e+00       6.779871856133e+01 
       1.017677275245e+00       6.730704763078e+01 
       1.020878206991e+00       6.682217629590e+01 
       1.024079138757e+00       6.634336384488e+01 
       1.027280070541e+00       6.586791277878e+01 
       1.030481002345e+00       6.539931724067e+01 
       1.033681934168e+00       6.493418639530e+01 
       1.036882866009e+00       6.447361547918e+01 
       1.040083797869e+00       6.401736040447e+01 
       1.043284729747e+00       6.356404941788e+01 
       1.046485661644e+00       6.311605503084e+01 
       1.049686593558e+00       6.267381194310e+01 
       1.052887525490e+00       6.223621512765e+01 
       1.056088457440e+00       6.180294153659e+01 
       1.059289389407e+00       6.137090382489e+01 
       1.062490321392e+00       6.094466079211e+01 
       1.065691253394e+00       6.052271190243e+01 
       1.068892185413e+00       6.010530144730e+01 
       1.072093117449e+00       5.969027186030e+01 
       1.075294049501e+00       5.928042879768e+01 
       1.078494981570e+00       5.887721034231e+01 
       1.081695913656e+00       5.847439916015e+01 
       1.084896845757e+00       5.807449565616e+01 
       1.088097777875e+00       5.768060158303e+01 
       1.091298710009e+00       5.728837924435e+01 
       1.094499642159e+00       5.690216363650e+01 
       1.097700574324e+00       5.651882378218e+01 
       1.100901506505e+00       5.613756058760e+01 
       1.104102438702e+00       5.576261940551e+01 
       1.107303370914e+00       5.538936549047e+01 
       1.110504303141e+00       5.502100511817e+01 
       1.113705235383e+00       5.465373174003e+01 
       1.116906167640e+00       5.429233997826e+01 
       1.120107099912e+00       5.393149558358e+01 
       1.123308032198e+00       5.357599231093e+01 
       1.126508964499e+00       5.322479715086e+01 
       1.129709896814e+00       5.287525170557e+01 
       1.132910829144e+00       5.252807222813e+01 
       1.136111761488e+00       5.218502798399e+01 
       1.139312693846e+00       5.184511160977e+01 
       1.142513626218e+00       5.150735996091e+01 
       1.145714558603e+00       5.117458701767e+01 
       1.148915491003e+00       5.084262012845e+01 
       1.152116423416e+00       5.051492616720e+01 
       1.155317355842e+00       5.018984889103e+01 
       1.158518288282e+00       4.986977112745e+01 
       1.161719220735e+00       4.954910934940e+01 
       1.164920153201e+00       4.923383575343e+01 
       1.168121085680e+00       4.892008317342e+01 
       1.171322018173e+00       4.860797278765e+01 
       1.174522950678e+00       4.830063949104e+01 
       1.177723883195e+00       4.799624340006e+01 
       1.180924815726e+00       4.769273398538e+01 
       1.184125748268e+00       4.739378282331e+01 
       1.187326680824e+00       4.709649317715e+01 
       1.190527613391e+00       4.680056143537e+01 
       1.193728545971e+00       4.650806964649e+01 
       1.196929478563e+00       4.621979733205e+01 
       1.200130411167e+00       4.593145464037e+01 
       1.203331343782e+00       4.564700725736e+01 
       1.206532276410e+00       4.536646865916e+01 
       1.209733209049e+00       4.508528277912e+01 
       1.212934141700e+00       4.480814322764e+01 
       1.216135074363e+00       4.453346287249e+01 
       1.219336007037e+00       4.426071330968e+01 
       1.222536939722e+00       4.398990217619e+01 
       1.225737872419e+00       4.372090300173e+01 
       1.228938805126e+00       4.345562048890e+01 
       1.232139737845e+00       4.319407139253e+01 
       1.235340670575e+00       4.293136261541e+01 
       1.238541603316e+00       4.267210270816e+01 
       1.241742536068e+00       4.241523711912e+01 
       1.244943468830e+00       4.216088076295e+01 
       1.248144401603e+00       4.190798174536e+01 
       1.251345334387e+00       4.165747507131e+01 
       1.254546267181e+00       4.140873897111e+01 
       1.257747199986e+00       4.116311489256e+01 
       1.260948132801e+00       4.091875374490e+01 
       1.264149065626e+00       4.067635065248e+01 
       1.267349998462e+00       4.043435057535e+01 
       1.270550931307e+00       4.019614627007e+01 
       1.273751864163e+00       3.995886250893e+01 
       1.276952797029e+00       3.972477825685e+01 
       1.280153729904e+00       3.949330830084e+01 
       1.283354662789e+00       3.926293732249e+01 
       1.286555595684e+00       3.903379981582e+01 
       1.289756528589e+00       3.880637580159e+01 
       1.292957461504e+00       3.858145513253e+01 
       1.296158394427e+00       3.835781872495e+01 
       1.299359327361e+00       3.813555043418e+01 
       1.302560260303e+00       3.791571818006e+01 
       1.305761193255e+00       3.769767438257e+01 
       1.308962126217e+00       3.748139860062e+01 
       1.312163059187e+00       3.726718362565e+01 
       1.315363992167e+00       3.705438973745e+01 
       1.318564925155e+00       3.684259408724e+01 
       1.321765858153e+00       3.663312007561e+01 
       1.324966791160e+00       3.642517036452e+01 
       1.328167724175e+00       3.621874761132e+01 
       1.331368657199e+00       3.601437869683e+01 
       1.334569590232e+00       3.581224987751e+01 
       1.337770523274e+00       3.560969920721e+01 
       1.340971456324e+00       3.541035247583e+01 
       1.344172389382e+00       3.521135468196e+01 
       1.347373322450e+00       3.501495368544e+01 
       1.350574255525e+00       3.481909626488e+01 
       1.353775188609e+00       3.462603125435e+01 
       1.356976121701e+00       3.443390276934e+01 
       1.360177054802e+00       3.424296634306e+01 
       1.363377987911e+00       3.405450673668e+01 
       1.366578921028e+00       3.386564197510e+01 
       1.369779854152e+00       3.367986110764e+01 
       1.372980787285e+00       3.349370917038e+01 
       1.727044983080e+00       1.940083928179e+01 
       2.174200599294e+00       1.111541864033e+01 
       2.737156331819e+00       6.317417012094e+00 
       3.445875662162e+00       3.564555680961e+00 
       4.338100436979e+00       1.997851940601e+00 
       5.461344879028e+00       1.113031325176e+00 
       6.875425850780e+00       6.166430550755e-01 
       8.655648320453e+00       3.399213976370e-01 
       1.089681562617e+01       1.865020544460e-01 
       1.371827809942e+01       1.018821001210e-01 
       1.727028890542e+01       5.543136922574e-02 
       2.174200557207e+01       3.004355431701e-02 
       2.737156331804e+01       1.622460613837e-02 
       3.445875662162e+01       8.730559115391e-03 
       4.338100436979e+01       4.680976356234e-03 
       5.461344879028e+01       2.500153652958e-03 
       6.875425850780e+01       1.329718948832e-03 
       8.655648320454e+01       7.036064524422e-04 
       1.089681562617e+02       3.699091770512e-04 
