# Matter power spectrum P(k) at redshift z=0
# for k=1.03892e-05 to 108.968 h/Mpc,
# number of wavenumbers equal to 813
#    1:k (h/Mpc)              2:P (Mpc/h)^3        
       1.038922642939e-05       5.572377248316e+01 
       2.321812845777e-05       1.198434543034e+02 
       3.609173375949e-05       1.824082400059e+02 
       4.904439972293e-05       2.442636181517e+02 
       6.211104703766e-05       3.058633026601e+02 
       7.532746857054e-05       3.675309945727e+02 
       8.873064803662e-05       4.295329706675e+02 
       1.023590926717e-04       4.921073364991e+02 
       1.162531841463e-04       5.554787097771e+02 
       1.304555519933e-04       6.198668155845e+02 
       1.450114738307e-04       6.854922160146e+02 
       1.599693066034e-04       7.525805808868e+02 
       1.753809529045e-04       8.213661680799e+02 
       1.913023660834e-04       8.920948842990e+02 
       2.077940972269e-04       9.650271244940e+02 
       2.249218860767e-04       1.040440507111e+03 
       2.427572963652e-04       1.118632561578e+03 
       2.613783937036e-04       1.199923412875e+03 
       2.808704607789e-04       1.284658408944e+03 
       3.013267399005e-04       1.373210716858e+03 
       3.228491865167e-04       1.465983753960e+03 
       3.455492088079e-04       1.563413379679e+03 
       3.695483574944e-04       1.665969650239e+03 
       3.949789163030e-04       1.774157947163e+03 
       4.219843271272e-04       1.888519157185e+03 
       4.507193652352e-04       2.009628585703e+03 
       4.813499601652e-04       2.138093140795e+03 
       5.140525395271e-04       2.274546338714e+03 
       5.490127596148e-04       2.419640605491e+03 
       5.864234840096e-04       2.574036398992e+03 
       6.264818862127e-04       2.738387816916e+03 
       6.693855924581e-04       2.913324478651e+03 
       7.153278526981e-04       3.099429919557e+03 
       7.644918337246e-04       3.297217113373e+03 
       8.170442631527e-04       3.507102362293e+03 
       8.731288004716e-04       3.729379335597e+03 
       9.328596440384e-04       3.964195397584e+03 
       9.963159657110e-04       4.211532898124e+03 
       1.063537764317e-03       4.471197570307e+03 
       1.134523625953e-03       4.742815975642e+03 
       1.209230678886e-03       5.025842640966e+03 
       1.287576767588e-03       5.319576842808e+03 
       1.369444598904e-03       5.623171034954e+03 
       1.454687391583e-03       5.935680221189e+03 
       1.543135431286e-03       6.256127515755e+03 
       1.634602911679e-03       6.583474084180e+03 
       1.728894515035e-03       6.916673096405e+03 
       1.825811320086e-03       7.254694777994e+03 
       1.925155782401e-03       7.596546285624e+03 
       2.026735680812e-03       7.941286798153e+03 
       2.130367041837e-03       8.288037641293e+03 
       2.235876134908e-03       8.635989105193e+03 
       2.343100676070e-03       8.984402161543e+03 
       2.451890393792e-03       9.332608668549e+03 
       2.562107106469e-03       9.680009400736e+03 
       2.673624445201e-03       1.002607007339e+04 
       2.786327333995e-03       1.037031748343e+04 
       2.900111316992e-03       1.071233410611e+04 
       3.014881801364e-03       1.105175527754e+04 
       3.130553266383e-03       1.138826047028e+04 
       3.247048474339e-03       1.172157335005e+04 
       3.364297707344e-03       1.205145197750e+04 
       3.482238045183e-03       1.237769104017e+04 
       3.600812692879e-03       1.270011091480e+04 
       3.719970362018e-03       1.301856335644e+04 
       3.839664706618e-03       1.333291739027e+04 
       3.959853812268e-03       1.364306716560e+04 
       4.080499735881e-03       1.394892511664e+04 
       4.201568092653e-03       1.425041553829e+04 
       4.323027686457e-03       1.454748441415e+04 
       4.444850179783e-03       1.484007967300e+04 
       4.567009799409e-03       1.512817521465e+04 
       4.689483074174e-03       1.541174057961e+04 
       4.812248601458e-03       1.569076309206e+04 
       4.935286839263e-03       1.596523828122e+04 
       5.058579921044e-03       1.623516121180e+04 
       5.182111490760e-03       1.650053665973e+04 
       5.305866555835e-03       1.676137717912e+04 
       5.429831356000e-03       1.701769474192e+04 
       5.553993246208e-03       1.726951195116e+04 
       5.678340591997e-03       1.751684478481e+04 
       5.802862675902e-03       1.775972472976e+04 
       5.927549613644e-03       1.799818642778e+04 
       6.052392279003e-03       1.823228108254e+04 
       6.177382236385e-03       1.846197416225e+04 
       6.302511680230e-03       1.868731819475e+04 
       6.427773380501e-03       1.890838077005e+04 
       6.553160633584e-03       1.912516545478e+04 
       6.678667218001e-03       1.933759432006e+04 
       6.804287354430e-03       1.954595984144e+04 
       6.930015669548e-03       1.975017667653e+04 
       7.055847163317e-03       1.995029421458e+04 
       7.181777179324e-03       2.014634063153e+04 
       7.307801377880e-03       2.033835642971e+04 
       7.433915711576e-03       2.052639971096e+04 
       7.560116403057e-03       2.071049542719e+04 
       7.686399924782e-03       2.089069045143e+04 
       7.812762980579e-03       2.106702691379e+04 
       7.939202488810e-03       2.123954474448e+04 
       8.065715566993e-03       2.140828218788e+04 
       8.192299517746e-03       2.157328724770e+04 
       8.318951815908e-03       2.173459421641e+04 
       8.445670096748e-03       2.189224393658e+04 
       8.572452145146e-03       2.204627848494e+04 
       8.699295885663e-03       2.219674440820e+04 
       8.826199373408e-03       2.234367932799e+04 
       8.953160785648e-03       2.248711537756e+04 
       9.080178414077e-03       2.262709613701e+04 
       9.207250657696e-03       2.276368697202e+04 
       9.334376016246e-03       2.289689181318e+04 
       9.461553084149e-03       2.302676421774e+04 
       9.588780544910e-03       2.315334160512e+04 
       9.716057165945e-03       2.327666050526e+04 
       9.843381793799e-03       2.339675785172e+04 
       9.970753349712e-03       2.351368689717e+04 
       1.009817082553e-02       2.362746148168e+04 
       1.022563327988e-02       2.373813330260e+04 
       1.035313983469e-02       2.384573259754e+04 
       1.048068967188e-02       2.395027852990e+04 
       1.060828203033e-02       2.405185705380e+04 
       1.073591620312e-02       2.415047964131e+04 
       1.086359153481e-02       2.424613822230e+04 
       1.099130741913e-02       2.433892844967e+04 
       1.111906329662e-02       2.442887422166e+04 
       1.124685865257e-02       2.451595441514e+04 
       1.137469301507e-02       2.460026468501e+04 
       1.150256595319e-02       2.468183571215e+04 
       1.163047707528e-02       2.476065438529e+04 
       1.175842602739e-02       2.483681086532e+04 
       1.188641249182e-02       2.491029795429e+04 
       1.201443618576e-02       2.498115685380e+04 
       1.214249686003e-02       2.504942157286e+04 
       1.227059429786e-02       2.511513251509e+04 
       1.239872831385e-02       2.517831132354e+04 
       1.252689875292e-02       2.523897825461e+04 
       1.265510548940e-02       2.529717263225e+04 
       1.278334842612e-02       2.535294378513e+04 
       1.291162749359e-02       2.540629293391e+04 
       1.303994264930e-02       2.545727961946e+04 
       1.316829387699e-02       2.550590734298e+04 
       1.329668118602e-02       2.555222399365e+04 
       1.342510461074e-02       2.559623780314e+04 
       1.355356421003e-02       2.563799917124e+04 
       1.368206006672e-02       2.567751412728e+04 
       1.381059228718e-02       2.571484713375e+04 
       1.393916100088e-02       2.574998064416e+04 
       1.406776636002e-02       2.578296987925e+04 
       1.419640853919e-02       2.581384615497e+04 
       1.432508773506e-02       2.584263217276e+04 
       1.445380416611e-02       2.586933233492e+04 
       1.458255807237e-02       2.589400047295e+04 
       1.471134971523e-02       2.591665204074e+04 
       1.484017937721e-02       2.593731701339e+04 
       1.496904736186e-02       2.595601939090e+04 
       1.509795399360e-02       2.597278546906e+04 
       1.522689961757e-02       2.598764048072e+04 
       1.535588459964e-02       2.600061393653e+04 
       1.548490932627e-02       2.601172539264e+04 
       1.561397420449e-02       2.602100044432e+04 
       1.574307966191e-02       2.602847084236e+04 
       1.587222614672e-02       2.603416240957e+04 
       1.600141412769e-02       2.603807643989e+04 
       1.613064409423e-02       2.604024955394e+04 
       1.625991655648e-02       2.604072048537e+04 
       1.638923204534e-02       2.603949989929e+04 
       1.651859111263e-02       2.603660925905e+04 
       1.664799433120e-02       2.603209501293e+04 
       1.677744229502e-02       2.602594551537e+04 
       1.690693561941e-02       2.601822694940e+04 
       1.703647494116e-02       2.600889895297e+04 
       1.716606091875e-02       2.599801510957e+04 
       1.729569423256e-02       2.598562675020e+04 
       1.742537558506e-02       2.597171466017e+04 
       1.755510570111e-02       2.595635327361e+04 
       1.768488532816e-02       2.593950339911e+04 
       1.781471523658e-02       2.592123262468e+04 
       1.794459621991e-02       2.590154357925e+04 
       1.807452909519e-02       2.588042258627e+04 
       1.820451470329e-02       2.585795119361e+04 
       1.833455390922e-02       2.583414916797e+04 
       1.846464760255e-02       2.580899826404e+04 
       1.859479669771e-02       2.578252472353e+04 
       1.872500213445e-02       2.575478655733e+04 
       1.885526487820e-02       2.572575946519e+04 
       1.898558592054e-02       2.569547108280e+04 
       1.911596627961e-02       2.566396505868e+04 
       1.924640700059e-02       2.563124020909e+04 
       1.937690915616e-02       2.559732434932e+04 
       1.950747384705e-02       2.556225270144e+04 
       1.963810220248e-02       2.552601919423e+04 
       1.976879538078e-02       2.548866217042e+04 
       1.989955456986e-02       2.545019510739e+04 
       2.003038098787e-02       2.541059182870e+04 
       2.016127588371e-02       2.536998622395e+04 
       2.029224053772e-02       2.532828825027e+04 
       2.042327626226e-02       2.528551446812e+04 
       2.055438440240e-02       2.524176323015e+04 
       2.068556633659e-02       2.519701416322e+04 
       2.081682347734e-02       2.515129212657e+04 
       2.094815727200e-02       2.510455933938e+04 
       2.107956920342e-02       2.505692349816e+04 
       2.121106079080e-02       2.500833777646e+04 
       2.134263359045e-02       2.495884521693e+04 
       2.147428919662e-02       2.490845317694e+04 
       2.160602924233e-02       2.485718358096e+04 
       2.173785540027e-02       2.480506247675e+04 
       2.186976938367e-02       2.475208745118e+04 
       2.200177294727e-02       2.469823357601e+04 
       2.213386788824e-02       2.464366464848e+04 
       2.226605604718e-02       2.458828520192e+04 
       2.239833930914e-02       2.453207182583e+04 
       2.253071960470e-02       2.447514804322e+04 
       2.266319891099e-02       2.441748153370e+04 
       2.279577925287e-02       2.435907858755e+04 
       2.292846270406e-02       2.429993233481e+04 
       2.306125138832e-02       2.424011851180e+04 
       2.319414748067e-02       2.417955427880e+04 
       2.332715320870e-02       2.411840264051e+04 
       2.346027085382e-02       2.405655595546e+04 
       2.359350275265e-02       2.399408666857e+04 
       2.372685129837e-02       2.393097749233e+04 
       2.386031894220e-02       2.386727315336e+04 
       2.399390819482e-02       2.380295173085e+04 
       2.412762162796e-02       2.373812680347e+04 
       2.426146187594e-02       2.367267501198e+04 
       2.439543163729e-02       2.360667224039e+04 
       2.452953367645e-02       2.354008956272e+04 
       2.466377082550e-02       2.347303120143e+04 
       2.479814598595e-02       2.340545713300e+04 
       2.493266213057e-02       2.333741547899e+04 
       2.506732230534e-02       2.326886929245e+04 
       2.520212963140e-02       2.319981412639e+04 
       2.533708730709e-02       2.313032153329e+04 
       2.547219861006e-02       2.306035625379e+04 
       2.560746689946e-02       2.298998492485e+04 
       2.574289561820e-02       2.291921993313e+04 
       2.587848829524e-02       2.284800320742e+04 
       2.601424854807e-02       2.277643300721e+04 
       2.615018008515e-02       2.270438521479e+04 
       2.628628670849e-02       2.263203251795e+04 
       2.642257231637e-02       2.255933393246e+04 
       2.655904090605e-02       2.248625561934e+04 
       2.669569657670e-02       2.241279785181e+04 
       2.683254353228e-02       2.233913206698e+04 
       2.696958608469e-02       2.226503059405e+04 
       2.710682865691e-02       2.219067553163e+04 
       2.724427578631e-02       2.211601080746e+04 
       2.738193212810e-02       2.204107955383e+04 
       2.751980245881e-02       2.196586931272e+04 
       2.765789168003e-02       2.189036270406e+04 
       2.779620482219e-02       2.181466812666e+04 
       2.793474704856e-02       2.173865796517e+04 
       2.807352365931e-02       2.166243867292e+04 
       2.821254009580e-02       2.158595849666e+04 
       2.835180194502e-02       2.150933909740e+04 
       2.849131494419e-02       2.143246897702e+04 
       2.863108498553e-02       2.135544185896e+04 
       2.877111812125e-02       2.127814200793e+04 
       2.891142056871e-02       2.120066230815e+04 
       2.905199871581e-02       2.112309060420e+04 
       2.919285912656e-02       2.104534331253e+04 
       2.933400854692e-02       2.096741045021e+04 
       2.947545391087e-02       2.088932862504e+04 
       2.961720234669e-02       2.081115164579e+04 
       2.975926118359e-02       2.073275281374e+04 
       2.990163795849e-02       2.065434490558e+04 
       3.004434042321e-02       2.057578618566e+04 
       3.018737655192e-02       2.049711498901e+04 
       3.033075454889e-02       2.041831065222e+04 
       3.047448285660e-02       2.033944103960e+04 
       3.061857016421e-02       2.026048595711e+04 
       3.076302541639e-02       2.018141783352e+04 
       3.090785782258e-02       2.010230826437e+04 
       3.105307686660e-02       2.002316852527e+04 
       3.119869231675e-02       1.994389747726e+04 
       3.134471423639e-02       1.986463372778e+04 
       3.149115299496e-02       1.978525442095e+04 
       3.163801927953e-02       1.970592316814e+04 
       3.178532410691e-02       1.962651185652e+04 
       3.193307883634e-02       1.954700139400e+04 
       3.208129518277e-02       1.946759451840e+04 
       3.222998523079e-02       1.938812123334e+04 
       3.237916144927e-02       1.930856508739e+04 
       3.252883670670e-02       1.922898102990e+04 
       3.267902428728e-02       1.914947551822e+04 
       3.282973790787e-02       1.906993924778e+04 
       3.298099173577e-02       1.899044308998e+04 
       3.313280040742e-02       1.891094558011e+04 
       3.328517904812e-02       1.883135466111e+04 
       3.343814329270e-02       1.875190921651e+04 
       3.359170930737e-02       1.867240921314e+04 
       3.374589381272e-02       1.859296796912e+04 
       3.390071410793e-02       1.851352604511e+04 
       3.405618809640e-02       1.843414463291e+04 
       3.421233431269e-02       1.835474905511e+04 
       3.436917195107e-02       1.827539829141e+04 
       3.452672089563e-02       1.819612613724e+04 
       3.468500175217e-02       1.811688567057e+04 
       3.484403588187e-02       1.803766107568e+04 
       3.500384543699e-02       1.795850460807e+04 
       3.516445339873e-02       1.787936100866e+04 
       3.532588361722e-02       1.780030140497e+04 
       3.548816085414e-02       1.772125484720e+04 
       3.565131082779e-02       1.764228544599e+04 
       3.581536026107e-02       1.756339912803e+04 
       3.598033693244e-02       1.748447156959e+04 
       3.614626973017e-02       1.740571235520e+04 
       3.631318871005e-02       1.732694756480e+04 
       3.648112515693e-02       1.724817322753e+04 
       3.665011165028e-02       1.716953823966e+04 
       3.682018213423e-02       1.709089992069e+04 
       3.699137199229e-02       1.701233698387e+04 
       3.716371812730e-02       1.693387531334e+04 
       3.733725904692e-02       1.685543739490e+04 
       3.751203495518e-02       1.677707569981e+04 
       3.768808785064e-02       1.669865641646e+04 
       3.786546163166e-02       1.662037655310e+04 
       3.804420220943e-02       1.654212538468e+04 
       3.822435762953e-02       1.646394474332e+04 
       3.840597820268e-02       1.638577685353e+04 
       3.858911664557e-02       1.630771488476e+04 
       3.877382823277e-02       1.622957878560e+04 
       3.896017096062e-02       1.615155516737e+04 
       3.914820572440e-02       1.607350274450e+04 
       3.933799651004e-02       1.599554779703e+04 
       3.952961060172e-02       1.591756771747e+04 
       3.972311880705e-02       1.583964285169e+04 
       3.991859570163e-02       1.576167197884e+04 
       4.011611989496e-02       1.568374723818e+04 
       4.031577431990e-02       1.560582356614e+04 
       4.051764654839e-02       1.552794858602e+04 
       4.072182913609e-02       1.544995704164e+04 
       4.092841999930e-02       1.537206195348e+04 
       4.113752282770e-02       1.529408990329e+04 
       4.134924753711e-02       1.521600644328e+04 
       4.156371076694e-02       1.513797688379e+04 
       4.178103642758e-02       1.505987690929e+04 
       4.200135630395e-02       1.498173170893e+04 
       4.222481072199e-02       1.490350425368e+04 
       4.245154928613e-02       1.482519763182e+04 
       4.268173169688e-02       1.474680412980e+04 
       4.291552865902e-02       1.466830043604e+04 
       4.315312289241e-02       1.458961055966e+04 
       4.339471025972e-02       1.451083260108e+04 
       4.364050102707e-02       1.443196633580e+04 
       4.389072127675e-02       1.435286087431e+04 
       4.414561449396e-02       1.427360670096e+04 
       4.440544335371e-02       1.419412179343e+04 
       4.467049173799e-02       1.411438874686e+04 
       4.494106701937e-02       1.403443566040e+04 
       4.521750265321e-02       1.395429791968e+04 
       4.550016112887e-02       1.387372781706e+04 
       4.578943733972e-02       1.379289759871e+04 
       4.608576244376e-02       1.371168600652e+04 
       4.638960830041e-02       1.363010603458e+04 
       4.670149258728e-02       1.354806477620e+04 
       4.702198472182e-02       1.346559887761e+04 
       4.735171274002e-02       1.338263892849e+04 
       4.769137131738e-02       1.329904523726e+04 
       4.804173115941e-02       1.321490234263e+04 
       4.840365004088e-02       1.313006873655e+04 
       4.877808583913e-02       1.304451222814e+04 
       4.916611198976e-02       1.295816408847e+04 
       4.956893589854e-02       1.287090397332e+04 
       4.998792097752e-02       1.278262753467e+04 
       5.042461314402e-02       1.269329287460e+04 
       5.088077283903e-02       1.260271587285e+04 
       5.135841389881e-02       1.251083549780e+04 
       5.185985096546e-02       1.241742968728e+04 
       5.238775756514e-02       1.232227772668e+04 
       5.294523753235e-02       1.222526953352e+04 
       5.353591312362e-02       1.212589114998e+04 
       5.416403393096e-02       1.202400683658e+04 
       5.483461151318e-02       1.191915225034e+04 
       5.555358534069e-02       1.181082086210e+04 
       5.632802580607e-02       1.169832591888e+04 
       5.716637886191e-02       1.158085147029e+04 
       5.807875265916e-02       1.145725561943e+04 
       5.907723624772e-02       1.132612366024e+04 
       6.017621842365e-02       1.118554790494e+04 
       6.139263230638e-02       1.103297496022e+04 
       6.274597680058e-02       1.086492886290e+04 
       6.425785302188e-02       1.067701490515e+04 
       6.595062402503e-02       1.046343758073e+04 
       6.784476182918e-02       1.021729764550e+04 
       6.995472176711e-02       9.931216629722e+03 
       7.228405529729e-02       9.598719879901e+03 
       7.482177443635e-02       9.216722944704e+03 
       7.754252337828e-02       8.787878343597e+03 
       8.041144656731e-02       8.321747403883e+03 
       8.339154300549e-02       7.833982257359e+03 
       8.644988654097e-02       7.343485130630e+03 
       8.956066708596e-02       6.869240188024e+03 
       9.270538142104e-02       6.427567469769e+03 
       9.587154475323e-02       6.030358972332e+03 
       9.905106127616e-02       5.684431552576e+03 
       1.022388126487e-01       5.391644251850e+03 
       1.054316138585e-01       5.149868005172e+03 
       1.086275022229e-01       4.953307127409e+03 
       1.118252754364e-01       4.793969886138e+03 
       1.150241995683e-01       4.662377269920e+03 
       1.182238274827e-01       4.548399138362e+03 
       1.214238870266e-01       4.442354279656e+03 
       1.246242125839e-01       4.335763098617e+03 
       1.278247033255e-01       4.221997554390e+03 
       1.310252977965e-01       4.096798934348e+03 
       1.342259584676e-01       3.958494603075e+03 
       1.374266623504e-01       3.807867054348e+03 
       1.406273952980e-01       3.647777521938e+03 
       1.438281485447e-01       3.482497172138e+03 
       1.470289166047e-01       3.317033988117e+03 
       1.502296959954e-01       3.156306532273e+03 
       1.534304844622e-01       3.004898209291e+03 
       1.566312805062e-01       2.866262275403e+03 
       1.598320830973e-01       2.742681127219e+03 
       1.630328914991e-01       2.635187596979e+03 
       1.662337051613e-01       2.543560195798e+03 
       1.694345236545e-01       2.466496607374e+03 
       1.726353466292e-01       2.401874719099e+03 
       1.758361737909e-01       2.346965397398e+03 
       1.790370048841e-01       2.298776361455e+03 
       1.822378396822e-01       2.254409563190e+03 
       1.854386779810e-01       2.211477400989e+03 
       1.886395195942e-01       2.167107899107e+03 
       1.918403643508e-01       2.119462971646e+03 
       1.950412120922e-01       2.067525238918e+03 
       1.982420626712e-01       2.011105979339e+03 
       2.014429159506e-01       1.950746376406e+03 
       2.046437718022e-01       1.887589588288e+03 
       2.078446301060e-01       1.823215331449e+03 
       2.110454907492e-01       1.759204054391e+03 
       2.142463536262e-01       1.697055105571e+03 
       2.174472186375e-01       1.638075444718e+03 
       2.206480856895e-01       1.583237648430e+03 
       2.238489546940e-01       1.533162822703e+03 
       2.270498255679e-01       1.488139374664e+03 
       2.302506982326e-01       1.448174574164e+03 
       2.334515726140e-01       1.412922106053e+03 
       2.366524486420e-01       1.381805010698e+03 
       2.398533262501e-01       1.353992408863e+03 
       2.430542053756e-01       1.328573059992e+03 
       2.462550859589e-01       1.304504812003e+03 
       2.494559679435e-01       1.280971320231e+03 
       2.526568512758e-01       1.257187180723e+03 
       2.558577359050e-01       1.232683968791e+03 
       2.590586217826e-01       1.207134483668e+03 
       2.622595088628e-01       1.180447724350e+03 
       2.654603971016e-01       1.152729353280e+03 
       2.686612864575e-01       1.124221633937e+03 
       2.718621768907e-01       1.095297505033e+03 
       2.750630683635e-01       1.066446395233e+03 
       2.782639608398e-01       1.038148562244e+03 
       2.814648542851e-01       1.010840056432e+03 
       2.846657486666e-01       9.849628387193e+02 
       2.878666439528e-01       9.607466298729e+02 
       2.910675401138e-01       9.383445071058e+02 
       2.942684371209e-01       9.177101170748e+02 
       2.974693349465e-01       8.987494573415e+02 
       3.006702335644e-01       8.812540274906e+02 
       3.038711329495e-01       8.649698781456e+02 
       3.070720330776e-01       8.496275893748e+02 
       3.102729339257e-01       8.349562092560e+02 
       3.134738354714e-01       8.206855792826e+02 
       3.166747376937e-01       8.065645625930e+02 
       3.198756405720e-01       7.924037742900e+02 
       3.230765440869e-01       7.780633376057e+02 
       3.262774482193e-01       7.634945187137e+02 
       3.294783529514e-01       7.487059329736e+02 
       3.326792582656e-01       7.337692492602e+02 
       3.358801641453e-01       7.188203413139e+02 
       3.390810705743e-01       7.039901566331e+02 
       3.422819775372e-01       6.894121870841e+02 
       3.454828850191e-01       6.752130813543e+02 
       3.486837930057e-01       6.614939796578e+02 
       3.518847014830e-01       6.483375420491e+02 
       3.550856104377e-01       6.358115270169e+02 
       3.582865198571e-01       6.239327621495e+02 
       3.614874297286e-01       6.126947097316e+02 
       3.646883400404e-01       6.020576367800e+02 
       3.678892507809e-01       5.919519190413e+02 
       3.710901619390e-01       5.822648052444e+02 
       3.742910735038e-01       5.728945576432e+02 
       3.774919854651e-01       5.637631714472e+02 
       3.806928978128e-01       5.547883353054e+02 
       3.838938105371e-01       5.459175739714e+02 
       3.870947236286e-01       5.371004378941e+02 
       3.902956370784e-01       5.283431568717e+02 
       3.934965508777e-01       5.196061229372e+02 
       3.966974650178e-01       5.109258524506e+02 
       3.998983794907e-01       5.022881000787e+02 
       4.030992942884e-01       4.937477203951e+02 
       4.063002094031e-01       4.853275320419e+02 
       4.095011248274e-01       4.770729602311e+02 
       4.127020405541e-01       4.690312434371e+02 
       4.159029565761e-01       4.612302022287e+02 
       4.191038728867e-01       4.536688084046e+02 
       4.223047894792e-01       4.463567634077e+02 
       4.255057063474e-01       4.392825389076e+02 
       4.287066234849e-01       4.324602863729e+02 
       4.319075408858e-01       4.258419345955e+02 
       4.351084585442e-01       4.194410136887e+02 
       4.383093764546e-01       4.132403735711e+02 
       4.415102946113e-01       4.071864518375e+02 
       4.447112130091e-01       4.012825027060e+02 
       4.479121316427e-01       3.954944922633e+02 
       4.511130505071e-01       3.897796708429e+02 
       4.543139695975e-01       3.841476420080e+02 
       4.575148889090e-01       3.785646806526e+02 
       4.607158084371e-01       3.730581517940e+02 
       4.639167281772e-01       3.676152008784e+02 
       4.671176481250e-01       3.622436970314e+02 
       4.703185682762e-01       3.569480211395e+02 
       4.735194886267e-01       3.517374185649e+02 
       4.767204091724e-01       3.466150116504e+02 
       4.799213299095e-01       3.415858494759e+02 
       4.831222508340e-01       3.366773606379e+02 
       4.863231719424e-01       3.318775317049e+02 
       4.895240932310e-01       3.272177859599e+02 
       4.927250146962e-01       3.226821916639e+02 
       4.959259363346e-01       3.182587554631e+02 
       4.991268581429e-01       3.139510350997e+02 
       5.023277801178e-01       3.097531185628e+02 
       5.055287022562e-01       3.056246557661e+02 
       5.087296245550e-01       3.015865792972e+02 
       5.119305470110e-01       2.976277689268e+02 
       5.151314696215e-01       2.937342940138e+02 
       5.183323923835e-01       2.899147838290e+02 
       5.215333152942e-01       2.861321404518e+02 
       5.247342383510e-01       2.824137692401e+02 
       5.279351615510e-01       2.787335290117e+02 
       5.311360848918e-01       2.751125759021e+02 
       5.343370083708e-01       2.715287732378e+02 
       5.375379319855e-01       2.680161243231e+02 
       5.407388557335e-01       2.645625436811e+02 
       5.439397796125e-01       2.611852837857e+02 
       5.471407036201e-01       2.578525114115e+02 
       5.503416277541e-01       2.545939525416e+02 
       5.535425520123e-01       2.513919472546e+02 
       5.567434763925e-01       2.482546575759e+02 
       5.599444008926e-01       2.451759205775e+02 
       5.631453255107e-01       2.421653967306e+02 
       5.663462502446e-01       2.392114457822e+02 
       5.695471750925e-01       2.363067729815e+02 
       5.727481000524e-01       2.334685486393e+02 
       5.759490251224e-01       2.306727856379e+02 
       5.791499503007e-01       2.279124630354e+02 
       5.823508755856e-01       2.252021918409e+02 
       5.855518009752e-01       2.225365616261e+02 
       5.887527264679e-01       2.199055542464e+02 
       5.919536520619e-01       2.173188102723e+02 
       5.951545777557e-01       2.147724307676e+02 
       5.983555035476e-01       2.122658259132e+02 
       6.015564294360e-01       2.097994524191e+02 
       6.047573554195e-01       2.073577696405e+02 
       6.079582814965e-01       2.049602410358e+02 
       6.111592076656e-01       2.025947660975e+02 
       6.143601339252e-01       2.002748839446e+02 
       6.175610602741e-01       1.979876824130e+02 
       6.207619867107e-01       1.957469585166e+02 
       6.239629132338e-01       1.935454550599e+02 
       6.271638398421e-01       1.913745594096e+02 
       6.303647665341e-01       1.892381444199e+02 
       6.335656933087e-01       1.871416054838e+02 
       6.367666201646e-01       1.850723732715e+02 
       6.399675471006e-01       1.830361885682e+02 
       6.431684741155e-01       1.810357534397e+02 
       6.463694012081e-01       1.790672645054e+02 
       6.495703283772e-01       1.771318723869e+02 
       6.527712556218e-01       1.752161990680e+02 
       6.559721829406e-01       1.733349585073e+02 
       6.591731103327e-01       1.714757579859e+02 
       6.623740377970e-01       1.696381113957e+02 
       6.655749653324e-01       1.678328940617e+02 
       6.687758929379e-01       1.660565644290e+02 
       6.719768206125e-01       1.643031680676e+02 
       6.751777483553e-01       1.625801573012e+02 
       6.783786761651e-01       1.608723980634e+02 
       6.815796040412e-01       1.591956751026e+02 
       6.847805319825e-01       1.575423093381e+02 
       6.879814599882e-01       1.559085650185e+02 
       6.911823880574e-01       1.543025011744e+02 
       6.943833161891e-01       1.527203369570e+02 
       6.975842443825e-01       1.511661475999e+02 
       7.007851726368e-01       1.496313016699e+02 
       7.039861009512e-01       1.481178873548e+02 
       7.071870293248e-01       1.466263096179e+02 
       7.103879577567e-01       1.451536116825e+02 
       7.135888862463e-01       1.437034356057e+02 
       7.167898147928e-01       1.422700411602e+02 
       7.199907433954e-01       1.408635412816e+02 
       7.231916720533e-01       1.394705567979e+02 
       7.263926007658e-01       1.380987440686e+02 
       7.295935295322e-01       1.367505890392e+02 
       7.327944583518e-01       1.354088933598e+02 
       7.359953872239e-01       1.340888430973e+02 
       7.391963161478e-01       1.327882620957e+02 
       7.423972451229e-01       1.315082466607e+02 
       7.455981741484e-01       1.302387273881e+02 
       7.487991032237e-01       1.289936925847e+02 
       7.520000323483e-01       1.277621237225e+02 
       7.552009615214e-01       1.265463759862e+02 
       7.584018907424e-01       1.253465548765e+02 
       7.616028200108e-01       1.241619056553e+02 
       7.648037493259e-01       1.229931296769e+02 
       7.680046786872e-01       1.218436371387e+02 
       7.712056080941e-01       1.207036435177e+02 
       7.744065375460e-01       1.195821842718e+02 
       7.776074670423e-01       1.184751347626e+02 
       7.808083965826e-01       1.173815132658e+02 
       7.840093261662e-01       1.163018028942e+02 
       7.872102557927e-01       1.152366616709e+02 
       7.904111854615e-01       1.141821816660e+02 
       7.936121151721e-01       1.131423703849e+02 
       7.968130449241e-01       1.121161961364e+02 
       8.000139747168e-01       1.111042928261e+02 
       8.032149045498e-01       1.101073898415e+02 
       8.064158344227e-01       1.091173581070e+02 
       8.096167643350e-01       1.081406719910e+02 
       8.128176942861e-01       1.071798368810e+02 
       8.160186242757e-01       1.062241880745e+02 
       8.192195543032e-01       1.052836135802e+02 
       8.224204843684e-01       1.043589761683e+02 
       8.256214144706e-01       1.034434164381e+02 
       8.288223446095e-01       1.025376912742e+02 
       8.320232747846e-01       1.016415374827e+02 
       8.352242049956e-01       1.007552908409e+02 
       8.384251352420e-01       9.988110420254e+01 
       8.416260655234e-01       9.901901248024e+01 
       8.448269958394e-01       9.816657142213e+01 
       8.480279261897e-01       9.732484210057e+01 
       8.512288565738e-01       9.649327714247e+01 
       8.544297869914e-01       9.567378390428e+01 
       8.576307174420e-01       9.485941871347e+01 
       8.608316479254e-01       9.405603091601e+01 
       8.640325784411e-01       9.326389693905e+01 
       8.672335089888e-01       9.247748281566e+01 
       8.704344395681e-01       9.170534782216e+01 
       8.736353701787e-01       9.093839445451e+01 
       8.768363008203e-01       9.017999857995e+01 
       8.800372314924e-01       8.943258834183e+01 
       8.832381621949e-01       8.869347649092e+01 
       8.864390929273e-01       8.796061316834e+01 
       8.896400236893e-01       8.723800802377e+01 
       8.928409544806e-01       8.652361448851e+01 
       8.960418853009e-01       8.581526159758e+01 
       8.992428161498e-01       8.511906874347e+01 
       9.024437470272e-01       8.442740640462e+01 
       9.056446779326e-01       8.374540260426e+01 
       9.088456088658e-01       8.307340167519e+01 
       9.120465398264e-01       8.240230556873e+01 
       9.152474708143e-01       8.174352263558e+01 
       9.184484018291e-01       8.108894372035e+01 
       9.216493328704e-01       8.044269232069e+01 
       9.248502639382e-01       7.980648843572e+01 
       9.280511950320e-01       7.917679708027e+01 
       9.312521261516e-01       7.855251267728e+01 
       9.344530572968e-01       7.793430620047e+01 
       9.376539884672e-01       7.732201215787e+01 
       9.408549196626e-01       7.671944887289e+01 
       9.440558508829e-01       7.612008681385e+01 
       9.472567821276e-01       7.552920679496e+01 
       9.504577133966e-01       7.494611475163e+01 
       9.536586446896e-01       7.436687643231e+01 
       9.568595760064e-01       7.379506889686e+01 
       9.600605073467e-01       7.323038835504e+01 
       9.632614387104e-01       7.266774351108e+01 
       9.664623700971e-01       7.211308382321e+01 
       9.696633015067e-01       7.156648710009e+01 
       9.728642329388e-01       7.102205828139e+01 
       9.760651643934e-01       7.048577324505e+01 
       9.792660958702e-01       6.995697035433e+01 
       9.824670273689e-01       6.943023383030e+01 
       9.856679588894e-01       6.891019372821e+01 
       9.888688904313e-01       6.839570133867e+01 
       9.920698219947e-01       6.788435466476e+01 
       9.952707535791e-01       6.738058762591e+01 
       9.984716851844e-01       6.688268034808e+01 
       1.001672616811e+00       6.638804052396e+01 
       1.004873548457e+00       6.589969140935e+01 
       1.008074480124e+00       6.541869788748e+01 
       1.011275411811e+00       6.493918289277e+01 
       1.014476343518e+00       6.446535647039e+01 
       1.017677275245e+00       6.399398032953e+01 
       1.020878206991e+00       6.352913768315e+01 
       1.024079138757e+00       6.307012284725e+01 
       1.027280070541e+00       6.261437018569e+01 
       1.030481002345e+00       6.216520013958e+01 
       1.033681934168e+00       6.171938825094e+01 
       1.036882866009e+00       6.127797455797e+01 
       1.040083797869e+00       6.084072599332e+01 
       1.043284729747e+00       6.040633790630e+01 
       1.046485661644e+00       5.997706400961e+01 
       1.049686593558e+00       5.955331616269e+01 
       1.052887525490e+00       5.913404315748e+01 
       1.056088457440e+00       5.871893699748e+01 
       1.059289389407e+00       5.830506356081e+01 
       1.062490321392e+00       5.789675316614e+01 
       1.065691253394e+00       5.749257916490e+01 
       1.068892185413e+00       5.709277262065e+01 
       1.072093117449e+00       5.669528320674e+01 
       1.075294049501e+00       5.630277499356e+01 
       1.078494981570e+00       5.591661264067e+01 
       1.081695913656e+00       5.553089044806e+01 
       1.084896845757e+00       5.514798249808e+01 
       1.088097777875e+00       5.477083334927e+01 
       1.091298710009e+00       5.439532314146e+01 
       1.094499642159e+00       5.402556720940e+01 
       1.097700574324e+00       5.365859182126e+01 
       1.100901506505e+00       5.329363766940e+01 
       1.104102438702e+00       5.293473424824e+01 
       1.107303370914e+00       5.257748086521e+01 
       1.110504303141e+00       5.222492036494e+01 
       1.113705235383e+00       5.187343884688e+01 
       1.116906167640e+00       5.152758638407e+01 
       1.120107099912e+00       5.118229950514e+01 
       1.123308032198e+00       5.084212705178e+01 
       1.126508964499e+00       5.050608773710e+01 
       1.129709896814e+00       5.017165821491e+01 
       1.132910829144e+00       4.983951761923e+01 
       1.136111761488e+00       4.951134400115e+01 
       1.139312693846e+00       4.918618082550e+01 
       1.142513626218e+00       4.886311371738e+01 
       1.145714558603e+00       4.854481152759e+01 
       1.148915491003e+00       4.822731529230e+01 
       1.152116423416e+00       4.791391306723e+01 
       1.155317355842e+00       4.760303313996e+01 
       1.158518288282e+00       4.729693482788e+01 
       1.161719220735e+00       4.699032201168e+01 
       1.164920153201e+00       4.668885808806e+01 
       1.168121085680e+00       4.638887500140e+01 
       1.171322018173e+00       4.609048725568e+01 
       1.174522950678e+00       4.579666681468e+01 
       1.177723883195e+00       4.550566839027e+01 
       1.180924815726e+00       4.521554735912e+01 
       1.184125748268e+00       4.492978412029e+01 
       1.187326680824e+00       4.464563184814e+01 
       1.190527613391e+00       4.436280234462e+01 
       1.193728545971e+00       4.408326875205e+01 
       1.196929478563e+00       4.380776925505e+01 
       1.200130411167e+00       4.353223731442e+01 
       1.203331343782e+00       4.326043113962e+01 
       1.206532276410e+00       4.299236278904e+01 
       1.209733209049e+00       4.272371413264e+01 
       1.212934141700e+00       4.245893265543e+01 
       1.216135074363e+00       4.219651378821e+01 
       1.219336007037e+00       4.193595638947e+01 
       1.222536939722e+00       4.167726728188e+01 
       1.225737872419e+00       4.142032623851e+01 
       1.228938805126e+00       4.116693725574e+01 
       1.232139737845e+00       4.091711554562e+01 
       1.235340670575e+00       4.066622552153e+01 
       1.238541603316e+00       4.041863239895e+01 
       1.241742536068e+00       4.017333675314e+01 
       1.244943468830e+00       3.993044695886e+01 
       1.248144401603e+00       3.968896634520e+01 
       1.251345334387e+00       3.944978004112e+01 
       1.254546267181e+00       3.921229880461e+01 
       1.257747199986e+00       3.897779250329e+01 
       1.260948132801e+00       3.874450975117e+01 
       1.264149065626e+00       3.851310841600e+01 
       1.267349998462e+00       3.828211584631e+01 
       1.270550931307e+00       3.805474388708e+01 
       1.273751864163e+00       3.782826998490e+01 
       1.276952797029e+00       3.760485125274e+01 
       1.280153729904e+00       3.738393318994e+01 
       1.283354662789e+00       3.716408101994e+01 
       1.286555595684e+00       3.694542178817e+01 
       1.289756528589e+00       3.672840954201e+01 
       1.292957461504e+00       3.651379147111e+01 
       1.296158394427e+00       3.630041344204e+01 
       1.299359327361e+00       3.608835453724e+01 
       1.302560260303e+00       3.587862501949e+01 
       1.305761193255e+00       3.567061170749e+01 
       1.308962126217e+00       3.546429492644e+01 
       1.312163059187e+00       3.525995136862e+01 
       1.315363992167e+00       3.505697543153e+01 
       1.318564925155e+00       3.485496679922e+01 
       1.321765858153e+00       3.465517719555e+01 
       1.324966791160e+00       3.445685197297e+01 
       1.328167724175e+00       3.425999335678e+01 
       1.331368657199e+00       3.406509942322e+01 
       1.334569590232e+00       3.387234598481e+01 
       1.337770523274e+00       3.367921502854e+01 
       1.340971456324e+00       3.348913559630e+01 
       1.344172389382e+00       3.329940721145e+01 
       1.347373322450e+00       3.311215545338e+01 
       1.350574255525e+00       3.292543834978e+01 
       1.353775188609e+00       3.274138218446e+01 
       1.356976121701e+00       3.255823172780e+01 
       1.360177054802e+00       3.237622838541e+01 
       1.363377987911e+00       3.219658659640e+01 
       1.366578921028e+00       3.201658134904e+01 
       1.369779854152e+00       3.183951102012e+01 
       1.372980787285e+00       3.166210911366e+01 
       1.727044983080e+00       1.825913734850e+01 
       2.174200599294e+00       1.041506151541e+01 
       2.737156331819e+00       5.893207880893e+00 
       3.445875662162e+00       3.310501724701e+00 
       4.338100436979e+00       1.847259527629e+00 
       5.461344879028e+00       1.024585493526e+00 
       6.875425850780e+00       5.651332499349e-01 
       8.655648320453e+00       3.101499525998e-01 
       1.089681562617e+01       1.694154585444e-01 
       1.371827809942e+01       9.213900201744e-02 
       1.727028890542e+01       4.990883376944e-02 
       2.174200557207e+01       2.693080443445e-02 
       2.737156331804e+01       1.447932706444e-02 
       3.445875662162e+01       7.756976445893e-03 
       4.338100436979e+01       4.140597950978e-03 
       5.461344879028e+01       2.201757657648e-03 
       6.875425850780e+01       1.165839788169e-03 
       8.655648320454e+01       6.141649513907e-04 
       1.089681562617e+02       3.214596897404e-04 
