# Matter power spectrum P(k) at redshift z=0
# for k=1.02819e-05 to 105.289 h/Mpc,
# number of wavenumbers equal to 624
#    1:k (h/Mpc)              2:P (Mpc/h)^3        
       1.028185622909e-05       4.062494344921e+01 
       2.292362608534e-05       9.057326512724e+01 
       3.560828760542e-05       1.406888362113e+02 
       4.836871162854e-05       1.911002774418e+02 
       6.123829341056e-05       2.419381897774e+02 
       7.425123948469e-05       2.933362699525e+02 
       8.744286337900e-05       3.454324421521e+02 
       1.008498939898e-04       3.983700279487e+02 
       1.145108004402e-04       4.522989864484e+02 
       1.284661372837e-04       5.073772188099e+02 
       1.427589139274e-04       5.637719661414e+02 
       1.574349921059e-04       6.215863172365e+02 
       1.725435151069e-04       6.811456631911e+02 
       1.881373721651e-04       7.425928050490e+02 
       2.042737009284e-04       8.061481707417e+02 
       2.210144300569e-04       8.720501318700e+02 
       2.384268627075e-04       9.405570870414e+02 
       2.565842997080e-04       1.011949683390e+03 
       2.755666984252e-04       1.086533098621e+03 
       2.954613594086e-04       1.164639391257e+03 
       3.163636275512e-04       1.246629813373e+03 
       3.383775873987e-04       1.332897011016e+03 
       3.616167230514e-04       1.423866979629e+03 
       3.862045015520e-04       1.520000583570e+03 
       4.122748246813e-04       1.621794417315e+03 
       4.399722779238e-04       1.729780696629e+03 
       4.694520878688e-04       1.844525843126e+03 
       5.008796821419e-04       1.966627307274e+03 
       5.344297319924e-04       2.096708199545e+03 
       5.702845511269e-04       2.235409238996e+03 
       6.086317309585e-04       2.383377605991e+03 
       6.496609187059e-04       2.541252410271e+03 
       6.935596970390e-04       2.709646724383e+03 
       7.405086061108e-04       2.889126470788e+03 
       7.906754593871e-04       3.080186951657e+03 
       8.442092339807e-04       3.283228238108e+03 
       9.012339445199e-04       3.498531240393e+03 
       9.618430087101e-04       3.726236559102e+03 
       1.026094651636e-03       3.966328352393e+03 
       1.094008850266e-03       4.218625232290e+03 
       1.165566182719e-03       4.482779519104e+03 
       1.240708735874e-03       4.758283168880e+03 
       1.319342979432e-03       5.044446611423e+03 
       1.401344285732e-03       5.340542874604e+03 
       1.486562608957e-03       5.645712938811e+03 
       1.574828762325e-03       5.959034685887e+03 
       1.665960749640e-03       6.279551156795e+03 
       1.759769698314e-03       6.606295929459e+03 
       1.856065072773e-03       6.938315144679e+03 
       1.954658987774e-03       7.274685167919e+03 
       2.055369565667e-03       7.614525996670e+03 
       2.158023376380e-03       7.957011239861e+03 
       2.262457060233e-03       8.301372359547e+03 
       2.368518264944e-03       8.646904498921e+03 
       2.476066036375e-03       8.992960133210e+03 
       2.584970795220e-03       9.338958109924e+03 
       2.695114015810e-03       9.684371373164e+03 
       2.806387703506e-03       1.002872773588e+04 
       2.918693747237e-03       1.037160873864e+04 
       3.031943205484e-03       1.071263758128e+04 
       3.146055568483e-03       1.105148647473e+04 
       3.260958026758e-03       1.138785989509e+04 
       3.376584766143e-03       1.172150119509e+04 
       3.492876301982e-03       1.205218509941e+04 
       3.609778859657e-03       1.237971092735e+04 
       3.727243804616e-03       1.270390676508e+04 
       3.845227122414e-03       1.302462025714e+04 
       3.963688947416e-03       1.334172338116e+04 
       4.082593137699e-03       1.365509986444e+04 
       4.201906893053e-03       1.396465743322e+04 
       4.321600412638e-03       1.427030794896e+04 
       4.441646588792e-03       1.457198786283e+04 
       4.562020733544e-03       1.486963898424e+04 
       4.682700334553e-03       1.516318327034e+04 
       4.803664837402e-03       1.545261167739e+04 
       4.924895451436e-03       1.573791255079e+04 
       5.046374976562e-03       1.601902994661e+04 
       5.168087648701e-03       1.629596311091e+04 
       5.290019001810e-03       1.656877305156e+04 
       5.412155744608e-03       1.683736992736e+04 
       5.534485650354e-03       1.710173707171e+04 
       5.656997458202e-03       1.736133540560e+04 
       5.779680784837e-03       1.761729134120e+04 
       5.902526045239e-03       1.786905088591e+04 
       6.025524381540e-03       1.811659855657e+04 
       6.148667599099e-03       1.836004855354e+04 
       6.271948108978e-03       1.859934544867e+04 
       6.395358876124e-03       1.883434407088e+04 
       6.518893372638e-03       1.906545819493e+04 
       6.642545535578e-03       1.929239706850e+04 
       6.766309728814e-03       1.951597262215e+04 
       6.890180708501e-03       1.973491338147e+04 
       7.014153591796e-03       1.994999350190e+04 
       7.138223828473e-03       2.016136200462e+04 
       7.262387175144e-03       2.036857523967e+04 
       7.386639671820e-03       2.057191801266e+04 
       7.510977620572e-03       2.077127687792e+04 
       7.635397566082e-03       2.096691909298e+04 
       7.759896277901e-03       2.115856100380e+04 
       7.884470734249e-03       2.134655936792e+04 
       8.009118107195e-03       2.153076409522e+04 
       8.133835749101e-03       2.171214076075e+04 
       8.258621180199e-03       2.188901055452e+04 
       8.383472077199e-03       2.206226718846e+04 
       8.508386262837e-03       2.223188343407e+04 
       8.633361696262e-03       2.239794369035e+04 
       8.758396464208e-03       2.256047104864e+04 
       8.883488772857e-03       2.271954800674e+04 
       9.008636940352e-03       2.287500370077e+04 
       9.133839389889e-03       2.302710101031e+04 
       9.259094643344e-03       2.317582111662e+04 
       9.384401315392e-03       2.332112245139e+04 
       9.509758108064e-03       2.346306933312e+04 
       9.635163805723e-03       2.360074837827e+04 
       9.760617270406e-03       2.373710083776e+04 
       9.886117437517e-03       2.386928638940e+04 
       1.001166331184e-02       2.399814140995e+04 
       1.013725396381e-02       2.412391894630e+04 
       1.026288852613e-02       2.424641232722e+04 
       1.038856619052e-02       2.436596308764e+04 
       1.051428620483e-02       2.448143112840e+04 
       1.064004787021e-02       2.459482300257e+04 
       1.076585053862e-02       2.470614979586e+04 
       1.089169361044e-02       2.481338341104e+04 
       1.101757653221e-02       2.491764134373e+04 
       1.114349879467e-02       2.501829887113e+04 
       1.126945993077e-02       2.511685032056e+04 
       1.139545951390e-02       2.521232868007e+04 
       1.152149715629e-02       2.530631959278e+04 
       1.164757250740e-02       2.539632295813e+04 
       1.177368525255e-02       2.548361118745e+04 
       1.189983511152e-02       2.556827584614e+04 
       1.202602183736e-02       2.564992947078e+04 
       1.215224521523e-02       2.572823873235e+04 
       1.227850506131e-02       2.580561323255e+04 
       1.240480122181e-02       2.587857153551e+04 
       1.253113357205e-02       2.595059087819e+04 
       1.265750201560e-02       2.601945076980e+04 
       1.278390648348e-02       2.608452200292e+04 
       1.291034693342e-02       2.614919184939e+04 
       1.303682334920e-02       2.621032300169e+04 
       1.316333573999e-02       2.626792376746e+04 
       1.328988413979e-02       2.632496925010e+04 
       1.341646860691e-02       2.637842504379e+04 
       1.354308922342e-02       2.643038334322e+04 
       1.366974609479e-02       2.647839612777e+04 
       1.379643934941e-02       2.652629340814e+04 
       1.392316913825e-02       2.657094672222e+04 
       1.404993563452e-02       2.661316258440e+04 
       1.417673903336e-02       2.665205118410e+04 
       1.430357955158e-02       2.669081068397e+04 
       1.443045742743e-02       2.672580919984e+04 
       1.455737292036e-02       2.675932401039e+04 
       1.468432631085e-02       2.679101882906e+04 
       1.481131790029e-02       2.681884448392e+04 
       1.493834801080e-02       2.684629809453e+04 
       1.506541698514e-02       2.687238898630e+04 
       1.519252518666e-02       2.689422948606e+04 
       1.531967299921e-02       2.691632452962e+04 
       1.544686082709e-02       2.693420364813e+04 
       1.557408909511e-02       2.695093365486e+04 
       1.570135824851e-02       2.696605398276e+04 
       1.582866875303e-02       2.697923139564e+04 
       1.595602109498e-02       2.699191951163e+04 
       1.608341578125e-02       2.700069514598e+04 
       1.621085333945e-02       2.700786695191e+04 
       1.633833431798e-02       2.701458956236e+04 
       1.646585928616e-02       2.701775467027e+04 
       1.659342883438e-02       2.702120649731e+04 
       1.672104357425e-02       2.702035619279e+04 
       1.684870413879e-02       2.701910971255e+04 
       1.697641118259e-02       2.701650305380e+04 
       1.710416538205e-02       2.701150421594e+04 
       1.723196743558e-02       2.700529786715e+04 
       1.735981806386e-02       2.699851032692e+04 
       1.748771801012e-02       2.698782306295e+04 
       1.761566804035e-02       2.697782930775e+04 
       1.774366894367e-02       2.696502945678e+04 
       1.787172153257e-02       2.695095620949e+04 
       1.799982664330e-02       2.693454351357e+04 
       1.812798513615e-02       2.691683318949e+04 
       1.825619789584e-02       2.689815862036e+04 
       1.838446583190e-02       2.687797055434e+04 
       1.851278987906e-02       2.685639741267e+04 
       1.864117099765e-02       2.683357827274e+04 
       1.876961017400e-02       2.680887830301e+04 
       1.889810842095e-02       2.678403455191e+04 
       1.902666677827e-02       2.675597398675e+04 
       1.915528631311e-02       2.672782005552e+04 
       1.928396812057e-02       2.669871970709e+04 
       1.941271332416e-02       2.666764478426e+04 
       1.954152307635e-02       2.663565593019e+04 
       1.967039855913e-02       2.660177644629e+04 
       1.979934098457e-02       2.656638099807e+04 
       1.992835159544e-02       2.653038195756e+04 
       2.005743166578e-02       2.649315949186e+04 
       2.018658250158e-02       2.645465558556e+04 
       2.031580544140e-02       2.641580522564e+04 
       2.044510185708e-02       2.637446225937e+04 
       2.057447315441e-02       2.633291615160e+04 
       2.070392077385e-02       2.629014988027e+04 
       2.083344619133e-02       2.624642112829e+04 
       2.096305091892e-02       2.620121221649e+04 
       2.109273650575e-02       2.615522091808e+04 
       2.122250453870e-02       2.610820480187e+04 
       2.135235664334e-02       2.606087496750e+04 
       2.148229448477e-02       2.601117256794e+04 
       2.161231976851e-02       2.596122691878e+04 
       2.174243424143e-02       2.591060956014e+04 
       2.187263969274e-02       2.585842594201e+04 
       2.200293795492e-02       2.580630415337e+04 
       2.213333090478e-02       2.575203885981e+04 
       2.226382046450e-02       2.569749821187e+04 
       2.239440860272e-02       2.564246953323e+04 
       2.252509733563e-02       2.558671489679e+04 
       2.265588872814e-02       2.552884561931e+04 
       2.278678489509e-02       2.547160520947e+04 
       2.291778800242e-02       2.541236272748e+04 
       2.304890026850e-02       2.535367287550e+04 
       2.318012396537e-02       2.529277614058e+04 
       2.331146142014e-02       2.523261179541e+04 
       2.344291501635e-02       2.517020986208e+04 
       2.357448719540e-02       2.510784712534e+04 
       2.370618045804e-02       2.504479089696e+04 
       2.383799736590e-02       2.498107976509e+04 
       2.396994054304e-02       2.491677537422e+04 
       2.410201267761e-02       2.485215230534e+04 
       2.423421652351e-02       2.478598186611e+04 
       2.436655490213e-02       2.471967786113e+04 
       2.449903070413e-02       2.465280563829e+04 
       2.463164689130e-02       2.458523804178e+04 
       2.476440649850e-02       2.451718117271e+04 
       2.489731263556e-02       2.444855544681e+04 
       2.503036848940e-02       2.437937171116e+04 
       2.516357732611e-02       2.430964049559e+04 
       2.529694249311e-02       2.423972263556e+04 
       2.543046742143e-02       2.416864520755e+04 
       2.556415562807e-02       2.409740668482e+04 
       2.569801071834e-02       2.402566081312e+04 
       2.583203638843e-02       2.395347333298e+04 
       2.596623642796e-02       2.388086342772e+04 
       2.610061472266e-02       2.380768900439e+04 
       2.623517525713e-02       2.373422290162e+04 
       2.636992211774e-02       2.366034476105e+04 
       2.650485949557e-02       2.358597906415e+04 
       2.663999168948e-02       2.351122260885e+04 
       2.677532310935e-02       2.343651268938e+04 
       2.691085827932e-02       2.336097653058e+04 
       2.704660184128e-02       2.328476107659e+04 
       2.718255855838e-02       2.320864532289e+04 
       2.731873331873e-02       2.313210916785e+04 
       2.745513113922e-02       2.305527920716e+04 
       2.759175716952e-02       2.297822211735e+04 
       2.772861669615e-02       2.290097209489e+04 
       2.786571514680e-02       2.282321640523e+04 
       2.800305809477e-02       2.274509016646e+04 
       2.814065126356e-02       2.266692717669e+04 
       2.827850053172e-02       2.258828429935e+04 
       2.841661193776e-02       2.250966517483e+04 
       2.855499168544e-02       2.243059625409e+04 
       2.869364614908e-02       2.235121742730e+04 
       2.883258187923e-02       2.227172929129e+04 
       2.897180560847e-02       2.219207519185e+04 
       2.911132425755e-02       2.211215651097e+04 
       2.925114494169e-02       2.203210204390e+04 
       2.939127497719e-02       2.195179717887e+04 
       2.953172188832e-02       2.187125506821e+04 
       2.967249341450e-02       2.179076114641e+04 
       2.981359751776e-02       2.170999474459e+04 
       2.995504239059e-02       2.162899441977e+04 
       3.009683646406e-02       2.154788503615e+04 
       3.023898841634e-02       2.146667253538e+04 
       3.038150718158e-02       2.138537655432e+04 
       3.052440195921e-02       2.130397582222e+04 
       3.066768222362e-02       2.122245071594e+04 
       3.081135773435e-02       2.114093018327e+04 
       3.095543854669e-02       2.105905565043e+04 
       3.109993502279e-02       2.097722563783e+04 
       3.124485784329e-02       2.089538419449e+04 
       3.139021801953e-02       2.081342300632e+04 
       3.153602690629e-02       2.073139085664e+04 
       3.168229621523e-02       2.064921114985e+04 
       3.182903802885e-02       2.056702669341e+04 
       3.197626481530e-02       2.048475181595e+04 
       3.212398944383e-02       2.040254362843e+04 
       3.227222520100e-02       2.032028902053e+04 
       3.242098580778e-02       2.023785629980e+04 
       3.257028543748e-02       2.015563044615e+04 
       3.272013873466e-02       2.007316089011e+04 
       3.287056083495e-02       1.999099980842e+04 
       3.302156738596e-02       1.990837572057e+04 
       3.317317456938e-02       1.982584856874e+04 
       3.332539912412e-02       1.974353096684e+04 
       3.347825837086e-02       1.966122428526e+04 
       3.363177023784e-02       1.957862898573e+04 
       3.378595328823e-02       1.949615825011e+04 
       3.394082674885e-02       1.941380918126e+04 
       3.409641054072e-02       1.933133586277e+04 
       3.425272531126e-02       1.924894132468e+04 
       3.440979246840e-02       1.916660203778e+04 
       3.456763421671e-02       1.908436868315e+04 
       3.472627359569e-02       1.900198575750e+04 
       3.488573452033e-02       1.891980430682e+04 
       3.504604182423e-02       1.883764140420e+04 
       3.520722130534e-02       1.875512697648e+04 
       3.536929977455e-02       1.867302370037e+04 
       3.553230510739e-02       1.859079479566e+04 
       3.569626629907e-02       1.850863159651e+04 
       3.586121352304e-02       1.842666644163e+04 
       3.602717819344e-02       1.834464953721e+04 
       3.619419303176e-02       1.826256418679e+04 
       3.636229213791e-02       1.818059295287e+04 
       3.653151106621e-02       1.809860295676e+04 
       3.670188690668e-02       1.801674114654e+04 
       3.687345837198e-02       1.793489185583e+04 
       3.704626589063e-02       1.785309332763e+04 
       3.722035170685e-02       1.777143734570e+04 
       3.739575998785e-02       1.768957484950e+04 
       3.757253693902e-02       1.760790694687e+04 
       3.775073092779e-02       1.752641081871e+04 
       3.793039261706e-02       1.744466101535e+04 
       3.811157510886e-02       1.736306811942e+04 
       3.829433409945e-02       1.728161262615e+04 
       3.847872804676e-02       1.720001645197e+04 
       3.866481835150e-02       1.711853584743e+04 
       3.885266955312e-02       1.703713967477e+04 
       3.904234954228e-02       1.695558448777e+04 
       3.923392979140e-02       1.687418973345e+04 
       3.942748560519e-02       1.679275107363e+04 
       3.962309639317e-02       1.671136766582e+04 
       3.982084596665e-02       1.662990822692e+04 
       4.002082286273e-02       1.654872332761e+04 
       4.022312069830e-02       1.646703718510e+04 
       4.042783855743e-02       1.638582552840e+04 
       4.063508141591e-02       1.630432596737e+04 
       4.084496060727e-02       1.622271819974e+04 
       4.105759433523e-02       1.614111755148e+04 
       4.127310823805e-02       1.605956166968e+04 
       4.149163601122e-02       1.597811160666e+04 
       4.171332009580e-02       1.589614655137e+04 
       4.193831244066e-02       1.581440940233e+04 
       4.216677534828e-02       1.573256443683e+04 
       4.239888241525e-02       1.565057915351e+04 
       4.263481958009e-02       1.556855133466e+04 
       4.287478629332e-02       1.548633330775e+04 
       4.311899682700e-02       1.540398576895e+04 
       4.336768174376e-02       1.532156315477e+04 
       4.362108954874e-02       1.523896700274e+04 
       4.387948855201e-02       1.515614342659e+04 
       4.414316897381e-02       1.507310703257e+04 
       4.441244533075e-02       1.498991672513e+04 
       4.468765914812e-02       1.490628754285e+04 
       4.496918205220e-02       1.482273269211e+04 
       4.525741930661e-02       1.473852889252e+04 
       4.555281386928e-02       1.465447775067e+04 
       4.585585106264e-02       1.456962407048e+04 
       4.616706396803e-02       1.448425163307e+04 
       4.648703967949e-02       1.439870591320e+04 
       4.681642658099e-02       1.431264692739e+04 
       4.715594284790e-02       1.422614821668e+04 
       4.750638641878e-02       1.413935213427e+04 
       4.786864674137e-02       1.405135837126e+04 
       4.824371866853e-02       1.396326965677e+04 
       4.863271897149e-02       1.387442499974e+04 
       4.903690605431e-02       1.378435442436e+04 
       4.945770360062e-02       1.369389458882e+04 
       4.989672907282e-02       1.360214709775e+04 
       5.035582822378e-02       1.350931605410e+04 
       5.083711708661e-02       1.341534407469e+04 
       5.134303329469e-02       1.331996749304e+04 
       5.187639906779e-02       1.322299686732e+04 
       5.244049879457e-02       1.312432375002e+04 
       5.303917484706e-02       1.302357751628e+04 
       5.367694605009e-02       1.292001808132e+04 
       5.435915399485e-02       1.281443282460e+04 
       5.509214288251e-02       1.270536134369e+04 
       5.588347825914e-02       1.259227569606e+04 
       5.674220772747e-02       1.247485251071e+04 
       5.767916028925e-02       1.235058051995e+04 
       5.870726632500e-02       1.221953807215e+04 
       5.984185044451e-02       1.207839435692e+04 
       6.110079433012e-02       1.192491697551e+04 
       6.250437556796e-02       1.175438597033e+04 
       6.407446340812e-02       1.156277709887e+04 
       6.583264392210e-02       1.134212769536e+04 
       6.779691355659e-02       1.108560847720e+04 
       6.997710131396e-02       1.078301254766e+04 
       7.237030982419e-02       1.042912935796e+04 
       7.495880655882e-02       1.002006630992e+04 
       7.771242161902e-02       9.561988244557e+03 
       8.059491365511e-02       9.066903280596e+03 
       8.357110107710e-02       8.552496842719e+03 
       8.661162632878e-02       8.040790156471e+03 
       8.969450390871e-02       7.552005798030e+03 
       9.280445768654e-02       7.102932514933e+03 
       9.593139095800e-02       6.705300154021e+03 
       9.906884262370e-02       6.365231639534e+03 
       1.022127616626e-01       6.083349936697e+03 
       1.053606401396e-01       5.856546723798e+03 
       1.085109374205e-01       5.677492657870e+03 
       1.116627114873e-01       5.536679798085e+03 
       1.148153878999e-01       5.423422993782e+03 
       1.179686168691e-01       5.326323985014e+03 
       1.211221855194e-01       5.234759138581e+03 
       1.242759642813e-01       5.139106867608e+03 
       1.274298742289e-01       5.031977230326e+03 
       1.305838672122e-01       4.909475564228e+03 
       1.337379137828e-01       4.770012353286e+03 
       1.368919958615e-01       4.614987711802e+03 
       1.400461022852e-01       4.448300922463e+03 
       1.432002261030e-01       4.275197780749e+03 
       1.463543629341e-01       4.101791587789e+03 
       1.495085099701e-01       3.934027293451e+03 
       1.526626653685e-01       3.777107482410e+03 
       1.558168278836e-01       3.635049781007e+03 
       1.589709966415e-01       3.510295067395e+03 
       1.621251710027e-01       3.403761271803e+03 
       1.652793504782e-01       3.315013172596e+03 
       1.684335346774e-01       3.242436228588e+03 
       1.715877232763e-01       3.183451415994e+03 
       1.747419159972e-01       3.134693593833e+03 
       1.778961125963e-01       3.092932343826e+03 
       1.810503128555e-01       3.055257608687e+03 
       1.842045165767e-01       3.017452454343e+03 
       1.873587235785e-01       2.976784086120e+03 
       1.905129336936e-01       2.931226452512e+03 
       1.936671467667e-01       2.879684934976e+03 
       1.968213626534e-01       2.822067122478e+03 
       1.999755812187e-01       2.759234837141e+03 
       2.031298023366e-01       2.692659532932e+03 
       2.062840258887e-01       2.624282085193e+03 
       2.094382517641e-01       2.556075440250e+03 
       2.125924798586e-01       2.489874376255e+03 
       2.157467100740e-01       2.427182214462e+03 
       2.189009423181e-01       2.369203403234e+03 
       2.220551765036e-01       2.316823865812e+03 
       2.252094125485e-01       2.270373665658e+03 
       2.283636503752e-01       2.229902627447e+03 
       2.315178899103e-01       2.194757389960e+03 
       2.346721310845e-01       2.164343445590e+03 
       2.378263738321e-01       2.137592298331e+03 
       2.409806180910e-01       2.113310960159e+03 
       2.441348638023e-01       2.090278502644e+03 
       2.472891109099e-01       2.067542140738e+03 
       2.504433593608e-01       2.044191045632e+03 
       2.535976091046e-01       2.019584868870e+03 
       2.567518600932e-01       1.993384075440e+03 
       2.599061122812e-01       1.965501292039e+03 
       2.630603656252e-01       1.935926216024e+03 
       2.662146200837e-01       1.905120227179e+03 
       2.693688756174e-01       1.873620239221e+03 
       2.725231321888e-01       1.842021573396e+03 
       2.756773897621e-01       1.810953011451e+03 
       2.788316483030e-01       1.781053245222e+03 
       2.819859077788e-01       1.752764265743e+03 
       2.851401681585e-01       1.726406364610e+03 
       2.882944294122e-01       1.702094289839e+03 
       2.914486915113e-01       1.679810182092e+03 
       2.946029544285e-01       1.659473956314e+03 
       2.977572181378e-01       1.640787177755e+03 
       3.009114826140e-01       1.623544279429e+03 
       3.040657478332e-01       1.607305993851e+03 
       3.072200137724e-01       1.591791148844e+03 
       3.103742804095e-01       1.576629417334e+03 
       3.135285477233e-01       1.561502253718e+03 
       3.166828156936e-01       1.546178187638e+03 
       3.198370843007e-01       1.530478789431e+03 
       3.229913535261e-01       1.514372159223e+03 
       3.261456233515e-01       1.497888957067e+03 
       3.292998937598e-01       1.481139183484e+03 
       3.324541647342e-01       1.464241468018e+03 
       3.356084362587e-01       1.447397365394e+03 
       3.387627083179e-01       1.430728191702e+03 
       3.419169808968e-01       1.414440261676e+03 
       3.450712539813e-01       1.398641806171e+03 
       3.482255275574e-01       1.383487334046e+03 
       3.513798016120e-01       1.369050984738e+03 
       3.545340761320e-01       1.355374268336e+03 
       3.576883511053e-01       1.342442808407e+03 
       3.608426265198e-01       1.330176245049e+03 
       3.639969023641e-01       1.318464910960e+03 
       3.671511786269e-01       1.307219234949e+03 
       3.703054552977e-01       1.296319835325e+03 
       3.734597323659e-01       1.285664443566e+03 
       3.766140098216e-01       1.275171132923e+03 
       3.797682876550e-01       1.264761770315e+03 
       3.829225658568e-01       1.254393823858e+03 
       3.860768444180e-01       1.243996653116e+03 
       3.892311233297e-01       1.233587239664e+03 
       3.923854025834e-01       1.223165535657e+03 
       3.955396821710e-01       1.212766666805e+03 
       3.986939620846e-01       1.202408447415e+03 
       4.018482423163e-01       1.192183359179e+03 
       4.050025228587e-01       1.182120654909e+03 
       4.081568037046e-01       1.172253552958e+03 
       4.113110848470e-01       1.162641675051e+03 
       4.144653662791e-01       1.153276923658e+03 
       4.176196479943e-01       1.144172624461e+03 
       4.207739299863e-01       1.135345496431e+03 
       4.239282122487e-01       1.126787256659e+03 
       4.270824947756e-01       1.118486753850e+03 
       4.302367775612e-01       1.110424292644e+03 
       4.333910605998e-01       1.102584805386e+03 
       4.365453438858e-01       1.094888887887e+03 
       4.396996274140e-01       1.087346314808e+03 
       4.428539111792e-01       1.079908479287e+03 
       4.460081951762e-01       1.072547115877e+03 
       4.491624794003e-01       1.065264540429e+03 
       4.523167638466e-01       1.058035538855e+03 
       4.554710485105e-01       1.050854176119e+03 
       4.586253333875e-01       1.043743816720e+03 
       4.617796184732e-01       1.036683539330e+03 
       4.649339037634e-01       1.029687188100e+03 
       4.680881892538e-01       1.022761034894e+03 
       4.712424749406e-01       1.015940943378e+03 
       4.743967608196e-01       1.009214392737e+03 
       4.775510468872e-01       1.002619908172e+03 
       4.807053331396e-01       9.961583853911e+02 
       4.838596195732e-01       9.898248336817e+02 
       4.870139061844e-01       9.836275955699e+02 
       4.901681929698e-01       9.775555464832e+02 
       4.933224799260e-01       9.715986431293e+02 
       4.964767670499e-01       9.657507794561e+02 
       4.996310543381e-01       9.600049306819e+02 
       5.027853417876e-01       9.543484511458e+02 
       5.059396293954e-01       9.487770924069e+02 
       5.090939171584e-01       9.432752091186e+02 
       5.122482050740e-01       9.378346299257e+02 
       5.154024931391e-01       9.324441928618e+02 
       5.185567813512e-01       9.271071608086e+02 
       5.217110697074e-01       9.218207025066e+02 
       5.248653582053e-01       9.165886424397e+02 
       5.280196468422e-01       9.114148294540e+02 
       5.311739356158e-01       9.063024695558e+02 
       5.343282245234e-01       9.012556250316e+02 
       5.374825135629e-01       8.962688744200e+02 
       5.406368027318e-01       8.913463927078e+02 
       5.437910920280e-01       8.864890455106e+02 
       5.469453814491e-01       8.816987182891e+02 
       5.500996709931e-01       8.769763446111e+02 
       5.532539606578e-01       8.723252811890e+02 
       5.564082504413e-01       8.677420537617e+02 
       5.595625403413e-01       8.632225529319e+02 
       5.627168303561e-01       8.587645301563e+02 
       5.658711204837e-01       8.543601949460e+02 
       5.690254107222e-01       8.500089921936e+02 
       5.721797010697e-01       8.457072001787e+02 
       5.753339915245e-01       8.414549092071e+02 
       5.784882820848e-01       8.372505329838e+02 
       5.816425727488e-01       8.330920415232e+02 
       5.847968635150e-01       8.289766384888e+02 
       5.879511543816e-01       8.249016723550e+02 
       5.911054453471e-01       8.208658382239e+02 
       5.942597364098e-01       8.168690860175e+02 
       5.974140275682e-01       8.129127857120e+02 
       6.005683188208e-01       8.089988607260e+02 
       6.037226101661e-01       8.051281427246e+02 
       6.068769016027e-01       8.013009256652e+02 
       6.100311931292e-01       7.975163174099e+02 
       6.131854847441e-01       7.937730293403e+02 
       6.163397764462e-01       7.900696421060e+02 
       6.194940682340e-01       7.864065660623e+02 
       6.226483601062e-01       7.827836430358e+02 
       6.258026520616e-01       7.792014735640e+02 
       6.289569440990e-01       7.756574525221e+02 
       6.321112362170e-01       7.721521756167e+02 
       6.352655284146e-01       7.686825127438e+02 
       6.384198206904e-01       7.652464859844e+02 
       6.415741130434e-01       7.618425102696e+02 
       6.447284054725e-01       7.584698735611e+02 
       6.478826979764e-01       7.551285266258e+02 
       6.510369905541e-01       7.518192435674e+02 
       6.541912832046e-01       7.485414888095e+02 
       6.573455759267e-01       7.452947155743e+02 
       6.604998687196e-01       7.420774452558e+02 
       6.636541615820e-01       7.388887058799e+02 
       6.668084545132e-01       7.357280204346e+02 
       6.699627475120e-01       7.325955649287e+02 
       6.731170405776e-01       7.294918692541e+02 
       6.762713337089e-01       7.264178790571e+02 
       6.794256269052e-01       7.233723902186e+02 
       6.825799201654e-01       7.203554176254e+02 
       6.857342134887e-01       7.173657563672e+02 
       6.888885068743e-01       7.144023770397e+02 
       6.920428003212e-01       7.114645579432e+02 
       6.951970938287e-01       7.085522174978e+02 
       6.983513873958e-01       7.056654357053e+02 
       7.015056810219e-01       7.028041594704e+02 
       7.046599747061e-01       6.999680300824e+02 
       7.078142684476e-01       6.971562124050e+02 
       7.109685622457e-01       6.943677055412e+02 
       7.141228560996e-01       6.916014534031e+02 
       7.172771500086e-01       6.888569000810e+02 
       7.204314439720e-01       6.861341672466e+02 
       7.235857379890e-01       6.834335118668e+02 
       7.267400320589e-01       6.807548018302e+02 
       7.298943261811e-01       6.780984749543e+02 
       7.330486203549e-01       6.754635136709e+02 
       7.362029145796e-01       6.728492229570e+02 
       7.393572088545e-01       6.702549423825e+02 
       7.425115031791e-01       6.676804951844e+02 
       8.119898945646e-01       6.156004524920e+02 
       9.129110473709e-01       5.523869352890e+02 
       1.073768456362e+00       4.722592701243e+02 
       1.327035764737e+00       3.780389325442e+02 
       1.668742058265e+00       2.879216341537e+02 
       2.100791290670e+00       2.106125294916e+02 
       2.644739447303e+00       1.480848508808e+02 
       3.329529697746e+00       1.004851880177e+02 
       4.191629545816e+00       6.617952979684e+01 
       5.276948952055e+00       4.254778384905e+01 
       6.643285132482e+00       2.684249874969e+01 
       8.363400471076e+00       1.669048587902e+01 
       1.052889738205e+01       1.026477694335e+01 
       1.325509647243e+01       6.261235329132e+00 
       1.668717778493e+01       3.795878427616e+00 
       2.100791216458e+01       2.290827002714e+00 
       2.644739447273e+01       1.377881176861e+00 
       3.329529697746e+01       8.267050455328e-01 
       4.191629545816e+01       4.950966425060e-01 
       5.276948952055e+01       2.960996403794e-01 
       6.643285132482e+01       1.769082026826e-01 
       8.363400471076e+01       1.056170074899e-01 
       1.052889738205e+02       6.302016801419e-02 
