# Matter power spectrum P(k) at redshift z=0
# for k=1.02819e-05 to 105.289 h/Mpc,
# number of wavenumbers equal to 624
#    1:k (h/Mpc)              2:P (Mpc/h)^3        
       1.028185622909e-05       4.062494344921e+01 
       2.292362608534e-05       9.057326512724e+01 
       3.560828760542e-05       1.406888362113e+02 
       4.836871162854e-05       1.911002774418e+02 
       6.123829341056e-05       2.419381897774e+02 
       7.425123948469e-05       2.933362699525e+02 
       8.744286337900e-05       3.454324421521e+02 
       1.008498939898e-04       3.983700279487e+02 
       1.145108004402e-04       4.522989864484e+02 
       1.284661372837e-04       5.073772188099e+02 
       1.427589139274e-04       5.637719661414e+02 
       1.574349921059e-04       6.216612947718e+02 
       1.725435151069e-04       6.812356979752e+02 
       1.881373721651e-04       7.426998199390e+02 
       2.042737009284e-04       8.062742940553e+02 
       2.210144300569e-04       8.721977304816e+02 
       2.384268627075e-04       9.407288046518e+02 
       2.565842997080e-04       1.012148484888e+03 
       2.755666984252e-04       1.086762321589e+03 
       2.954613594086e-04       1.164902805834e+03 
       3.163636275512e-04       1.246931691841e+03 
       3.383775873987e-04       1.333242208648e+03 
       3.616167230514e-04       1.424261028490e+03 
       3.862045015520e-04       1.520449801049e+03 
       4.122748246813e-04       1.622306031277e+03 
       4.399722779238e-04       1.730362988975e+03 
       4.694520878688e-04       1.845188313389e+03 
       5.008796821419e-04       1.967380857424e+03 
       5.344297319924e-04       2.097565340505e+03 
       5.702845511269e-04       2.236384318237e+03 
       6.086317309585e-04       2.384487054102e+03 
       6.496609187059e-04       2.542515002423e+03 
       6.935596970390e-04       2.711083850217e+03 
       7.405086061108e-04       2.890762403652e+03 
       7.906754593871e-04       3.082049105484e+03 
       8.442092339807e-04       3.285347398032e+03 
       9.012339445199e-04       3.500941751906e+03 
       9.618430087101e-04       3.728976460675e+03 
       1.026094651636e-03       3.969439438364e+03 
       1.094008850266e-03       4.222153036518e+03 
       1.165566182719e-03       4.486773215182e+03 
       1.240708735874e-03       4.762795386699e+03 
       1.319342979432e-03       5.049533140994e+03 
       1.401344285732e-03       5.346262429072e+03 
       1.486562608957e-03       5.652126758203e+03 
       1.574828762325e-03       5.966206150640e+03 
       1.665960749640e-03       6.287545391617e+03 
       1.759769698314e-03       6.615179411892e+03 
       1.856065072773e-03       6.948155330613e+03 
       1.954658987774e-03       7.285550142604e+03 
       2.055369565667e-03       7.626484156868e+03 
       2.158023376380e-03       7.970131011054e+03 
       2.262457060233e-03       8.315721945294e+03 
       2.368518264944e-03       8.662551669035e+03 
       2.476066036375e-03       9.009972031150e+03 
       2.584970795220e-03       9.357401107830e+03 
       2.695114015810e-03       9.704310934498e+03 
       2.806387703506e-03       1.005022830797e+04 
       2.918693747237e-03       1.039473367103e+04 
       3.031943205484e-03       1.073744904308e+04 
       3.146055568483e-03       1.107804541219e+04 
       3.260958026758e-03       1.141622597148e+04 
       3.376584766143e-03       1.175173276533e+04 
       3.492876301982e-03       1.208433918424e+04 
       3.609778859657e-03       1.241384318461e+04 
       3.727243804616e-03       1.274007148630e+04 
       3.845227122414e-03       1.306287035113e+04 
       3.963688947416e-03       1.338211038282e+04 
       4.082593137699e-03       1.369767391571e+04 
       4.201906893053e-03       1.400946731086e+04 
       4.321600412638e-03       1.431740103709e+04 
       4.441646588792e-03       1.462141019935e+04 
       4.562020733544e-03       1.492143525075e+04 
       4.682700334553e-03       1.521739669247e+04 
       4.803664837402e-03       1.550928425089e+04 
       4.924895451436e-03       1.579708502424e+04 
       5.046374976562e-03       1.608074163839e+04 
       5.168087648701e-03       1.636025210852e+04 
       5.290019001810e-03       1.663567646494e+04 
       5.412155744608e-03       1.690692326936e+04 
       5.534485650354e-03       1.717397453902e+04 
       5.656997458202e-03       1.743628755039e+04 
       5.779680784837e-03       1.769499241742e+04 
       5.902526045239e-03       1.794953149641e+04 
       6.025524381540e-03       1.819988798471e+04 
       6.148667599099e-03       1.844617538184e+04 
       6.271948108978e-03       1.868833676623e+04 
       6.395358876124e-03       1.892622499958e+04 
       6.518893372638e-03       1.916025469439e+04 
       6.642545535578e-03       1.939013241913e+04 
       6.766309728814e-03       1.961667317424e+04 
       6.890180708501e-03       1.983859758904e+04 
       7.014153591796e-03       2.005668270260e+04 
       7.138223828473e-03       2.027107721425e+04 
       7.262387175144e-03       2.048133382564e+04 
       7.386639671820e-03       2.068773775009e+04 
       7.510977620572e-03       2.089017370844e+04 
       7.635397566082e-03       2.108890936563e+04 
       7.759896277901e-03       2.128365821693e+04 
       7.884470734249e-03       2.147477802885e+04 
       8.009118107195e-03       2.166211666669e+04 
       8.133835749101e-03       2.184664474107e+04 
       8.258621180199e-03       2.202667167396e+04 
       8.383472077199e-03       2.220309571722e+04 
       8.508386262837e-03       2.237588836820e+04 
       8.633361696262e-03       2.254513349906e+04 
       8.758396464208e-03       2.271085328461e+04 
       8.883488772857e-03       2.287312973033e+04 
       9.008636940352e-03       2.303178971559e+04 
       9.133839389889e-03       2.318709691413e+04 
       9.259094643344e-03       2.333903135169e+04 
       9.384401315392e-03       2.348755012867e+04 
       9.509758108064e-03       2.363271700840e+04 
       9.635163805723e-03       2.377361065996e+04 
       9.760617270406e-03       2.391319365046e+04 
       9.886117437517e-03       2.404860313085e+04 
       1.001166331184e-02       2.418068081196e+04 
       1.013725396381e-02       2.430968074943e+04 
       1.026288852613e-02       2.443539366547e+04 
       1.038856619052e-02       2.455816289149e+04 
       1.051428620483e-02       2.467683799144e+04 
       1.064004787021e-02       2.479344109740e+04 
       1.076585053862e-02       2.490798275058e+04 
       1.089169361044e-02       2.501841682140e+04 
       1.101757653221e-02       2.512586926375e+04 
       1.114349879467e-02       2.522970896595e+04 
       1.126945993077e-02       2.533144242663e+04 
       1.139545951390e-02       2.543009330794e+04 
       1.152149715629e-02       2.552726070641e+04 
       1.164757250740e-02       2.562042112468e+04 
       1.177368525255e-02       2.571085756577e+04 
       1.189983511152e-02       2.579866162533e+04 
       1.202602183736e-02       2.588344136994e+04 
       1.215224521523e-02       2.596485936514e+04 
       1.227850506131e-02       2.604534749649e+04 
       1.240480122181e-02       2.612139002355e+04 
       1.253113357205e-02       2.619649716110e+04 
       1.265750201560e-02       2.626842598979e+04 
       1.278390648348e-02       2.633654001054e+04 
       1.291034693342e-02       2.640425977957e+04 
       1.303682334920e-02       2.646841565160e+04 
       1.316333573999e-02       2.652901495016e+04 
       1.328988413979e-02       2.658906283520e+04 
       1.341646860691e-02       2.664549267291e+04 
       1.354308922342e-02       2.670041787532e+04 
       1.366974609479e-02       2.675136362257e+04 
       1.379643934941e-02       2.680220031985e+04 
       1.392316913825e-02       2.684976517723e+04 
       1.404993563452e-02       2.689487264530e+04 
       1.417673903336e-02       2.693662224855e+04 
       1.430357955158e-02       2.697824713395e+04 
       1.443045742743e-02       2.701607413521e+04 
       1.455737292036e-02       2.705240547525e+04 
       1.468432631085e-02       2.708690052796e+04 
       1.481131790029e-02       2.711748569847e+04 
       1.493834801080e-02       2.714769802322e+04 
       1.506541698514e-02       2.717653496762e+04 
       1.519252518666e-02       2.720107395113e+04 
       1.531967299921e-02       2.722587288628e+04 
       1.544686082709e-02       2.724640709067e+04 
       1.557408909511e-02       2.726577965223e+04 
       1.570135824851e-02       2.728352396820e+04 
       1.582866875303e-02       2.729930216916e+04 
       1.595602109498e-02       2.731458550649e+04 
       1.608341578125e-02       2.732590739365e+04 
       1.621085333945e-02       2.733560470852e+04 
       1.633833431798e-02       2.734484641198e+04 
       1.646585928616e-02       2.735048386955e+04 
       1.659342883438e-02       2.735641031710e+04 
       1.672104357425e-02       2.735797675306e+04 
       1.684870413879e-02       2.735913950070e+04 
       1.697641118259e-02       2.735892158949e+04 
       1.710416538205e-02       2.735627676085e+04 
       1.723196743558e-02       2.735240498207e+04 
       1.735981806386e-02       2.734794073529e+04 
       1.748771801012e-02       2.733951980406e+04 
       1.761566804035e-02       2.733179769998e+04 
       1.774366894367e-02       2.732122634176e+04 
       1.787172153257e-02       2.730935906425e+04 
       1.799982664330e-02       2.729511439929e+04 
       1.812798513615e-02       2.727954826982e+04 
       1.825619789584e-02       2.726299843941e+04 
       1.838446583190e-02       2.724490746054e+04 
       1.851278987906e-02       2.722540516719e+04 
       1.864117099765e-02       2.720463225576e+04 
       1.876961017400e-02       2.718194420042e+04 
       1.889810842095e-02       2.715910318086e+04 
       1.902666677827e-02       2.713299037913e+04 
       1.915528631311e-02       2.710677509439e+04 
       1.928396812057e-02       2.707959138263e+04 
       1.941271332416e-02       2.705039520457e+04 
       1.954152307635e-02       2.702026282526e+04 
       1.967039855913e-02       2.698820226575e+04 
       1.979934098457e-02       2.695459343493e+04 
       1.992835159544e-02       2.692036246412e+04 
       2.005743166578e-02       2.688487963706e+04 
       2.018658250158e-02       2.684808566864e+04 
       2.031580544140e-02       2.681092999973e+04 
       2.044510185708e-02       2.677123214033e+04 
       2.057447315441e-02       2.673131757932e+04 
       2.070392077385e-02       2.669015281646e+04 
       2.083344619133e-02       2.664799936933e+04 
       2.096305091892e-02       2.660433082368e+04 
       2.109273650575e-02       2.655985599723e+04 
       2.122250453870e-02       2.651432822818e+04 
       2.135235664334e-02       2.646847015085e+04 
       2.148229448477e-02       2.642018839280e+04 
       2.161231976851e-02       2.637164741319e+04 
       2.174243424143e-02       2.632241143872e+04 
       2.187263969274e-02       2.627157050892e+04 
       2.200293795492e-02       2.622078013113e+04 
       2.213333090478e-02       2.616779704138e+04 
       2.226382046450e-02       2.611452111196e+04 
       2.239440860272e-02       2.606073589519e+04 
       2.252509733563e-02       2.600619916919e+04 
       2.265588872814e-02       2.594949761474e+04 
       2.278678489509e-02       2.589342268230e+04 
       2.291778800242e-02       2.583529682181e+04 
       2.304890026850e-02       2.577771986292e+04 
       2.318012396537e-02       2.571788284217e+04 
       2.331146142014e-02       2.565877754668e+04 
       2.344291501635e-02       2.559738024408e+04 
       2.357448719540e-02       2.553600868741e+04 
       2.370618045804e-02       2.547391675683e+04 
       2.383799736590e-02       2.541114356813e+04 
       2.396994054304e-02       2.534775173676e+04 
       2.410201267761e-02       2.528402081155e+04 
       2.423421652351e-02       2.521869898365e+04 
       2.436655490213e-02       2.515322627721e+04 
       2.449903070413e-02       2.508715978486e+04 
       2.463164689130e-02       2.502036978390e+04 
       2.476440649850e-02       2.495306613789e+04 
       2.489731263556e-02       2.488516760992e+04 
       2.503036848940e-02       2.481668511234e+04 
       2.516357732611e-02       2.474762923873e+04 
       2.529694249311e-02       2.467836773168e+04 
       2.543046742143e-02       2.460790854731e+04 
       2.556415562807e-02       2.453726953074e+04 
       2.569801071834e-02       2.446609754347e+04 
       2.583203638843e-02       2.439445951079e+04 
       2.596623642796e-02       2.432237489515e+04 
       2.610061472266e-02       2.424969864887e+04 
       2.623517525713e-02       2.417670898166e+04 
       2.636992211774e-02       2.410328303267e+04 
       2.650485949557e-02       2.402934364915e+04 
       2.663999168948e-02       2.395498949609e+04 
       2.677532310935e-02       2.388066678059e+04 
       2.691085827932e-02       2.380548471910e+04 
       2.704660184128e-02       2.372959309564e+04 
       2.718255855838e-02       2.365378699458e+04 
       2.731873331873e-02       2.357753546458e+04 
       2.745513113922e-02       2.350096767363e+04 
       2.759175716952e-02       2.342415165189e+04 
       2.772861669615e-02       2.334712228508e+04 
       2.786571514680e-02       2.326956013272e+04 
       2.800305809477e-02       2.319160309352e+04 
       2.814065126356e-02       2.311359208016e+04 
       2.827850053172e-02       2.303507438291e+04 
       2.841661193776e-02       2.295656448313e+04 
       2.855499168544e-02       2.287757852668e+04 
       2.869364614908e-02       2.279825937211e+04 
       2.883258187923e-02       2.271881197691e+04 
       2.897180560847e-02       2.263917843241e+04 
       2.911132425755e-02       2.255925791155e+04 
       2.925114494169e-02       2.247918203980e+04 
       2.939127497719e-02       2.239883362779e+04 
       2.953172188832e-02       2.231822608334e+04 
       2.967249341450e-02       2.223765126083e+04 
       2.981359751776e-02       2.215678125377e+04 
       2.995504239059e-02       2.207565545236e+04 
       3.009683646406e-02       2.199440154696e+04 
       3.023898841634e-02       2.191302561794e+04 
       3.038150718158e-02       2.183154776001e+04 
       3.052440195921e-02       2.174994621879e+04 
       3.066768222362e-02       2.166820091780e+04 
       3.081135773435e-02       2.158644382165e+04 
       3.095543854669e-02       2.150430796478e+04 
       3.109993502279e-02       2.142220120558e+04 
       3.124485784329e-02       2.134006631619e+04 
       3.139021801953e-02       2.125779243726e+04 
       3.153602690629e-02       2.117542951923e+04 
       3.168229621523e-02       2.109289914374e+04 
       3.182903802885e-02       2.101034755358e+04 
       3.197626481530e-02       2.092768703996e+04 
       3.212398944383e-02       2.084507854303e+04 
       3.227222520100e-02       2.076240625031e+04 
       3.242098580778e-02       2.067953526661e+04 
       3.257028543748e-02       2.059686002990e+04 
       3.272013873466e-02       2.051391893979e+04 
       3.287056083495e-02       2.043127783769e+04 
       3.302156738596e-02       2.034814615816e+04 
       3.317317456938e-02       2.026509774801e+04 
       3.332539912412e-02       2.018224811941e+04 
       3.347825837086e-02       2.009939373868e+04 
       3.363177023784e-02       2.001622752739e+04 
       3.378595328823e-02       1.993317312427e+04 
       3.394082674885e-02       1.985022763835e+04 
       3.409641054072e-02       1.976713892988e+04 
       3.425272531126e-02       1.968411525748e+04 
       3.440979246840e-02       1.960113255122e+04 
       3.456763421671e-02       1.951824286738e+04 
       3.472627359569e-02       1.943518412396e+04 
       3.488573452033e-02       1.935231654482e+04 
       3.504604182423e-02       1.926945250745e+04 
       3.520722130534e-02       1.918621223221e+04 
       3.536929977455e-02       1.910337851814e+04 
       3.553230510739e-02       1.902040049501e+04 
       3.569626629907e-02       1.893747460851e+04 
       3.586121352304e-02       1.885473681057e+04 
       3.602717819344e-02       1.877193069859e+04 
       3.619419303176e-02       1.868903915577e+04 
       3.636229213791e-02       1.860624972096e+04 
       3.653151106621e-02       1.852342598311e+04 
       3.670188690668e-02       1.844071895020e+04 
       3.687345837198e-02       1.835800987279e+04 
       3.704626589063e-02       1.827533810200e+04 
       3.722035170685e-02       1.819279802878e+04 
       3.739575998785e-02       1.811003099393e+04 
       3.757253693902e-02       1.802744927632e+04 
       3.775073092779e-02       1.794502953592e+04 
       3.793039261706e-02       1.786233447037e+04 
       3.811157510886e-02       1.777978622241e+04 
       3.829433409945e-02       1.769736484246e+04 
       3.847872804676e-02       1.761478443351e+04 
       3.866481835150e-02       1.753230857721e+04 
       3.885266955312e-02       1.744990533887e+04 
       3.904234954228e-02       1.736732434357e+04 
       3.923392979140e-02       1.728489428312e+04 
       3.942748560519e-02       1.720240499766e+04 
       3.962309639317e-02       1.711995858080e+04 
       3.982084596665e-02       1.703741998280e+04 
       4.002082286273e-02       1.695515011973e+04 
       4.022312069830e-02       1.687235045288e+04 
       4.042783855743e-02       1.679002553137e+04 
       4.063508141591e-02       1.670739049186e+04 
       4.084496060727e-02       1.662463036120e+04 
       4.105759433523e-02       1.654186395002e+04 
       4.127310823805e-02       1.645913010467e+04 
       4.149163601122e-02       1.637649180505e+04 
       4.171332009580e-02       1.629330945175e+04 
       4.193831244066e-02       1.621034850243e+04 
       4.216677534828e-02       1.612726307790e+04 
       4.239888241525e-02       1.604401968767e+04 
       4.263481958009e-02       1.596071913782e+04 
       4.287478629332e-02       1.587720919645e+04 
       4.311899682700e-02       1.579355242305e+04 
       4.336768174376e-02       1.570980494865e+04 
       4.362108954874e-02       1.562586521072e+04 
       4.387948855201e-02       1.554167757014e+04 
       4.414316897381e-02       1.545725701672e+04 
       4.441244533075e-02       1.537266424875e+04 
       4.468765914812e-02       1.528760508257e+04 
       4.496918205220e-02       1.520260904708e+04 
       4.525741930661e-02       1.511692941786e+04 
       4.555281386928e-02       1.503139351639e+04 
       4.585585106264e-02       1.494501487456e+04 
       4.616706396803e-02       1.485808607271e+04 
       4.648703967949e-02       1.477096354518e+04 
       4.681642658099e-02       1.468329568559e+04 
       4.715594284790e-02       1.459515790251e+04 
       4.750638641878e-02       1.450669667530e+04 
       4.786864674137e-02       1.441698069090e+04 
       4.824371866853e-02       1.432714870897e+04 
       4.863271897149e-02       1.423651634669e+04 
       4.903690605431e-02       1.414459608656e+04 
       4.945770360062e-02       1.405225133669e+04 
       4.989672907282e-02       1.395855074413e+04 
       5.035582822378e-02       1.386370264512e+04 
       5.083711708661e-02       1.376764432705e+04 
       5.134303329469e-02       1.367009876562e+04 
       5.187639906779e-02       1.357086462046e+04 
       5.244049879457e-02       1.346982302107e+04 
       5.303917484706e-02       1.336658183705e+04 
       5.367694605009e-02       1.326036376713e+04 
       5.435915399485e-02       1.315197058292e+04 
       5.509214288251e-02       1.303987151130e+04 
       5.588347825914e-02       1.292349585994e+04 
       5.674220772747e-02       1.280247748545e+04 
       5.767916028925e-02       1.267417201287e+04 
       5.870726632500e-02       1.253860551525e+04 
       5.984185044451e-02       1.239225110391e+04 
       6.110079433012e-02       1.223269630833e+04 
       6.250437556796e-02       1.205491875148e+04 
       6.407446340812e-02       1.185458287994e+04 
       6.583264392210e-02       1.162323508842e+04 
       6.779691355659e-02       1.135357685581e+04 
       6.997710131396e-02       1.103481794718e+04 
       7.237030982419e-02       1.066140669552e+04 
       7.495880655882e-02       1.022926012372e+04 
       7.771242161902e-02       9.744836954542e+03 
       8.059491365511e-02       9.220739750783e+03 
       8.357110107710e-02       8.675494584804e+03 
       8.661162632878e-02       8.132131316391e+03 
       8.969450390871e-02       7.611823099502e+03 
       9.280445768654e-02       7.132200357962e+03 
       9.593139095800e-02       6.705662021029e+03 
       9.906884262370e-02       6.338781953203e+03 
       1.022127616626e-01       6.032382195879e+03 
       1.053606401396e-01       5.783341530848e+03 
       1.085109374205e-01       5.584071181213e+03 
       1.116627114873e-01       5.424655423775e+03 
       1.148153878999e-01       5.293929672203e+03 
       1.179686168691e-01       5.180010207139e+03 
       1.211221855194e-01       5.071879386033e+03 
       1.242759642813e-01       4.959639642289e+03 
       1.274298742289e-01       4.835773434305e+03 
       1.305838672122e-01       4.696402171413e+03 
       1.337379137828e-01       4.540009954676e+03 
       1.368919958615e-01       4.368108742285e+03 
       1.400461022852e-01       4.184717554574e+03 
       1.432002261030e-01       3.995190673527e+03 
       1.463543629341e-01       3.805754246093e+03 
       1.495085099701e-01       3.622473529332e+03 
       1.526626653685e-01       3.450682446384e+03 
       1.558168278836e-01       3.294530740754e+03 
       1.589709966415e-01       3.156566789707e+03 
       1.621251710027e-01       3.037771888012e+03 
       1.652793504782e-01       2.937716605102e+03 
       1.684335346774e-01       2.854729788196e+03 
       1.715877232763e-01       2.786121088716e+03 
       1.747419159972e-01       2.728375772228e+03 
       1.778961125963e-01       2.678121294226e+03 
       1.810503128555e-01       2.632328601128e+03 
       1.842045165767e-01       2.586644695894e+03 
       1.873587235785e-01       2.538269394419e+03 
       1.905129336936e-01       2.485141139149e+03 
       1.936671467667e-01       2.426153598125e+03 
       1.968213626534e-01       2.361215895149e+03 
       1.999755812187e-01       2.291198176659e+03 
       2.031298023366e-01       2.217581943399e+03 
       2.062840258887e-01       2.142325722884e+03 
       2.094382517641e-01       2.067427039652e+03 
       2.125924798586e-01       1.994754815304e+03 
       2.157467100740e-01       1.925852697018e+03 
       2.189009423181e-01       1.861970665769e+03 
       2.220551765036e-01       1.804040107324e+03 
       2.252094125485e-01       1.752420347761e+03 
       2.283636503752e-01       1.707178158323e+03 
       2.315178899103e-01       1.667642265326e+03 
       2.346721310845e-01       1.633195979689e+03 
       2.378263738321e-01       1.602722533656e+03 
       2.409806180910e-01       1.574972070201e+03 
       2.441348638023e-01       1.548665120761e+03 
       2.472891109099e-01       1.522802987926e+03 
       2.504433593608e-01       1.496431481208e+03 
       2.535976091046e-01       1.468878060857e+03 
       2.567518600932e-01       1.439781845667e+03 
       2.599061122812e-01       1.409041918600e+03 
       2.630603656252e-01       1.376634289677e+03 
       2.662146200837e-01       1.343026134609e+03 
       2.693688756174e-01       1.308764787274e+03 
       2.725231321888e-01       1.274462449425e+03 
       2.756773897621e-01       1.240772383988e+03 
       2.788316483030e-01       1.208365808392e+03 
       2.819859077788e-01       1.177712929052e+03 
       2.851401681585e-01       1.149159950465e+03 
       2.882944294122e-01       1.122837162998e+03 
       2.914486915113e-01       1.098733814798e+03 
       2.946029544285e-01       1.076771742223e+03 
       2.977572181378e-01       1.056636680998e+03 
       3.009114826140e-01       1.038111678655e+03 
       3.040657478332e-01       1.020726020737e+03 
       3.072200137724e-01       1.004176973616e+03 
       3.103742804095e-01       9.880638153062e+02 
       3.135285477233e-01       9.720398040541e+02 
       3.166828156936e-01       9.558506119112e+02 
       3.198370843007e-01       9.392976783769e+02 
       3.229913535261e-01       9.223401333690e+02 
       3.261456233515e-01       9.050045158367e+02 
       3.292998937598e-01       8.874039451920e+02 
       3.324541647342e-01       8.696617844650e+02 
       3.356084362587e-01       8.519939079111e+02 
       3.387627083179e-01       8.345300898055e+02 
       3.419169808968e-01       8.174961084082e+02 
       3.450712539813e-01       8.010117661065e+02 
       3.482255275574e-01       7.852503370484e+02 
       3.513798016120e-01       7.702975629016e+02 
       3.545340761320e-01       7.562037602891e+02 
       3.576883511053e-01       7.429569602788e+02 
       3.608426265198e-01       7.304705091454e+02 
       3.639969023641e-01       7.186235688951e+02 
       3.671511786269e-01       7.073168339206e+02 
       3.703054552977e-01       6.964160389801e+02 
       3.734597323659e-01       6.858051091701e+02 
       3.766140098216e-01       6.753901029439e+02 
       3.797682876550e-01       6.650804784222e+02 
       3.829225658568e-01       6.548257250107e+02 
       3.860768444180e-01       6.445422769679e+02 
       3.892311233297e-01       6.342470934154e+02 
       3.923854025834e-01       6.239375173189e+02 
       3.955396821710e-01       6.136518950218e+02 
       3.986939620846e-01       6.034088286117e+02 
       4.018482423163e-01       5.933150270494e+02 
       4.050025228587e-01       5.834042134023e+02 
       4.081568037046e-01       5.737154090421e+02 
       4.113110848470e-01       5.643197421537e+02 
       4.144653662791e-01       5.552086603987e+02 
       4.176196479943e-01       5.463992535584e+02 
       4.207739299863e-01       5.379130428644e+02 
       4.239282122487e-01       5.297417502403e+02 
       4.270824947756e-01       5.218735588422e+02 
       4.302367775612e-01       5.142861346236e+02 
       4.333910605998e-01       5.069625197714e+02 
       4.365453438858e-01       4.998066680971e+02 
       4.396996274140e-01       4.928309155400e+02 
       4.428539111792e-01       4.859757093256e+02 
       4.460081951762e-01       4.792058671607e+02 
       4.491624794003e-01       4.725237849698e+02 
       4.523167638466e-01       4.658975173323e+02 
       4.554710485105e-01       4.593188402792e+02 
       4.586253333875e-01       4.528163622046e+02 
       4.617796184732e-01       4.463631370386e+02 
       4.649339037634e-01       4.399759977932e+02 
       4.680881892538e-01       4.336624330929e+02 
       4.712424749406e-01       4.274680678394e+02 
       4.743967608196e-01       4.213770334676e+02 
       4.775510468872e-01       4.154393046717e+02 
       4.807053331396e-01       4.096568740520e+02 
       4.838596195732e-01       4.040241241709e+02 
       4.870139061844e-01       3.985528746383e+02 
       4.901681929698e-01       3.932295360653e+02 
       4.933224799260e-01       3.880417396299e+02 
       4.964767670499e-01       3.829821642278e+02 
       4.996310543381e-01       3.780421615720e+02 
       5.027853417876e-01       3.732054110942e+02 
       5.059396293954e-01       3.684666496472e+02 
       5.090939171584e-01       3.638051028041e+02 
       5.122482050740e-01       3.592098121219e+02 
       5.154024931391e-01       3.546655473994e+02 
       5.185567813512e-01       3.501766416289e+02 
       5.217110697074e-01       3.457391179647e+02 
       5.248653582053e-01       3.413581861332e+02 
       5.280196468422e-01       3.370392181607e+02 
       5.311739356158e-01       3.327868177075e+02 
       5.343282245234e-01       3.286069139930e+02 
       5.374825135629e-01       3.244921472668e+02 
       5.406368027318e-01       3.204486960369e+02 
       5.437910920280e-01       3.164781540461e+02 
       5.469453814491e-01       3.125836393012e+02 
       5.500996709931e-01       3.087669813749e+02 
       5.532539606578e-01       3.050335937736e+02 
       5.564082504413e-01       3.013790412091e+02 
       5.595625403413e-01       2.977978815393e+02 
       5.627168303561e-01       2.942873254996e+02 
       5.658711204837e-01       2.908363133143e+02 
       5.690254107222e-01       2.874443691759e+02 
       5.721797010697e-01       2.841062717661e+02 
       5.753339915245e-01       2.808224575008e+02 
       5.784882820848e-01       2.775908452724e+02 
       5.816425727488e-01       2.744086479133e+02 
       5.847968635150e-01       2.712718569037e+02 
       5.879511543816e-01       2.681766135285e+02 
       5.911054453471e-01       2.651210772145e+02 
       5.942597364098e-01       2.621053388048e+02 
       5.974140275682e-01       2.591317346051e+02 
       6.005683188208e-01       2.562035427248e+02 
       6.037226101661e-01       2.533223980410e+02 
       6.068769016027e-01       2.504891286656e+02 
       6.100311931292e-01       2.477026904047e+02 
       6.131854847441e-01       2.449613869820e+02 
       6.163397764462e-01       2.422632822611e+02 
       6.194940682340e-01       2.396093976669e+02 
       6.226483601062e-01       2.369998560101e+02 
       6.258026520616e-01       2.344360498075e+02 
       6.289569440990e-01       2.319140810235e+02 
       6.321112362170e-01       2.294353275531e+02 
       6.352655284146e-01       2.269949351594e+02 
       6.384198206904e-01       2.245898941711e+02 
       6.415741130434e-01       2.222178011362e+02 
       6.447284054725e-01       2.198777011189e+02 
       6.478826979764e-01       2.175697694531e+02 
       6.510369905541e-01       2.152956255537e+02 
       6.541912832046e-01       2.130546494275e+02 
       6.573455759267e-01       2.108461947012e+02 
       6.604998687196e-01       2.086679579503e+02 
       6.636541615820e-01       2.065184881203e+02 
       6.668084545132e-01       2.043971927216e+02 
       6.699627475120e-01       2.023046504256e+02 
       6.731170405776e-01       2.002421054689e+02 
       6.762713337089e-01       1.982116019890e+02 
       6.794256269052e-01       1.962112901468e+02 
       6.825799201654e-01       1.942415358096e+02 
       6.857342134887e-01       1.923004479372e+02 
       6.888885068743e-01       1.903864214707e+02 
       6.920428003212e-01       1.884983964605e+02 
       6.951970938287e-01       1.866365081236e+02 
       6.983513873958e-01       1.848012108924e+02 
       7.015056810219e-01       1.829927211179e+02 
       7.046599747061e-01       1.812106740822e+02 
       7.078142684476e-01       1.794537704748e+02 
       7.109685622457e-01       1.777203552172e+02 
       7.141228560996e-01       1.760086241627e+02 
       7.172771500086e-01       1.743177259130e+02 
       7.204314439720e-01       1.726481507684e+02 
       7.235857379890e-01       1.710006813307e+02 
       7.267400320589e-01       1.693753353819e+02 
       7.298943261811e-01       1.677733038477e+02 
       7.330486203549e-01       1.661928126608e+02 
       7.362029145796e-01       1.646327123306e+02 
       7.393572088545e-01       1.630918976065e+02 
       7.425115031791e-01       1.615702555229e+02 
       8.119898945646e-01       1.325834953950e+02 
       9.129110473709e-01       1.020398747796e+02 
       1.073768456362e+00       7.063924204763e+01 
       1.327035764737e+00       4.335920361513e+01 
       1.668742058265e+00       2.532902006191e+01 
       2.100791290670e+00       1.462514954293e+01 
       2.644739447303e+00       8.375864898362e+00 
       3.329529697746e+00       4.761448514129e+00 
       4.191629545816e+00       2.688811905961e+00 
       5.276948952055e+00       1.508985228769e+00 
       6.643285132482e+00       8.421662459540e-01 
       8.363400471076e+00       4.676072077466e-01 
       1.052889738205e+01       2.584073902943e-01 
       1.325509647243e+01       1.421717410652e-01 
       1.668717778493e+01       7.789980659638e-02 
       2.100791216458e+01       4.251910045315e-02 
       2.644739447273e+01       2.312189846512e-02 
       3.329529697746e+01       1.252782169817e-02 
       4.191629545816e+01       6.762654841900e-03 
       5.276948952055e+01       3.636064615660e-03 
       6.643285132482e+01       1.946408112838e-03 
       8.363400471076e+01       1.036312292870e-03 
       1.052889738205e+02       5.479542146737e-04 
