# Matter power spectrum P(k) at redshift z=0
# for k=1.03892e-05 to 104.924 h/Mpc,
# number of wavenumbers equal to 622
#    1:k (h/Mpc)              2:P (Mpc/h)^3        
       1.038922642939e-05       5.116730337897e+01 
       2.321812845909e-05       1.108985065667e+02 
       3.609173376214e-05       1.695112885803e+02 
       4.904439972694e-05       2.276638164934e+02 
       6.211104704304e-05       2.857256842198e+02 
       7.532746857735e-05       3.439709420833e+02 
       8.873064804492e-05       4.026320523717e+02 
       1.023590926816e-04       4.619218460463e+02 
       1.162531841578e-04       5.220447483079e+02 
       1.304555520066e-04       5.832034996796e+02 
       1.450114738458e-04       6.456037739214e+02 
       1.599693066204e-04       7.094577389394e+02 
       1.753809529236e-04       7.749870533917e+02 
       1.913023661048e-04       8.424255828777e+02 
       2.077940972509e-04       9.120219809324e+02 
       2.249218861034e-04       9.840422353417e+02 
       2.427572963948e-04       1.058772184050e+03 
       2.613783937365e-04       1.136520077708e+03 
       2.808704608154e-04       1.217619115684e+03 
       3.013267399410e-04       1.302429950380e+03 
       3.228491865615e-04       1.391343071994e+03 
       3.455492088576e-04       1.484780959589e+03 
       3.695483575494e-04       1.583199852440e+03 
       3.949789163640e-04       1.687090898191e+03 
       4.219843271948e-04       1.796980419318e+03 
       4.507193653102e-04       1.913428960992e+03 
       4.813499602484e-04       2.037028671211e+03 
       5.140525396193e-04       2.168398571527e+03 
       5.490127597171e-04       2.308177218928e+03 
       5.864234841229e-04       2.457012249558e+03 
       6.264818863382e-04       2.615546529949e+03 
       6.693855925968e-04       2.784400612805e+03 
       7.153278528514e-04       2.964151782860e+03 
       7.644918338936e-04       3.155310237300e+03 
       8.170442633386e-04       3.358293582307e+03 
       8.731288006756e-04       3.573401359085e+03 
       9.328596442615e-04       3.800791741954e+03 
       9.963159659543e-04       4.040462914458e+03 
       1.063537764581e-03       4.292241289157e+03 
       1.134523626239e-03       4.555778445287e+03 
       1.209230679194e-03       4.830557617651e+03 
       1.287576767919e-03       5.115909453633e+03 
       1.369444599257e-03       5.411057266788e+03 
       1.454687391959e-03       5.715126031920e+03 
       1.543135431684e-03       6.027117001075e+03 
       1.634602912099e-03       6.346024581005e+03 
       1.728894515478e-03       6.670833190162e+03 
       1.825811320550e-03       7.000541699740e+03 
       1.925155782887e-03       7.334182818950e+03 
       2.026735681319e-03       7.670838322871e+03 
       2.130367042364e-03       8.009649022380e+03 
       2.235876135455e-03       8.349821425948e+03 
       2.343100676636e-03       8.690630192684e+03 
       2.451890394377e-03       9.031418274070e+03 
       2.562107107073e-03       9.371594498330e+03 
       2.673624445823e-03       9.710631772900e+03 
       2.786327334635e-03       1.004806109918e+04 
       2.900111317649e-03       1.038346850986e+04 
       3.014881802039e-03       1.071649042359e+04 
       3.130553267074e-03       1.104681078233e+04 
       3.247048475047e-03       1.137414351453e+04 
       3.364297708069e-03       1.169825448538e+04 
       3.482238045924e-03       1.201893305829e+04 
       3.600812693636e-03       1.233599808979e+04 
       3.719970362791e-03       1.264929793266e+04 
       3.839664707406e-03       1.295869896448e+04 
       3.959853813072e-03       1.326409129746e+04 
       4.080499736700e-03       1.356538363234e+04 
       4.201568093487e-03       1.386249667692e+04 
       4.323027687306e-03       1.415537247258e+04 
       4.444850180647e-03       1.444395592534e+04 
       4.567009800288e-03       1.472821478392e+04 
       4.689483075068e-03       1.500811595265e+04 
       4.812248602367e-03       1.528364352685e+04 
       4.935286840186e-03       1.555478384083e+04 
       5.058579921982e-03       1.582153254129e+04 
       5.182111491712e-03       1.608388913520e+04 
       5.305866556801e-03       1.634186423121e+04 
       5.429831356981e-03       1.659546420002e+04 
       5.553993247203e-03       1.684470568254e+04 
       5.678340593007e-03       1.708960512767e+04 
       5.802862676925e-03       1.733018475979e+04 
       5.927549614682e-03       1.756648016237e+04 
       6.052392280055e-03       1.779849454526e+04 
       6.177382237451e-03       1.802624931883e+04 
       6.302511681309e-03       1.824979948439e+04 
       6.427773381594e-03       1.846915952424e+04 
       6.553160634691e-03       1.868437117750e+04 
       6.678667219123e-03       1.889548225982e+04 
       6.804287355565e-03       1.910251559680e+04 
       6.930015670697e-03       1.930550840954e+04 
       7.055847164480e-03       1.950449842556e+04 
       7.181777180500e-03       1.969952426347e+04 
       7.307801379070e-03       1.989062063837e+04 
       7.433915712780e-03       2.007782658996e+04 
       7.560116404275e-03       2.026118786648e+04 
       7.686399926014e-03       2.044073767154e+04 
       7.812762981825e-03       2.061651259385e+04 
       7.939202490069e-03       2.078855617911e+04 
       8.065715568266e-03       2.095690700959e+04 
       8.192299519033e-03       2.112159368349e+04 
       8.318951817208e-03       2.128267311791e+04 
       8.445670098062e-03       2.144016606754e+04 
       8.572452146474e-03       2.159412132043e+04 
       8.699295887004e-03       2.174458205026e+04 
       8.826199374763e-03       2.189157505591e+04 
       8.953160787016e-03       2.203514167491e+04 
       9.080178415459e-03       2.217532683886e+04 
       9.207250659091e-03       2.231216950100e+04 
       9.334376017655e-03       2.244569845062e+04 
       9.461553085572e-03       2.257595013358e+04 
       9.588780546346e-03       2.270297245464e+04 
       9.716057167395e-03       2.282679413226e+04 
       9.843381795262e-03       2.294745033196e+04 
       9.970753351189e-03       2.306498481909e+04 
       1.009817082702e-02       2.317942209474e+04 
       1.022563328138e-02       2.329080756108e+04 
       1.035313983621e-02       2.339917201511e+04 
       1.048068967341e-02       2.350453571131e+04 
       1.060828203188e-02       2.360697061844e+04 
       1.073591620467e-02       2.370649471238e+04 
       1.086359153639e-02       2.380311752181e+04 
       1.099130742072e-02       2.389689938866e+04 
       1.111906329821e-02       2.398787006516e+04 
       1.124685865418e-02       2.407603455436e+04 
       1.137469301670e-02       2.416147223754e+04 
       1.150256595483e-02       2.424418120150e+04 
       1.163047707693e-02       2.432420309764e+04 
       1.175842602905e-02       2.440158063161e+04 
       1.188641249350e-02       2.447632662808e+04 
       1.201443618746e-02       2.454847998764e+04 
       1.214249686173e-02       2.461807447417e+04 
       1.227059429957e-02       2.468513768482e+04 
       1.239872831558e-02       2.474972106753e+04 
       1.252689875467e-02       2.481180534661e+04 
       1.265510549116e-02       2.487146296141e+04 
       1.278334842789e-02       2.492870808139e+04 
       1.291162749538e-02       2.498358079981e+04 
       1.303994265110e-02       2.503609708998e+04 
       1.316829387881e-02       2.508628134342e+04 
       1.329668118784e-02       2.513418318249e+04 
       1.342510461258e-02       2.517980629949e+04 
       1.355356421189e-02       2.522320482766e+04 
       1.368206006859e-02       2.526437114690e+04 
       1.381059228906e-02       2.530337632796e+04 
       1.393916100277e-02       2.534021133839e+04 
       1.406776636193e-02       2.537491960274e+04 
       1.419640854111e-02       2.540753243348e+04 
       1.432508773700e-02       2.543807422184e+04 
       1.445380416806e-02       2.546655757607e+04 
       1.458255807434e-02       2.549300851879e+04 
       1.471134971720e-02       2.551746873366e+04 
       1.484017937920e-02       2.553995837078e+04 
       1.496904736387e-02       2.556049913694e+04 
       1.509795399561e-02       2.557912858607e+04 
       1.522689961960e-02       2.559585093634e+04 
       1.535588460169e-02       2.561070002597e+04 
       1.548490932832e-02       2.562371103566e+04 
       1.561397420656e-02       2.563489684511e+04 
       1.574307966400e-02       2.564429115863e+04 
       1.587222614882e-02       2.565189948947e+04 
       1.600141412980e-02       2.565776973097e+04 
       1.613064409636e-02       2.566189989435e+04 
       1.625991655862e-02       2.566433063254e+04 
       1.638923204749e-02       2.566508508168e+04 
       1.651859111480e-02       2.566417451721e+04 
       1.664799433338e-02       2.566165182755e+04 
       1.677744229721e-02       2.565750391859e+04 
       1.690693562161e-02       2.565179836364e+04 
       1.703647494338e-02       2.564447835991e+04 
       1.716606092099e-02       2.563562574843e+04 
       1.729569423481e-02       2.562526645107e+04 
       1.742537558732e-02       2.561338849808e+04 
       1.755510570338e-02       2.560005737948e+04 
       1.768488533045e-02       2.558526306911e+04 
       1.781471523888e-02       2.556902743097e+04 
       1.794459622222e-02       2.555138873548e+04 
       1.807452909752e-02       2.553233932941e+04 
       1.820451470563e-02       2.551193110182e+04 
       1.833455391158e-02       2.549016113662e+04 
       1.846464760492e-02       2.546709388028e+04 
       1.859479670009e-02       2.544269848367e+04 
       1.872500213684e-02       2.541703058831e+04 
       1.885526488061e-02       2.539007284108e+04 
       1.898558592297e-02       2.536185148652e+04 
       1.911596628205e-02       2.533243182587e+04 
       1.924640700304e-02       2.530177672857e+04 
       1.937690915863e-02       2.526994331408e+04 
       1.950747384953e-02       2.523694472842e+04 
       1.963810220498e-02       2.520279500502e+04 
       1.976879538329e-02       2.516752563012e+04 
       1.989955457238e-02       2.513112608260e+04 
       2.003038099040e-02       2.509361420708e+04 
       2.016127588626e-02       2.505507022043e+04 
       2.029224054028e-02       2.501546041498e+04 
       2.042327626483e-02       2.497475642091e+04 
       2.055438440499e-02       2.493308310407e+04 
       2.068556633919e-02       2.489038547155e+04 
       2.081682347996e-02       2.484674204909e+04 
       2.094815727463e-02       2.480207723362e+04 
       2.107956920606e-02       2.475650264596e+04 
       2.121106079346e-02       2.470997405079e+04 
       2.134263359313e-02       2.466253862003e+04 
       2.147428919931e-02       2.461419116607e+04 
       2.160602924503e-02       2.456493724254e+04 
       2.173785540298e-02       2.451489852753e+04 
       2.186976938640e-02       2.446394993066e+04 
       2.200177295002e-02       2.441216441702e+04 
       2.213386789100e-02       2.435962517607e+04 
       2.226605604995e-02       2.430634465858e+04 
       2.239833931193e-02       2.425209024476e+04 
       2.253071960749e-02       2.419719042345e+04 
       2.266319891380e-02       2.414153118465e+04 
       2.279577925570e-02       2.408512916963e+04 
       2.292846270690e-02       2.402798926184e+04 
       2.306125139117e-02       2.397018640062e+04 
       2.319414748354e-02       2.391160108901e+04 
       2.332715321158e-02       2.385252469721e+04 
       2.346027085672e-02       2.379258590645e+04 
       2.359350275556e-02       2.373209110051e+04 
       2.372685130130e-02       2.367096501346e+04 
       2.386031894514e-02       2.360920401029e+04 
       2.399390819777e-02       2.354689479742e+04 
       2.412762163093e-02       2.348397507551e+04 
       2.426146187892e-02       2.342047727301e+04 
       2.439543164029e-02       2.335640599167e+04 
       2.452953367946e-02       2.329176312752e+04 
       2.466377082853e-02       2.322662752322e+04 
       2.479814598899e-02       2.316097076303e+04 
       2.493266213362e-02       2.309483866047e+04 
       2.506732230841e-02       2.302819438779e+04 
       2.520212963448e-02       2.296104435018e+04 
       2.533708731018e-02       2.289344258889e+04 
       2.547219861317e-02       2.282534919609e+04 
       2.560746690259e-02       2.275684907278e+04 
       2.574289562134e-02       2.268795708056e+04 
       2.587848829840e-02       2.261860859924e+04 
       2.601424855124e-02       2.254888250700e+04 
       2.615018008833e-02       2.247869100175e+04 
       2.628628671169e-02       2.240817157188e+04 
       2.642257231958e-02       2.233727624770e+04 
       2.655904090928e-02       2.226604180163e+04 
       2.669569657994e-02       2.219438407256e+04 
       2.683254353554e-02       2.212254256538e+04 
       2.696958608796e-02       2.205024040333e+04 
       2.710682866020e-02       2.197767065996e+04 
       2.724427578962e-02       2.190479177471e+04 
       2.738193213142e-02       2.183161343223e+04 
       2.751980246214e-02       2.175816522506e+04 
       2.765789168337e-02       2.168440865289e+04 
       2.779620482556e-02       2.161047698893e+04 
       2.793474705194e-02       2.153620167945e+04 
       2.807352366270e-02       2.146172250925e+04 
       2.821254009921e-02       2.138698296423e+04 
       2.835180194845e-02       2.131202969528e+04 
       2.849131494763e-02       2.123686233370e+04 
       2.863108498899e-02       2.116155509204e+04 
       2.877111812472e-02       2.108592045521e+04 
       2.891142057220e-02       2.101018056214e+04 
       2.905199871931e-02       2.093428693713e+04 
       2.919285913007e-02       2.085813968587e+04 
       2.933400855045e-02       2.078188324158e+04 
       2.947545391441e-02       2.070545151254e+04 
       2.961720235026e-02       2.062893411072e+04 
       2.975926118717e-02       2.055222288444e+04 
       2.990163796208e-02       2.047538482139e+04 
       3.004434042682e-02       2.039838041768e+04 
       3.018737655555e-02       2.032131747694e+04 
       3.033075455253e-02       2.024412950539e+04 
       3.047448286026e-02       2.016684095894e+04 
       3.061857016788e-02       2.008947193489e+04 
       3.076302542009e-02       2.001197734946e+04 
       3.090785782629e-02       1.993442909982e+04 
       3.105307687032e-02       1.985684577579e+04 
       3.119869232049e-02       1.977917148730e+04 
       3.134471424015e-02       1.970135469920e+04 
       3.149115299874e-02       1.962354914110e+04 
       3.163801928332e-02       1.954572818158e+04 
       3.178532411072e-02       1.946782397024e+04 
       3.193307884017e-02       1.938985912265e+04 
       3.208129518661e-02       1.931192538424e+04 
       3.222998523465e-02       1.923393051616e+04 
       3.237916145315e-02       1.915584328037e+04 
       3.252883671060e-02       1.907774346335e+04 
       3.267902429120e-02       1.899972253486e+04 
       3.282973791180e-02       1.892162314254e+04 
       3.298099173971e-02       1.884359853365e+04 
       3.313280041138e-02       1.876552408838e+04 
       3.328517905210e-02       1.868735867043e+04 
       3.343814329670e-02       1.860934925471e+04 
       3.359170931139e-02       1.853125886546e+04 
       3.374589381675e-02       1.845323431929e+04 
       3.390071411198e-02       1.837518929785e+04 
       3.405618810047e-02       1.829718620447e+04 
       3.421233431678e-02       1.821920647422e+04 
       3.436917195518e-02       1.814129981350e+04 
       3.452672089976e-02       1.806332507079e+04 
       3.468500175632e-02       1.798545616063e+04 
       3.484403588603e-02       1.790758337163e+04 
       3.500384544118e-02       1.782978135201e+04 
       3.516445340293e-02       1.775199571628e+04 
       3.532588362145e-02       1.767428902796e+04 
       3.548816085839e-02       1.759654602847e+04 
       3.565131083206e-02       1.751891331662e+04 
       3.581536026536e-02       1.744133468033e+04 
       3.598033693675e-02       1.736371652992e+04 
       3.614626973450e-02       1.728626463190e+04 
       3.631318871440e-02       1.720878460320e+04 
       3.648112516130e-02       1.713131168027e+04 
       3.665011165467e-02       1.705397123245e+04 
       3.682018213864e-02       1.697661973441e+04 
       3.699137199672e-02       1.689932544050e+04 
       3.716371813175e-02       1.682213206830e+04 
       3.733725905139e-02       1.674495838319e+04 
       3.751203495968e-02       1.666785131399e+04 
       3.768808785517e-02       1.659069260158e+04 
       3.786546163621e-02       1.651365887932e+04 
       3.804420221400e-02       1.643665981636e+04 
       3.822435763412e-02       1.635971751446e+04 
       3.840597820729e-02       1.628277206857e+04 
       3.858911665022e-02       1.620594197164e+04 
       3.877382823744e-02       1.612903869042e+04 
       3.896017096531e-02       1.605222499390e+04 
       3.914820572912e-02       1.597540893678e+04 
       3.933799651479e-02       1.589863987017e+04 
       3.952961060649e-02       1.582186710951e+04 
       3.972311881184e-02       1.574515286566e+04 
       3.991859570646e-02       1.566840312700e+04 
       4.011611989981e-02       1.559165829167e+04 
       4.031577432478e-02       1.551488435570e+04 
       4.051764655330e-02       1.543822932919e+04 
       4.072182914103e-02       1.536146982041e+04 
       4.092842000428e-02       1.528471220368e+04 
       4.113752283270e-02       1.520798630308e+04 
       4.134924754215e-02       1.513109786886e+04 
       4.156371077201e-02       1.505420386399e+04 
       4.178103643268e-02       1.497727827106e+04 
       4.200135630908e-02       1.490027964766e+04 
       4.222481072715e-02       1.482325618122e+04 
       4.245154929133e-02       1.474612393049e+04 
       4.268173170212e-02       1.466889206050e+04 
       4.291552866430e-02       1.459157209136e+04 
       4.315312289772e-02       1.451405481292e+04 
       4.339471026507e-02       1.443646969638e+04 
       4.364050103247e-02       1.435876526822e+04 
       4.389072128219e-02       1.428085259322e+04 
       4.414561449945e-02       1.420277662281e+04 
       4.440544335924e-02       1.412447153575e+04 
       4.467049174356e-02       1.404593158442e+04 
       4.494106702499e-02       1.396716816597e+04 
       4.521750265889e-02       1.388823082994e+04 
       4.550016113459e-02       1.380884288763e+04 
       4.578943734550e-02       1.372923628160e+04 
       4.608576244960e-02       1.364924811907e+04 
       4.638960830631e-02       1.356888297095e+04 
       4.670149259324e-02       1.348807532384e+04 
       4.702198472785e-02       1.340684039193e+04 
       4.735171274612e-02       1.332513165258e+04 
       4.769137132355e-02       1.324279900924e+04 
       4.804173116565e-02       1.315993050260e+04 
       4.840365004720e-02       1.307638666993e+04 
       4.877808584554e-02       1.299213277565e+04 
       4.916611199626e-02       1.290710982675e+04 
       4.956893590514e-02       1.282118647487e+04 
       4.998792098423e-02       1.273427843115e+04 
       5.042461315084e-02       1.264632691125e+04 
       5.088077284597e-02       1.255717340200e+04 
       5.135841390588e-02       1.246673097117e+04 
       5.185985097268e-02       1.237479198620e+04 
       5.238775757251e-02       1.228114665570e+04 
       5.294523753990e-02       1.218569160305e+04 
       5.353591313136e-02       1.208791992032e+04 
       5.416403393891e-02       1.198769238054e+04 
       5.483461152136e-02       1.188454393741e+04 
       5.555358534914e-02       1.177798250338e+04 
       5.632802581481e-02       1.166734039803e+04 
       5.716637887099e-02       1.155179718272e+04 
       5.807875266862e-02       1.143023319876e+04 
       5.907723625763e-02       1.130125757996e+04 
       6.017621843407e-02       1.116294141683e+04 
       6.139263231739e-02       1.101277455845e+04 
       6.274597681226e-02       1.084729904374e+04 
       6.425785303435e-02       1.066209454962e+04 
       6.595062403837e-02       1.045139726902e+04 
       6.784476184349e-02       1.020829944595e+04 
       6.995472178243e-02       9.925358292376e+03 
       7.228405531365e-02       9.596046831495e+03 
       7.482177445369e-02       9.217180149009e+03 
       7.754252339652e-02       8.791280956247e+03 
       8.041144658632e-02       8.327846785575e+03 
       8.339154302514e-02       7.842412036542e+03 
       8.644988656118e-02       7.353893605154e+03 
       8.956066710664e-02       6.881260978253e+03 
       9.270538144214e-02       6.440906183647e+03 
       9.587154477471e-02       6.044779972228e+03 
       9.905106129801e-02       5.699762585237e+03 
       1.022388126709e-01       5.407783250094e+03 
       1.054316138810e-01       5.166767568993e+03 
       1.086275022458e-01       4.970932316847e+03 
       1.118252754596e-01       4.812345308648e+03 
       1.150241995918e-01       4.681483723017e+03 
       1.182238275066e-01       4.568208404110e+03 
       1.214238870508e-01       4.462818409595e+03 
       1.246242126085e-01       4.356793443368e+03 
       1.278247033504e-01       4.243478391804e+03 
       1.310252978217e-01       4.118591322137e+03 
       1.342259584932e-01       3.980447960870e+03 
       1.374266623763e-01       3.829833404688e+03 
       1.406273953242e-01       3.669600021445e+03 
       1.438281485712e-01       3.504049438633e+03 
       1.470289166315e-01       3.338236249925e+03 
       1.502296960226e-01       3.177108099410e+03 
       1.534304844897e-01       3.025281776654e+03 
       1.566312805340e-01       2.886244648282e+03 
       1.598320831255e-01       2.762309664565e+03 
       1.630328915276e-01       2.654523424320e+03 
       1.662337051901e-01       2.562676594842e+03 
       1.694345236836e-01       2.485459774897e+03 
       1.726353466587e-01       2.420752486085e+03 
       1.758361738207e-01       2.365807460320e+03 
       1.790370049142e-01       2.317612798360e+03 
       1.822378397126e-01       2.273250963888e+03 
       1.854386780118e-01       2.230319049457e+03 
       1.886395196254e-01       2.185891835593e+03 
       1.918403643822e-01       2.138147664277e+03 
       1.950412121240e-01       2.086067419686e+03 
       1.982420627033e-01       2.029435474608e+03 
       2.014429159831e-01       1.968821821326e+03 
       2.046437718350e-01       1.905365356647e+03 
       2.078446301391e-01       1.840639101275e+03 
       2.110454907826e-01       1.776252716037e+03 
       2.142463536600e-01       1.713731211724e+03 
       2.174472186716e-01       1.654384461782e+03 
       2.206480857239e-01       1.599205460373e+03 
       2.238489547288e-01       1.548818587248e+03 
       2.270498256030e-01       1.503523751230e+03 
       2.302506982680e-01       1.463321701473e+03 
       2.334515726498e-01       1.427878934370e+03 
       2.366524486781e-01       1.396597899721e+03 
       2.398533262865e-01       1.368648557071e+03 
       2.430542054123e-01       1.343099658283e+03 
       2.462550859960e-01       1.318940919588e+03 
       2.494559679809e-01       1.295282911174e+03 
       2.526568513136e-01       1.271386721002e+03 
       2.558577359431e-01       1.246731219856e+03 
       2.590586218210e-01       1.221020053478e+03 
       2.622595089015e-01       1.194147257771e+03 
       2.654603971406e-01       1.166235849659e+03 
       2.686612864968e-01       1.137506190837e+03 
       2.718621769304e-01       1.108373796398e+03 
       2.750630684036e-01       1.079279356247e+03 
       2.782639608802e-01       1.050740692349e+03 
       2.814648543258e-01       1.023208024563e+03 
       2.846657487076e-01       9.970983670944e+02 
       2.878666439942e-01       9.726801431154e+02 
       2.910675401555e-01       9.500708600259e+02 
       2.942684371629e-01       9.292763399996e+02 
       2.974693349888e-01       9.101614381680e+02 
       3.006702336071e-01       8.925217021704e+02 
       3.038711329925e-01       8.761100161402e+02 
       3.070720331209e-01       8.606477110280e+02 
       3.102729339693e-01       8.458603197602e+02 
       3.134738355154e-01       8.314741886573e+02 
       3.166747377380e-01       8.172372387907e+02 
       3.198756406167e-01       8.029553922706e+02 
       3.230765441318e-01       7.884936088139e+02 
       3.262774482646e-01       7.737896085838e+02 
       3.294783529970e-01       7.588588837462e+02 
       3.326792583116e-01       7.437852262194e+02 
       3.358801641916e-01       7.286834430270e+02 
       3.390810706209e-01       7.137048522756e+02 
       3.422819775842e-01       6.989795097339e+02 
       3.454828850664e-01       6.846336811983e+02 
       3.486837930533e-01       6.707749378006e+02 
       3.518847015309e-01       6.574858145985e+02 
       3.550856104860e-01       6.448219559914e+02 
       3.582865199057e-01       6.328209891645e+02 
       3.614874297775e-01       6.214709102294e+02 
       3.646883400897e-01       6.107238071480e+02 
       3.678892508305e-01       6.005092605625e+02 
       3.710901619889e-01       5.907217052283e+02 
       3.742910735541e-01       5.812615980310e+02 
       3.774919855157e-01       5.720342107929e+02 
       3.806928978636e-01       5.629631216058e+02 
       3.838938105883e-01       5.539946294944e+02 
       3.870947236802e-01       5.450915650224e+02 
       3.902956371303e-01       5.362285198981e+02 
       3.934965509299e-01       5.274025704826e+02 
       3.966974650704e-01       5.186148774263e+02 
       3.998983795436e-01       5.098848818364e+02 
       4.030992943416e-01       5.012402989110e+02 
       4.063002094566e-01       4.927231536958e+02 
       4.095011248813e-01       4.843793993293e+02 
       4.127020406083e-01       4.762390913571e+02 
       4.159029566306e-01       4.683349903594e+02 
       4.191038729415e-01       4.606854925620e+02 
       4.223047895344e-01       4.532889040198e+02 
       4.255057064029e-01       4.461397898355e+02 
       4.287066235407e-01       4.392217651347e+02 
       4.319075409420e-01       4.325373185783e+02 
       4.351084586007e-01       4.260586210102e+02 
       4.383093765114e-01       4.197720879353e+02 
       4.415102946685e-01       4.136533362603e+02 
       4.447112130665e-01       4.076757503082e+02 
       4.479121317005e-01       4.018091522780e+02 
       4.511130505653e-01       3.960306103282e+02 
       4.543139696560e-01       3.903214058800e+02 
       4.575148889678e-01       3.846771410110e+02 
       4.607158084962e-01       3.790957748160e+02 
       4.639167282367e-01       3.735817129158e+02 
       4.671176481848e-01       3.681403642239e+02 
       4.703185683363e-01       3.627769318181e+02 
       4.735194886871e-01       3.574961560662e+02 
       4.767204092332e-01       3.523067294698e+02 
       4.799213299706e-01       3.472176889465e+02 
       4.831222508955e-01       3.422402043286e+02 
       4.863231720042e-01       3.373859275247e+02 
       4.895240932930e-01       3.326589471071e+02 
       4.927250147586e-01       3.280596433738e+02 
       4.959259363973e-01       3.235839658720e+02 
       4.991268582060e-01       3.192194910046e+02 
       5.023277801812e-01       3.149547172367e+02 
       5.055287023199e-01       3.107806103853e+02 
       5.087296246190e-01       3.066864196783e+02 
       5.119305470754e-01       3.026717142802e+02 
       5.151314696862e-01       2.987251998296e+02 
       5.183323924486e-01       2.948421551936e+02 
       5.215333153596e-01       2.910162920448e+02 
       5.247342384167e-01       2.872415497799e+02 
       5.279351616170e-01       2.835148244598e+02 
       5.311360849582e-01       2.798378792793e+02 
       5.343370084375e-01       2.762143812337e+02 
       5.375379320525e-01       2.726487978630e+02 
       5.407388558009e-01       2.691467915575e+02 
       5.439397796802e-01       2.657109831460e+02 
       5.471407036881e-01       2.623396916086e+02 
       5.503416278224e-01       2.590326906123e+02 
       5.535425520809e-01       2.557873413649e+02 
       5.567434764615e-01       2.526036047486e+02 
       5.599444009620e-01       2.494809767701e+02 
       5.631453255804e-01       2.464205565561e+02 
       5.663462503146e-01       2.434216219369e+02 
       5.695471751628e-01       2.404807065055e+02 
       5.727481001230e-01       2.375940886712e+02 
       5.759490251934e-01       2.347559100900e+02 
       5.791499503720e-01       2.319625813779e+02 
       5.823508756572e-01       2.292117487662e+02 
       5.855518010472e-01       2.265025991591e+02 
       5.887527265401e-01       2.238356673720e+02 
       5.919536521345e-01       2.212105606939e+02 
       5.951545778286e-01       2.186263151849e+02 
       5.983555036209e-01       2.160808927250e+02 
       6.015564295096e-01       2.135713523017e+02 
       6.047573554935e-01       2.110984434785e+02 
       6.079582815708e-01       2.086614295409e+02 
       6.111592077402e-01       2.062623960092e+02 
       6.143601340002e-01       2.039030101324e+02 
       6.175610603493e-01       2.015840012592e+02 
       6.207619867863e-01       1.993073690560e+02 
       6.239629133098e-01       1.970685016210e+02 
       6.271638399183e-01       1.948658949390e+02 
       6.303647666107e-01       1.926983298263e+02 
       6.335656933856e-01       1.905643148939e+02 
       6.367666202419e-01       1.884643592149e+02 
       6.399675471782e-01       1.863987077844e+02 
       6.431684741934e-01       1.843666718017e+02 
       6.463694012863e-01       1.823673708135e+02 
       6.495703284558e-01       1.803974876507e+02 
       6.527712557006e-01       1.784551418040e+02 
       6.559721830198e-01       1.765395123320e+02 
       6.591731104123e-01       1.746500662678e+02 
       6.623740378769e-01       1.727868135663e+02 
       6.655749654126e-01       1.709512139784e+02 
       6.687758930185e-01       1.691434795863e+02 
       6.719768206934e-01       1.673632514386e+02 
       6.751777484365e-01       1.656087234918e+02 
       6.783786762467e-01       1.638788480267e+02 
       6.815796041230e-01       1.621726649925e+02 
       6.847805320647e-01       1.604902972700e+02 
       6.879814600707e-01       1.588328731857e+02 
       6.911823881402e-01       1.572002838287e+02 
       6.943833162723e-01       1.555944300807e+02 
       6.975842444660e-01       1.540120029119e+02 
       7.007851727207e-01       1.524522949838e+02 
       7.039861010353e-01       1.509143374939e+02 
       7.071870294092e-01       1.493970247578e+02 
       7.103879578415e-01       1.478997106574e+02 
       7.135888863315e-01       1.464241802133e+02 
       7.167898148783e-01       1.449694974499e+02 
       7.199907434812e-01       1.435357458820e+02 
       7.231916721394e-01       1.421224381214e+02 
       7.263926008523e-01       1.407279397053e+02 
       7.295935296190e-01       1.393507883961e+02 
       7.327944584389e-01       1.379916655016e+02 
       7.359953873114e-01       1.366498188490e+02 
       7.391963162356e-01       1.353257649059e+02 
       7.423972452110e-01       1.340207766685e+02 
       7.455981742368e-01       1.327336150922e+02 
       7.487991033125e-01       1.314649106242e+02 
       8.175393302960e-01       1.078428343846e+02 
       9.166195684583e-01       8.308245511052e+01 
       1.073647767312e+00       5.764330775582e+01 
       1.322926368989e+00       3.527213167712e+01 
       1.662966716654e+00       2.037846462098e+01 
       2.093505716456e+00       1.160894604543e+01 
       2.635567386141e+00       6.544710381551e+00 
       3.317982756830e+00       3.651025785278e+00 
       4.177092808468e+00       2.013969206815e+00 
       5.258648284003e+00       1.096985154310e+00 
       6.620245956419e+00       5.886265169325e-01 
       8.334395866863e+00       3.100059435119e-01 
       1.049238274875e+01       1.593547732197e-01 
       1.320912727267e+01       7.928025354340e-02 
       1.662930599118e+01       3.770005689587e-02 
       2.093505589280e+01       1.681263512555e-02 
       2.635567386078e+01       6.825478124474e-03 
       3.317982756830e+01       2.400118958782e-03 
       4.177092808468e+01       6.651885117545e-04 
       5.258648284003e+01       1.152760881134e-04 
       6.620245956419e+01       3.933296521206e-06 
       8.334395866863e+01       4.382595532115e-06 
       1.049238274875e+02       9.197119355565e-06 
