# Matter power spectrum P(k) at redshift z=0
# for k=1.03892e-05 to 104.924 h/Mpc,
# number of wavenumbers equal to 622
#    1:k (h/Mpc)              2:P (Mpc/h)^3        
       1.038922642939e-05       5.116730337897e+01 
       2.321812845909e-05       1.108985065667e+02 
       3.609173376214e-05       1.695112885803e+02 
       4.904439972694e-05       2.276638164934e+02 
       6.211104704304e-05       2.857256842198e+02 
       7.532746857735e-05       3.439709420833e+02 
       8.873064804492e-05       4.026320523717e+02 
       1.023590926816e-04       4.619218460463e+02 
       1.162531841578e-04       5.220447483079e+02 
       1.304555520066e-04       5.832034996796e+02 
       1.450114738458e-04       6.456037739214e+02 
       1.599693066204e-04       7.093798176474e+02 
       1.753809529236e-04       7.748937575423e+02 
       1.913023661048e-04       8.423149880713e+02 
       2.077940972509e-04       9.118919571594e+02 
       2.249218861034e-04       9.838904134501e+02 
       2.427572963948e-04       1.058595917009e+03 
       2.613783937365e-04       1.136316395736e+03 
       2.808704608154e-04       1.217384674184e+03 
       3.013267399410e-04       1.302160969470e+03 
       3.228491865615e-04       1.391035266269e+03 
       3.455492088576e-04       1.484429456621e+03 
       3.695483575494e-04       1.582799098366e+03 
       3.949789163640e-04       1.686634548708e+03 
       4.219843271948e-04       1.796461214360e+03 
       4.507193653102e-04       1.912838581509e+03 
       4.813499602484e-04       2.036357576792e+03 
       5.140525396193e-04       2.167635818140e+03 
       5.490127597171e-04       2.307310256962e+03 
       5.864234841229e-04       2.456026703620e+03 
       6.264818863382e-04       2.614425963572e+03 
       6.693855925968e-04       2.783126283405e+03 
       7.153278528514e-04       2.962702394688e+03 
       7.644918338936e-04       3.153661702769e+03 
       8.170442633386e-04       3.356418804358e+03 
       8.731288006756e-04       3.571270048901e+03 
       9.328596442615e-04       3.798370286785e+03 
       9.963159659543e-04       4.037714309002e+03 
       1.063537764581e-03       4.289125140981e+03 
       1.134523626239e-03       4.552251059898e+03 
       1.209230679194e-03       4.826572162937e+03 
       1.287576767919e-03       5.111416197140e+03 
       1.369444599257e-03       5.406003853046e+03 
       1.454687391959e-03       5.709457818647e+03 
       1.543135431684e-03       6.020777483277e+03 
       1.634602912099e-03       6.338955744352e+03 
       1.728894515478e-03       6.662975888356e+03 
       1.825811320550e-03       6.991836015081e+03 
       1.925155782887e-03       7.324568397501e+03 
       2.026735681319e-03       7.660254677575e+03 
       2.130367042364e-03       7.998035802040e+03 
       2.235876135455e-03       8.337118648446e+03 
       2.343100676636e-03       8.676778444769e+03 
       2.451890394377e-03       9.016358879593e+03 
       2.562107107073e-03       9.355269658975e+03 
       2.673624445823e-03       9.692984681224e+03 
       2.786327334635e-03       1.002903603308e+04 
       2.900111317649e-03       1.036301090558e+04 
       3.014881802039e-03       1.069454693236e+04 
       3.130553267074e-03       1.102332930937e+04 
       3.247048475047e-03       1.134907327542e+04 
       3.364297708069e-03       1.167154599571e+04 
       3.482238045924e-03       1.199053816894e+04 
       3.600812693636e-03       1.230586999541e+04 
       3.719970362791e-03       1.261739116611e+04 
       3.839664707406e-03       1.292496940839e+04 
       3.959853813072e-03       1.322849617107e+04 
       4.080499736700e-03       1.352788148208e+04 
       4.201568093487e-03       1.382304737758e+04 
       4.323027687306e-03       1.411393719432e+04 
       4.444850180647e-03       1.440049714860e+04 
       4.567009800288e-03       1.468269624848e+04 
       4.689483075068e-03       1.496050267437e+04 
       4.812248602367e-03       1.523390175352e+04 
       4.935286840186e-03       1.550288105195e+04 
       5.058579921982e-03       1.576743742155e+04 
       5.182111491712e-03       1.602757156347e+04 
       5.305866556801e-03       1.628329524063e+04 
       5.429831356981e-03       1.653461599157e+04 
       5.553993247203e-03       1.678155158371e+04 
       5.678340593007e-03       1.702411958822e+04 
       5.802862676925e-03       1.726234332309e+04 
       5.927549614682e-03       1.749625940258e+04 
       6.052392280055e-03       1.772587219296e+04 
       6.177382237451e-03       1.795120418130e+04 
       6.302511681309e-03       1.817231128968e+04 
       6.427773381594e-03       1.838920908502e+04 
       6.553160634691e-03       1.860194026070e+04 
       6.678667219123e-03       1.881055354352e+04 
       6.804287355565e-03       1.901507277292e+04 
       6.930015670697e-03       1.921553610578e+04 
       7.055847164480e-03       1.941198218971e+04 
       7.181777180500e-03       1.960445054559e+04 
       7.307801379070e-03       1.979297679712e+04 
       7.433915712780e-03       1.997760085763e+04 
       7.560116404275e-03       2.015836929941e+04 
       7.686399926014e-03       2.033531620157e+04 
       7.812762981825e-03       2.050847899779e+04 
       7.939202490069e-03       2.067790202677e+04 
       8.065715568266e-03       2.084362467627e+04 
       8.192299519033e-03       2.100567639356e+04 
       8.318951817208e-03       2.116411476887e+04 
       8.445670098062e-03       2.131896142415e+04 
       8.572452146474e-03       2.147026583821e+04 
       8.699295887004e-03       2.161807189225e+04 
       8.826199374763e-03       2.176240717845e+04 
       8.953160787016e-03       2.190331372645e+04 
       9.080178415459e-03       2.204083712195e+04 
       9.207250659091e-03       2.217501699468e+04 
       9.334376017655e-03       2.230588286281e+04 
       9.461553085572e-03       2.243347183960e+04 
       9.588780546346e-03       2.255783240670e+04 
       9.716057167395e-03       2.267899397294e+04 
       9.843381795262e-03       2.279699233901e+04 
       9.970753351189e-03       2.291187183233e+04 
       1.009817082702e-02       2.302365763658e+04 
       1.022563328138e-02       2.313239567738e+04 
       1.035313983621e-02       2.323811736471e+04 
       1.048068967341e-02       2.334084363213e+04 
       1.060828203188e-02       2.344064673486e+04 
       1.073591620467e-02       2.353754531588e+04 
       1.086359153639e-02       2.363154962852e+04 
       1.099130742072e-02       2.372272034359e+04 
       1.111906329821e-02       2.381108775890e+04 
       1.124685865418e-02       2.389665760717e+04 
       1.137469301670e-02       2.397950940376e+04 
       1.150256595483e-02       2.405964199650e+04 
       1.163047707693e-02       2.413709744275e+04 
       1.175842602905e-02       2.421191883004e+04 
       1.188641249350e-02       2.428411959820e+04 
       1.201443618746e-02       2.435373903831e+04 
       1.214249686173e-02       2.442081133404e+04 
       1.227059429957e-02       2.448536454281e+04 
       1.239872831558e-02       2.454745035529e+04 
       1.252689875467e-02       2.460705034033e+04 
       1.265510549116e-02       2.466423697509e+04 
       1.278334842789e-02       2.471902496221e+04 
       1.291162749538e-02       2.477145468818e+04 
       1.303994265110e-02       2.482154262493e+04 
       1.316829387881e-02       2.486931357871e+04 
       1.329668118784e-02       2.491481734257e+04 
       1.342510461258e-02       2.495805819284e+04 
       1.355356421189e-02       2.499909036652e+04 
       1.368206006859e-02       2.503790691858e+04 
       1.381059228906e-02       2.507457883675e+04 
       1.393916100277e-02       2.510909776070e+04 
       1.406776636193e-02       2.514150727364e+04 
       1.419640854111e-02       2.517183895099e+04 
       1.432508773700e-02       2.520011750450e+04 
       1.445380416806e-02       2.522635597273e+04 
       1.458255807434e-02       2.525058066682e+04 
       1.471134971720e-02       2.527283338825e+04 
       1.484017937920e-02       2.529313461274e+04 
       1.496904736387e-02       2.531150634871e+04 
       1.509795399561e-02       2.532798627641e+04 
       1.522689961960e-02       2.534257908074e+04 
       1.535588460169e-02       2.535531874711e+04 
       1.548490932832e-02       2.536624057639e+04 
       1.561397420656e-02       2.537535779830e+04 
       1.574307966400e-02       2.538270423338e+04 
       1.587222614882e-02       2.538828581063e+04 
       1.600141412980e-02       2.539215036376e+04 
       1.613064409636e-02       2.539429638778e+04 
       1.625991655862e-02       2.539476453628e+04 
       1.638923204749e-02       2.539357813119e+04 
       1.651859111480e-02       2.539074876143e+04 
       1.664799433338e-02       2.538632914195e+04 
       1.677744229721e-02       2.538030675664e+04 
       1.690693562161e-02       2.537274881158e+04 
       1.703647494338e-02       2.536359958680e+04 
       1.716606092099e-02       2.535294036984e+04 
       1.729569423481e-02       2.534079717242e+04 
       1.742537558732e-02       2.532715856410e+04 
       1.755510570338e-02       2.531208963250e+04 
       1.768488533045e-02       2.529558085370e+04 
       1.781471523888e-02       2.527765420207e+04 
       1.794459622222e-02       2.525834784575e+04 
       1.807452909752e-02       2.523765459159e+04 
       1.820451470563e-02       2.521562603834e+04 
       1.833455391158e-02       2.519225965832e+04 
       1.846464760492e-02       2.516761942380e+04 
       1.859479670009e-02       2.514167521759e+04 
       1.872500213684e-02       2.511448230021e+04 
       1.885526488061e-02       2.508602387178e+04 
       1.898558592297e-02       2.505632616181e+04 
       1.911596628205e-02       2.502545392961e+04 
       1.924640700304e-02       2.499337084494e+04 
       1.937690915863e-02       2.496013357530e+04 
       1.950747384953e-02       2.492575538821e+04 
       1.963810220498e-02       2.489025042144e+04 
       1.976879538329e-02       2.485365002144e+04 
       1.989955457238e-02       2.481594409403e+04 
       2.003038099040e-02       2.477715052101e+04 
       2.016127588626e-02       2.473734868051e+04 
       2.029224054028e-02       2.469650559536e+04 
       2.042327626483e-02       2.465459356204e+04 
       2.055438440499e-02       2.461173594683e+04 
       2.068556633919e-02       2.456787878223e+04 
       2.081682347996e-02       2.452309971958e+04 
       2.094815727463e-02       2.447732448145e+04 
       2.107956920606e-02       2.443066331783e+04 
       2.121106079346e-02       2.438307286304e+04 
       2.134263359313e-02       2.433459982872e+04 
       2.147428919931e-02       2.428523932500e+04 
       2.160602924503e-02       2.423499704476e+04 
       2.173785540298e-02       2.418399306464e+04 
       2.186976938640e-02       2.413210436572e+04 
       2.200177295002e-02       2.407940302831e+04 
       2.213386789100e-02       2.402597117591e+04 
       2.226605604995e-02       2.397182124755e+04 
       2.239833931193e-02       2.391672438077e+04 
       2.253071960749e-02       2.386100421276e+04 
       2.266319891380e-02       2.380454865848e+04 
       2.279577925570e-02       2.374737427750e+04 
       2.292846270690e-02       2.368948605053e+04 
       2.306125139117e-02       2.363095790332e+04 
       2.319414748354e-02       2.357167239339e+04 
       2.332715321158e-02       2.351191641262e+04 
       2.346027085672e-02       2.345132472276e+04 
       2.359350275556e-02       2.339019895644e+04 
       2.372685130130e-02       2.332846519531e+04 
       2.386031894514e-02       2.326612000689e+04 
       2.399390819777e-02       2.320324881698e+04 
       2.412762163093e-02       2.313979047617e+04 
       2.426146187892e-02       2.307577701156e+04 
       2.439543164029e-02       2.301121307640e+04 
       2.452953367946e-02       2.294610066180e+04 
       2.466377082853e-02       2.288051740759e+04 
       2.479814598899e-02       2.281443548504e+04 
       2.493266213362e-02       2.274790004031e+04 
       2.506732230841e-02       2.268087497654e+04 
       2.520212963448e-02       2.261336669874e+04 
       2.533708731018e-02       2.254542842219e+04 
       2.547219861317e-02       2.247702102630e+04 
       2.560746690259e-02       2.240822803412e+04 
       2.574289562134e-02       2.233906412869e+04 
       2.587848829840e-02       2.226946590699e+04 
       2.601424855124e-02       2.219951094462e+04 
       2.615018008833e-02       2.212911307639e+04 
       2.628628671169e-02       2.205840742841e+04 
       2.642257231958e-02       2.198734695408e+04 
       2.655904090928e-02       2.191596783519e+04 
       2.669569657994e-02       2.184418750130e+04 
       2.683254353554e-02       2.177224117685e+04 
       2.696958608796e-02       2.169985707945e+04 
       2.710682866020e-02       2.162722482487e+04 
       2.724427578962e-02       2.155430366585e+04 
       2.738193213142e-02       2.148110316285e+04 
       2.751980246214e-02       2.140765240936e+04 
       2.765789168337e-02       2.133391367221e+04 
       2.779620482556e-02       2.126001777027e+04 
       2.793474705194e-02       2.118579935933e+04 
       2.807352366270e-02       2.111139563223e+04 
       2.821254009921e-02       2.103675118206e+04 
       2.835180194845e-02       2.096191180808e+04 
       2.849131494763e-02       2.088687717957e+04 
       2.863108498899e-02       2.081172010408e+04 
       2.877111812472e-02       2.073625672312e+04 
       2.891142057220e-02       2.066070489914e+04 
       2.905199871931e-02       2.058501710998e+04 
       2.919285913007e-02       2.050909544464e+04 
       2.933400855045e-02       2.043308152041e+04 
       2.947545391441e-02       2.035691056306e+04 
       2.961720235026e-02       2.028067041741e+04 
       2.975926118717e-02       2.020425509806e+04 
       2.990163796208e-02       2.012773027053e+04 
       3.004434042682e-02       2.005105723897e+04 
       3.018737655555e-02       1.997434163719e+04 
       3.033075455253e-02       1.989751831926e+04 
       3.047448286026e-02       1.982061124928e+04 
       3.061857016788e-02       1.974364011396e+04 
       3.076302542009e-02       1.966656075885e+04 
       3.090785782629e-02       1.958944359910e+04 
       3.105307687032e-02       1.951230682818e+04 
       3.119869232049e-02       1.943509571205e+04 
       3.134471424015e-02       1.935775980013e+04 
       3.149115299874e-02       1.928044959277e+04 
       3.163801928332e-02       1.920313899770e+04 
       3.178532411072e-02       1.912576159069e+04 
       3.193307884017e-02       1.904833950437e+04 
       3.208129518661e-02       1.897096250965e+04 
       3.222998523465e-02       1.889354032607e+04 
       3.237916145315e-02       1.881604238719e+04 
       3.252883671060e-02       1.873854674965e+04 
       3.267902429120e-02       1.866114286992e+04 
       3.282973791180e-02       1.858367680264e+04 
       3.298099173971e-02       1.850629842428e+04 
       3.313280041138e-02       1.842888582907e+04 
       3.328517905210e-02       1.835139878821e+04 
       3.343814329670e-02       1.827407878026e+04 
       3.359170931139e-02       1.819669407019e+04 
       3.374589381675e-02       1.811938818112e+04 
       3.390071411198e-02       1.804207670637e+04 
       3.405618810047e-02       1.796482062480e+04 
       3.421233431678e-02       1.788760176585e+04 
       3.436917195518e-02       1.781046867863e+04 
       3.452672089976e-02       1.773328341251e+04 
       3.468500175632e-02       1.765621588257e+04 
       3.484403588603e-02       1.757915886988e+04 
       3.500384544118e-02       1.750218527772e+04 
       3.516445340293e-02       1.742524195541e+04 
       3.532588362145e-02       1.734838998574e+04 
       3.548816085839e-02       1.727151678455e+04 
       3.565131083206e-02       1.719476549186e+04 
       3.581536026536e-02       1.711808118578e+04 
       3.598033693675e-02       1.704137247819e+04 
       3.614626973450e-02       1.696484022474e+04 
       3.631318871440e-02       1.688829464820e+04 
       3.648112516130e-02       1.681177013864e+04 
       3.665011165467e-02       1.673538902716e+04 
       3.682018213864e-02       1.665901122937e+04 
       3.699137199672e-02       1.658270333624e+04 
       3.716371813175e-02       1.650650797648e+04 
       3.733725905139e-02       1.643034588097e+04 
       3.751203495968e-02       1.635426281527e+04 
       3.768808785517e-02       1.627814343224e+04 
       3.786546163621e-02       1.620215999008e+04 
       3.804420221400e-02       1.612622438136e+04 
       3.822435763412e-02       1.605035814943e+04 
       3.840597820729e-02       1.597450288893e+04 
       3.858911665022e-02       1.589877410703e+04 
       3.877382823744e-02       1.582298803480e+04 
       3.896017096531e-02       1.574730332742e+04 
       3.914820572912e-02       1.567163038236e+04 
       3.933799651479e-02       1.559601730122e+04 
       3.952961060649e-02       1.552041471461e+04 
       3.972311881184e-02       1.544488324543e+04 
       3.991859570646e-02       1.536933133827e+04 
       4.011611989981e-02       1.529379837662e+04 
       4.031577432478e-02       1.521825128161e+04 
       4.051764655330e-02       1.514283420649e+04 
       4.072182914103e-02       1.506732967798e+04 
       4.092842000428e-02       1.499184132150e+04 
       4.113752283270e-02       1.491639821378e+04 
       4.134924754215e-02       1.484081136167e+04 
       4.156371077201e-02       1.476523361537e+04 
       4.178103643268e-02       1.468963973058e+04 
       4.200135630908e-02       1.461398947636e+04 
       4.222481072715e-02       1.453832983109e+04 
       4.245154929133e-02       1.446257925367e+04 
       4.268173170212e-02       1.438674679392e+04 
       4.291552866430e-02       1.431084379715e+04 
       4.315312289772e-02       1.423476424066e+04 
       4.339471026507e-02       1.415863418417e+04 
       4.364050103247e-02       1.408240376787e+04 
       4.389072128219e-02       1.400598676813e+04 
       4.414561449945e-02       1.392942711991e+04 
       4.440544335924e-02       1.385266113371e+04 
       4.467049174356e-02       1.377568353350e+04 
       4.494106702499e-02       1.369850572385e+04 
       4.521750265889e-02       1.362117618217e+04 
       4.550016113459e-02       1.354342661712e+04 
       4.578943734550e-02       1.346548273268e+04 
       4.608576244960e-02       1.338718687670e+04 
       4.638960830631e-02       1.330854407226e+04 
       4.670149259324e-02       1.322949138679e+04 
       4.702198472785e-02       1.315004431797e+04 
       4.735171274612e-02       1.307015854010e+04 
       4.769137132355e-02       1.298968938677e+04 
       4.804173116565e-02       1.290872332800e+04 
       4.840365004720e-02       1.282712631405e+04 
       4.877808584554e-02       1.274486605858e+04 
       4.916611199626e-02       1.266188696148e+04 
       4.956893590514e-02       1.257806355501e+04 
       4.998792098423e-02       1.249331631198e+04 
       5.042461315084e-02       1.240759077868e+04 
       5.088077284597e-02       1.232073633027e+04 
       5.135841390588e-02       1.223267223415e+04 
       5.185985097268e-02       1.214320154304e+04 
       5.238775757251e-02       1.205212609630e+04 
       5.294523753990e-02       1.195935177432e+04 
       5.353591313136e-02       1.186439527321e+04 
       5.416403393891e-02       1.176713081242e+04 
       5.483461152136e-02       1.166711952893e+04 
       5.555358534914e-02       1.156389926175e+04 
       5.632802581481e-02       1.145684176128e+04 
       5.716637887099e-02       1.134517597674e+04 
       5.807875266862e-02       1.122784811009e+04 
       5.907723625763e-02       1.110355082342e+04 
       6.017621843407e-02       1.097046824525e+04 
       6.139263231739e-02       1.082623776050e+04 
       6.274597681226e-02       1.066760012598e+04 
       6.425785303435e-02       1.049038930895e+04 
       6.595062403837e-02       1.028916680420e+04 
       6.784476184349e-02       1.005741158376e+04 
       6.995472178243e-02       9.788096235385e+03 
       7.228405531365e-02       9.475064237990e+03 
       7.482177445369e-02       9.115340805191e+03 
       7.754252339652e-02       8.711390222365e+03 
       8.041144658632e-02       8.272330788165e+03 
       8.339154302514e-02       7.813039540659e+03 
       8.644988656118e-02       7.351605241886e+03 
       8.956066710664e-02       6.906125189138e+03 
       9.270538144214e-02       6.492175223388e+03 
       9.587154477471e-02       6.121028361798e+03 
       9.905106129801e-02       5.799074897133e+03 
       1.022388126709e-01       5.527970474261e+03 
       1.054316138810e-01       5.305574350105e+03 
       1.086275022458e-01       5.126253529292e+03 
       1.118252754596e-01       4.982377113306e+03 
       1.150241995918e-01       4.864838207140e+03 
       1.182238275066e-01       4.763961796193e+03 
       1.214238870508e-01       4.670487668430e+03 
       1.246242126085e-01       4.576263938022e+03 
       1.278247033504e-01       4.474899387479e+03 
       1.310252978217e-01       4.362260974229e+03 
       1.342259584932e-01       4.236707239939e+03 
       1.374266623763e-01       4.098981047745e+03 
       1.406273953242e-01       3.951829121156e+03 
       1.438281485712e-01       3.799401936685e+03 
       1.470289166315e-01       3.646570360301e+03 
       1.502296960226e-01       3.498086393038e+03 
       1.534304844897e-01       3.358358132446e+03 
       1.566312805340e-01       3.230687980392e+03 
       1.598320831255e-01       3.117239413139e+03 
       1.630328915276e-01       3.018964000800e+03 
       1.662337051901e-01       2.935626084804e+03 
       1.694345236836e-01       2.865961057019e+03 
       1.726353466587e-01       2.807952765892e+03 
       1.758361738207e-01       2.759005741517e+03 
       1.790370049142e-01       2.716281520019e+03 
       1.822378397126e-01       2.677031420651e+03 
       1.854386780118e-01       2.638989803830e+03 
       1.886395196254e-01       2.599392593897e+03 
       1.918403643822e-01       2.556516849322e+03 
       1.950412121240e-01       2.509401519050e+03 
       1.982420627033e-01       2.457852396024e+03 
       2.014429159831e-01       2.402425932750e+03 
       2.046437718350e-01       2.344221002002e+03 
       2.078446301391e-01       2.284745278311e+03 
       2.110454907826e-01       2.225533915399e+03 
       2.142463536600e-01       2.168031400071e+03 
       2.174472186716e-01       2.113467783236e+03 
       2.206480857239e-01       2.062765167235e+03 
       2.238489547288e-01       2.016493413425e+03 
       2.270498256030e-01       1.974916067932e+03 
       2.302506982680e-01       1.938018113831e+03 
       2.334515726498e-01       1.905476777201e+03 
       2.366524486781e-01       1.876728796277e+03 
       2.398533262865e-01       1.851000299361e+03 
       2.430542054123e-01       1.827427812571e+03 
       2.462550859960e-01       1.805077844976e+03 
       2.494559679809e-01       1.783130768150e+03 
       2.526568513136e-01       1.760907779536e+03 
       2.558577359431e-01       1.737932955540e+03 
       2.590586218210e-01       1.713939681164e+03 
       2.622595089015e-01       1.688838708730e+03 
       2.654603971406e-01       1.662752775019e+03 
       2.686612864968e-01       1.635894354554e+03 
       2.718621769304e-01       1.608653590767e+03 
       2.750630684036e-01       1.581440809662e+03 
       2.782639608802e-01       1.554732590209e+03 
       2.814648543258e-01       1.528939204584e+03 
       2.846657487076e-01       1.504436191852e+03 
       2.878666439942e-01       1.481460922049e+03 
       2.910675401555e-01       1.460112530461e+03 
       2.942684371629e-01       1.440389052748e+03 
       2.974693349888e-01       1.422162598307e+03 
       3.006702336071e-01       1.405244680832e+03 
       3.038711329925e-01       1.389410443627e+03 
       3.070720331209e-01       1.374408716142e+03 
       3.102729339693e-01       1.359993838372e+03 
       3.134738355154e-01       1.345922528652e+03 
       3.166747377380e-01       1.331972243682e+03 
       3.198756406167e-01       1.317973261099e+03 
       3.230765441318e-01       1.303809262984e+03 
       3.262774482646e-01       1.289429023594e+03 
       3.294783529970e-01       1.274850194780e+03 
       3.326792583116e-01       1.260150207763e+03 
       3.358801641916e-01       1.245432908396e+03 
       3.390810706209e-01       1.230832822507e+03 
       3.422819775842e-01       1.216464500727e+03 
       3.454828850664e-01       1.202437780401e+03 
       3.486837930533e-01       1.188844946861e+03 
       3.518847015309e-01       1.175755525446e+03 
       3.550856104860e-01       1.163215044664e+03 
       3.582865199057e-01       1.151252993439e+03 
       3.614874297775e-01       1.139856197029e+03 
       3.646883400897e-01       1.128981099160e+03 
       3.678892508305e-01       1.118565531176e+03 
       3.710901619889e-01       1.108518297269e+03 
       3.742910735541e-01       1.098754197437e+03 
       3.774919855157e-01       1.089192932891e+03 
       3.806928978636e-01       1.079770344988e+03 
       3.838938105883e-01       1.070441903685e+03 
       3.870947236802e-01       1.061177311861e+03 
       3.902956371303e-01       1.051956369158e+03 
       3.934965509299e-01       1.042777705633e+03 
       3.966974650704e-01       1.033643336838e+03 
       3.998983795436e-01       1.024570266477e+03 
       4.030992943416e-01       1.015582039590e+03 
       4.063002094566e-01       1.006713534797e+03 
       4.095011248813e-01       9.980023081946e+02 
       4.127020406083e-01       9.894724695851e+02 
       4.159029566306e-01       9.811499153723e+02 
       4.191038729415e-01       9.730485662650e+02 
       4.223047895344e-01       9.651659902234e+02 
       4.255057064029e-01       9.574967451988e+02 
       4.287066235407e-01       9.500267003167e+02 
       4.319075409420e-01       9.427568327133e+02 
       4.351084586007e-01       9.356641086614e+02 
       4.383093765114e-01       9.287369839514e+02 
       4.415102946685e-01       9.219555637912e+02 
       4.447112130665e-01       9.152984490931e+02 
       4.479121317005e-01       9.087417346225e+02 
       4.511130505653e-01       9.022674490075e+02 
       4.543139696560e-01       8.958611135811e+02 
       4.575148889678e-01       8.895194713134e+02 
       4.607158084962e-01       8.832411048645e+02 
       4.639167282367e-01       8.770295281475e+02 
       4.671176481848e-01       8.708889472159e+02 
       4.703185683363e-01       8.648233273113e+02 
       4.735194886871e-01       8.588362008788e+02 
       4.767204092332e-01       8.529339939213e+02 
       4.799213299706e-01       8.471232626797e+02 
       4.831222508955e-01       8.414120217233e+02 
       4.863231720042e-01       8.358084848473e+02 
       4.895240932930e-01       8.303151067567e+02 
       4.927250147586e-01       8.249315403408e+02 
       4.959259363973e-01       8.196541645389e+02 
       4.991268582060e-01       8.144732723884e+02 
       5.023277801812e-01       8.093799618911e+02 
       5.055287023199e-01       8.043672420807e+02 
       5.087296246190e-01       7.994269775250e+02 
       5.119305470754e-01       7.945585628322e+02 
       5.151314696862e-01       7.897536117769e+02 
       5.183323924486e-01       7.850085446794e+02 
       5.215333153596e-01       7.803187152326e+02 
       5.247342384167e-01       7.756797030442e+02 
       5.279351616170e-01       7.710892295872e+02 
       5.311360849582e-01       7.665484499905e+02 
       5.343370084375e-01       7.620598125080e+02 
       5.375379320525e-01       7.576262632740e+02 
       5.407388558009e-01       7.532515057300e+02 
       5.439397796802e-01       7.489370704212e+02 
       5.471407036881e-01       7.446815012089e+02 
       5.503416278224e-01       7.404843431931e+02 
       5.535425520809e-01       7.363434992512e+02 
       5.567434764615e-01       7.322586495060e+02 
       5.599444009620e-01       7.282291530418e+02 
       5.631453255804e-01       7.242554374634e+02 
       5.663462503146e-01       7.203366964774e+02 
       5.695471751628e-01       7.164703081598e+02 
       5.727481001230e-01       7.126535182277e+02 
       5.759490251934e-01       7.088822108381e+02 
       5.791499503720e-01       7.051538169734e+02 
       5.823508756572e-01       7.014666079949e+02 
       5.855518010472e-01       6.978198734557e+02 
       5.887527265401e-01       6.942137729858e+02 
       5.919536521345e-01       6.906478594761e+02 
       5.951545778286e-01       6.871213208009e+02 
       5.983555036209e-01       6.836326705662e+02 
       6.015564295096e-01       6.801798733594e+02 
       6.047573554935e-01       6.767632393104e+02 
       6.079582815708e-01       6.733821362553e+02 
       6.111592077402e-01       6.700376873775e+02 
       6.143601340002e-01       6.667307256754e+02 
       6.175610603493e-01       6.634614816658e+02 
       6.207619867863e-01       6.602309477968e+02 
       6.239629133098e-01       6.570360675869e+02 
       6.271638399183e-01       6.538757178484e+02 
       6.303647666107e-01       6.507489613763e+02 
       6.335656933856e-01       6.476547092767e+02 
       6.367666202419e-01       6.445930779446e+02 
       6.399675471782e-01       6.415640169499e+02 
       6.431684741934e-01       6.385669190575e+02 
       6.463694012863e-01       6.356010697710e+02 
       6.495703284558e-01       6.326643427923e+02 
       6.527712557006e-01       6.297554824976e+02 
       6.559721830198e-01       6.268738640554e+02 
       6.591731104123e-01       6.240190346672e+02 
       6.623740378769e-01       6.211908543979e+02 
       6.655749654126e-01       6.183900016251e+02 
       6.687758930185e-01       6.156164301877e+02 
       6.719768206934e-01       6.128697683487e+02 
       6.751777484365e-01       6.101488396893e+02 
       6.783786762467e-01       6.074529079576e+02 
       6.815796041230e-01       6.047812957022e+02 
       6.847805320647e-01       6.021339282185e+02 
       6.879814600707e-01       5.995112744697e+02 
       6.911823881402e-01       5.969131168348e+02 
       6.943833162723e-01       5.943403190467e+02 
       6.975842444660e-01       5.917909296949e+02 
       7.007851727207e-01       5.892644212531e+02 
       7.039861010353e-01       5.867601345440e+02 
       7.071870294092e-01       5.842773483707e+02 
       7.103879578415e-01       5.818155936101e+02 
       7.135888863315e-01       5.793756712306e+02 
       7.167898148783e-01       5.769569520320e+02 
       7.199907434812e-01       5.745593403979e+02 
       7.231916721394e-01       5.721824464482e+02 
       7.263926008523e-01       5.698253023380e+02 
       7.295935296190e-01       5.674870455346e+02 
       7.327944584389e-01       5.651679049180e+02 
       7.359953873114e-01       5.628673849272e+02 
       7.391963162356e-01       5.605856262903e+02 
       7.423972452110e-01       5.583231346327e+02 
       7.455981742368e-01       5.560791693640e+02 
       7.487991033125e-01       5.538539129915e+02 
       8.175393302960e-01       5.099730015881e+02 
       9.166195684583e-01       4.572219822007e+02 
       1.073647767312e+00       3.909966306770e+02 
       1.322926368989e+00       3.132069535892e+02 
       1.662966716654e+00       2.389831117759e+02 
       2.093505716456e+00       1.757466419330e+02 
       2.635567386141e+00       1.245160915784e+02 
       3.317982756830e+00       8.519684478271e+01 
       4.177092808468e+00       5.655894199296e+01 
       5.258648284003e+00       3.661894752710e+01 
       6.620245956419e+00       2.323686687697e+01 
       8.334395866863e+00       1.451449161896e+01 
       1.049238274875e+01       8.956786140684e+00 
       1.320912727267e+01       5.476368464255e+00 
       1.662930599118e+01       3.325152536960e+00 
       2.093505589280e+01       2.008480435208e+00 
       2.635567386078e+01       1.208469783396e+00 
       3.317982756830e+01       7.250172370845e-01 
       4.177092808468e+01       4.340384917076e-01 
       5.258648284003e+01       2.594275683009e-01 
       6.620245956419e+01       1.548783665775e-01 
       8.334395866863e+01       9.238146408825e-02 
       1.049238274875e+02       5.506767918163e-02 
