# Matter power spectrum P(k) at redshift z=0
# for k=1.03892e-05 to 104.924 h/Mpc,
# number of wavenumbers equal to 622
#    1:k (h/Mpc)              2:P (Mpc/h)^3        
       1.038922642939e-05       5.116730563309e+01 
       2.321812845909e-05       1.108985112683e+02 
       3.609173376214e-05       1.695112913676e+02 
       4.904439972694e-05       2.276638161769e+02 
       6.211104704304e-05       2.857256827963e+02 
       7.532746857735e-05       3.439709418631e+02 
       8.873064804492e-05       4.026320532278e+02 
       1.023590926816e-04       4.619218461489e+02 
       1.162531841578e-04       5.220447490830e+02 
       1.304555520066e-04       5.832034998759e+02 
       1.450114738458e-04       6.456037745598e+02 
       1.599693066204e-04       7.094577380353e+02 
       1.753809529236e-04       7.749870521003e+02 
       1.913023661048e-04       8.424255803481e+02 
       2.077940972509e-04       9.120219819004e+02 
       2.249218861034e-04       9.840422334871e+02 
       2.427572963948e-04       1.058772180947e+03 
       2.613783937365e-04       1.136520073724e+03 
       2.808704608154e-04       1.217619109380e+03 
       3.013267399410e-04       1.302429941341e+03 
       3.228491865615e-04       1.391343059221e+03 
       3.455492088576e-04       1.484780944636e+03 
       3.695483575494e-04       1.583199829488e+03 
       3.949789163640e-04       1.687090866562e+03 
       4.219843271948e-04       1.796980373594e+03 
       4.507193653102e-04       1.913428896756e+03 
       4.813499602484e-04       2.037028586568e+03 
       5.140525396193e-04       2.168398455053e+03 
       5.490127597171e-04       2.308177058007e+03 
       5.864234841229e-04       2.457012033924e+03 
       6.264818863382e-04       2.615546232964e+03 
       6.693855925968e-04       2.784400206614e+03 
       7.153278528514e-04       2.964151225838e+03 
       7.644918338936e-04       3.155309471842e+03 
       8.170442633386e-04       3.358292540313e+03 
       8.731288006756e-04       3.573399933942e+03 
       9.328596442615e-04       3.800789800243e+03 
       9.963159659543e-04       4.040460271655e+03 
       1.063537764581e-03       4.292237691643e+03 
       1.134523626239e-03       4.555773607807e+03 
       1.209230679194e-03       4.830551130633e+03 
       1.287576767919e-03       5.115900780856e+03 
       1.369444599257e-03       5.411045630519e+03 
       1.454687391959e-03       5.715110407371e+03 
       1.543135431684e-03       6.027096134616e+03 
       1.634602912099e-03       6.345997068795e+03 
       1.728894515478e-03       6.670797331080e+03 
       1.825811320550e-03       7.000495340014e+03 
       1.925155782887e-03       7.334123529134e+03 
       2.026735681319e-03       7.670763081797e+03 
       2.130367042364e-03       8.009554530356e+03 
       2.235876135455e-03       8.349703801945e+03 
       2.343100676636e-03       8.690484874750e+03 
       2.451890394377e-03       9.031240156925e+03 
       2.562107107073e-03       9.371378170096e+03 
       2.673624445823e-03       9.710370372341e+03 
       2.786327334635e-03       1.004774759739e+04 
       2.900111317649e-03       1.038309542894e+04 
       3.014881802039e-03       1.071604833278e+04 
       3.130553267074e-03       1.104628755635e+04 
       3.247048475047e-03       1.137353370964e+04 
       3.364297708069e-03       1.169754481963e+04 
       3.482238045924e-03       1.201811073873e+04 
       3.600812693636e-03       1.233505027409e+04 
       3.719970362791e-03       1.264820919556e+04 
       3.839664707406e-03       1.295745493672e+04 
       3.959853813072e-03       1.326267558876e+04 
       4.080499736700e-03       1.356377773643e+04 
       4.201568093487e-03       1.386068353481e+04 
       4.323027687306e-03       1.415333083026e+04 
       4.444850180647e-03       1.444166704357e+04 
       4.567009800288e-03       1.472565406837e+04 
       4.689483075068e-03       1.500526179899e+04 
       4.812248602367e-03       1.528047024776e+04 
       4.935286840186e-03       1.555126907665e+04 
       5.058579921982e-03       1.581764666014e+04 
       5.182111491712e-03       1.607960553418e+04 
       5.305866556801e-03       1.633715203638e+04 
       5.429831356981e-03       1.659029512408e+04 
       5.553993247203e-03       1.683904776138e+04 
       5.678340593007e-03       1.708342313878e+04 
       5.802862676925e-03       1.732344993925e+04 
       5.927549614682e-03       1.755915181173e+04 
       6.052392280055e-03       1.779053576028e+04 
       6.177382237451e-03       1.801762700993e+04 
       6.302511681309e-03       1.824047138783e+04 
       6.427773381594e-03       1.845908319353e+04 
       6.553160634691e-03       1.867351089572e+04 
       6.678667219123e-03       1.888378901640e+04 
       6.804287355565e-03       1.908994607018e+04 
       6.930015670697e-03       1.929201722460e+04 
       7.055847164480e-03       1.949003859058e+04 
       7.181777180500e-03       1.968405121461e+04 
       7.307801379070e-03       1.987408289187e+04 
       7.433915712780e-03       2.006017693561e+04 
       7.560116404275e-03       2.024236723910e+04 
       7.686399926014e-03       2.042069485391e+04 
       7.812762981825e-03       2.059519775298e+04 
       7.939202490069e-03       2.076590948575e+04 
       8.065715568266e-03       2.093287402657e+04 
       8.192299519033e-03       2.109612131696e+04 
       8.318951817208e-03       2.125569070036e+04 
       8.445670098062e-03       2.141161811002e+04 
       8.572452146474e-03       2.156394881151e+04 
       8.699295887004e-03       2.171272057005e+04 
       8.826199374763e-03       2.185796064348e+04 
       8.953160787016e-03       2.199971159936e+04 
       9.080178415459e-03       2.213801653152e+04 
       9.207250659091e-03       2.227290779316e+04 
       9.334376017655e-03       2.240441309358e+04 
       9.461553085572e-03       2.253258146501e+04 
       9.588780546346e-03       2.265744640391e+04 
       9.716057167395e-03       2.277903103970e+04 
       9.843381795262e-03       2.289738896440e+04 
       9.970753351189e-03       2.301254222284e+04 
       1.009817082702e-02       2.312453382772e+04 
       1.022563328138e-02       2.323339264281e+04 
       1.035313983621e-02       2.333915344235e+04 
       1.048068967341e-02       2.344184986334e+04 
       1.060828203188e-02       2.354150683490e+04 
       1.073591620467e-02       2.363819719144e+04 
       1.086359153639e-02       2.373189643700e+04 
       1.099130742072e-02       2.382267969838e+04 
       1.111906329821e-02       2.391055785805e+04 
       1.124685865418e-02       2.399556153563e+04 
       1.137469301670e-02       2.407773700194e+04 
       1.150256595483e-02       2.415711871399e+04 
       1.163047707693e-02       2.423371062969e+04 
       1.175842602905e-02       2.430757305302e+04 
       1.188641249350e-02       2.437872546232e+04 
       1.201443618746e-02       2.444719846841e+04 
       1.214249686173e-02       2.451301477041e+04 
       1.227059429957e-02       2.457620704029e+04 
       1.239872831558e-02       2.463682382049e+04 
       1.252689875467e-02       2.469486664400e+04 
       1.265510549116e-02       2.475038167701e+04 
       1.278334842789e-02       2.480340524603e+04 
       1.291162749538e-02       2.485393655947e+04 
       1.303994265110e-02       2.490202924376e+04 
       1.316829387881e-02       2.494769612809e+04 
       1.329668118784e-02       2.499097712637e+04 
       1.342510461258e-02       2.503189915802e+04 
       1.355356421189e-02       2.507048900368e+04 
       1.368206006859e-02       2.510675876789e+04 
       1.381059228906e-02       2.514074307266e+04 
       1.393916100277e-02       2.517248789055e+04 
       1.406776636193e-02       2.520199286835e+04 
       1.419640854111e-02       2.522930575802e+04 
       1.432508773700e-02       2.525444479397e+04 
       1.445380416806e-02       2.527741651113e+04 
       1.458255807434e-02       2.529827369692e+04 
       1.471134971720e-02       2.531703921757e+04 
       1.484017937920e-02       2.533371282906e+04 
       1.496904736387e-02       2.534835859490e+04 
       1.509795399561e-02       2.536096544762e+04 
       1.522689961960e-02       2.537156906121e+04 
       1.535588460169e-02       2.538021641003e+04 
       1.548490932832e-02       2.538689235059e+04 
       1.561397420656e-02       2.539164375045e+04 
       1.574307966400e-02       2.539450033976e+04 
       1.587222614882e-02       2.539547140875e+04 
       1.600141412980e-02       2.539460711015e+04 
       1.613064409636e-02       2.539188407948e+04 
       1.625991655862e-02       2.538736322632e+04 
       1.638923204749e-02       2.538106693821e+04 
       1.651859111480e-02       2.537300643217e+04 
       1.664799433338e-02       2.536318227432e+04 
       1.677744229721e-02       2.535166328534e+04 
       1.690693562161e-02       2.533844686952e+04 
       1.703647494338e-02       2.532353221117e+04 
       1.716606092099e-02       2.530702126339e+04 
       1.729569423481e-02       2.528884576799e+04 
       1.742537558732e-02       2.526908335286e+04 
       1.755510570338e-02       2.524770920786e+04 
       1.768488533045e-02       2.522478594233e+04 
       1.781471523888e-02       2.520033428412e+04 
       1.794459622222e-02       2.517434464749e+04 
       1.807452909752e-02       2.514685126246e+04 
       1.820451470563e-02       2.511789779603e+04 
       1.833455391158e-02       2.508745007410e+04 
       1.846464760492e-02       2.505561381872e+04 
       1.859479670009e-02       2.502234196064e+04 
       1.872500213684e-02       2.498767923339e+04 
       1.885526488061e-02       2.495160835681e+04 
       1.898558592297e-02       2.491423768411e+04 
       1.911596628205e-02       2.487548495282e+04 
       1.924640700304e-02       2.483544256120e+04 
       1.937690915863e-02       2.479408948276e+04 
       1.950747384953e-02       2.475146092974e+04 
       1.963810220498e-02       2.470757504363e+04 
       1.976879538329e-02       2.466245320153e+04 
       1.989955457238e-02       2.461608284467e+04 
       2.003038099040e-02       2.456856346446e+04 
       2.016127588626e-02       2.451983985719e+04 
       2.029224054028e-02       2.446996114825e+04 
       2.042327626483e-02       2.441892998414e+04 
       2.055438440499e-02       2.436679187624e+04 
       2.068556633919e-02       2.431349567394e+04 
       2.081682347996e-02       2.425915634280e+04 
       2.094815727463e-02       2.420374927247e+04 
       2.107956920606e-02       2.414724324288e+04 
       2.121106079346e-02       2.408974154649e+04 
       2.134263359313e-02       2.403120345784e+04 
       2.147428919931e-02       2.397169913703e+04 
       2.160602924503e-02       2.391117671993e+04 
       2.173785540298e-02       2.384968418810e+04 
       2.186976938640e-02       2.378724079223e+04 
       2.200177295002e-02       2.372389936331e+04 
       2.213386789100e-02       2.365960254465e+04 
       2.226605604995e-02       2.359446066607e+04 
       2.239833931193e-02       2.352837446842e+04 
       2.253071960749e-02       2.346147160029e+04 
       2.266319891380e-02       2.339367802951e+04 
       2.279577925570e-02       2.332509577948e+04 
       2.292846270690e-02       2.325562464187e+04 
       2.306125139117e-02       2.318537526920e+04 
       2.319414748354e-02       2.311438424414e+04 
       2.332715321158e-02       2.304256894896e+04 
       2.346027085672e-02       2.297009197500e+04 
       2.359350275556e-02       2.289669459032e+04 
       2.372685130130e-02       2.282272791338e+04 
       2.386031894514e-02       2.274804898861e+04 
       2.399390819777e-02       2.267262161662e+04 
       2.412762163093e-02       2.259649758859e+04 
       2.426146187892e-02       2.251970882138e+04 
       2.439543164029e-02       2.244230712618e+04 
       2.452953367946e-02       2.236429733478e+04 
       2.466377082853e-02       2.228556564367e+04 
       2.479814598899e-02       2.220626183872e+04 
       2.493266213362e-02       2.212635506533e+04 
       2.506732230841e-02       2.204587980001e+04 
       2.520212963448e-02       2.196483176986e+04 
       2.533708731018e-02       2.188325137204e+04 
       2.547219861317e-02       2.180104418401e+04 
       2.560746690259e-02       2.171838890929e+04 
       2.574289562134e-02       2.163515655224e+04 
       2.587848829840e-02       2.155146631411e+04 
       2.601424855124e-02       2.146724781713e+04 
       2.615018008833e-02       2.138257073769e+04 
       2.628628671169e-02       2.129743445856e+04 
       2.642257231958e-02       2.121187345297e+04 
       2.655904090928e-02       2.112581966179e+04 
       2.669569657994e-02       2.103927766299e+04 
       2.683254353554e-02       2.095238949128e+04 
       2.696958608796e-02       2.086506601196e+04 
       2.710682866020e-02       2.077737281993e+04 
       2.724427578962e-02       2.068925788898e+04 
       2.738193213142e-02       2.060073641673e+04 
       2.751980246214e-02       2.051189711691e+04 
       2.765789168337e-02       2.042270967334e+04 
       2.779620482556e-02       2.033312364275e+04 
       2.793474705194e-02       2.024322538137e+04 
       2.807352366270e-02       2.015302669496e+04 
       2.821254009921e-02       2.006247433656e+04 
       2.835180194845e-02       1.997159054007e+04 
       2.849131494763e-02       1.988049807717e+04 
       2.863108498899e-02       1.978910906353e+04 
       2.877111812472e-02       1.969737757240e+04 
       2.891142057220e-02       1.960541284375e+04 
       2.905199871931e-02       1.951319130537e+04 
       2.919285913007e-02       1.942069125989e+04 
       2.933400855045e-02       1.932796519826e+04 
       2.947545391441e-02       1.923500042681e+04 
       2.961720235026e-02       1.914185353920e+04 
       2.975926118717e-02       1.904841363457e+04 
       2.990163796208e-02       1.895477977881e+04 
       3.004434042682e-02       1.886099815459e+04 
       3.018737655555e-02       1.876700984912e+04 
       3.033075455253e-02       1.867277407565e+04 
       3.047448286026e-02       1.857841414750e+04 
       3.061857016788e-02       1.848379594495e+04 
       3.076302542009e-02       1.838914546716e+04 
       3.090785782629e-02       1.829426916748e+04 
       3.105307687032e-02       1.819922238111e+04 
       3.119869232049e-02       1.810401889845e+04 
       3.134471424015e-02       1.800869144388e+04 
       3.149115299874e-02       1.791320972301e+04 
       3.163801928332e-02       1.781766681705e+04 
       3.178532411072e-02       1.772194965712e+04 
       3.193307884017e-02       1.762611679480e+04 
       3.208129518661e-02       1.753016495239e+04 
       3.222998523465e-02       1.743412990602e+04 
       3.237916145315e-02       1.733792963400e+04 
       3.252883671060e-02       1.724168119476e+04 
       3.267902429120e-02       1.714531107816e+04 
       3.282973791180e-02       1.704888658658e+04 
       3.298099173971e-02       1.695233816402e+04 
       3.313280041138e-02       1.685571184792e+04 
       3.328517905210e-02       1.675900827297e+04 
       3.343814329670e-02       1.666225557026e+04 
       3.359170931139e-02       1.656534356679e+04 
       3.374589381675e-02       1.646844750723e+04 
       3.390071411198e-02       1.637147059528e+04 
       3.405618810047e-02       1.627433203627e+04 
       3.421233431678e-02       1.617724655143e+04 
       3.436917195518e-02       1.608009557701e+04 
       3.452672089976e-02       1.598280840060e+04 
       3.468500175632e-02       1.588546299879e+04 
       3.484403588603e-02       1.578810391553e+04 
       3.500384544118e-02       1.569070117671e+04 
       3.516445340293e-02       1.559321904656e+04 
       3.532588362145e-02       1.549564784366e+04 
       3.548816085839e-02       1.539808318032e+04 
       3.565131083206e-02       1.530042714660e+04 
       3.581536026536e-02       1.520269735710e+04 
       3.598033693675e-02       1.510491118713e+04 
       3.614626973450e-02       1.500712949776e+04 
       3.631318871440e-02       1.490921747700e+04 
       3.648112516130e-02       1.481124630129e+04 
       3.665011165467e-02       1.471327630120e+04 
       3.682018213864e-02       1.461512607406e+04 
       3.699137199672e-02       1.451699272328e+04 
       3.716371813175e-02       1.441874454787e+04 
       3.733725905139e-02       1.432043473191e+04 
       3.751203495968e-02       1.422207289956e+04 
       3.768808785517e-02       1.412363058484e+04 
       3.786546163621e-02       1.402509619466e+04 
       3.804420221400e-02       1.392640054273e+04 
       3.822435763412e-02       1.382767927761e+04 
       3.840597820729e-02       1.372881354814e+04 
       3.858911665022e-02       1.362983995839e+04 
       3.877382823744e-02       1.353078963631e+04 
       3.896017096531e-02       1.343159531164e+04 
       3.914820572912e-02       1.333225766615e+04 
       3.933799651479e-02       1.323278503462e+04 
       3.952961060649e-02       1.313311636226e+04 
       3.972311881184e-02       1.303335793380e+04 
       3.991859570646e-02       1.293337241989e+04 
       4.011611989981e-02       1.283325248340e+04 
       4.031577432478e-02       1.273295645933e+04 
       4.051764655330e-02       1.263238666166e+04 
       4.072182914103e-02       1.253159440622e+04 
       4.092842000428e-02       1.243056557924e+04 
       4.113752283270e-02       1.232934128155e+04 
       4.134924754215e-02       1.222786268931e+04 
       4.156371077201e-02       1.212606159858e+04 
       4.178103643268e-02       1.202394624007e+04 
       4.200135630908e-02       1.192160892425e+04 
       4.222481072715e-02       1.181877283830e+04 
       4.245154929133e-02       1.171572633694e+04 
       4.268173170212e-02       1.161221164887e+04 
       4.291552866430e-02       1.150833875394e+04 
       4.315312289772e-02       1.140390949226e+04 
       4.339471026507e-02       1.129911935316e+04 
       4.364050103247e-02       1.119379277473e+04 
       4.389072128219e-02       1.108797687941e+04 
       4.414561449945e-02       1.098154820917e+04 
       4.440544335924e-02       1.087455099278e+04 
       4.467049174356e-02       1.076688761217e+04 
       4.494106702499e-02       1.065854317184e+04 
       4.521750265889e-02       1.054951974122e+04 
       4.550016113459e-02       1.043969507414e+04 
       4.578943734550e-02       1.032904441430e+04 
       4.608576244960e-02       1.021747342270e+04 
       4.638960830631e-02       1.010499336493e+04 
       4.670149259324e-02       9.991398328270e+03 
       4.702198472785e-02       9.876780156918e+03 
       4.735171274612e-02       9.760961061801e+03 
       4.769137132355e-02       9.643895470115e+03 
       4.804173116565e-02       9.525468949431e+03 
       4.840365004720e-02       9.405554458661e+03 
       4.877808584554e-02       9.284060009583e+03 
       4.916611199626e-02       9.160845898931e+03 
       4.956893590514e-02       9.035821941451e+03 
       4.998792098423e-02       8.908762010053e+03 
       5.042461315084e-02       8.779505619921e+03 
       5.088077284597e-02       8.647863663970e+03 
       5.135841390588e-02       8.513664433908e+03 
       5.185985097268e-02       8.376593704547e+03 
       5.238775757251e-02       8.236352521170e+03 
       5.294523753990e-02       8.092668794957e+03 
       5.353591313136e-02       7.945178199020e+03 
       5.416403393891e-02       7.793415083720e+03 
       5.483461152136e-02       7.636868466005e+03 
       5.555358534914e-02       7.474990388366e+03 
       5.632802581481e-02       7.307103530274e+03 
       5.716637887099e-02       7.132419473104e+03 
       5.807875266862e-02       6.949925418683e+03 
       5.907723625763e-02       6.758489025070e+03 
       6.017621843407e-02       6.556742204000e+03 
       6.139263231739e-02       6.343048833628e+03 
       6.274597681226e-02       6.115436059731e+03 
       6.425785303435e-02       5.871683006582e+03 
       6.595062403837e-02       5.609298069542e+03 
       6.784476184349e-02       5.325757777749e+03 
       6.995472178243e-02       5.019061601584e+03 
       7.228405531365e-02       4.688517933010e+03 
       7.482177445369e-02       4.335586367377e+03 
       7.754252339652e-02       3.964871848003e+03 
       8.041144658632e-02       3.584186934760e+03 
       8.339154302514e-02       3.203624797005e+03 
       8.644988656118e-02       2.834107409380e+03 
       8.956066710664e-02       2.485709309470e+03 
       9.270538144214e-02       2.166530271182e+03 
       9.587154477471e-02       1.881852705699e+03 
       9.905106129801e-02       1.633984517271e+03 
       1.022388126709e-01       1.422663994455e+03 
       1.054316138810e-01       1.245501613973e+03 
       1.086275022458e-01       1.098665495138e+03 
       1.118252754596e-01       9.775976760766e+02 
       1.150241995918e-01       8.774456016158e+02 
       1.182238275066e-01       7.934443774557e+02 
       1.214238870508e-01       7.213273941949e+02 
       1.246242126085e-01       6.573768420372e+02 
       1.278247033504e-01       5.986289880519e+02 
       1.310252978217e-01       5.429686356977e+02 
       1.342259584932e-01       4.891212773989e+02 
       1.374266623763e-01       4.365653682689e+02 
       1.406273953242e-01       3.854412026306e+02 
       1.438281485712e-01       3.363257210881e+02 
       1.470289166315e-01       2.900303395835e+02 
       1.502296960226e-01       2.473846287398e+02 
       1.534304844897e-01       2.090729159522e+02 
       1.566312805340e-01       1.755189876603e+02 
       1.598320831255e-01       1.468502663323e+02 
       1.630328915276e-01       1.228996287849e+02 
       1.662337051901e-01       1.032852070141e+02 
       1.694345236836e-01       8.746341872052e+01 
       1.726353466587e-01       7.482112568140e+01 
       1.758361738207e-01       6.473862345149e+01 
       1.790370049142e-01       5.663230014120e+01 
       1.822378397126e-01       4.999533777059e+01 
       1.854386780118e-01       4.443212903380e+01 
       1.886395196254e-01       3.953623602441e+01 
       1.918403643822e-01       3.502447880274e+01 
       1.950412121240e-01       3.072298924737e+01 
       1.982420627033e-01       2.654506928873e+01 
       2.014429159831e-01       2.248920172774e+01 
       2.046437718350e-01       1.861549374221e+01 
       2.078446301391e-01       1.501091922208e+01 
       2.110454907826e-01       1.176395458744e+01 
       2.142463536600e-01       8.939807032967e+00 
       2.174472186716e-01       6.575392591948e+00 
       2.206480857239e-01       4.670547085450e+00 
       2.238489547288e-01       3.198204463536e+00 
       2.270498256030e-01       2.108370697290e+00 
       2.302506982680e-01       1.337310715352e+00 
       2.334515726498e-01       8.157344569574e-01 
       2.366524486781e-01       4.781706420903e-01 
       2.398533262865e-01       2.677349902095e-01 
       2.430542054123e-01       1.407432882422e-01 
       2.462550859960e-01       6.681426144733e-02 
       2.494559679809e-01       2.439221211546e-02 
       2.526568513136e-01       4.179742378935e-03 
       2.558577359431e-01       5.425340299129e-04 
       2.590586218210e-01       1.259858879549e-02 
       2.622595089015e-01       4.259020058518e-02 
       2.654603971406e-01       9.424636508450e-02 
       2.686612864968e-01       1.721810100027e-01 
       2.718621769304e-01       2.803598303796e-01 
       2.750630684036e-01       4.202736382747e-01 
       2.782639608802e-01       5.896637932715e-01 
       2.814648543258e-01       7.818629216309e-01 
       2.846657487076e-01       9.864097978553e-01 
       2.878666439942e-01       1.190528301045e+00 
       2.910675401555e-01       1.382121505202e+00 
       2.942684371629e-01       1.550166468806e+00 
       2.974693349888e-01       1.690453433904e+00 
       3.006702336071e-01       1.797046388093e+00 
       3.038711329925e-01       1.870836611379e+00 
       3.070720331209e-01       1.914630736609e+00 
       3.102729339693e-01       1.932189687246e+00 
       3.134738355154e-01       1.931070619343e+00 
       3.166747377380e-01       1.918584448552e+00 
       3.198756406167e-01       1.902316127694e+00 
       3.230765441318e-01       1.888042765526e+00 
       3.262774482646e-01       1.881924989290e+00 
       3.294783529970e-01       1.882312539535e+00 
       3.326792583116e-01       1.892627145406e+00 
       3.358801641916e-01       1.910503173937e+00 
       3.390810706209e-01       1.933567766714e+00 
       3.422819775842e-01       1.959055013606e+00 
       3.454828850664e-01       1.984234421750e+00 
       3.486837930533e-01       2.005778936849e+00 
       3.518847015309e-01       2.020827787424e+00 
       3.550856104860e-01       2.025982673660e+00 
       3.582865199057e-01       2.018454799201e+00 
       3.614874297775e-01       1.997062030574e+00 
       3.646883400897e-01       1.961560050630e+00 
       3.678892508305e-01       1.913607674253e+00 
       3.710901619889e-01       1.855685896172e+00 
       3.742910735541e-01       1.791087507992e+00 
       3.774919855157e-01       1.722725231392e+00 
       3.806928978636e-01       1.653098706723e+00 
       3.838938105883e-01       1.584239397260e+00 
       3.870947236802e-01       1.517390520654e+00 
       3.902956371303e-01       1.453812175557e+00 
       3.934965509299e-01       1.394317736101e+00 
       3.966974650704e-01       1.339332592753e+00 
       3.998983795436e-01       1.289475560278e+00 
       4.030992943416e-01       1.243488385904e+00 
       4.063002094566e-01       1.201085786919e+00 
       4.095011248813e-01       1.160478488226e+00 
       4.127020406083e-01       1.120834309104e+00 
       4.159029566306e-01       1.081061276049e+00 
       4.191038729415e-01       1.040966256597e+00 
       4.223047895344e-01       9.996399603792e-01 
       4.255057064029e-01       9.577677144166e-01 
       4.287066235407e-01       9.153405365693e-01 
       4.319075409420e-01       8.721651406605e-01 
       4.351084586007e-01       8.283195600631e-01 
       4.383093765114e-01       7.839962957801e-01 
       4.415102946685e-01       7.397769111671e-01 
       4.447112130665e-01       6.960451395278e-01 
       4.479121317005e-01       6.537310929168e-01 
       4.511130505653e-01       6.133550284155e-01 
       4.543139696560e-01       5.752291330641e-01 
       4.575148889678e-01       5.394974584065e-01 
       4.607158084962e-01       5.059984195440e-01 
       4.639167282367e-01       4.747256936674e-01 
       4.671176481848e-01       4.454778472122e-01 
       4.703185683363e-01       4.181537601329e-01 
       4.735194886871e-01       3.926582858413e-01 
       4.767204092332e-01       3.689816602930e-01 
       4.799213299706e-01       3.467047413473e-01 
       4.831222508955e-01       3.255858741410e-01 
       4.863231720042e-01       3.053280449598e-01 
       4.895240932930e-01       2.856419129649e-01 
       4.927250147586e-01       2.664446379552e-01 
       4.959259363973e-01       2.477855899738e-01 
       4.991268582060e-01       2.297407459202e-01 
       5.023277801812e-01       2.124817912778e-01 
       5.055287023199e-01       1.960527357335e-01 
       5.087296246190e-01       1.804064402713e-01 
       5.119305470754e-01       1.656526968824e-01 
       5.151314696862e-01       1.516744873249e-01 
       5.183323924486e-01       1.385504810367e-01 
       5.215333153596e-01       1.264133157580e-01 
       5.247342384167e-01       1.152219159285e-01 
       5.279351616170e-01       1.049604765552e-01 
       5.311360849582e-01       9.561231651733e-02 
       5.343370084375e-01       8.705202712427e-02 
       5.375379320525e-01       7.918011996219e-02 
       5.407388558009e-01       7.187817349092e-02 
       5.439397796802e-01       6.508159203946e-02 
       5.471407036881e-01       5.877626323698e-02 
       5.503416278224e-01       5.295008481145e-02 
       5.535425520809e-01       4.758637367832e-02 
       5.567434764615e-01       4.265150951060e-02 
       5.599444009620e-01       3.808693153083e-02 
       5.631453255804e-01       3.385035563888e-02 
       5.663462503146e-01       2.990592535983e-02 
       5.695471751628e-01       2.625602214950e-02 
       5.727481001230e-01       2.290378784032e-02 
       5.759490251934e-01       1.986217323081e-02 
       5.791499503720e-01       1.712864924244e-02 
       5.823508756572e-01       1.469202985524e-02 
       5.855518010472e-01       1.251943891377e-02 
       5.887527265401e-01       1.057877442639e-02 
       5.919536521345e-01       8.851513691120e-03 
       5.951545778286e-01       7.328650147974e-03 
       5.983555036209e-01       5.991180912650e-03 
       6.015564295096e-01       4.841450014228e-03 
       6.047573554935e-01       3.864325698787e-03 
       6.079582815708e-01       3.038514681612e-03 
       6.111592077402e-01       2.342560330800e-03 
       6.143601340002e-01       1.755344646546e-03 
       6.175610603493e-01       1.263414715039e-03 
       6.207619867863e-01       8.642480983330e-04 
       6.239629133098e-01       5.480747217617e-04 
       6.271638399183e-01       3.112281154340e-04 
       6.303647666107e-01       1.472771798628e-04 
       6.335656933856e-01       4.718200773498e-05 
       6.367666202419e-01       3.291431953131e-06 
       6.399675471782e-01       9.576768601313e-06 
       6.431684741934e-01       6.230294372649e-05 
       6.463694012863e-01       1.574571939855e-04 
       6.495703284558e-01       2.897482733821e-04 
       6.527712557006e-01       4.515938966176e-04 
       6.559721830198e-01       6.364852649669e-04 
       6.591731104123e-01       8.372180196908e-04 
       6.623740378769e-01       1.054181966420e-03 
       6.655749654126e-01       1.283828808192e-03 
       6.687758930185e-01       1.525816144122e-03 
       6.719768206934e-01       1.779345742445e-03 
       6.751777484365e-01       2.035248024895e-03 
       6.783786762467e-01       2.291441559434e-03 
       6.815796041230e-01       2.540490382648e-03 
       6.847805320647e-01       2.782779028817e-03 
       6.879814600707e-01       3.021287060348e-03 
       6.911823881402e-01       3.257354504633e-03 
       6.943833162723e-01       3.492012954169e-03 
       6.975842444660e-01       3.731107667868e-03 
       7.007851727207e-01       3.960714114778e-03 
       7.039861010353e-01       4.180244745462e-03 
       7.071870294092e-01       4.382416801446e-03 
       7.103879578415e-01       4.570053744516e-03 
       7.135888863315e-01       4.743523395844e-03 
       7.167898148783e-01       4.937336678812e-03 
       7.199907434812e-01       5.079785670007e-03 
       7.231916721394e-01       5.237351494996e-03 
       7.263926008523e-01       5.389525610694e-03 
       7.295935296190e-01       5.509796479985e-03 
       7.327944584389e-01       5.618532555234e-03 
       7.359953873114e-01       5.708483923528e-03 
       7.391963162356e-01       5.785807919909e-03 
       7.423972452110e-01       5.853134783227e-03 
       7.455981742368e-01       5.920752035729e-03 
       7.487991033125e-01       5.977287707870e-03 
       8.175393302960e-01       5.043971131790e-03 
       9.166195684583e-01       1.825619847167e-03 
       1.073647767312e+00       4.534340146636e-05 
       1.322926368989e+00       4.050411347560e-05 
       1.662966716654e+00       1.349827686794e-06 
       2.093505716456e+00       3.697248688075e-09 
       2.635567386141e+00       4.366098179574e-08 
       3.317982756830e+00       1.069646325676e-08 
       4.177092808468e+00       4.268186800144e-09 
       5.258648284003e+00       1.715377095209e-09 
       6.620245956419e+00       6.149037940072e-10 
       8.334395866863e+00       1.889236579462e-10 
       1.049238274875e+01       8.225044814831e-11 
       1.320912727267e+01       3.325066740733e-11 
       1.662930599118e+01       1.627115636873e-11 
       2.093505589280e+01       7.535943495951e-13 
       2.635567386078e+01       4.444760901306e-13 
       3.317982756830e+01       6.179190643376e-12 
       4.177092808468e+01       6.860185972481e-12 
       5.258648284003e+01       6.162129240193e-11 
       6.620245956419e+01       5.266258147759e-14 
       8.334395866863e+01       7.578984270494e-12 
       1.049238274875e+02       4.448193129361e-10 
