# Matter power spectrum P(k) at redshift z=0
# for k=1.03892e-05 to 104.924 h/Mpc,
# number of wavenumbers equal to 622
#    1:k (h/Mpc)              2:P (Mpc/h)^3        
       1.038922642939e-05       4.698341204401e+01 
       2.321812845909e-05       1.026212067098e+02 
       3.609173376214e-05       1.575262295408e+02 
       4.904439972694e-05       2.121921728572e+02 
       6.211104704304e-05       2.669140105623e+02 
       7.532746857735e-05       3.219213747806e+02 
       8.873064804491e-05       3.774162206947e+02 
       1.023590926816e-04       4.335884119936e+02 
       1.162531841578e-04       4.906238901132e+02 
       1.304555520066e-04       5.487097420030e+02 
       1.450114738457e-04       6.080378311631e+02 
       1.599693066204e-04       6.688077240027e+02 
       1.753809529236e-04       7.312292564721e+02 
       1.913023661048e-04       7.955249405111e+02 
       2.077940972509e-04       8.619323143753e+02 
       2.249218861033e-04       9.307062988970e+02 
       2.427572963948e-04       1.002121584130e+03 
       2.613783937365e-04       1.076475069967e+03 
       2.808704608154e-04       1.154088301038e+03 
       3.013267399410e-04       1.235309910888e+03 
       3.228491865615e-04       1.320517948629e+03 
       3.455492088575e-04       1.410122014551e+03 
       3.695483575494e-04       1.504565019150e+03 
       3.949789163640e-04       1.604324385792e+03 
       4.219843271948e-04       1.709912394039e+03 
       4.507193653101e-04       1.821875360712e+03 
       4.813499602484e-04       1.940791219809e+03 
       5.140525396193e-04       2.067265069403e+03 
       5.490127597170e-04       2.201922179040e+03 
       5.864234841228e-04       2.345397991281e+03 
       6.264818863381e-04       2.498324776449e+03 
       6.693855925968e-04       2.661314711491e+03 
       7.153278528513e-04       2.834939569894e+03 
       7.644918338936e-04       3.019707566066e+03 
       8.170442633386e-04       3.216038487032e+03 
       8.731288006755e-04       3.424238766069e+03 
       9.328596442615e-04       3.644478512648e+03 
       9.963159659542e-04       3.876773031676e+03 
       1.063537764581e-03       4.120970903549e+03 
       1.134523626239e-03       4.376750519872e+03 
       1.209230679194e-03       4.643625771944e+03 
       1.287576767919e-03       4.920960933349e+03 
       1.369444599257e-03       5.207978116461e+03 
       1.454687391959e-03       5.503802912247e+03 
       1.543135431684e-03       5.807525482790e+03 
       1.634602912099e-03       6.118173244763e+03 
       1.728894515478e-03       6.434761509440e+03 
       1.825811320550e-03       6.756317478979e+03 
       1.925155782887e-03       7.081899475739e+03 
       2.026735681319e-03       7.410611714111e+03 
       2.130367042364e-03       7.741614405796e+03 
       2.235876135455e-03       8.074130720257e+03 
       2.343100676636e-03       8.407448910149e+03 
       2.451890394377e-03       8.740922944434e+03 
       2.562107107073e-03       9.073971032853e+03 
       2.673624445823e-03       9.406072202455e+03 
       2.786327334635e-03       9.736762920206e+03 
       2.900111317649e-03       1.006563221317e+04 
       3.014881802039e-03       1.039231917135e+04 
       3.130553267074e-03       1.071650486159e+04 
       3.247048475047e-03       1.103791246261e+04 
       3.364297708069e-03       1.135629810500e+04 
       3.482238045923e-03       1.167145301260e+04 
       3.600812693636e-03       1.198319322362e+04 
       3.719970362791e-03       1.229136496900e+04 
       3.839664707406e-03       1.259583136904e+04 
       3.959853813072e-03       1.289647984286e+04 
       4.080499736700e-03       1.319321564955e+04 
       4.201568093487e-03       1.348595580171e+04 
       4.323027687306e-03       1.377463834966e+04 
       4.444850180647e-03       1.405920368587e+04 
       4.567009800288e-03       1.433961727418e+04 
       4.689483075068e-03       1.461584091168e+04 
       4.812248602367e-03       1.488785368677e+04 
       4.935286840186e-03       1.515564289393e+04 
       5.058579921982e-03       1.541919578324e+04 
       5.182111491712e-03       1.567850919963e+04 
       5.305866556801e-03       1.593358773920e+04 
       5.429831356981e-03       1.618443578095e+04 
       5.553993247203e-03       1.643106814659e+04 
       5.678340593006e-03       1.667349365875e+04 
       5.802862676925e-03       1.691173619224e+04 
       5.927549614681e-03       1.714582291524e+04 
       6.052392280055e-03       1.737579705503e+04 
       6.177382237450e-03       1.760162038200e+04 
       6.302511681309e-03       1.782333784065e+04 
       6.427773381594e-03       1.804100900491e+04 
       6.553160634691e-03       1.825463260282e+04 
       6.678667219122e-03       1.846412970890e+04 
       6.804287355565e-03       1.866977523860e+04 
       6.930015670697e-03       1.887148363336e+04 
       7.055847164479e-03       1.906929812755e+04 
       7.181777180500e-03       1.926324185625e+04 
       7.307801379070e-03       1.945334989270e+04 
       7.433915712780e-03       1.963967430583e+04 
       7.560116404275e-03       1.982223560744e+04 
       7.686399926014e-03       2.000107541983e+04 
       7.812762981824e-03       2.017623096649e+04 
       7.939202490069e-03       2.034773749517e+04 
       8.065715568266e-03       2.051562876156e+04 
       8.192299519032e-03       2.067994799297e+04 
       8.318951817208e-03       2.084072539203e+04 
       8.445670098061e-03       2.099799754627e+04 
       8.572452146473e-03       2.115180233296e+04 
       8.699295887004e-03       2.130218202193e+04 
       8.826199374762e-03       2.144917041901e+04 
       8.953160787016e-03       2.159279615018e+04 
       9.080178415458e-03       2.173309891749e+04 
       9.207250659091e-03       2.187013944359e+04 
       9.334376017655e-03       2.200391952096e+04 
       9.461553085571e-03       2.213448869000e+04 
       9.588780546346e-03       2.226188106549e+04 
       9.716057167395e-03       2.238612997959e+04 
       9.843381795261e-03       2.250726922206e+04 
       9.970753351188e-03       2.262534835282e+04 
       1.009817082702e-02       2.274037907908e+04 
       1.022563328138e-02       2.285240959512e+04 
       1.035313983621e-02       2.296146750559e+04 
       1.048068967341e-02       2.306756980267e+04 
       1.060828203188e-02       2.317079786428e+04 
       1.073591620467e-02       2.327116139791e+04 
       1.086359153639e-02       2.336865130764e+04 
       1.099130742072e-02       2.346335850302e+04 
       1.111906329821e-02       2.355530480682e+04 
       1.124685865418e-02       2.364446866076e+04 
       1.137469301670e-02       2.373094115563e+04 
       1.150256595483e-02       2.381475078895e+04 
       1.163047707693e-02       2.389588383591e+04 
       1.175842602905e-02       2.397442626214e+04 
       1.188641249350e-02       2.405037012278e+04 
       1.201443618746e-02       2.412375421812e+04 
       1.214249686173e-02       2.419461044789e+04 
       1.227059429957e-02       2.426297692652e+04 
       1.239872831558e-02       2.432887368498e+04 
       1.252689875467e-02       2.439231944024e+04 
       1.265510549116e-02       2.445335136663e+04 
       1.278334842789e-02       2.451201635192e+04 
       1.291162749538e-02       2.456831480672e+04 
       1.303994265110e-02       2.462230355916e+04 
       1.316829387881e-02       2.467398527735e+04 
       1.329668118784e-02       2.472340558756e+04 
       1.342510461258e-02       2.477057177961e+04 
       1.355356421189e-02       2.481553197113e+04 
       1.368206006859e-02       2.485829136698e+04 
       1.381059228906e-02       2.489891176134e+04 
       1.393916100277e-02       2.493737557794e+04 
       1.406776636193e-02       2.497373571664e+04 
       1.419640854111e-02       2.500802196183e+04 
       1.432508773700e-02       2.504025577664e+04 
       1.445380416806e-02       2.507044090944e+04 
       1.458255807434e-02       2.509862902725e+04 
       1.471134971720e-02       2.512483462965e+04 
       1.484017937920e-02       2.514908631265e+04 
       1.496904736387e-02       2.517140689704e+04 
       1.509795399561e-02       2.519182145268e+04 
       1.522689961960e-02       2.521035403485e+04 
       1.535588460168e-02       2.522703286943e+04 
       1.548490932832e-02       2.524187654299e+04 
       1.561397420656e-02       2.525490951812e+04 
       1.574307966400e-02       2.526616225028e+04 
       1.587222614882e-02       2.527565946438e+04 
       1.600141412980e-02       2.528340207145e+04 
       1.613064409636e-02       2.528942532135e+04 
       1.625991655862e-02       2.529376649328e+04 
       1.638923204749e-02       2.529643567626e+04 
       1.651859111480e-02       2.529745342593e+04 
       1.664799433338e-02       2.529686459724e+04 
       1.677744229721e-02       2.529465761252e+04 
       1.690693562161e-02       2.529089654241e+04 
       1.703647494338e-02       2.528554190864e+04 
       1.716606092099e-02       2.527864556498e+04 
       1.729569423481e-02       2.527025719554e+04 
       1.742537558732e-02       2.526035791603e+04 
       1.755510570338e-02       2.524901991190e+04 
       1.768488533045e-02       2.523620486795e+04 
       1.781471523888e-02       2.522197835293e+04 
       1.794459622222e-02       2.520634275205e+04 
       1.807452909752e-02       2.518928458399e+04 
       1.820451470563e-02       2.517088305475e+04 
       1.833455391158e-02       2.515115726029e+04 
       1.846464760492e-02       2.513008927757e+04 
       1.859479670009e-02       2.510770458622e+04 
       1.872500213684e-02       2.508405948096e+04 
       1.885526488061e-02       2.505913020198e+04 
       1.898558592297e-02       2.503294354964e+04 
       1.911596628205e-02       2.500554193917e+04 
       1.924640700304e-02       2.497692412041e+04 
       1.937690915863e-02       2.494711710287e+04 
       1.950747384953e-02       2.491615513162e+04 
       1.963810220498e-02       2.488403220966e+04 
       1.976879538328e-02       2.485078564139e+04 
       1.989955457238e-02       2.481642850117e+04 
       2.003038099040e-02       2.478093519938e+04 
       2.016127588626e-02       2.474443625061e+04 
       2.029224054028e-02       2.470684379611e+04 
       2.042327626483e-02       2.466817393221e+04 
       2.055438440499e-02       2.462852256585e+04 
       2.068556633919e-02       2.458786979571e+04 
       2.081682347996e-02       2.454623985952e+04 
       2.094815727463e-02       2.450359584506e+04 
       2.107956920606e-02       2.446004287342e+04 
       2.121106079346e-02       2.441553519758e+04 
       2.134263359312e-02       2.437011484352e+04 
       2.147428919931e-02       2.432378898960e+04 
       2.160602924503e-02       2.427657904271e+04 
       2.173785540298e-02       2.422851045064e+04 
       2.186976938640e-02       2.417958086443e+04 
       2.200177295002e-02       2.412976602504e+04 
       2.213386789099e-02       2.407922571398e+04 
       2.226605604995e-02       2.402786695273e+04 
       2.239833931192e-02       2.397566679702e+04 
       2.253071960749e-02       2.392274598482e+04 
       2.266319891380e-02       2.386907297539e+04 
       2.279577925570e-02       2.381465394954e+04 
       2.292846270690e-02       2.375948222922e+04 
       2.306125139117e-02       2.370363190320e+04 
       2.319414748354e-02       2.364702201362e+04 
       2.332715321158e-02       2.358981202305e+04 
       2.346027085672e-02       2.353189670829e+04 
       2.359350275556e-02       2.347334699093e+04 
       2.372685130130e-02       2.341414601457e+04 
       2.386031894513e-02       2.335433771958e+04 
       2.399390819777e-02       2.329390037176e+04 
       2.412762163093e-02       2.323294554389e+04 
       2.426146187892e-02       2.317135246457e+04 
       2.439543164029e-02       2.310919547292e+04 
       2.452953367946e-02       2.304644632493e+04 
       2.466377082853e-02       2.298320713369e+04 
       2.479814598899e-02       2.291943880198e+04 
       2.493266213362e-02       2.285518853866e+04 
       2.506732230841e-02       2.279042025108e+04 
       2.520212963448e-02       2.272512966488e+04 
       2.533708731018e-02       2.265938695523e+04 
       2.547219861317e-02       2.259315767374e+04 
       2.560746690259e-02       2.252650720240e+04 
       2.574289562134e-02       2.245944778401e+04 
       2.587848829840e-02       2.239192261319e+04 
       2.601424855124e-02       2.232402808212e+04 
       2.615018008833e-02       2.225564265289e+04 
       2.628628671169e-02       2.218693568413e+04 
       2.642257231958e-02       2.211786712279e+04 
       2.655904090928e-02       2.204840390262e+04 
       2.669569657994e-02       2.197854639513e+04 
       2.683254353554e-02       2.190846282770e+04 
       2.696958608796e-02       2.183793004697e+04 
       2.710682866019e-02       2.176712676010e+04 
       2.724427578962e-02       2.169599808945e+04 
       2.738193213142e-02       2.162458646743e+04 
       2.751980246214e-02       2.155287979738e+04 
       2.765789168337e-02       2.148086114150e+04 
       2.779620482556e-02       2.140863699210e+04 
       2.793474705194e-02       2.133608224846e+04 
       2.807352366270e-02       2.126330150464e+04 
       2.821254009921e-02       2.119024409110e+04 
       2.835180194844e-02       2.111702956748e+04 
       2.849131494763e-02       2.104354861329e+04 
       2.863108498899e-02       2.096989338045e+04 
       2.877111812472e-02       2.089595034659e+04 
       2.891142057220e-02       2.082181085684e+04 
       2.905199871931e-02       2.074756131907e+04 
       2.919285913007e-02       2.067311980163e+04 
       2.933400855045e-02       2.059847661792e+04 
       2.947545391441e-02       2.052366787800e+04 
       2.961720235026e-02       2.044874657699e+04 
       2.975926118717e-02       2.037358837384e+04 
       2.990163796208e-02       2.029840249539e+04 
       3.004434042682e-02       2.022304939278e+04 
       3.018737655555e-02       2.014756812226e+04 
       3.033075455253e-02       2.007193729515e+04 
       3.047448286026e-02       1.999622412564e+04 
       3.061857016788e-02       1.992040897157e+04 
       3.076302542009e-02       1.984446484912e+04 
       3.090785782629e-02       1.976846222073e+04 
       3.105307687032e-02       1.969241258795e+04 
       3.119869232049e-02       1.961621639346e+04 
       3.134471424015e-02       1.954001018251e+04 
       3.149115299874e-02       1.946367327203e+04 
       3.163801928332e-02       1.938736676607e+04 
       3.178532411072e-02       1.931096476871e+04 
       3.193307884016e-02       1.923444869619e+04 
       3.208129518661e-02       1.915801817234e+04 
       3.222998523465e-02       1.908150605977e+04 
       3.237916145315e-02       1.900489679484e+04 
       3.252883671060e-02       1.892824322123e+04 
       3.267902429119e-02       1.885165161292e+04 
       3.282973791180e-02       1.877501431742e+04 
       3.298099173971e-02       1.869840103263e+04 
       3.313280041138e-02       1.862177118210e+04 
       3.328517905210e-02       1.854503427472e+04 
       3.343814329670e-02       1.846842572713e+04 
       3.359170931139e-02       1.839174871652e+04 
       3.374589381675e-02       1.831511501655e+04 
       3.390071411198e-02       1.823846625589e+04 
       3.405618810047e-02       1.816186288482e+04 
       3.421233431678e-02       1.808523152831e+04 
       3.436917195518e-02       1.800863046568e+04 
       3.452672089976e-02       1.793209313629e+04 
       3.468500175632e-02       1.785557354691e+04 
       3.484403588603e-02       1.777905626580e+04 
       3.500384544118e-02       1.770259298463e+04 
       3.516445340293e-02       1.762612941877e+04 
       3.532588362145e-02       1.754973587581e+04 
       3.548816085839e-02       1.747334260080e+04 
       3.565131083206e-02       1.739701299591e+04 
       3.581536026535e-02       1.732075310888e+04 
       3.598033693675e-02       1.724444051440e+04 
       3.614626973450e-02       1.716828218279e+04 
       3.631318871440e-02       1.709210667028e+04 
       3.648112516130e-02       1.701591034256e+04 
       3.665011165467e-02       1.693984026504e+04 
       3.682018213864e-02       1.686375589383e+04 
       3.699137199672e-02       1.678773510429e+04 
       3.716371813175e-02       1.671180366949e+04 
       3.733725905139e-02       1.663588531727e+04 
       3.751203495968e-02       1.656003206661e+04 
       3.768808785517e-02       1.648411206442e+04 
       3.786546163621e-02       1.640832001464e+04 
       3.804420221400e-02       1.633254685948e+04 
       3.822435763412e-02       1.625683415769e+04 
       3.840597820729e-02       1.618112510770e+04 
       3.858911665021e-02       1.610551198150e+04 
       3.877382823744e-02       1.602981722522e+04 
       3.896017096531e-02       1.595422542003e+04 
       3.914820572912e-02       1.587859729610e+04 
       3.933799651479e-02       1.580305787274e+04 
       3.952961060649e-02       1.572748634217e+04 
       3.972311881184e-02       1.565196238642e+04 
       3.991859570646e-02       1.557638630015e+04 
       4.011611989981e-02       1.550084946753e+04 
       4.031577432478e-02       1.542530768680e+04 
       4.051764655330e-02       1.534980839092e+04 
       4.072182914103e-02       1.527418857919e+04 
       4.092842000427e-02       1.519865922112e+04 
       4.113752283270e-02       1.512304926795e+04 
       4.134924754215e-02       1.504732502462e+04 
       4.156371077200e-02       1.497165043649e+04 
       4.178103643268e-02       1.489590298197e+04 
       4.200135630908e-02       1.482010804993e+04 
       4.222481072715e-02       1.474422950317e+04 
       4.245154929133e-02       1.466827091019e+04 
       4.268173170212e-02       1.459222522832e+04 
       4.291552866429e-02       1.451606982381e+04 
       4.315312289772e-02       1.443973022803e+04 
       4.339471026507e-02       1.436330411479e+04 
       4.364050103247e-02       1.428679195518e+04 
       4.389072128218e-02       1.421004510115e+04 
       4.414561449944e-02       1.413315112824e+04 
       4.440544335924e-02       1.405603791722e+04 
       4.467049174356e-02       1.397868081827e+04 
       4.494106702499e-02       1.390111134700e+04 
       4.521750265889e-02       1.382336549867e+04 
       4.550016113459e-02       1.374519918444e+04 
       4.578943734550e-02       1.366678396672e+04 
       4.608576244959e-02       1.358800105610e+04 
       4.638960830630e-02       1.350886466292e+04 
       4.670149259324e-02       1.342928418984e+04 
       4.702198472785e-02       1.334929756467e+04 
       4.735171274612e-02       1.326883774567e+04 
       4.769137132355e-02       1.318776814511e+04 
       4.804173116565e-02       1.310617469544e+04 
       4.840365004720e-02       1.302391938416e+04 
       4.877808584554e-02       1.294097287821e+04 
       4.916611199626e-02       1.285726981477e+04 
       4.956893590514e-02       1.277269398245e+04 
       4.998792098422e-02       1.268714535555e+04 
       5.042461315084e-02       1.260058631074e+04 
       5.088077284597e-02       1.251283852450e+04 
       5.135841390588e-02       1.242384642367e+04 
       5.185985097268e-02       1.233339520968e+04 
       5.238775757251e-02       1.224127207921e+04 
       5.294523753989e-02       1.214737502525e+04 
       5.353591313136e-02       1.205120174407e+04 
       5.416403393891e-02       1.195262685391e+04 
       5.483461152136e-02       1.185119974071e+04 
       5.555358534914e-02       1.174642928654e+04 
       5.632802581481e-02       1.163764674046e+04 
       5.716637887099e-02       1.152405650089e+04 
       5.807875266862e-02       1.140454023882e+04 
       5.907723625763e-02       1.127770928035e+04 
       6.017621843407e-02       1.114168441458e+04 
       6.139263231738e-02       1.099394164637e+04 
       6.274597681226e-02       1.083103250695e+04 
       6.425785303434e-02       1.064858123272e+04 
       6.595062403837e-02       1.044079421575e+04 
       6.784476184348e-02       1.020074217905e+04 
       6.995472178243e-02       9.920968258411e+03 
       7.228405531364e-02       9.594858897921e+03 
       7.482177445369e-02       9.219133380282e+03 
       7.754252339651e-02       8.796218727055e+03 
       8.041144658631e-02       8.335469163618e+03 
       8.339154302514e-02       7.852395103031e+03 
       8.644988656117e-02       7.365847253651e+03 
       8.956066710663e-02       6.894845672341e+03 
       9.270538144213e-02       6.455811242609e+03 
       9.587154477471e-02       6.060771726850e+03 
       9.905106129801e-02       5.716686733670e+03 
       1.022388126709e-01       5.425543283857e+03 
       1.054316138810e-01       5.185313587946e+03 
       1.086275022457e-01       4.990265836613e+03 
       1.118252754596e-01       4.832436204662e+03 
       1.150241995918e-01       4.702338518284e+03 
       1.182238275066e-01       4.589805504389e+03 
       1.214238870508e-01       4.485099107872e+03 
       1.246242126085e-01       4.379673737511e+03 
       1.278247033504e-01       4.266836952386e+03 
       1.310252978217e-01       4.142278961702e+03 
       1.342259584931e-01       4.004298005154e+03 
       1.374266623763e-01       3.853674256627e+03 
       1.406273953242e-01       3.693294394962e+03 
       1.438281485712e-01       3.527478601682e+03 
       1.470289166315e-01       3.361301201665e+03 
       1.502296960226e-01       3.199754191581e+03 
       1.534304844897e-01       3.047497430143e+03 
       1.566312805340e-01       2.908050975444e+03 
       1.598320831255e-01       2.783751217481e+03 
       1.630328915276e-01       2.675668486266e+03 
       1.662337051901e-01       2.583599718636e+03 
       1.694345236836e-01       2.506242416598e+03 
       1.726353466587e-01       2.441458055119e+03 
       1.758361738207e-01       2.386487111576e+03 
       1.790370049142e-01       2.338297961390e+03 
       1.822378397126e-01       2.293950263854e+03 
       1.854386780118e-01       2.251018987690e+03 
       1.886395196254e-01       2.206582509731e+03 
       1.918403643822e-01       2.158768378240e+03 
       1.950412121239e-01       2.106537942854e+03 
       1.982420627033e-01       2.049695864069e+03 
       2.014429159831e-01       1.988790788811e+03 
       2.046437718350e-01       1.924986009793e+03 
       2.078446301391e-01       1.859891622005e+03 
       2.110454907826e-01       1.795120383345e+03 
       2.142463536599e-01       1.732204167026e+03 
       2.174472186716e-01       1.672480286964e+03 
       2.206480857239e-01       1.616944922894e+03 
       2.238489547288e-01       1.566237906411e+03 
       2.270498256030e-01       1.520658449220e+03 
       2.302506982680e-01       1.480218933455e+03 
       2.334515726498e-01       1.444570056849e+03 
       2.366524486781e-01       1.413126100381e+03 
       2.398533262865e-01       1.385041034992e+03 
       2.430542054123e-01       1.359385437872e+03 
       2.462550859959e-01       1.335094998212e+03 
       2.494559679809e-01       1.311335413419e+03 
       2.526568513135e-01       1.287303209689e+03 
       2.558577359430e-01       1.262518748094e+03 
       2.590586218210e-01       1.236646073912e+03 
       2.622595089015e-01       1.209591220417e+03 
       2.654603971406e-01       1.181466124380e+03 
       2.686612864968e-01       1.152513444910e+03 
       2.718621769304e-01       1.123117283293e+03 
       2.750630684036e-01       1.093780505482e+03 
       2.782639608802e-01       1.064993567368e+03 
       2.814648543258e-01       1.037207048410e+03 
       2.846657487076e-01       1.010874778837e+03 
       2.878666439942e-01       9.862333404707e+02 
       2.910675401555e-01       9.634420328991e+02 
       2.942684371628e-01       9.424541371966e+02 
       2.974693349888e-01       9.231743677714e+02 
       3.006702336071e-01       9.053898683527e+02 
       3.038711329925e-01       8.888407927828e+02 
       3.070720331209e-01       8.732510595585e+02 
       3.102729339693e-01       8.583429987582e+02 
       3.134738355154e-01       8.438392778299e+02 
       3.166747377380e-01       8.294819576103e+02 
       3.198756406167e-01       8.150765064397e+02 
       3.230765441318e-01       8.004790760986e+02 
       3.262774482646e-01       7.856395271604e+02 
       3.294783529970e-01       7.705667041276e+02 
       3.326792583115e-01       7.553343808101e+02 
       3.358801641915e-01       7.400824534915e+02 
       3.390810706209e-01       7.249435324058e+02 
       3.422819775842e-01       7.100622764679e+02 
       3.454828850664e-01       6.955608844031e+02 
       3.486837930532e-01       6.815507811141e+02 
       3.518847015309e-01       6.681128666547e+02 
       3.550856104860e-01       6.553182323610e+02 
       3.582865199056e-01       6.431867476481e+02 
       3.614874297775e-01       6.317099843477e+02 
       3.646883400896e-01       6.208480566688e+02 
       3.678892508305e-01       6.105280844981e+02 
       3.710901619889e-01       6.006385524403e+02 
       3.742910735541e-01       5.910702694897e+02 
       3.774919855157e-01       5.817444756122e+02 
       3.806928978636e-01       5.725763868660e+02 
       3.838938105883e-01       5.635119668917e+02 
       3.870947236802e-01       5.544992328658e+02 
       3.902956371303e-01       5.455446950139e+02 
       3.934965509299e-01       5.366076574257e+02 
       3.966974650704e-01       5.277252611108e+02 
       3.998983795436e-01       5.188839198621e+02 
       4.030992943416e-01       5.101395978181e+02 
       4.063002094566e-01       5.015112944594e+02 
       4.095011248812e-01       4.930606371400e+02 
       4.127020406082e-01       4.848217137186e+02 
       4.159029566306e-01       4.768293093248e+02 
       4.191038729415e-01       4.690760295407e+02 
       4.223047895344e-01       4.615884012130e+02 
       4.255057064028e-01       4.543385989661e+02 
       4.287066235407e-01       4.473472213631e+02 
       4.319075409419e-01       4.405640815375e+02 
       4.351084586007e-01       4.340033805467e+02 
       4.383093765114e-01       4.276480278377e+02 
       4.415102946684e-01       4.214421639063e+02 
       4.447112130665e-01       4.153889457044e+02 
       4.479121317005e-01       4.094540177985e+02 
       4.511130505653e-01       4.035928356456e+02 
       4.543139696560e-01       3.978150459928e+02 
       4.575148889678e-01       3.920866038031e+02 
       4.607158084962e-01       3.864351850141e+02 
       4.639167282367e-01       3.808478583523e+02 
       4.671176481848e-01       3.753325893041e+02 
       4.703185683363e-01       3.698938406568e+02 
       4.735194886871e-01       3.645421467807e+02 
       4.767204092332e-01       3.592785459072e+02 
       4.799213299706e-01       3.541124666407e+02 
       4.831222508955e-01       3.490685645799e+02 
       4.863231720042e-01       3.441358930103e+02 
       4.895240932930e-01       3.393468171857e+02 
       4.927250147586e-01       3.346850934049e+02 
       4.959259363973e-01       3.301382259259e+02 
       4.991268582060e-01       3.257099748658e+02 
       5.023277801812e-01       3.213943663099e+02 
       5.055287023199e-01       3.171495209716e+02 
       5.087296246190e-01       3.129971920983e+02 
       5.119305470754e-01       3.089258673031e+02 
       5.151314696862e-01       3.049212200502e+02 
       5.183323924485e-01       3.009920479841e+02 
       5.215333153596e-01       2.971000410225e+02 
       5.247342384166e-01       2.932736559825e+02 
       5.279351616170e-01       2.894858617476e+02 
       5.311360849582e-01       2.857583696703e+02 
       5.343370084375e-01       2.820720537237e+02 
       5.375379320525e-01       2.784559516873e+02 
       5.407388558009e-01       2.748948300419e+02 
       5.439397796802e-01       2.714051340236e+02 
       5.471407036881e-01       2.679834153055e+02 
       5.503416278224e-01       2.646265635101e+02 
       5.535425520809e-01       2.613342268117e+02 
       5.567434764615e-01       2.580952217169e+02 
       5.599444009620e-01       2.549285051284e+02 
       5.631453255803e-01       2.518196056532e+02 
       5.663462503146e-01       2.487750105222e+02 
       5.695471751628e-01       2.457808631993e+02 
       5.727481001230e-01       2.428551069182e+02 
       5.759490251934e-01       2.399725907658e+02 
       5.791499503720e-01       2.371304101889e+02 
       5.823508756572e-01       2.343312759773e+02 
       5.855518010471e-01       2.315820060105e+02 
       5.887527265401e-01       2.288680431622e+02 
       5.919536521345e-01       2.261994928495e+02 
       5.951545778286e-01       2.235722390912e+02 
       5.983555036208e-01       2.209857335395e+02 
       6.015564295096e-01       2.184356549698e+02 
       6.047573554934e-01       2.159202008775e+02 
       6.079582815708e-01       2.134457119932e+02 
       6.111592077402e-01       2.110033561926e+02 
       6.143601340001e-01       2.086046941631e+02 
       6.175610603493e-01       2.062463446155e+02 
       6.207619867863e-01       2.039325099447e+02 
       6.239629133097e-01       2.016588320891e+02 
       6.271638399183e-01       1.994165753261e+02 
       6.303647666107e-01       1.972096944425e+02 
       6.335656933856e-01       1.950438370714e+02 
       6.367666202418e-01       1.929060063433e+02 
       6.399675471782e-01       1.908019704795e+02 
       6.431684741934e-01       1.887347677570e+02 
       6.463694012863e-01       1.867003972130e+02 
       6.495703284557e-01       1.847000662405e+02 
       6.527712557006e-01       1.827236524580e+02 
       6.559721830198e-01       1.807750328223e+02 
       6.591731104123e-01       1.788527680141e+02 
       6.623740378769e-01       1.769525846288e+02 
       6.655749654126e-01       1.750856823215e+02 
       6.687758930184e-01       1.732451067423e+02 
       6.719768206934e-01       1.714330244066e+02 
       6.751777484364e-01       1.696470215160e+02 
       6.783786762466e-01       1.678859728456e+02 
       6.815796041230e-01       1.661511960394e+02 
       6.847805320647e-01       1.644404132322e+02 
       6.879814600707e-01       1.627493095248e+02 
       6.911823881402e-01       1.610876822825e+02 
       6.943833162722e-01       1.594500150576e+02 
       6.975842444660e-01       1.578413328072e+02 
       7.007851727206e-01       1.562512876564e+02 
       7.039861010353e-01       1.546856697877e+02 
       7.071870294092e-01       1.531401130051e+02 
       7.103879578415e-01       1.516148192343e+02 
       7.135888863315e-01       1.501161006172e+02 
       7.167898148783e-01       1.486345121137e+02 
       7.199907434811e-01       1.471695098832e+02 
       7.231916721394e-01       1.457303002077e+02 
       7.263926008522e-01       1.443143849139e+02 
       7.295935296190e-01       1.429124925272e+02 
       7.327944584389e-01       1.415222548073e+02 
       7.359953873113e-01       1.401543635123e+02 
       7.391963162356e-01       1.388091981354e+02 
       7.423972452109e-01       1.374760641782e+02 
       7.455981742368e-01       1.361647976469e+02 
       7.487991033125e-01       1.348708195422e+02 
       8.175393302960e-01       1.107860851129e+02 
       9.166195684582e-01       8.550813101689e+01 
       1.073647767312e+00       5.949092374063e+01 
       1.322926368989e+00       3.655711977289e+01 
       1.662966716654e+00       2.124071111784e+01 
       2.093505716456e+00       1.218752989097e+01 
       2.635567386141e+00       6.935509216920e+00 
       3.317982756829e+00       3.917656897169e+00 
       4.177092808467e+00       2.198063899285e+00 
       5.258648284002e+00       1.225733616679e+00 
       6.620245956418e+00       6.796961753862e-01 
       8.334395866863e+00       3.749758416597e-01 
       1.049238274875e+01       2.058903285037e-01 
       1.320912727267e+01       1.125512058991e-01 
       1.662930599118e+01       6.127562535785e-02 
       2.093505589280e+01       3.323230779119e-02 
       2.635567386078e+01       1.795708053817e-02 
       3.317982756829e+01       9.668382844134e-03 
       4.177092808467e+01       5.186826400458e-03 
       5.258648284002e+01       2.772271750011e-03 
       6.620245956418e+01       1.475472878475e-03 
       8.334395866863e+01       7.814607241297e-04 
       1.049238274875e+02       4.113264500407e-04 
