# Matter power spectrum P(k) at redshift z=0
# for k=1.03549e-05 to 104.598 h/Mpc,
# number of wavenumbers equal to 622
#    1:k (h/Mpc)              2:P (Mpc/h)^3        
       1.035494839108e-05       5.166178990526e+01 
       2.315654277267e-05       1.120401663817e+02 
       3.600252388297e-05       1.712862901506e+02 
       4.892702916178e-05       2.300653182597e+02 
       6.196475310490e-05       2.887503832491e+02 
       7.515125283946e-05       3.476179206511e+02 
       8.852326334617e-05       4.069022452591e+02 
       1.021190264739e-04       4.668177726210e+02 
       1.159786379241e-04       5.275703445607e+02 
       1.301444164150e-04       5.893640189532e+02 
       1.446612992455e-04       6.524057194541e+02 
       1.595772684243e-04       7.169088149165e+02 
       1.749438113704e-04       7.830961371573e+02 
       1.908164198499e-04       8.512026998955e+02 
       2.072551302113e-04       9.214782948807e+02 
       2.243251069852e-04       9.941900190228e+02 
       2.420972703796e-04       1.069624823608e+03 
       2.606489659138e-04       1.148092053828e+03 
       2.800646711532e-04       1.229925991611e+03 
       3.004367299146e-04       1.315488368285e+03 
       3.218660980621e-04       1.405170742720e+03 
       3.444630767260e-04       1.499396675255e+03 
       3.683479980822e-04       1.598623496603e+03 
       3.936518154808e-04       1.703343492755e+03 
       4.205165336690e-04       1.814084211060e+03 
       4.490953965692e-04       1.931407555598e+03 
       4.795527306712e-04       2.055907248920e+03 
       5.120633238403e-04       2.188204208060e+03 
       5.468112058585e-04       2.328939326955e+03 
       5.839876936044e-04       2.478763205665e+03 
       6.237885772251e-04       2.638322446693e+03 
       6.664103614766e-04       2.808242321350e+03 
       7.120455450968e-04       2.989105964918e+03 
       7.608770233098e-04       3.181430699890e+03 
       8.130718296984e-04       3.385642528248e+03 
       8.687745786860e-04       3.602050579350e+03 
       9.281011024517e-04       3.830823560000e+03 
       9.911328621885e-04       4.071970685736e+03 
       1.057912719899e-03       4.325329304139e+03 
       1.128442563018e-03       4.590561251002e+03 
       1.202683083538e-03       4.867158530368e+03 
       1.280555757393e-03       5.154458443924e+03 
       1.361946801145e-03       5.451653004868e+03 
       1.446712658920e-03       5.757829282262e+03 
       1.534686436870e-03       6.072042552678e+03 
       1.625684672382e-03       6.393281528594e+03 
       1.719513889791e-03       6.720522554141e+03 
       1.815976522698e-03       7.052754600567e+03 
       1.914875937303e-03       7.388999352936e+03 
       2.016020438962e-03       7.728326643528e+03 
       2.119226264001e-03       8.069865058507e+03 
       2.224319642040e-03       8.412809030685e+03 
       2.331138061463e-03       8.756421361350e+03 
       2.439530888945e-03       9.100033661995e+03 
       2.549359491554e-03       9.443044741523e+03 
       2.660496995147e-03       9.784917467550e+03 
       2.772827792022e-03       1.012517533268e+04 
       2.886246888596e-03       1.046339320930e+04 
       3.000659162960e-03       1.079920392269e+04 
       3.115978584016e-03       1.113228092864e+04 
       3.232127428899e-03       1.146234166066e+04 
       3.349035523606e-03       1.178913826179e+04 
       3.466639522702e-03       1.211245926944e+04 
       3.584882237338e-03       1.243211982360e+04 
       3.703712016047e-03       1.274796489327e+04 
       3.823082179449e-03       1.305985885258e+04 
       3.942950507816e-03       1.336768957978e+04 
       4.063278779029e-03       1.367136287669e+04 
       4.184032353636e-03       1.397080120903e+04 
       4.305179803337e-03       1.426594159927e+04 
       4.426692579049e-03       1.455673165681e+04 
       4.548544714797e-03       1.484313606321e+04 
       4.670712563800e-03       1.512512254724e+04 
       4.793174563387e-03       1.540267216881e+04 
       4.915911025632e-03       1.567577746870e+04 
       5.038903950861e-03       1.594442629304e+04 
       5.162136861494e-03       1.620862498324e+04 
       5.285594653906e-03       1.646838100653e+04 
       5.409263466276e-03       1.672370096332e+04 
       5.533130560599e-03       1.697460549174e+04 
       5.657184217235e-03       1.722110624216e+04 
       5.781413640595e-03       1.746323056216e+04 
       5.905808874662e-03       1.770101126308e+04 
       6.030360727271e-03       1.793449708268e+04 
       6.155060702143e-03       1.816365099668e+04 
       6.279900937809e-03       1.838852109075e+04 
       6.404874152662e-03       1.860917519289e+04 
       6.529973595469e-03       1.882561152481e+04 
       6.655193000728e-03       1.903775568656e+04 
       6.780526548371e-03       1.924589056140e+04 
       6.905968827318e-03       1.944992945405e+04 
       7.031514802506e-03       1.964992188317e+04 
       7.157159784992e-03       1.984589599862e+04 
       7.282899404840e-03       2.003788674838e+04 
       7.408729586482e-03       2.022594931630e+04 
       7.534646526325e-03       2.041011637908e+04 
       7.660646672344e-03       2.059041539474e+04 
       7.786726705498e-03       2.076690544383e+04 
       7.912883522764e-03       2.093961665491e+04 
       8.039114221641e-03       2.110858169490e+04 
       8.165416085983e-03       2.127385243684e+04 
       8.291786573022e-03       2.143545451201e+04 
       8.418223301491e-03       2.159344489696e+04 
       8.544724040717e-03       2.174784915574e+04 
       8.671286700619e-03       2.189871685282e+04 
       8.797909322505e-03       2.204608090510e+04 
       8.924590070621e-03       2.218997663867e+04 
       9.051327224359e-03       2.233044496623e+04 
       9.178119171087e-03       2.246753702643e+04 
       9.304964399531e-03       2.260129420386e+04 
       9.431861493670e-03       2.273173084137e+04 
       9.558809127102e-03       2.285888793985e+04 
       9.685806057830e-03       2.298282563440e+04 
       9.812851123440e-03       2.310356312131e+04 
       9.939943236648e-03       2.322113491355e+04 
       1.006708138116e-02       2.333558858741e+04 
       1.019426460787e-02       2.344695058901e+04 
       1.032149203125e-02       2.355525924768e+04 
       1.044876282614e-02       2.366056015830e+04 
       1.057607622462e-02       2.376285445811e+04 
       1.070343151324e-02       2.386222906747e+04 
       1.083082803031e-02       2.395867357749e+04 
       1.095826516351e-02       2.405225216765e+04 
       1.108574234759e-02       2.414300519970e+04 
       1.121325906225e-02       2.423090276817e+04 
       1.134081483018e-02       2.431604212275e+04 
       1.146840921524e-02       2.439845370075e+04 
       1.159604182070e-02       2.447813378138e+04 
       1.172371228775e-02       2.455514579127e+04 
       1.185142029392e-02       2.462951191517e+04 
       1.197916555180e-02       2.470125447121e+04 
       1.210694780769e-02       2.477041190676e+04 
       1.223476684049e-02       2.483701628952e+04 
       1.236262246050e-02       2.490110840235e+04 
       1.249051450851e-02       2.496269575642e+04 
       1.261844285474e-02       2.502182188882e+04 
       1.274640739804e-02       2.507851550195e+04 
       1.287440806502e-02       2.513280794004e+04 
       1.300244480933e-02       2.518472877849e+04 
       1.313051761092e-02       2.523431343811e+04 
       1.325862647543e-02       2.528156954730e+04 
       1.338677143358e-02       2.532655174488e+04 
       1.351495254060e-02       2.536927271765e+04 
       1.364316987578e-02       2.540976064731e+04 
       1.377142354193e-02       2.544805458895e+04 
       1.389971366505e-02       2.548416813382e+04 
       1.402804039386e-02       2.551813241043e+04 
       1.415640389952e-02       2.554998953306e+04 
       1.428480437528e-02       2.557975237394e+04 
       1.441324203620e-02       2.560744119140e+04 
       1.454171711895e-02       2.563310023545e+04 
       1.467022988153e-02       2.565673448204e+04 
       1.479878060310e-02       2.567838521015e+04 
       1.492736958384e-02       2.569808622725e+04 
       1.505599714480e-02       2.571582586138e+04 
       1.518466362777e-02       2.573167235412e+04 
       1.531336939524e-02       2.574564156513e+04 
       1.544211483029e-02       2.575773909513e+04 
       1.557090033657e-02       2.576801880510e+04 
       1.569972633828e-02       2.577646987984e+04 
       1.582859328017e-02       2.578313006931e+04 
       1.595750162759e-02       2.578803793736e+04 
       1.608645186648e-02       2.579120772150e+04 
       1.621544450348e-02       2.579266947418e+04 
       1.634448006599e-02       2.579242691761e+04 
       1.647355910229e-02       2.579052524758e+04 
       1.660268218162e-02       2.578698035965e+04 
       1.673184989436e-02       2.578181127930e+04 
       1.686106285217e-02       2.577504466418e+04 
       1.699032168815e-02       2.576671308279e+04 
       1.711962705705e-02       2.575680411267e+04 
       1.724897963546e-02       2.574539499313e+04 
       1.737838012203e-02       2.573245855069e+04 
       1.750782923774e-02       2.571804742116e+04 
       1.763732772612e-02       2.570217616767e+04 
       1.776687635354e-02       2.568486607395e+04 
       1.789647590951e-02       2.566611053739e+04 
       1.802612720697e-02       2.564596344931e+04 
       1.815583108261e-02       2.562443903828e+04 
       1.828558839724e-02       2.560156213138e+04 
       1.841540003611e-02       2.557733835251e+04 
       1.854526690929e-02       2.555182564033e+04 
       1.867518995210e-02       2.552499932712e+04 
       1.880517012545e-02       2.549688677965e+04 
       1.893520841633e-02       2.546756210429e+04 
       1.906530583820e-02       2.543698447846e+04 
       1.919546343150e-02       2.540518831221e+04 
       1.932568226407e-02       2.537218876182e+04 
       1.945596343169e-02       2.533800059262e+04 
       1.958630805858e-02       2.530269408601e+04 
       1.971671729794e-02       2.526621584842e+04 
       1.984719233247e-02       2.522866967086e+04 
       1.997773437500e-02       2.518997811864e+04 
       2.010834466903e-02       2.515021914091e+04 
       2.023902448935e-02       2.510938786986e+04 
       2.036977514271e-02       2.506754905766e+04 
       2.050059796841e-02       2.502467794712e+04 
       2.063149433903e-02       2.498080068087e+04 
       2.076246566112e-02       2.493589857257e+04 
       2.089351337588e-02       2.489011572761e+04 
       2.102463895995e-02       2.484326913877e+04 
       2.115584392616e-02       2.479553067466e+04 
       2.128712982430e-02       2.474687774233e+04 
       2.141849824198e-02       2.469735969212e+04 
       2.154995080544e-02       2.464691068263e+04 
       2.168148918042e-02       2.459563842018e+04 
       2.181311507307e-02       2.454352615200e+04 
       2.194483023088e-02       2.449050422351e+04 
       2.207663644363e-02       2.443674875187e+04 
       2.220853554433e-02       2.438217490226e+04 
       2.234052941032e-02       2.432676704671e+04 
       2.247261996424e-02       2.427066072522e+04 
       2.260480917513e-02       2.421378917769e+04 
       2.273709905959e-02       2.415614222984e+04 
       2.286949168284e-02       2.409779485386e+04 
       2.300198915999e-02       2.403877547028e+04 
       2.313459365720e-02       2.397905927806e+04 
       2.326730739297e-02       2.391867627834e+04 
       2.340013263943e-02       2.385760612132e+04 
       2.353307172368e-02       2.379584187054e+04 
       2.366612702918e-02       2.373355995765e+04 
       2.379930099717e-02       2.367058770939e+04 
       2.393259612813e-02       2.360706879739e+04 
       2.406601498332e-02       2.354294020335e+04 
       2.419956018636e-02       2.347824299577e+04 
       2.433323442481e-02       2.341300326563e+04 
       2.446704045187e-02       2.334718880584e+04 
       2.460098108808e-02       2.328086634517e+04 
       2.473505922317e-02       2.321400598818e+04 
       2.486927781779e-02       2.314668956968e+04 
       2.500363990553e-02       2.307881773692e+04 
       2.513814859479e-02       2.301052829679e+04 
       2.527280707089e-02       2.294172565187e+04 
       2.540761859809e-02       2.287250371454e+04 
       2.554258652183e-02       2.280286817548e+04 
       2.567771427094e-02       2.273277535333e+04 
       2.581300535995e-02       2.266224226861e+04 
       2.594846339152e-02       2.259134583575e+04 
       2.608409205891e-02       2.252004136316e+04 
       2.621989514854e-02       2.244836680266e+04 
       2.635587654265e-02       2.237628726194e+04 
       2.649204022208e-02       2.230399644996e+04 
       2.662839026908e-02       2.223120472433e+04 
       2.676493087027e-02       2.215813466199e+04 
       2.690166631975e-02       2.208489755938e+04 
       2.703860102218e-02       2.201118104448e+04 
       2.717573949614e-02       2.193706587334e+04 
       2.731308637748e-02       2.186280019523e+04 
       2.745064642290e-02       2.178819381264e+04 
       2.758842451355e-02       2.171337655121e+04 
       2.772642565888e-02       2.163830935523e+04 
       2.786465500055e-02       2.156296885376e+04 
       2.800311781653e-02       2.148739496002e+04 
       2.814181952533e-02       2.141154319415e+04 
       2.828076569044e-02       2.133559414197e+04 
       2.841996202488e-02       2.125930631174e+04 
       2.855941439599e-02       2.118293239962e+04 
       2.869912883034e-02       2.110624243546e+04 
       2.883911151889e-02       2.102940557896e+04 
       2.897936882236e-02       2.095249952563e+04 
       2.911990727676e-02       2.087532379489e+04 
       2.926073359921e-02       2.079805734979e+04 
       2.940185469395e-02       2.072058286255e+04 
       2.954327765864e-02       2.064295839846e+04 
       2.968500979085e-02       2.056527051285e+04 
       2.982705859496e-02       2.048740526347e+04 
       2.996943178918e-02       2.040944214583e+04 
       3.011213731301e-02       2.033135510134e+04 
       3.025518333493e-02       2.025322377549e+04 
       3.039857826050e-02       2.017492903311e+04 
       3.054233074077e-02       2.009655758029e+04 
       3.068644968102e-02       2.001819285229e+04 
       3.083094425003e-02       1.993956996941e+04 
       3.097582388959e-02       1.986102747889e+04 
       3.112109832459e-02       1.978236882524e+04 
       3.126677757348e-02       1.970366571035e+04 
       3.141287195926e-02       1.962497234185e+04 
       3.155939212099e-02       1.954615781219e+04 
       3.170634902578e-02       1.946733023029e+04 
       3.185375398144e-02       1.938843866786e+04 
       3.200161864968e-02       1.930953171812e+04 
       3.214995505993e-02       1.923061595401e+04 
       3.229877562396e-02       1.915173194520e+04 
       3.244809315101e-02       1.907277596965e+04 
       3.259792086394e-02       1.899383889013e+04 
       3.274827241593e-02       1.891490816103e+04 
       3.289916190828e-02       1.883590969827e+04 
       3.305060390891e-02       1.875703342606e+04 
       3.320261347196e-02       1.867801844017e+04 
       3.335520615841e-02       1.859913738468e+04 
       3.350839805771e-02       1.852020725982e+04 
       3.366220581067e-02       1.844138992410e+04 
       3.381664663355e-02       1.836247421492e+04 
       3.397173834345e-02       1.828368179200e+04 
       3.412749938518e-02       1.820491098554e+04 
       3.428394885953e-02       1.812616276102e+04 
       3.444110655324e-02       1.804734286720e+04 
       3.459899297068e-02       1.796868795590e+04 
       3.475762936728e-02       1.789007309742e+04 
       3.491703778502e-02       1.781152198340e+04 
       3.507724108998e-02       1.773297077806e+04 
       3.523826301218e-02       1.765444310236e+04 
       3.540012818777e-02       1.757596856807e+04 
       3.556286220388e-02       1.749760790898e+04 
       3.572649164625e-02       1.741927254055e+04 
       3.589104414986e-02       1.734097438051e+04 
       3.605654845276e-02       1.726270697682e+04 
       3.622303445338e-02       1.718454842126e+04 
       3.639053327165e-02       1.710644233487e+04 
       3.655907731413e-02       1.702836899286e+04 
       3.672870034343e-02       1.695039108727e+04 
       3.689943755252e-02       1.687240089316e+04 
       3.707132564399e-02       1.679453368183e+04 
       3.724440291495e-02       1.671668118337e+04 
       3.741870934789e-02       1.663890036553e+04 
       3.759428670811e-02       1.656117288521e+04 
       3.777117864812e-02       1.648352031576e+04 
       3.794943081990e-02       1.640587369770e+04 
       3.812909099544e-02       1.632829790490e+04 
       3.831020919647e-02       1.625073200805e+04 
       3.849283783421e-02       1.617321602346e+04 
       3.867703185999e-02       1.609575057598e+04 
       3.886284892786e-02       1.601842195999e+04 
       3.905034957031e-02       1.594099906074e+04 
       3.923959738836e-02       1.586362264486e+04 
       3.943065925740e-02       1.578639025869e+04 
       3.962360555052e-02       1.570908758535e+04 
       3.981851038091e-02       1.563175855813e+04 
       4.001545186545e-02       1.555449005134e+04 
       4.021451241169e-02       1.547722254556e+04 
       4.041577903069e-02       1.540000125952e+04 
       4.061934367858e-02       1.532275453304e+04 
       4.082530362999e-02       1.524549801261e+04 
       4.103376188703e-02       1.516823582720e+04 
       4.124482762776e-02       1.509089007925e+04 
       4.145861669892e-02       1.501359959301e+04 
       4.167525215802e-02       1.493620539242e+04 
       4.189486487099e-02       1.485878863928e+04 
       4.211759417208e-02       1.478128273981e+04 
       4.234358859387e-02       1.470371073558e+04 
       4.257300667651e-02       1.462609581701e+04 
       4.280601786645e-02       1.454834562640e+04 
       4.304280351665e-02       1.447050737867e+04 
       4.328355800220e-02       1.439252464569e+04 
       4.352848996720e-02       1.431443052708e+04 
       4.377782372186e-02       1.423617781599e+04 
       4.403180081139e-02       1.415771505949e+04 
       4.429068178239e-02       1.407911446649e+04 
       4.455474817652e-02       1.400026989660e+04 
       4.482430478699e-02       1.392127244049e+04 
       4.509968221936e-02       1.384190906687e+04 
       4.538123980646e-02       1.376237399735e+04 
       4.566936893603e-02       1.368250155970e+04 
       4.596449686184e-02       1.360223480676e+04 
       4.626709108257e-02       1.352166549021e+04 
       4.657766439028e-02       1.344068316889e+04 
       4.689678071143e-02       1.335925235182e+04 
       4.722506188989e-02       1.327736402370e+04 
       4.756319559397e-02       1.319491281005e+04 
       4.791194457052e-02       1.311191840419e+04 
       4.827215752023e-02       1.302829208017e+04 
       4.864478193306e-02       1.294397982667e+04 
       4.903087930389e-02       1.285889631300e+04 
       4.943164325193e-02       1.277289064823e+04 
       4.984842119875e-02       1.268606291468e+04 
       5.028274042698e-02       1.259814385216e+04 
       5.073633955481e-02       1.250911654823e+04 
       5.121120673329e-02       1.241880396169e+04 
       5.170962621783e-02       1.232703574905e+04 
       5.223423539980e-02       1.223359561740e+04 
       5.278809492392e-02       1.213837655191e+04 
       5.337477517142e-02       1.204105734652e+04 
       5.399846314801e-02       1.194128596810e+04 
       5.466409462256e-02       1.183863621240e+04 
       5.537751705890e-02       1.173269263142e+04 
       5.614568910254e-02       1.162279451172e+04 
       5.697692134700e-02       1.150807635457e+04 
       5.788115924734e-02       1.138755782921e+04 
       5.887029940060e-02       1.125979276948e+04 
       5.995850966701e-02       1.112296026132e+04 
       6.116248319857e-02       1.097453233352e+04 
       6.250148505984e-02       1.081123612267e+04 
       6.399694013756e-02       1.062861469298e+04 
       6.567118064940e-02       1.042101550058e+04 
       6.754491399399e-02       1.018152235368e+04 
       6.963321092658e-02       9.902665129961e+03 
       7.194063240102e-02       9.577670267872e+03 
       7.445740741779e-02       9.202928499035e+03 
       7.715923744498e-02       8.780453557050e+03 
       8.001182817654e-02       8.319175156244e+03 
       8.297816659459e-02       7.834391486353e+03 
       8.602492393173e-02       7.344966391149e+03 
       8.912575238138e-02       6.870147235846e+03 
       9.226165226357e-02       6.426663480854e+03 
       9.541975366446e-02       6.026954667266e+03 
       9.859168997349e-02       5.678307932502e+03 
       1.017721632138e-01       5.383107459952e+03 
       1.049578733301e-01       5.139381051992e+03 
       1.081467855162e-01       4.941619275419e+03 
       1.113376528296e-01       4.781895122543e+03 
       1.145297139295e-01       4.650758049478e+03 
       1.177225049264e-01       4.538050300302e+03 
       1.209157434560e-01       4.433960673173e+03 
       1.241092576882e-01       4.329694823035e+03 
       1.273029430156e-01       4.218447563353e+03 
       1.304967356867e-01       4.095727878968e+03 
       1.336905967758e-01       3.959598827164e+03 
       1.368845024452e-01       3.810653061377e+03 
       1.400784380309e-01       3.651672790565e+03 
       1.432723944518e-01       3.486884166995e+03 
       1.464663660292e-01       3.321348478680e+03 
       1.496603491622e-01       3.160171720975e+03 
       1.528543415231e-01       3.007948387507e+03 
       1.560483415677e-01       2.868290391691e+03 
       1.592423482373e-01       2.743693005446e+03 
       1.624363607772e-01       2.635235658387e+03 
       1.656303786252e-01       2.542808990415e+03 
       1.688244013438e-01       2.465207563896e+03 
       1.720184285781e-01       2.400314091459e+03 
       1.752124600294e-01       2.345435280291e+03 
       1.784064954393e-01       2.297554473609e+03 
       1.816005345788e-01       2.253716229212e+03 
       1.847945772417e-01       2.211463435315e+03 
       1.879886232401e-01       2.167864674100e+03 
       1.911826724015e-01       2.121052504861e+03 
       1.943767245660e-01       2.069884563813e+03 
       1.975707795853e-01       2.014114179275e+03 
       2.007648373213e-01       1.954231774440e+03 
       2.039588976447e-01       1.891336801292e+03 
       2.071529604345e-01       1.827024421198e+03 
       2.103470255775e-01       1.762909758174e+03 
       2.135410929670e-01       1.700546336777e+03 
       2.167351625029e-01       1.641247026812e+03 
       2.199292340911e-01       1.586026563331e+03 
       2.231233076427e-01       1.535575897079e+03 
       2.263173830739e-01       1.490224434211e+03 
       2.295114603059e-01       1.449984624533e+03 
       2.327055392638e-01       1.414544332476e+03 
       2.358996198772e-01       1.383328863197e+03 
       2.390937020792e-01       1.355515380993e+03 
       2.422877858065e-01       1.330172744799e+03 
       2.454818709994e-01       1.306287728317e+03 
       2.486759576009e-01       1.282960527646e+03 
       2.518700455570e-01       1.259454865838e+03 
       2.550641348167e-01       1.235194578600e+03 
       2.582582253312e-01       1.209868509542e+03 
       2.614523170543e-01       1.183370915099e+03 
       2.646464099420e-01       1.155794210052e+03 
       2.678405039522e-01       1.127367602407e+03 
       2.710345990452e-01       1.098467879046e+03 
       2.742286951828e-01       1.069573178286e+03 
       2.774227923289e-01       1.041179637175e+03 
       2.806168904486e-01       1.013771308213e+03 
       2.838109895091e-01       9.877524564629e+02 
       2.870050894786e-01       9.633948027719e+02 
       2.901991903271e-01       9.408539464156e+02 
       2.933932920256e-01       9.201215062657e+02 
       2.965873945466e-01       9.010807275557e+02 
       2.997814978636e-01       8.835377293026e+02 
       3.029756019513e-01       8.672378599479e+02 
       3.061697067855e-01       8.519102305727e+02 
       3.093638123429e-01       8.372740514878e+02 
       3.125579186012e-01       8.230541928837e+02 
       3.157520255391e-01       8.089920286499e+02 
       3.189461331361e-01       7.949002695874e+02 
       3.221402413724e-01       7.806325097087e+02 
       3.253343502291e-01       7.661066434820e+02 
       3.285284596881e-01       7.513637858408e+02 
       3.317225697318e-01       7.364555207984e+02 
       3.349166803435e-01       7.215037026181e+02 
       3.381107915070e-01       7.066407384066e+02 
       3.413049032066e-01       6.920315774216e+02 
       3.444990154275e-01       6.777922766490e+02 
       3.476931281552e-01       6.640167065648e+02 
       3.508872413758e-01       6.508082557061e+02 
       3.540813550759e-01       6.382246370860e+02 
       3.572754692425e-01       6.262917726436e+02 
       3.604695838633e-01       6.150173369388e+02 
       3.636636989262e-01       6.043509222902e+02 
       3.668578144196e-01       5.942143021398e+02 
       3.700519303323e-01       5.845210664779e+02 
       3.732460466535e-01       5.751590228679e+02 
       3.764401633728e-01       5.660239367464e+02 
       3.796342804800e-01       5.570519207637e+02 
       3.828283979655e-01       5.481904280194e+02 
       3.860225158197e-01       5.393856153839e+02 
       3.892166340336e-01       5.306293769126e+02 
       3.924107525984e-01       5.219096439568e+02 
       3.956048715055e-01       5.132125431187e+02 
       3.987989907467e-01       5.045686700216e+02 
       4.019931103139e-01       4.960092234344e+02 
       4.051872301994e-01       4.875781839202e+02 
       4.083813503958e-01       4.792992798194e+02 
       4.115754708958e-01       4.712352192064e+02 
       4.147695916922e-01       4.634019870295e+02 
       4.179637127784e-01       4.558148610204e+02 
       4.211578341477e-01       4.484848823778e+02 
       4.243519557936e-01       4.413904360748e+02 
       4.275460777100e-01       4.345459363481e+02 
       4.307401998907e-01       4.279137098055e+02 
       4.339343223300e-01       4.214902203918e+02 
       4.371284450222e-01       4.152681762872e+02 
       4.403225679617e-01       4.092200494155e+02 
       4.435166911432e-01       4.033048754993e+02 
       4.467108145615e-01       3.975015056258e+02 
       4.499049382114e-01       3.917884046103e+02 
       4.530990620881e-01       3.861459529433e+02 
       4.562931861869e-01       3.805645183899e+02 
       4.594873105030e-01       3.750419980867e+02 
       4.626814350319e-01       3.695849794210e+02 
       4.658755597693e-01       3.641995372160e+02 
       4.690696847109e-01       3.588922624569e+02 
       4.722638098525e-01       3.536648643569e+02 
       4.754579351900e-01       3.485351972229e+02 
       4.786520607196e-01       3.434882344108e+02 
       4.818461864374e-01       3.385628787876e+02 
       4.850403123397e-01       3.337610931488e+02 
       4.882344384228e-01       3.290728632563e+02 
       4.914285646833e-01       3.245204535499e+02 
       4.946226911176e-01       3.200898346287e+02 
       4.978168177224e-01       3.157658478052e+02 
       5.010109444944e-01       3.115441091628e+02 
       5.042050714305e-01       3.074190272988e+02 
       5.073991985275e-01       3.033673861643e+02 
       5.105933257824e-01       2.993957543660e+02 
       5.137874531923e-01       2.954921277232e+02 
       5.169815807543e-01       2.916525630921e+02 
       5.201757084655e-01       2.878705891472e+02 
       5.233698363232e-01       2.841373894328e+02 
       5.265639643248e-01       2.804542937723e+02 
       5.297580924676e-01       2.768136658671e+02 
       5.329522207491e-01       2.732317577233e+02 
       5.361463491668e-01       2.696997522248e+02 
       5.393404777183e-01       2.662374711334e+02 
       5.425346064011e-01       2.628369344062e+02 
       5.457287352131e-01       2.595035042036e+02 
       5.489228641519e-01       2.562333834937e+02 
       5.521169932154e-01       2.530189022994e+02 
       5.553111224013e-01       2.498681785002e+02 
       5.585052517075e-01       2.467831415192e+02 
       5.616993811321e-01       2.437512868341e+02 
       5.648935106729e-01       2.407833746623e+02 
       5.680876403281e-01       2.378768822696e+02 
       5.712817700957e-01       2.350249271567e+02 
       5.744758999738e-01       2.322140256156e+02 
       5.776700299606e-01       2.294517610433e+02 
       5.808641600542e-01       2.267309120979e+02 
       5.840582902530e-01       2.240517050645e+02 
       5.872524205552e-01       2.214169918767e+02 
       5.904465509591e-01       2.188218296615e+02 
       5.936406814631e-01       2.162696555901e+02 
       5.968348120655e-01       2.137489118821e+02 
       6.000289427649e-01       2.112637098448e+02 
       6.032230735596e-01       2.088234919919e+02 
       6.064172044481e-01       2.064110024758e+02 
       6.096113354289e-01       2.040363031119e+02 
       6.128054665007e-01       2.017037630549e+02 
       6.159995976620e-01       1.994107488309e+02 
       6.191937289114e-01       1.971598930280e+02 
       6.223878602475e-01       1.949425958052e+02 
       6.255819916690e-01       1.927642634413e+02 
       6.287761231746e-01       1.906216139161e+02 
       6.319702547631e-01       1.885147213517e+02 
       6.351643864331e-01       1.864408725763e+02 
       6.383585181835e-01       1.843925869853e+02 
       6.415526500130e-01       1.823828201403e+02 
       6.447467819205e-01       1.804102861708e+02 
       6.479409139047e-01       1.784601072327e+02 
       6.511350459647e-01       1.765397730403e+02 
       6.543291780992e-01       1.746459539982e+02 
       6.575233103072e-01       1.727781486500e+02 
       6.607174425876e-01       1.709378583108e+02 
       6.639115749394e-01       1.691206176425e+02 
       6.671057073615e-01       1.673353812178e+02 
       6.702998398529e-01       1.655774501789e+02 
       6.734939724126e-01       1.638407060676e+02 
       6.766881050398e-01       1.621283070081e+02 
       6.798822377333e-01       1.604421179867e+02 
       6.830763704923e-01       1.587797318551e+02 
       6.862705033159e-01       1.571401749105e+02 
       6.894646362031e-01       1.555263833706e+02 
       6.926587691531e-01       1.539377879663e+02 
       6.958529021650e-01       1.523736804432e+02 
       6.990470352380e-01       1.508332182096e+02 
       7.022411683713e-01       1.493120779146e+02 
       7.054353015639e-01       1.478133854411e+02 
       7.086294348151e-01       1.463324703124e+02 
       7.118235681242e-01       1.448733902911e+02 
       7.150177014902e-01       1.434350784438e+02 
       7.182118349126e-01       1.420178402800e+02 
       7.214059683905e-01       1.406207644381e+02 
       7.246001019231e-01       1.392458212865e+02 
       7.277942355099e-01       1.378815004259e+02 
       7.309883691500e-01       1.365378588075e+02 
       7.341825028427e-01       1.352114060131e+02 
       7.373766365874e-01       1.339028820629e+02 
       7.405707703834e-01       1.326164245286e+02 
       7.437649042301e-01       1.313450764041e+02 
       7.469590381267e-01       1.300879055591e+02 
       8.154602963292e-01       1.067672626930e+02 
       9.141550569504e-01       8.232609874458e+01 
       1.070521711371e+00       5.720534854538e+01 
       1.318851574325e+00       3.508643376174e+01 
       1.657807375642e+00       2.033559601696e+01 
       2.087009654790e+00       1.163933626201e+01 
       2.627389324834e+00       6.607574876371e+00 
       3.307687187629e+00       3.723209100884e+00 
       4.164131454772e+00       2.083988722650e+00 
       5.242330906464e+00       1.159351236065e+00 
       6.599703595181e+00       6.413494675463e-01 
       8.308534566283e+00       3.530016887169e-01 
       1.045982530026e+01       1.933647254854e-01 
       1.316813987343e+01       1.054561373302e-01 
       1.657770591272e+01       5.728008739048e-02 
       2.087009524277e+01       3.099234866210e-02 
       2.627389324769e+01       1.670785741113e-02 
       3.307687187629e+01       8.975086675502e-03 
       4.164131454772e+01       4.803866526111e-03 
       5.242330906464e+01       2.561565015148e-03 
       6.599703595181e+01       1.360174199768e-03 
       8.308534566283e+01       7.186844521914e-04 
       1.045982530026e+02       3.773741826356e-04 
