# Matter power spectrum P(k) at redshift z=0
# for k=1.03068e-05 to 104.714 h/Mpc,
# number of wavenumbers equal to 623
#    1:k (h/Mpc)              2:P (Mpc/h)^3        
       1.030680750951e-05       5.231047230862e+01 
       2.300851568536e-05       1.132559016408e+02 
       3.575366586725e-05       1.730579176723e+02 
       4.857560011186e-05       2.323843309856e+02 
       6.150819689367e-05       2.916091099150e+02 
       7.458616487219e-05       3.510087641093e+02 
       8.784534580483e-05       4.108172462413e+02 
       1.013230305314e-04       4.712482772259e+02 
       1.150582919869e-04       5.325067232436e+02 
       1.290923392314e-04       5.947953901708e+02 
       1.434688964973e-04       6.583196577299e+02 
       1.582346112087e-04       7.232910415199e+02 
       1.734394947856e-04       7.899301643607e+02 
       1.891373997428e-04       8.584694439975e+02 
       2.053865360464e-04       9.291556278106e+02 
       2.222500287938e-04       1.002252285357e+03 
       2.397965178950e-04       1.078042279031e+03 
       2.581007983621e-04       1.156830262613e+03 
       2.772444968410e-04       1.238945166782e+03 
       2.973167758584e-04       1.324742653313e+03 
       3.184150515916e-04       1.414607478587e+03 
       3.406457034339e-04       1.508955640855e+03 
       3.641247439009e-04       1.608236186960e+03 
       3.889784052240e-04       1.712932476491e+03 
       4.153435842542e-04       1.823562633076e+03 
       4.433680703614e-04       1.940678903773e+03 
       4.732104628082e-04       2.064865480010e+03 
       5.050396664706e-04       2.196734400175e+03 
       5.390338409116e-04       2.336919020339e+03 
       5.753786723049e-04       2.486064605670e+03 
       6.142648466296e-04       2.644815648522e+03 
       6.558846328500e-04       2.813799691668e+03 
       7.004275428668e-04       2.993607708781e+03 
       7.480751244029e-04       3.184771485978e+03 
       7.989950611462e-04       3.387738993881e+03 
       8.533348898586e-04       3.602849183691e+03 
       9.112157747092e-04       3.830308222441e+03 
       9.727268743714e-04       4.070169408080e+03 
       1.037920865324e-03       4.322319145268e+03 
       1.106811122151e-03       4.586470739561e+03 
       1.179370899079e-03       4.862167497380e+03 
       1.255534628754e-03       5.148794802256e+03 
       1.335201198917e-03       5.445595302343e+03 
       1.418238838954e-03       5.751673957814e+03 
       1.504491092406e-03       6.066120143236e+03 
       1.593783292360e-03       6.387938879969e+03 
       1.685928991763e-03       6.716113944264e+03 
       1.780735905931e-03       7.049633706591e+03 
       1.878011065572e-03       7.387512339406e+03 
       1.977565022746e-03       7.728806585517e+03 
       2.079215075621e-03       8.072628126044e+03 
       2.182787568728e-03       8.418151094516e+03 
       2.288119381688e-03       8.764616672256e+03 
       2.395058745788e-03       9.111334110243e+03 
       2.503465531877e-03       9.457679388396e+03 
       2.613211142794e-03       9.803093598699e+03 
       2.724178125598e-03       1.014707757487e+04 
       2.836259598109e-03       1.048918977137e+04 
       2.949358563880e-03       1.082904130446e+04 
       3.063387171476e-03       1.116628849649e+04 
       3.178265958550e-03       1.150063318992e+04 
       3.293923108829e-03       1.183181315327e+04 
       3.410293740564e-03       1.215960256468e+04 
       3.527319237765e-03       1.248380570130e+04 
       3.644946630342e-03       1.280425421190e+04 
       3.763128025538e-03       1.312080503984e+04 
       3.881820090527e-03       1.343333324850e+04 
       4.000983584409e-03       1.374174289058e+04 
       4.120582936798e-03       1.404594160905e+04 
       4.240585869679e-03       1.434586493939e+04 
       4.360963058916e-03       1.464145046706e+04 
       4.481687831825e-03       1.493265747530e+04 
       4.602735897269e-03       1.521945215488e+04 
       4.724085104971e-03       1.550180764015e+04 
       4.845715230949e-03       1.577971510588e+04 
       4.967607786252e-03       1.605315747454e+04 
       5.089745846422e-03       1.632213404858e+04 
       5.212113899376e-03       1.658665471277e+04 
       5.334697709639e-03       1.684672177922e+04 
       5.457484197071e-03       1.710235175759e+04 
       5.580461328467e-03       1.735355793925e+04 
       5.703618020552e-03       1.760035987467e+04 
       5.826944053100e-03       1.784278625883e+04 
       5.950429991036e-03       1.808088793918e+04 
       6.074067114502e-03       1.831465075332e+04 
       6.197847356021e-03       1.854405875893e+04 
       6.321763243950e-03       1.876925474984e+04 
       6.445807851555e-03       1.899022278345e+04 
       6.569974751077e-03       1.920690209167e+04 
       6.694257972257e-03       1.941938610416e+04 
       6.818651964843e-03       1.962781606138e+04 
       6.943151564651e-03       1.983216471933e+04 
       7.067751962819e-03       2.003245783475e+04 
       7.192448677902e-03       2.022873027718e+04 
       7.317237530530e-03       2.042103325549e+04 
       7.442114620369e-03       2.060940233126e+04 
       7.567076305139e-03       2.079386550823e+04 
       7.692119181491e-03       2.097448168387e+04 
       7.817240067568e-03       2.115127794966e+04 
       7.942435987069e-03       2.132428551082e+04 
       8.067704154677e-03       2.149355509495e+04 
       8.193041962730e-03       2.165912687959e+04 
       8.318446969004e-03       2.182104242581e+04 
       8.443916885505e-03       2.197933057665e+04 
       8.569449568187e-03       2.213403545520e+04 
       8.695043007503e-03       2.228520304768e+04 
       8.820695319713e-03       2.243285809695e+04 
       8.946404738882e-03       2.257704339945e+04 
       9.072169609517e-03       2.271782530022e+04 
       9.197988379763e-03       2.285520945796e+04 
       9.323859595141e-03       2.298923813005e+04 
       9.449781892752e-03       2.311995681578e+04 
       9.575753995929e-03       2.324741390017e+04 
       9.701774709285e-03       2.337160943968e+04 
       9.827842914137e-03       2.349262180521e+04 
       9.953957564263e-03       2.361045673870e+04 
       1.008011768197e-02       2.372517922777e+04 
       1.020632235446e-02       2.383679802465e+04 
       1.033257073043e-02       2.394536039432e+04 
       1.045886201695e-02       2.405090452253e+04 
       1.058519547657e-02       2.415345734449e+04 
       1.071157042456e-02       2.425304415135e+04 
       1.083798622644e-02       2.434974924284e+04 
       1.096444229564e-02       2.444354680677e+04 
       1.109093809129e-02       2.453449342664e+04 
       1.121747311626e-02       2.462263149585e+04 
       1.134404691522e-02       2.470797916557e+04 
       1.147065907290e-02       2.479058057005e+04 
       1.159730921251e-02       2.487046201188e+04 
       1.172399699415e-02       2.494766194866e+04 
       1.185072211347e-02       2.502220929249e+04 
       1.197748430031e-02       2.509411607009e+04 
       1.210428331751e-02       2.516342727293e+04 
       1.223111895975e-02       2.523021378311e+04 
       1.235799105252e-02       2.529445728402e+04 
       1.248489945112e-02       2.535618417392e+04 
       1.261184403977e-02       2.541545924300e+04 
       1.273882473077e-02       2.547229566819e+04 
       1.286584146367e-02       2.552669916928e+04 
       1.299289420463e-02       2.557873997582e+04 
       1.311998294568e-02       2.562843632086e+04 
       1.324710770413e-02       2.567579226240e+04 
       1.337426852200e-02       2.572086740657e+04 
       1.350146546552e-02       2.576367578655e+04 
       1.362869862459e-02       2.580425031500e+04 
       1.375596811244e-02       2.584261189665e+04 
       1.388327406511e-02       2.587878161014e+04 
       1.401061664120e-02       2.591280157722e+04 
       1.413799602147e-02       2.594471331251e+04 
       1.426541240858e-02       2.597450863696e+04 
       1.439286602682e-02       2.600223439037e+04 
       1.452035712187e-02       2.602790719035e+04 
       1.464788596061e-02       2.605156232903e+04 
       1.477545283096e-02       2.607321640046e+04 
       1.490305804169e-02       2.609292463029e+04 
       1.503070192233e-02       2.611065467450e+04 
       1.515838482307e-02       2.612648877601e+04 
       1.528610711468e-02       2.614042534655e+04 
       1.541386918846e-02       2.615250768373e+04 
       1.554167145619e-02       2.616271826834e+04 
       1.566951435019e-02       2.617113476803e+04 
       1.579739832324e-02       2.617775158688e+04 
       1.592532384870e-02       2.618259734599e+04 
       1.605329142050e-02       2.618568718857e+04 
       1.618130155325e-02       2.618706844620e+04 
       1.630935478231e-02       2.618675240470e+04 
       1.643745166393e-02       2.618474381983e+04 
       1.656559277532e-02       2.618110345185e+04 
       1.669377871487e-02       2.617582126209e+04 
       1.682201010225e-02       2.616895370167e+04 
       1.695028757865e-02       2.616048658680e+04 
       1.707861180690e-02       2.615045747394e+04 
       1.720698347176e-02       2.613888524269e+04 
       1.733540328011e-02       2.612579739691e+04 
       1.746387196122e-02       2.611124524288e+04 
       1.759239026697e-02       2.609522525174e+04 
       1.772095897220e-02       2.607771183588e+04 
       1.784957887495e-02       2.605879657849e+04 
       1.797825079679e-02       2.603847523115e+04 
       1.810697558318e-02       2.601675995164e+04 
       1.823575410378e-02       2.599369691431e+04 
       1.836458725280e-02       2.596927719995e+04 
       1.849347594946e-02       2.594353065990e+04 
       1.862242113828e-02       2.591650875605e+04 
       1.875142378959e-02       2.588816257807e+04 
       1.888048489991e-02       2.585861731609e+04 
       1.900960549241e-02       2.582777498526e+04 
       1.913878661737e-02       2.579573715853e+04 
       1.926802935269e-02       2.576247076098e+04 
       1.939733480437e-02       2.572806921168e+04 
       1.952670410704e-02       2.569248394608e+04 
       1.965613842452e-02       2.565574813305e+04 
       1.978563895033e-02       2.561787779290e+04 
       1.991520690833e-02       2.557892495109e+04 
       2.004484355328e-02       2.553890109599e+04 
       2.017455017147e-02       2.549776157400e+04 
       2.030432808139e-02       2.545562930974e+04 
       2.043417863432e-02       2.541242248980e+04 
       2.056410321511e-02       2.536821013703e+04 
       2.069410324281e-02       2.532305383643e+04 
       2.082418017144e-02       2.527685392737e+04 
       2.095433549073e-02       2.522972416980e+04 
       2.108457072690e-02       2.518164793113e+04 
       2.121488744347e-02       2.513269578538e+04 
       2.134528724207e-02       2.508276194247e+04 
       2.147577176332e-02       2.503196806305e+04 
       2.160634268769e-02       2.498037025435e+04 
       2.173700173640e-02       2.492783670413e+04 
       2.186775067240e-02       2.487451659348e+04 
       2.199859130130e-02       2.482034146768e+04 
       2.212952547237e-02       2.476536142872e+04 
       2.226055507958e-02       2.470963813815e+04 
       2.239168206266e-02       2.465304969122e+04 
       2.252290840820e-02       2.459580883788e+04 
       2.265423615074e-02       2.453777434085e+04 
       2.278566737400e-02       2.447904959999e+04 
       2.291720421202e-02       2.441957218693e+04 
       2.304884885042e-02       2.435941968164e+04 
       2.318060352769e-02       2.429860161023e+04 
       2.331247053649e-02       2.423712276641e+04 
       2.344445222501e-02       2.417497919859e+04 
       2.357655099839e-02       2.411220826368e+04 
       2.370876932015e-02       2.404882004845e+04 
       2.384110971370e-02       2.398483915565e+04 
       2.397357476384e-02       2.392027838759e+04 
       2.410616711843e-02       2.385508852252e+04 
       2.423888948994e-02       2.378935134050e+04 
       2.437174465723e-02       2.372314592444e+04 
       2.450473546726e-02       2.365627535622e+04 
       2.463786483688e-02       2.358895625805e+04 
       2.477113575476e-02       2.352116251780e+04 
       2.490455128327e-02       2.345287481173e+04 
       2.503811456050e-02       2.338400600128e+04 
       2.517182880231e-02       2.331473484120e+04 
       2.530569730447e-02       2.324499333424e+04 
       2.543972344488e-02       2.317483157763e+04 
       2.557391068582e-02       2.310425519614e+04 
       2.570826257632e-02       2.303318250878e+04 
       2.584278275462e-02       2.296182582372e+04 
       2.597747495066e-02       2.288999400282e+04 
       2.611234298873e-02       2.281782586929e+04 
       2.624739079012e-02       2.274521925261e+04 
       2.638262237599e-02       2.267232283693e+04 
       2.651804187021e-02       2.259903825406e+04 
       2.665365350239e-02       2.252544025289e+04 
       2.678946161100e-02       2.245149262130e+04 
       2.692547064656e-02       2.237726575924e+04 
       2.706168517503e-02       2.230269599103e+04 
       2.719810988122e-02       2.222786939120e+04 
       2.733474957244e-02       2.215269579323e+04 
       2.747160918218e-02       2.207734953422e+04 
       2.760869377402e-02       2.200165221298e+04 
       2.774600854561e-02       2.192568276029e+04 
       2.788355883285e-02       2.184957347067e+04 
       2.802135011422e-02       2.177314454151e+04 
       2.815938801528e-02       2.169659487251e+04 
       2.829767831334e-02       2.161982496511e+04 
       2.843622694229e-02       2.154275825985e+04 
       2.857503999769e-02       2.146549722243e+04 
       2.871412374198e-02       2.138811581880e+04 
       2.885348460996e-02       2.131051158687e+04 
       2.899312921447e-02       2.123278445045e+04 
       2.913306435230e-02       2.115488577091e+04 
       2.927329701033e-02       2.107678832631e+04 
       2.941383437200e-02       2.099856690090e+04 
       2.955468382392e-02       2.092026811779e+04 
       2.969585296288e-02       2.084177464298e+04 
       2.983734960312e-02       2.076317573667e+04 
       2.997918178387e-02       2.068447843230e+04 
       3.012135777728e-02       2.060565256516e+04 
       3.026388609666e-02       2.052673340371e+04 
       3.040677550511e-02       2.044771753455e+04 
       3.055003502447e-02       2.036860768461e+04 
       3.069367394478e-02       2.028945499626e+04 
       3.083770183410e-02       2.021021201721e+04 
       3.098212854874e-02       2.013085732529e+04 
       3.112696424406e-02       2.005148238744e+04 
       3.127221938571e-02       1.997205985920e+04 
       3.141790476142e-02       1.989266812751e+04 
       3.156403149334e-02       1.981311861265e+04 
       3.171061105096e-02       1.973357208913e+04 
       3.185765526469e-02       1.965401231714e+04 
       3.200517634010e-02       1.957438586757e+04 
       3.215318687282e-02       1.949475483613e+04 
       3.230169986421e-02       1.941511648058e+04 
       3.245072873784e-02       1.933550125862e+04 
       3.260028735678e-02       1.925579770138e+04 
       3.275039004180e-02       1.917612611589e+04 
       3.290105159048e-02       1.909642984946e+04 
       3.305228729735e-02       1.901678053238e+04 
       3.320411297510e-02       1.893710272244e+04 
       3.335654497692e-02       1.885747591172e+04 
       3.350960022004e-02       1.877789962515e+04 
       3.366329621056e-02       1.869835520086e+04 
       3.381765106966e-02       1.861874111951e+04 
       3.397268356130e-02       1.853915152399e+04 
       3.412841312142e-02       1.845964338590e+04 
       3.428485988888e-02       1.838023220018e+04 
       3.444204473813e-02       1.830070264773e+04 
       3.459998931388e-02       1.822133035796e+04 
       3.475871606767e-02       1.814195836514e+04 
       3.491824829679e-02       1.806260449121e+04 
       3.507861018547e-02       1.798332746306e+04 
       3.523982684861e-02       1.790409039560e+04 
       3.540192437821e-02       1.782487271737e+04 
       3.556492989274e-02       1.774570970255e+04 
       3.572887158964e-02       1.766663509953e+04 
       3.589377880119e-02       1.758757638937e+04 
       3.605968205402e-02       1.750854727627e+04 
       3.622661313259e-02       1.742959701520e+04 
       3.639460514681e-02       1.735067623781e+04 
       3.656369260436e-02       1.727180089340e+04 
       3.673391148793e-02       1.719304048884e+04 
       3.690529933777e-02       1.711426735345e+04 
       3.707789534015e-02       1.703555764835e+04 
       3.725174042209e-02       1.695686278688e+04 
       3.742687735297e-02       1.687821423328e+04 
       3.760335085359e-02       1.679967413539e+04 
       3.778120771340e-02       1.672110333881e+04 
       3.796049691650e-02       1.664259981905e+04 
       3.814126977746e-02       1.656415831216e+04 
       3.832358008751e-02       1.648570305347e+04 
       3.850748427248e-02       1.640734475863e+04 
       3.869304156328e-02       1.632895595976e+04 
       3.888031418035e-02       1.625061191596e+04 
       3.906936753329e-02       1.617229855253e+04 
       3.926027043735e-02       1.609402305824e+04 
       3.945309534839e-02       1.601570796558e+04 
       3.964791861821e-02       1.593742179995e+04 
       3.984482077248e-02       1.585911317265e+04 
       4.004388681357e-02       1.578086402384e+04 
       4.024520655107e-02       1.570255864541e+04 
       4.044887496296e-02       1.562427161308e+04 
       4.065499259102e-02       1.554590984302e+04 
       4.086366597421e-02       1.546752314678e+04 
       4.107500812460e-02       1.538908915708e+04 
       4.128913905076e-02       1.531061731845e+04 
       4.150618633444e-02       1.523209370351e+04 
       4.172628576703e-02       1.515354743606e+04 
       4.194958205326e-02       1.507486882236e+04 
       4.217622959087e-02       1.499609741108e+04 
       4.240639333593e-02       1.491725463822e+04 
       4.264024976538e-02       1.483827986944e+04 
       4.287798794989e-02       1.475914503893e+04 
       4.311981075230e-02       1.467987387146e+04 
       4.336593616944e-02       1.460044600756e+04 
       4.361659883797e-02       1.452083680580e+04 
       4.387205172853e-02       1.444105054828e+04 
       4.413256805650e-02       1.436101963018e+04 
       4.439844344297e-02       1.428075276129e+04 
       4.466999836520e-02       1.420026961733e+04 
       4.494758094344e-02       1.411945379761e+04 
       4.523157011990e-02       1.403833121641e+04 
       4.552237929594e-02       1.395684739799e+04 
       4.582046050746e-02       1.387503404646e+04 
       4.612630923388e-02       1.379274354384e+04 
       4.644046995652e-02       1.371002058004e+04 
       4.676354260644e-02       1.362681508310e+04 
       4.709619007254e-02       1.354305582917e+04 
       4.743914697874e-02       1.345871377715e+04 
       4.779322998650e-02       1.337373991383e+04 
       4.815934993944e-02       1.328805069932e+04 
       4.853852624165e-02       1.320157738680e+04 
       4.893190395792e-02       1.311423846161e+04 
       4.934077424499e-02       1.302598611100e+04 
       4.976659887847e-02       1.293664285853e+04 
       5.021103983694e-02       1.284612282595e+04 
       5.067599515690e-02       1.275438114753e+04 
       5.116364259161e-02       1.266112254843e+04 
       5.167649301100e-02       1.256625520574e+04 
       5.221745598454e-02       1.246951042261e+04 
       5.278992060531e-02       1.237065759597e+04 
       5.339785534056e-02       1.226942877648e+04 
       5.404593149098e-02       1.216532273591e+04 
       5.473967558842e-02       1.205793965408e+04 
       5.548565646974e-02       1.194661548250e+04 
       5.629171220380e-02       1.183070233929e+04 
       5.716721924091e-02       1.170901972689e+04 
       5.812339862759e-02       1.158035112072e+04 
       5.917363738391e-02       1.144295433374e+04 
       6.033376965375e-02       1.129447065137e+04 
       6.162220129751e-02       1.113179712589e+04 
       6.305966327911e-02       1.095073885349e+04 
       6.466825061431e-02       1.074595225048e+04 
       6.646930967571e-02       1.051078997078e+04 
       6.847986021899e-02       1.023769707962e+04 
       7.070786813122e-02       9.919456601016e+03 
       7.314789633903e-02       9.551277690859e+03 
       7.577966675164e-02       9.133377674376e+03 
       7.857128842322e-02       8.672857035507e+03 
       8.148605690664e-02       8.183557571159e+03 
       8.448938395259e-02       7.683954559914e+03 
       8.755301827451e-02       7.193724717938e+03 
       9.065611863146e-02       6.730803117752e+03 
       9.378435051720e-02       6.309175801906e+03 
       9.692830237620e-02       5.937724149290e+03 
       1.000819769934e-01       5.620295846775e+03 
       1.032416241293e-01       5.356061177987e+03 
       1.064049258368e-01       5.140381729138e+03 
       1.095704595995e-01       4.965886147233e+03 
       1.127373561326e-01       4.823275309718e+03 
       1.159050855246e-01       4.702389419538e+03 
       1.190733251532e-01       4.593050856219e+03 
       1.222418786840e-01       4.486025269667e+03 
       1.254106266084e-01       4.373769359892e+03 
       1.285794961164e-01       4.250971717202e+03 
       1.317484427759e-01       4.114979830073e+03 
       1.349174393996e-01       3.965631056966e+03 
       1.380864692845e-01       3.805250036388e+03 
       1.412555221063e-01       3.637752566965e+03 
       1.444245914264e-01       3.468001900931e+03 
       1.475936731781e-01       3.301286902302e+03 
       1.507627647462e-01       3.142467994084e+03 
       1.539318644081e-01       2.995503527947e+03 
       1.571009709933e-01       2.863267158824e+03 
       1.602700836754e-01       2.747281286098e+03 
       1.634392018460e-01       2.647790326436e+03 
       1.666083250364e-01       2.563800957723e+03 
       1.697774528702e-01       2.493453092886e+03 
       1.729465850334e-01       2.434119307602e+03 
       1.761157212559e-01       2.382817467820e+03 
       1.792848612996e-01       2.336429324100e+03 
       1.824540049511e-01       2.292459697571e+03 
       1.856231520161e-01       2.247927604648e+03 
       1.887923023168e-01       2.200604645203e+03 
       1.919614556887e-01       2.149136975087e+03 
       1.951306119791e-01       2.093010639767e+03 
       1.982997710461e-01       2.032520678228e+03 
       2.014689327570e-01       1.968701800052e+03 
       2.046380969874e-01       1.902901267884e+03 
       2.078072636212e-01       1.836872027980e+03 
       2.109764325490e-01       1.772228223332e+03 
       2.141456036681e-01       1.710358732713e+03 
       2.173147768820e-01       1.652411292191e+03 
       2.204839520996e-01       1.599155864719e+03 
       2.236531292351e-01       1.551033743161e+03 
       2.268223082075e-01       1.508154763948e+03 
       2.299914889405e-01       1.470291527145e+03 
       2.331606713617e-01       1.436919895646e+03 
       2.363298554028e-01       1.407279801539e+03 
       2.394990409990e-01       1.380439777032e+03 
       2.426682280890e-01       1.355376842988e+03 
       2.458374166147e-01       1.331144714770e+03 
       2.490066065208e-01       1.306926955217e+03 
       2.521757977551e-01       1.282096377708e+03 
       2.553449902678e-01       1.256275824306e+03 
       2.585141840115e-01       1.229285284630e+03 
       2.616833789413e-01       1.201163491992e+03 
       2.648525750143e-01       1.172112473895e+03 
       2.680217721898e-01       1.142498943509e+03 
       2.711909704289e-01       1.112734274915e+03 
       2.743601696945e-01       1.083324434717e+03 
       2.775293699512e-01       1.054804808458e+03 
       2.806985711653e-01       1.027597348294e+03 
       2.838677733046e-01       1.002033344783e+03 
       2.870369763381e-01       9.782891299011e+02 
       2.902061802366e-01       9.564105373252e+02 
       2.933753849717e-01       9.363002115492e+02 
       2.965445905166e-01       9.177802673074e+02 
       2.997137968453e-01       9.006056812457e+02 
       3.028830039332e-01       8.845082679559e+02 
       3.060522117566e-01       8.691992363299e+02 
       3.092214202928e-01       8.544033102631e+02 
       3.123906295198e-01       8.398473008861e+02 
       3.155598394169e-01       8.253110197134e+02 
       3.187290499639e-01       8.106261147018e+02 
       3.218982611415e-01       7.957086121625e+02 
       3.250674729312e-01       7.805566925084e+02 
       3.282366853152e-01       7.652110074973e+02 
       3.314058982764e-01       7.497906771587e+02 
       3.345751117982e-01       7.344428302184e+02 
       3.377443258649e-01       7.193032206673e+02 
       3.409135404611e-01       7.045067927260e+02 
       3.440827555722e-01       6.901727593815e+02 
       3.472519711840e-01       6.763893668391e+02 
       3.504211872828e-01       6.632305229701e+02 
       3.535904038555e-01       6.507358299016e+02 
       3.567596208894e-01       6.389154641477e+02 
       3.599288383723e-01       6.277248112213e+02 
       3.630980562924e-01       6.171191721389e+02 
       3.662672746382e-01       6.069867951695e+02 
       3.694364933988e-01       5.972176709834e+02 
       3.726057125636e-01       5.877321792933e+02 
       3.757749321222e-01       5.784205294737e+02 
       3.789441520647e-01       5.692348816900e+02 
       3.821133723816e-01       5.601157712696e+02 
       3.852825930636e-01       5.510651623719e+02 
       3.884518141017e-01       5.420437286967e+02 
       3.916210354872e-01       5.330630111294e+02 
       3.947902572118e-01       5.241276058806e+02 
       3.979594792672e-01       5.152687640235e+02 
       4.011287016457e-01       5.065243576526e+02 
       4.042979243395e-01       4.979361156373e+02 
       4.074671473414e-01       4.895457626819e+02 
       4.106363706441e-01       4.813940260647e+02 
       4.138055942407e-01       4.734919419069e+02 
       4.169748181245e-01       4.658483940085e+02 
       4.201440422889e-01       4.584562201378e+02 
       4.233132667277e-01       4.513109793555e+02 
       4.264824914347e-01       4.444009724488e+02 
       4.296517164039e-01       4.377147414018e+02 
       4.328209416295e-01       4.312352645663e+02 
       4.359901671060e-01       4.249260150090e+02 
       4.391593928279e-01       4.187751671431e+02 
       4.423286187899e-01       4.127487252139e+02 
       4.454978449869e-01       4.068213350052e+02 
       4.486670714138e-01       4.009686314108e+02 
       4.518362980658e-01       3.951846607063e+02 
       4.550055249382e-01       3.894643833142e+02 
       4.581747520264e-01       3.838056535988e+02 
       4.613439793259e-01       3.782249959869e+02 
       4.645132068324e-01       3.727280014590e+02 
       4.676824345417e-01       3.672998928696e+02 
       4.708516624497e-01       3.619681820801e+02 
       4.740208905523e-01       3.567368241629e+02 
       4.771901188457e-01       3.516121888502e+02 
       4.803593473260e-01       3.466099766367e+02 
       4.835285759897e-01       3.417339351932e+02 
       4.866978048331e-01       3.369959972600e+02 
       4.898670338526e-01       3.323870731899e+02 
       4.930362630450e-01       3.278895843799e+02 
       4.962054924068e-01       3.235035758526e+02 
       4.993747219349e-01       3.192084236709e+02 
       5.025439516261e-01       3.150040832693e+02 
       5.057131814773e-01       3.108736199575e+02 
       5.088824114854e-01       3.068202277904e+02 
       5.120516416477e-01       3.028322654096e+02 
       5.152208719612e-01       2.989091548123e+02 
       5.183901024231e-01       2.950332134945e+02 
       5.215593330308e-01       2.912111100295e+02 
       5.247285637816e-01       2.874454822188e+02 
       5.278977946728e-01       2.837174307003e+02 
       5.310670257021e-01       2.800620490151e+02 
       5.342362568668e-01       2.764565630050e+02 
       5.374054881647e-01       2.729241130808e+02 
       5.405747195933e-01       2.694575943075e+02 
       5.437439511504e-01       2.660597548956e+02 
       5.469131828337e-01       2.627219034160e+02 
       5.500824146411e-01       2.594516928312e+02 
       5.532516465704e-01       2.562433440677e+02 
       5.564208786195e-01       2.530930520779e+02 
       5.595901107864e-01       2.500059291005e+02 
       5.627593430690e-01       2.469843008466e+02 
       5.659285754655e-01       2.440149022759e+02 
       5.690978079739e-01       2.410995318478e+02 
       5.722670405923e-01       2.382356073118e+02 
       5.754362733190e-01       2.354077254845e+02 
       5.786055061522e-01       2.326299504375e+02 
       5.817747390900e-01       2.298870444022e+02 
       5.849439721308e-01       2.271910309355e+02 
       5.881132052730e-01       2.245397596716e+02 
       5.912824385149e-01       2.219309369222e+02 
       5.944516718548e-01       2.193503417086e+02 
       5.976209052913e-01       2.168122036202e+02 
       6.007901388228e-01       2.143106884358e+02 
       6.039593724478e-01       2.118500348633e+02 
       6.071286061649e-01       2.094232949427e+02 
       6.102978399725e-01       2.070386735062e+02 
       6.134670738693e-01       2.047010735351e+02 
       6.166363078539e-01       2.023984518004e+02 
       6.198055419250e-01       2.001383992281e+02 
       6.229747760812e-01       1.979102232935e+02 
       6.261440103213e-01       1.957190902001e+02 
       6.293132446439e-01       1.935673205579e+02 
       6.324824790479e-01       1.914407730841e+02 
       6.356517135319e-01       1.893560894084e+02 
       6.388209480949e-01       1.873005359545e+02 
       6.419901827356e-01       1.852784094726e+02 
       6.451594174529e-01       1.832842529433e+02 
       6.483286522457e-01       1.813228933417e+02 
       6.514978871128e-01       1.793800405843e+02 
       6.546671220532e-01       1.774661183258e+02 
       6.578363570659e-01       1.755845298969e+02 
       6.610055921497e-01       1.737253452036e+02 
       6.641748273036e-01       1.719000189363e+02 
       6.673440625267e-01       1.700959336183e+02 
       6.705132978180e-01       1.683209486646e+02 
       6.736825331765e-01       1.665717251775e+02 
       6.768517686012e-01       1.648425496823e+02 
       6.800210040913e-01       1.631451988141e+02 
       6.831902396458e-01       1.614679321445e+02 
       6.863594752638e-01       1.598177679649e+02 
       6.895287109445e-01       1.581913467484e+02 
       6.926979466869e-01       1.565894747905e+02 
       6.958671824903e-01       1.550112572570e+02 
       6.990364183538e-01       1.534578085663e+02 
       7.022056542766e-01       1.519214942197e+02 
       7.053748902579e-01       1.504044207309e+02 
       7.085441262968e-01       1.489128418391e+02 
       7.117133623928e-01       1.474372654703e+02 
       7.148825985449e-01       1.459905846245e+02 
       7.180518347524e-01       1.445570807746e+02 
       7.212210710146e-01       1.431434019454e+02 
       7.243903073308e-01       1.417484063523e+02 
       7.275595437002e-01       1.403713154001e+02 
       7.307287801223e-01       1.390156218863e+02 
       7.338980165962e-01       1.376733537442e+02 
       7.370672531214e-01       1.363510844113e+02 
       7.402364896971e-01       1.350509916156e+02 
       7.434057263227e-01       1.337658998686e+02 
       8.122205327778e-01       1.096014338929e+02 
       9.117433125869e-01       8.426142460797e+01 
       1.069877014034e+00       5.828072033337e+01 
       1.320047775066e+00       3.562001351476e+01 
       1.659632008344e+00       2.063474972251e+01 
       2.089314884435e+00       1.180988878787e+01 
       2.630291475085e+00       6.704287363171e+00 
       3.311340778353e+00       3.777548368763e+00 
       4.168731052979e+00       2.114338504808e+00 
       5.248121457530e+00       1.176222299839e+00 
       6.606993467067e+00       6.506905068030e-01 
       8.317711971249e+00       3.581170451323e-01 
       1.047137896859e+01       1.961621819423e-01 
       1.318268508008e+01       1.069811540060e-01 
       1.659601724300e+01       5.810607777831e-02 
       2.089314784178e+01       3.143958917599e-02 
       2.630291475039e+01       1.694867704991e-02 
       3.311340778353e+01       9.104166209630e-03 
       4.168731052979e+01       4.872831734288e-03 
       5.248121457530e+01       2.598257237028e-03 
       6.606993467067e+01       1.379639814833e-03 
       8.317711971249e+01       7.289410979286e-04 
       1.047137896859e+02       3.827468626141e-04 
