# dimensionless [l(l+1)/2pi] C_l's for tensor mode
# for l=2 to 500, i.e. number of multipoles equal to 499
#
# -> if you prefer output in CAMB/HealPix/LensPix units/order, set 'format' to 'camb' in input file
# -> if you don't want to see such a header, set 'headers' to 'no' in input file
# -> for CMB lensing (phi), these are C_l^phi-phi for the lensing potential.
#    Remember the conversion factors:
#    C_l^dd (deflection) = l(l+1) C_l^phi-phi
#    C_l^gg (shear/convergence) = 1/4 (l(l+1))^2 C_l^phi-phi
#
# 1:l     2:TT                     3:EE                     4:TE                     5:BB                     6:phiphi                 7:TPhi                   8:Ephi               
    2       1.428672260777e-10       2.736857394414e-15       1.662054241288e-13       4.868578008339e-15       0.000000000000e+00       0.000000000000e+00       0.000000000000e+00 
    3       1.088851288821e-10       2.918522468690e-15      -1.127320322143e-14       4.928025792278e-15       0.000000000000e+00       0.000000000000e+00       0.000000000000e+00 
    4       9.762171533030e-11       2.696142253226e-15      -6.408506710763e-14       4.306893524054e-15       0.000000000000e+00       0.000000000000e+00       0.000000000000e+00 
    5       9.289558576192e-11       2.168550514687e-15      -7.486869567903e-14       3.389864917509e-15       0.000000000000e+00       0.000000000000e+00       0.000000000000e+00 
    6       9.008876332998e-11       1.571134364024e-15      -7.093112145472e-14       2.470453509430e-15       0.000000000000e+00       0.000000000000e+00       0.000000000000e+00 
    7       8.831381133586e-11       1.071819075615e-15      -6.274730930364e-14       1.713049141128e-15       0.000000000000e+00       0.000000000000e+00       0.000000000000e+00 
    8       8.711252327253e-11       7.418767475768e-16      -5.496333954416e-14       1.175238289354e-15       0.000000000000e+00       0.000000000000e+00       0.000000000000e+00 
    9       8.623905394001e-11       5.794628980727e-16      -4.931620227027e-14       8.476928882552e-16       0.000000000000e+00       0.000000000000e+00       0.000000000000e+00 
   10       8.555143711338e-11       5.459727273392e-16      -4.616835920023e-14       6.894232868952e-16       0.000000000000e+00       0.000000000000e+00       0.000000000000e+00 
   11       8.496628620537e-11       5.950540616408e-16      -4.529291891760e-14       6.522760031763e-16       0.000000000000e+00       0.000000000000e+00       0.000000000000e+00 
   12       8.443498709754e-11       6.897321059918e-16      -4.628872729689e-14       6.933314460953e-16       0.000000000000e+00       0.000000000000e+00       0.000000000000e+00 
   13       8.392850635250e-11       8.062411790693e-16      -4.876082632227e-14       7.810229338524e-16       0.000000000000e+00       0.000000000000e+00       0.000000000000e+00 
   14       8.342869859110e-11       9.329792533984e-16      -5.238430081787e-14       8.943706766529e-16       0.000000000000e+00       0.000000000000e+00       0.000000000000e+00 
   15       8.292416100902e-11       1.065488204196e-15      -5.692544494362e-14       1.021478280473e-15       0.000000000000e+00       0.000000000000e+00       0.000000000000e+00 
   16       8.240807215046e-11       1.202946348664e-15      -6.222320862211e-14       1.156294676505e-15       0.000000000000e+00       0.000000000000e+00       0.000000000000e+00 
   17       8.187668082437e-11       1.345726147565e-15      -6.815571045165e-14       1.296132364174e-15       0.000000000000e+00       0.000000000000e+00       0.000000000000e+00 
   18       8.132218918221e-11       1.494020697082e-15      -7.463801365503e-14       1.440282448052e-15       0.000000000000e+00       0.000000000000e+00       0.000000000000e+00 
   19       8.076181164042e-11       1.647775685690e-15      -8.162158260761e-14       1.588507120040e-15       0.000000000000e+00       0.000000000000e+00       0.000000000000e+00 
   20       8.017627781682e-11       1.806938989002e-15      -8.904382346718e-14       1.740720389796e-15       0.000000000000e+00       0.000000000000e+00       0.000000000000e+00 
   21       7.957610477670e-11       1.971255651140e-15      -9.686944437738e-14       1.896795371370e-15       0.000000000000e+00       0.000000000000e+00       0.000000000000e+00 
   22       7.895585886461e-11       2.140439001655e-15      -1.050614980416e-13       2.056670301816e-15       0.000000000000e+00       0.000000000000e+00       0.000000000000e+00 
   23       7.832297649560e-11       2.314334078535e-15      -1.135858909491e-13       2.220277783168e-15       0.000000000000e+00       0.000000000000e+00       0.000000000000e+00 
   24       7.767140340549e-11       2.492888837970e-15      -1.224039184682e-13       2.387571942780e-15       0.000000000000e+00       0.000000000000e+00       0.000000000000e+00 
   25       7.700705621771e-11       2.676175072782e-15      -1.314862787012e-13       2.558344408136e-15       0.000000000000e+00       0.000000000000e+00       0.000000000000e+00 
   26       7.632665503656e-11       2.864320535428e-15      -1.408033030627e-13       2.732347902629e-15       0.000000000000e+00       0.000000000000e+00       0.000000000000e+00 
   27       7.563264549583e-11       3.057289910292e-15      -1.503271263824e-13       2.909344843348e-15       0.000000000000e+00       0.000000000000e+00       0.000000000000e+00 
   28       7.492102831817e-11       3.254992416365e-15      -1.600293231762e-13       3.089109368688e-15       0.000000000000e+00       0.000000000000e+00       0.000000000000e+00 
   29       7.419964228587e-11       3.457274179228e-15      -1.698872895410e-13       3.271417234624e-15       0.000000000000e+00       0.000000000000e+00       0.000000000000e+00 
   30       7.346937162504e-11       3.663951548497e-15      -1.798791168994e-13       3.456055076277e-15       0.000000000000e+00       0.000000000000e+00       0.000000000000e+00 
   31       7.272207742046e-11       3.874811414070e-15      -1.899820116961e-13       3.642815711830e-15       0.000000000000e+00       0.000000000000e+00       0.000000000000e+00 
   32       7.196294331662e-11       4.089565819836e-15      -2.001743082732e-13       3.831466729618e-15       0.000000000000e+00       0.000000000000e+00       0.000000000000e+00 
   33       7.119424379182e-11       4.307875086284e-15      -2.104341764509e-13       4.021770791816e-15       0.000000000000e+00       0.000000000000e+00       0.000000000000e+00 
   34       7.041218847570e-11       4.529391142286e-15      -2.207399993243e-13       4.213495326848e-15       0.000000000000e+00       0.000000000000e+00       0.000000000000e+00 
   35       6.962010320796e-11       4.753879144074e-15      -2.310735092777e-13       4.406417413333e-15       0.000000000000e+00       0.000000000000e+00       0.000000000000e+00 
   36       6.881837082009e-11       4.981137081447e-15      -2.414178526059e-13       4.600321065273e-15       0.000000000000e+00       0.000000000000e+00       0.000000000000e+00 
   37       6.800354024001e-11       5.210967465609e-15      -2.517559324762e-13       4.794985400894e-15       0.000000000000e+00       0.000000000000e+00       0.000000000000e+00 
   38       6.717984989715e-11       5.443189760478e-15      -2.620672714317e-13       4.990147403847e-15       0.000000000000e+00       0.000000000000e+00       0.000000000000e+00 
   39       6.635051277629e-11       5.677632555294e-15      -2.723301668118e-13       5.185526357482e-15       0.000000000000e+00       0.000000000000e+00       0.000000000000e+00 
   40       6.551400616086e-11       5.914130746938e-15      -2.825225373017e-13       5.380833028155e-15       0.000000000000e+00       0.000000000000e+00       0.000000000000e+00 
   41       6.466640316096e-11       6.152527135391e-15      -2.926258908135e-13       5.575780313469e-15       0.000000000000e+00       0.000000000000e+00       0.000000000000e+00 
   42       6.381045544807e-11       6.392676869786e-15      -3.026387643066e-13       5.770120826533e-15       0.000000000000e+00       0.000000000000e+00       0.000000000000e+00 
   43       6.294864433428e-11       6.634445125336e-15      -3.125676712048e-13       5.963620517021e-15       0.000000000000e+00       0.000000000000e+00       0.000000000000e+00 
   44       6.208032587772e-11       6.877706508908e-15      -3.224237927297e-13       6.156048626596e-15       0.000000000000e+00       0.000000000000e+00       0.000000000000e+00 
   45       6.120341323260e-11       7.122322780812e-15      -3.322157645666e-13       6.347167503133e-15       0.000000000000e+00       0.000000000000e+00       0.000000000000e+00 
   46       6.032071941475e-11       7.368066954294e-15      -3.419248095470e-13       6.536698034484e-15       0.000000000000e+00       0.000000000000e+00       0.000000000000e+00 
   47       5.943500840420e-11       7.614677315823e-15      -3.515226439480e-13       6.724344153337e-15       0.000000000000e+00       0.000000000000e+00       0.000000000000e+00 
   48       5.854700536320e-11       7.861877398084e-15      -3.609781744545e-13       6.909801861794e-15       0.000000000000e+00       0.000000000000e+00       0.000000000000e+00 
   49       5.765521520237e-11       8.109375146280e-15      -3.702573449691e-13       7.092758795768e-15       0.000000000000e+00       0.000000000000e+00       0.000000000000e+00 
   50       5.675731387680e-11       8.356862283397e-15      -3.793260093108e-13       7.272912996948e-15       0.000000000000e+00       0.000000000000e+00       0.000000000000e+00 
   51       5.585518841534e-11       8.604014137034e-15      -3.881598239699e-13       7.450036246318e-15       0.000000000000e+00       0.000000000000e+00       0.000000000000e+00 
   52       5.495095133086e-11       8.850488324477e-15      -3.967367758325e-13       7.623927168842e-15       0.000000000000e+00       0.000000000000e+00       0.000000000000e+00 
   53       5.404538258518e-11       9.095923744866e-15      -4.050343804499e-13       7.794393985594e-15       0.000000000000e+00       0.000000000000e+00       0.000000000000e+00 
   54       5.313782216610e-11       9.339939754865e-15      -4.130296712439e-13       7.961254982044e-15       0.000000000000e+00       0.000000000000e+00       0.000000000000e+00 
   55       5.222712330377e-11       9.582172638453e-15      -4.207016487524e-13       8.124338586352e-15       0.000000000000e+00       0.000000000000e+00       0.000000000000e+00 
   56       5.131503551534e-11       9.822397514155e-15      -4.280393656035e-13       8.283482554228e-15       0.000000000000e+00       0.000000000000e+00       0.000000000000e+00 
   57       5.040347382138e-11       1.006043526831e-14      -4.350358311150e-13       8.438535401814e-15       0.000000000000e+00       0.000000000000e+00       0.000000000000e+00 
   58       4.949346707844e-11       1.029611852927e-14      -4.416858104250e-13       8.589357221155e-15       0.000000000000e+00       0.000000000000e+00       0.000000000000e+00 
   59       4.858509187966e-11       1.052929229611e-14      -4.479859095431e-13       8.735820133295e-15       0.000000000000e+00       0.000000000000e+00       0.000000000000e+00 
   60       4.767740645534e-11       1.075981456732e-14      -4.539346604014e-13       8.877808741362e-15       0.000000000000e+00       0.000000000000e+00       0.000000000000e+00 
   61       4.676925850661e-11       1.098754435134e-14      -4.595312072589e-13       9.015216524027e-15       0.000000000000e+00       0.000000000000e+00       0.000000000000e+00 
   62       4.586207013318e-11       1.121230113133e-14      -4.647708289540e-13       9.147933044854e-15       0.000000000000e+00       0.000000000000e+00       0.000000000000e+00 
   63       4.495756356281e-11       1.143389737603e-14      -4.696485579239e-13       9.275854662899e-15       0.000000000000e+00       0.000000000000e+00       0.000000000000e+00 
   64       4.405690476884e-11       1.165215057886e-14      -4.741605300293e-13       9.398888656865e-15       0.000000000000e+00       0.000000000000e+00       0.000000000000e+00 
   65       4.316066510002e-11       1.186688348617e-14      -4.783040252272e-13       9.516953549382e-15       0.000000000000e+00       0.000000000000e+00       0.000000000000e+00 
   66       4.226878291034e-11       1.207792432563e-14      -4.820775082441e-13       9.629979431286e-15       0.000000000000e+00       0.000000000000e+00       0.000000000000e+00 
   67       4.138052518895e-11       1.228510703451e-14      -4.854806692494e-13       9.737908285902e-15       0.000000000000e+00       0.000000000000e+00       0.000000000000e+00 
   68       4.049508735046e-11       1.248827060610e-14      -4.885139385282e-13       9.840688305603e-15       0.000000000000e+00       0.000000000000e+00       0.000000000000e+00 
   69       3.961361950182e-11       1.268725646460e-14      -4.911768253908e-13       9.938254779350e-15       0.000000000000e+00       0.000000000000e+00       0.000000000000e+00 
   70       3.873754370708e-11       1.288191096607e-14      -4.934693142030e-13       1.003054589722e-14       0.000000000000e+00       0.000000000000e+00       0.000000000000e+00 
   71       3.786793050085e-11       1.307208643531e-14      -4.953923873384e-13       1.011750858305e-14       0.000000000000e+00       0.000000000000e+00       0.000000000000e+00 
   72       3.700547683932e-11       1.325764137172e-14      -4.969480523980e-13       1.019909866507e-14       0.000000000000e+00       0.000000000000e+00       0.000000000000e+00 
   73       3.615048405141e-11       1.343844065499e-14      -4.981393694313e-13       1.027528104652e-14       0.000000000000e+00       0.000000000000e+00       0.000000000000e+00 
   74       3.530283578981e-11       1.361435575093e-14      -4.989704781565e-13       1.034602987629e-14       0.000000000000e+00       0.000000000000e+00       0.000000000000e+00 
   75       3.446197598211e-11       1.378526491717e-14      -4.994466251809e-13       1.041132871957e-14       0.000000000000e+00       0.000000000000e+00       0.000000000000e+00 
   76       3.362732891076e-11       1.395105126016e-14      -4.995734723349e-13       1.047116821018e-14       0.000000000000e+00       0.000000000000e+00       0.000000000000e+00 
   77       3.279969663053e-11       1.411159604196e-14      -4.993548158885e-13       1.052553813633e-14       0.000000000000e+00       0.000000000000e+00       0.000000000000e+00 
   78       3.198007750237e-11       1.426678452104e-14      -4.987944989446e-13       1.057443421499e-14       0.000000000000e+00       0.000000000000e+00       0.000000000000e+00 
   79       3.116923389848e-11       1.441650815196e-14      -4.978971057055e-13       1.061786059914e-14       0.000000000000e+00       0.000000000000e+00       0.000000000000e+00 
   80       3.036767921961e-11       1.456066474705e-14      -4.966679739523e-13       1.065582999681e-14       0.000000000000e+00       0.000000000000e+00       0.000000000000e+00 
   81       2.957566491236e-11       1.469915863815e-14      -4.951132075233e-13       1.068836379002e-14       0.000000000000e+00       0.000000000000e+00       0.000000000000e+00 
   82       2.879316748651e-11       1.483190083828e-14      -4.932396887939e-13       1.071549215383e-14       0.000000000000e+00       0.000000000000e+00       0.000000000000e+00 
   83       2.801987553227e-11       1.495880920334e-14      -4.910550911549e-13       1.073725417529e-14       0.000000000000e+00       0.000000000000e+00       0.000000000000e+00 
   84       2.725547111576e-11       1.507980770874e-14      -4.885673654618e-13       1.075369454087e-14       0.000000000000e+00       0.000000000000e+00       0.000000000000e+00 
   85       2.650055600266e-11       1.519482378703e-14      -4.857830742258e-13       1.076485270717e-14       0.000000000000e+00       0.000000000000e+00       0.000000000000e+00 
   86       2.575585589360e-11       1.530379084331e-14      -4.827088028627e-13       1.077077214476e-14       0.000000000000e+00       0.000000000000e+00       0.000000000000e+00 
   87       2.502193178150e-11       1.540664924578e-14      -4.793516647542e-13       1.077150367055e-14       0.000000000000e+00       0.000000000000e+00       0.000000000000e+00 
   88       2.429917191641e-11       1.550334647257e-14      -4.757193048865e-13       1.076710550910e-14       0.000000000000e+00       0.000000000000e+00       0.000000000000e+00 
   89       2.358778377034e-11       1.559383725855e-14      -4.718199034884e-13       1.075764335393e-14       0.000000000000e+00       0.000000000000e+00       0.000000000000e+00 
   90       2.288778600210e-11       1.567808374221e-14      -4.676621796695e-13       1.074319042888e-14       0.000000000000e+00       0.000000000000e+00       0.000000000000e+00 
   91       2.219900042212e-11       1.575605561242e-14      -4.632553950584e-13       1.072382754937e-14       0.000000000000e+00       0.000000000000e+00       0.000000000000e+00 
   92       2.152104395734e-11       1.582773025530e-14      -4.586093574411e-13       1.069964318377e-14       0.000000000000e+00       0.000000000000e+00       0.000000000000e+00 
   93       2.085356266735e-11       1.589308979902e-14      -4.537339061292e-13       1.067072884207e-14       0.000000000000e+00       0.000000000000e+00       0.000000000000e+00 
   94       2.019699150667e-11       1.595211142082e-14      -4.486372716239e-13       1.063716431539e-14       0.000000000000e+00       0.000000000000e+00       0.000000000000e+00 
   95       1.955189450631e-11       1.600477584684e-14      -4.433274748239e-13       1.059903031958e-14       0.000000000000e+00       0.000000000000e+00       0.000000000000e+00 
   96       1.891872825444e-11       1.605107042712e-14      -4.378128198844e-13       1.055641296718e-14       0.000000000000e+00       0.000000000000e+00       0.000000000000e+00 
   97       1.829783718391e-11       1.609098923985e-14      -4.321018907409e-13       1.050940376466e-14       0.000000000000e+00       0.000000000000e+00       0.000000000000e+00 
   98       1.768944885959e-11       1.612453319559e-14      -4.262035476329e-13       1.045809960956e-14       0.000000000000e+00       0.000000000000e+00       0.000000000000e+00 
   99       1.709366926588e-11       1.615171014154e-14      -4.201269236285e-13       1.040260278768e-14       0.000000000000e+00       0.000000000000e+00       0.000000000000e+00 
  100       1.651047809413e-11       1.617253496579e-14      -4.138814211481e-13       1.034302097029e-14       0.000000000000e+00       0.000000000000e+00       0.000000000000e+00 
  101       1.593972403005e-11       1.618702970157e-14      -4.074767084885e-13       1.027946721124e-14       0.000000000000e+00       0.000000000000e+00       0.000000000000e+00 
  102       1.538112004116e-11       1.619522363145e-14      -4.009227163470e-13       1.021205994419e-14       0.000000000000e+00       0.000000000000e+00       0.000000000000e+00 
  103       1.483423866422e-11       1.619715339166e-14      -3.942296343451e-13       1.014092297980e-14       0.000000000000e+00       0.000000000000e+00       0.000000000000e+00 
  104       1.429869145024e-11       1.619285979425e-14      -3.874075321495e-13       1.006618119117e-14       0.000000000000e+00       0.000000000000e+00       0.000000000000e+00 
  105       1.377470505649e-11       1.618237758019e-14      -3.804651720300e-13       9.987946912709e-15       0.000000000000e+00       0.000000000000e+00       0.000000000000e+00 
  106       1.326261455283e-11       1.616574447000e-14      -3.734110286684e-13       9.906331690176e-15       0.000000000000e+00       0.000000000000e+00       0.000000000000e+00 
  107       1.276268355709e-11       1.614300438951e-14      -3.662536427283e-13       9.821450378669e-15       0.000000000000e+00       0.000000000000e+00       0.000000000000e+00 
  108       1.227510154621e-11       1.611420753807e-14      -3.590016132541e-13       9.733421092437e-15       0.000000000000e+00       0.000000000000e+00       0.000000000000e+00 
  109       1.179998116742e-11       1.607941045670e-14      -3.516635900695e-13       9.642365154674e-15       0.000000000000e+00       0.000000000000e+00       0.000000000000e+00 
  110       1.133735554933e-11       1.603867609630e-14      -3.442482661761e-13       9.548407047315e-15       0.000000000000e+00       0.000000000000e+00       0.000000000000e+00 
  111       1.088717561312e-11       1.599207388582e-14      -3.367643701525e-13       9.451674360837e-15       0.000000000000e+00       0.000000000000e+00       0.000000000000e+00 
  112       1.044930738367e-11       1.593967980044e-14      -3.292206585528e-13       9.352297744052e-15       0.000000000000e+00       0.000000000000e+00       0.000000000000e+00 
  113       1.002352930068e-11       1.588157642975e-14      -3.216259083052e-13       9.250410853906e-15       0.000000000000e+00       0.000000000000e+00       0.000000000000e+00 
  114       9.609529529862e-12       1.581785304592e-14      -3.139889091109e-13       9.146150305274e-15       0.000000000000e+00       0.000000000000e+00       0.000000000000e+00 
  115       9.206903274044e-12       1.574860567193e-14      -3.063184558429e-13       9.039655620763e-15       0.000000000000e+00       0.000000000000e+00       0.000000000000e+00 
  116       8.815279333486e-12       1.567393300865e-14      -2.986231463601e-13       8.931065163122e-15       0.000000000000e+00       0.000000000000e+00       0.000000000000e+00 
  117       8.434722991932e-12       1.559392350891e-14      -2.909107633144e-13       8.820503478779e-15       0.000000000000e+00       0.000000000000e+00       0.000000000000e+00 
  118       8.065377292632e-12       1.550866685260e-14      -2.831888025589e-13       8.708092314082e-15       0.000000000000e+00       0.000000000000e+00       0.000000000000e+00 
  119       7.707336642856e-12       1.541825797836e-14      -2.754646517872e-13       8.593954410205e-15       0.000000000000e+00       0.000000000000e+00       0.000000000000e+00 
  120       7.360645267821e-12       1.532279711507e-14      -2.677455812114e-13       8.478213417420e-15       0.000000000000e+00       0.000000000000e+00       0.000000000000e+00 
  121       7.025295664625e-12       1.522238981350e-14      -2.600387342403e-13       8.360993809376e-15       0.000000000000e+00       0.000000000000e+00       0.000000000000e+00 
  122       6.701227056176e-12       1.511714697782e-14      -2.523511181578e-13       8.242420797377e-15       0.000000000000e+00       0.000000000000e+00       0.000000000000e+00 
  123       6.388323845126e-12       1.500718489717e-14      -2.446895948009e-13       8.122620244657e-15       0.000000000000e+00       0.000000000000e+00       0.000000000000e+00 
  124       6.086414067799e-12       1.489262527727e-14      -2.370608712384e-13       8.001718580655e-15       0.000000000000e+00       0.000000000000e+00       0.000000000000e+00 
  125       5.795267848123e-12       1.477359527193e-14      -2.294714904487e-13       7.879842715295e-15       0.000000000000e+00       0.000000000000e+00       0.000000000000e+00 
  126       5.514595851562e-12       1.465022751467e-14      -2.219278219983e-13       7.757119953259e-15       0.000000000000e+00       0.000000000000e+00       0.000000000000e+00 
  127       5.244047739049e-12       1.452266015025e-14      -2.144360527200e-13       7.633677908268e-15       0.000000000000e+00       0.000000000000e+00       0.000000000000e+00 
  128       4.983210620912e-12       1.439103686624e-14      -2.070021773912e-13       7.509644417355e-15       0.000000000000e+00       0.000000000000e+00       0.000000000000e+00 
  129       4.731705947857e-12       1.425550152834e-14      -1.996320219327e-13       7.385144751596e-15       0.000000000000e+00       0.000000000000e+00       0.000000000000e+00 
  130       4.489495485294e-12       1.411618135381e-14      -1.923313356824e-13       7.260293084426e-15       0.000000000000e+00       0.000000000000e+00       0.000000000000e+00 
  131       4.256606139269e-12       1.397320194319e-14      -1.851056916751e-13       7.135199921035e-15       0.000000000000e+00       0.000000000000e+00       0.000000000000e+00 
  132       4.033033694821e-12       1.382669250414e-14      -1.779604460298e-13       7.009974613973e-15       0.000000000000e+00       0.000000000000e+00       0.000000000000e+00 
  133       3.818741974296e-12       1.367678584438e-14      -1.709007288604e-13       6.884725258090e-15       0.000000000000e+00       0.000000000000e+00       0.000000000000e+00 
  134       3.613661995649e-12       1.352361836466e-14      -1.639314351868e-13       6.759558585461e-15       0.000000000000e+00       0.000000000000e+00       0.000000000000e+00 
  135       3.417691130766e-12       1.336733005170e-14      -1.570572158460e-13       6.634579860321e-15       0.000000000000e+00       0.000000000000e+00       0.000000000000e+00 
  136       3.230692263763e-12       1.320806447114e-14      -1.502824684027e-13       6.509892773993e-15       0.000000000000e+00       0.000000000000e+00       0.000000000000e+00 
  137       3.052492949307e-12       1.304596876050e-14      -1.436113280606e-13       6.385599339819e-15       0.000000000000e+00       0.000000000000e+00       0.000000000000e+00 
  138       2.882884570920e-12       1.288119362217e-14      -1.370476585732e-13       6.261799788095e-15       0.000000000000e+00       0.000000000000e+00       0.000000000000e+00 
  139       2.721621499294e-12       1.271389331627e-14      -1.305950431548e-13       6.138592460996e-15       0.000000000000e+00       0.000000000000e+00       0.000000000000e+00 
  140       2.568420250596e-12       1.254422565371e-14      -1.242567753914e-13       6.016073707513e-15       0.000000000000e+00       0.000000000000e+00       0.000000000000e+00 
  141       2.422958644786e-12       1.237235198907e-14      -1.180358501518e-13       5.894337778379e-15       0.000000000000e+00       0.000000000000e+00       0.000000000000e+00 
  142       2.284874963924e-12       1.219843721359e-14      -1.119349544985e-13       5.773476721004e-15       0.000000000000e+00       0.000000000000e+00       0.000000000000e+00 
  143       2.153767110479e-12       1.202264974810e-14      -1.059564585984e-13       5.653580274402e-15       0.000000000000e+00       0.000000000000e+00       0.000000000000e+00 
  144       2.029267326375e-12       1.184515524840e-14      -1.001026498758e-13       5.534735322325e-15       0.000000000000e+00       0.000000000000e+00       0.000000000000e+00 
  145       1.911276429132e-12       1.166609703686e-14      -9.437648067320e-14       5.417024413698e-15       0.000000000000e+00       0.000000000000e+00       0.000000000000e+00 
  146       1.799751175764e-12       1.148561371923e-14      -8.878087736506e-14       5.300526895908e-15       0.000000000000e+00       0.000000000000e+00       0.000000000000e+00 
  147       1.694630371808e-12       1.130384525624e-14      -8.331849611183e-14       5.185319236850e-15       0.000000000000e+00       0.000000000000e+00       0.000000000000e+00 
  148       1.595834463893e-12       1.112093292039e-14      -7.799171516886e-14       5.071474917318e-15       0.000000000000e+00       0.000000000000e+00       0.000000000000e+00 
  149       1.503265132310e-12       1.093701925280e-14      -7.280262719539e-14       4.959064323400e-15       0.000000000000e+00       0.000000000000e+00       0.000000000000e+00 
  150       1.416804883577e-12       1.075224801998e-14      -6.775303156338e-14       4.848154638867e-15       0.000000000000e+00       0.000000000000e+00       0.000000000000e+00 
  151       1.336316643005e-12       1.056676417069e-14      -6.284442666644e-14       4.738809737567e-15       0.000000000000e+00       0.000000000000e+00       0.000000000000e+00 
  152       1.261643347272e-12       1.038071379275e-14      -5.807800222872e-14       4.631090075816e-15       0.000000000000e+00       0.000000000000e+00       0.000000000000e+00 
  153       1.192607536986e-12       1.019424406984e-14      -5.345463161383e-14       4.525052584789e-15       0.000000000000e+00       0.000000000000e+00       0.000000000000e+00 
  154       1.129010949253e-12       1.000750323834e-14      -4.897486413369e-14       4.420750562915e-15       0.000000000000e+00       0.000000000000e+00       0.000000000000e+00 
  155       1.070634110248e-12       9.820640544106e-15      -4.463891735750e-14       4.318233568263e-15       0.000000000000e+00       0.000000000000e+00       0.000000000000e+00 
  156       1.017235927778e-12       9.633806199360e-15      -4.044666942059e-14       4.217547310942e-15       0.000000000000e+00       0.000000000000e+00       0.000000000000e+00 
  157       9.685532838553e-13       9.447151339442e-15      -3.639765133333e-14       4.118733545487e-15       0.000000000000e+00       0.000000000000e+00       0.000000000000e+00 
  158       9.243006272606e-13       9.260827979658e-15      -3.249103929004e-14       4.021829963251e-15       0.000000000000e+00       0.000000000000e+00       0.000000000000e+00 
  159       8.841695661134e-13       9.074988972092e-15      -2.872564697790e-14       3.926870084801e-15       0.000000000000e+00       0.000000000000e+00       0.000000000000e+00 
  160       8.478284604387e-13       8.889787962423e-15      -2.509991788579e-14       3.833883152306e-15       0.000000000000e+00       0.000000000000e+00       0.000000000000e+00 
  161       8.149754462318e-13       8.705373438901e-15      -2.161241429168e-14       3.742897269796e-15       0.000000000000e+00       0.000000000000e+00       0.000000000000e+00 
  162       7.855036324761e-13       8.521870378512e-15      -1.826334896593e-14       3.653949361922e-15       0.000000000000e+00       0.000000000000e+00       0.000000000000e+00 
  163       7.593498022811e-13       8.339396887648e-15      -1.505317485229e-14       3.567075894316e-15       0.000000000000e+00       0.000000000000e+00       0.000000000000e+00 
  164       7.364421349847e-13       8.158069894173e-15      -1.198209520906e-14       3.482309613012e-15       0.000000000000e+00       0.000000000000e+00       0.000000000000e+00 
  165       7.167000445528e-13       7.978005077053e-15      -9.050058203223e-15       3.399679451777e-15       0.000000000000e+00       0.000000000000e+00       0.000000000000e+00 
  166       7.000340179781e-13       7.799316795997e-15      -6.256751504434e-15       3.319210439447e-15       0.000000000000e+00       0.000000000000e+00       0.000000000000e+00 
  167       6.863454536804e-13       7.622118021093e-15      -3.601596879116e-15       3.240923607264e-15       0.000000000000e+00       0.000000000000e+00       0.000000000000e+00 
  168       6.755264999050e-13       7.446520262443e-15      -1.083744784501e-15       3.164835896204e-15       0.000000000000e+00       0.000000000000e+00       0.000000000000e+00 
  169       6.674598931231e-13       7.272633499802e-15       1.297931037316e-15       3.090960064323e-15       0.000000000000e+00       0.000000000000e+00       0.000000000000e+00 
  170       6.620187964303e-13       7.100566112214e-15       3.544838965319e-15       3.019304594080e-15       0.000000000000e+00       0.000000000000e+00       0.000000000000e+00 
  171       6.590666379466e-13       6.930424807645e-15       5.658674905518e-15       2.949873599682e-15       0.000000000000e+00       0.000000000000e+00       0.000000000000e+00 
  172       6.584569492154e-13       6.762314552626e-15       7.641427696895e-15       2.882666734413e-15       0.000000000000e+00       0.000000000000e+00       0.000000000000e+00 
  173       6.600332036034e-13       6.596338501884e-15       9.495384517343e-15       2.817679097969e-15       0.000000000000e+00       0.000000000000e+00       0.000000000000e+00 
  174       6.636286546993e-13       6.432597927982e-15       1.122313628962e-14       2.754901143798e-15       0.000000000000e+00       0.000000000000e+00       0.000000000000e+00 
  175       6.690661747140e-13       6.271192150954e-15       1.282758308729e-14       2.694318586430e-15       0.000000000000e+00       0.000000000000e+00       0.000000000000e+00 
  176       6.761580928793e-13       6.112218467942e-15       1.431193954067e-14       2.635912308811e-15       0.000000000000e+00       0.000000000000e+00       0.000000000000e+00 
  177       6.847060338476e-13       5.955772082833e-15       1.567974024276e-14       2.579658269644e-15       0.000000000000e+00       0.000000000000e+00       0.000000000000e+00 
  178       6.945007560914e-13       5.801946035895e-15       1.693484515523e-14       2.525527410719e-15       0.000000000000e+00       0.000000000000e+00       0.000000000000e+00 
  179       7.053219903026e-13       5.650831133415e-15       1.808144501429e-14       2.473485564248e-15       0.000000000000e+00       0.000000000000e+00       0.000000000000e+00 
  180       7.169715074936e-13       5.502512963051e-15       1.912343353185e-14       2.423500875429e-15       0.000000000000e+00       0.000000000000e+00       0.000000000000e+00 
  181       7.293756002547e-13       5.357062821574e-15       2.006245690182e-14       2.375566923477e-15       0.000000000000e+00       0.000000000000e+00       0.000000000000e+00 
  182       7.424904561884e-13       5.214545929193e-15       2.089971927272e-14       2.329681264774e-15       0.000000000000e+00       0.000000000000e+00       0.000000000000e+00 
  183       7.562696213186e-13       5.075024198509e-15       2.163660507168e-14       2.285838018276e-15       0.000000000000e+00       0.000000000000e+00       0.000000000000e+00 
  184       7.706639608824e-13       4.938556153422e-15       2.227468207809e-14       2.244027800531e-15       0.000000000000e+00       0.000000000000e+00       0.000000000000e+00 
  185       7.856216201228e-13       4.805196848031e-15       2.281570449734e-14       2.204237660694e-15       0.000000000000e+00       0.000000000000e+00       0.000000000000e+00 
  186       8.010879850810e-13       4.674997785538e-15       2.326161603447e-14       2.166451015542e-15       0.000000000000e+00       0.000000000000e+00       0.000000000000e+00 
  187       8.170056433892e-13       4.548006837152e-15       2.361455296795e-14       2.130647584489e-15       0.000000000000e+00       0.000000000000e+00       0.000000000000e+00 
  188       8.333143450623e-13       4.424268160986e-15       2.387684722328e-14       2.096803324600e-15       0.000000000000e+00       0.000000000000e+00       0.000000000000e+00 
  189       8.499509632910e-13       4.303822120968e-15       2.405102944677e-14       2.064890365610e-15       0.000000000000e+00       0.000000000000e+00       0.000000000000e+00 
  190       8.668494552338e-13       4.186705205735e-15       2.413983207919e-14       2.034876944936e-15       0.000000000000e+00       0.000000000000e+00       0.000000000000e+00 
  191       8.839408228094e-13       4.072949947542e-15       2.414619242950e-14       2.006727342696e-15       0.000000000000e+00       0.000000000000e+00       0.000000000000e+00 
  192       9.011530734894e-13       3.962584841163e-15       2.407325574852e-14       1.980401816718e-15       0.000000000000e+00       0.000000000000e+00       0.000000000000e+00 
  193       9.184111810905e-13       3.855634262790e-15       2.392437830265e-14       1.955856537561e-15       0.000000000000e+00       0.000000000000e+00       0.000000000000e+00 
  194       9.356370465668e-13       3.752118388942e-15       2.370313044755e-14       1.933043523530e-15       0.000000000000e+00       0.000000000000e+00       0.000000000000e+00 
  195       9.527494588024e-13       3.652053115362e-15       2.341329970188e-14       1.911910575689e-15       0.000000000000e+00       0.000000000000e+00       0.000000000000e+00 
  196       9.696640554039e-13       3.555449975922e-15       2.305889382093e-14       1.892401212875e-15       0.000000000000e+00       0.000000000000e+00       0.000000000000e+00 
  197       9.862932834925e-13       3.462316061526e-15       2.264414387039e-14       1.874454606720e-15       0.000000000000e+00       0.000000000000e+00       0.000000000000e+00 
  198       1.002546360497e-12       3.372653939011e-15       2.217350729999e-14       1.858005516657e-15       0.000000000000e+00       0.000000000000e+00       0.000000000000e+00 
  199       1.018329234944e-12       3.286461570051e-15       2.165167101726e-14       1.842984224944e-15       0.000000000000e+00       0.000000000000e+00       0.000000000000e+00 
  200       1.033544547255e-12       3.203732230061e-15       2.108355446117e-14       1.829316471673e-15       0.000000000000e+00       0.000000000000e+00       0.000000000000e+00 
  201       1.048107151120e-12       3.124457773314e-15       2.047365866948e-14       1.816933820583e-15       0.000000000000e+00       0.000000000000e+00       0.000000000000e+00 
  202       1.061991994701e-12       3.048638856868e-15       1.982405527316e-14       1.805805716754e-15       0.000000000000e+00       0.000000000000e+00       0.000000000000e+00 
  203       1.075189588010e-12       2.976275291403e-15       1.913625961397e-14       1.795909596174e-15       0.000000000000e+00       0.000000000000e+00       0.000000000000e+00 
  204       1.087690756466e-12       2.907362689892e-15       1.841187297322e-14       1.787220626823e-15       0.000000000000e+00       0.000000000000e+00       0.000000000000e+00 
  205       1.099486647677e-12       2.841892396391e-15       1.765258371250e-14       1.779711674518e-15       0.000000000000e+00       0.000000000000e+00       0.000000000000e+00 
  206       1.110568738224e-12       2.779851414837e-15       1.686016841451e-14       1.773353268755e-15       0.000000000000e+00       0.000000000000e+00       0.000000000000e+00 
  207       1.120928840442e-12       2.721222337831e-15       1.603649302375e-14       1.768113568556e-15       0.000000000000e+00       0.000000000000e+00       0.000000000000e+00 
  208       1.130559109200e-12       2.665983275441e-15       1.518351398738e-14       1.763958328310e-15       0.000000000000e+00       0.000000000000e+00       0.000000000000e+00 
  209       1.139452048688e-12       2.614107783988e-15       1.430327939593e-14       1.760850863619e-15       0.000000000000e+00       0.000000000000e+00       0.000000000000e+00 
  210       1.147600519192e-12       2.565564794839e-15       1.339793012407e-14       1.758752017138e-15       0.000000000000e+00       0.000000000000e+00       0.000000000000e+00 
  211       1.154997743885e-12       2.520318543200e-15       1.246970097142e-14       1.757620124424e-15       0.000000000000e+00       0.000000000000e+00       0.000000000000e+00 
  212       1.161637315599e-12       2.478328496912e-15       1.152092180328e-14       1.757410979775e-15       0.000000000000e+00       0.000000000000e+00       0.000000000000e+00 
  213       1.167513203616e-12       2.439549285235e-15       1.055401869144e-14       1.758077802077e-15       0.000000000000e+00       0.000000000000e+00       0.000000000000e+00 
  214       1.172619760443e-12       2.403930627651e-15       9.571515054890e-15       1.759571200644e-15       0.000000000000e+00       0.000000000000e+00       0.000000000000e+00 
  215       1.176951728599e-12       2.371417262648e-15       8.576032800664e-15       1.761839141068e-15       0.000000000000e+00       0.000000000000e+00       0.000000000000e+00 
  216       1.180504247395e-12       2.341948876516e-15       7.570293464555e-15       1.764826911055e-15       0.000000000000e+00       0.000000000000e+00       0.000000000000e+00 
  217       1.183272859714e-12       2.315460032139e-15       6.557119351907e-15       1.768477086276e-15       0.000000000000e+00       0.000000000000e+00       0.000000000000e+00 
  218       1.185253518799e-12       2.291880097788e-15       5.539434678384e-15       1.772729496205e-15       0.000000000000e+00       0.000000000000e+00       0.000000000000e+00 
  219       1.186442595027e-12       2.271133175911e-15       4.520266710738e-15       1.777521189966e-15       0.000000000000e+00       0.000000000000e+00       0.000000000000e+00 
  220       1.186836882699e-12       2.253138031929e-15       3.502746907580e-15       1.782786402176e-15       0.000000000000e+00       0.000000000000e+00       0.000000000000e+00 
  221       1.186433606814e-12       2.237808023026e-15       2.490112060148e-15       1.788456518788e-15       0.000000000000e+00       0.000000000000e+00       0.000000000000e+00 
  222       1.185230429859e-12       2.225051026942e-15       1.485705433083e-15       1.794460042936e-15       0.000000000000e+00       0.000000000000e+00       0.000000000000e+00 
  223       1.183225458586e-12       2.214769370765e-15       4.929779051919e-16       1.800722560779e-15       0.000000000000e+00       0.000000000000e+00       0.000000000000e+00 
  224       1.180419464521e-12       2.206871245634e-15      -4.850003235016e-16       1.807177199891e-15       0.000000000000e+00       0.000000000000e+00       0.000000000000e+00 
  225       1.176822690059e-12       2.201305913685e-15      -1.447041851719e-15       1.813796822225e-15       0.000000000000e+00       0.000000000000e+00       0.000000000000e+00 
  226       1.172448493144e-12       2.198030627156e-15      -2.392434338587e-15       1.820563835119e-15       0.000000000000e+00       0.000000000000e+00       0.000000000000e+00 
  227       1.167311184864e-12       2.196999302354e-15      -3.320459776083e-15       1.827459875686e-15       0.000000000000e+00       0.000000000000e+00       0.000000000000e+00 
  228       1.161426041504e-12       2.198162475800e-15      -4.230394513583e-15       1.834465801644e-15       0.000000000000e+00       0.000000000000e+00       0.000000000000e+00 
  229       1.154809316598e-12       2.201467260364e-15      -5.121509282412e-15       1.841561682142e-15       0.000000000000e+00       0.000000000000e+00       0.000000000000e+00 
  230       1.147478252983e-12       2.206857301406e-15      -5.993069220388e-15       1.848726788582e-15       0.000000000000e+00       0.000000000000e+00       0.000000000000e+00 
  231       1.139451094849e-12       2.214272732917e-15      -6.844333896372e-15       1.855939585450e-15       0.000000000000e+00       0.000000000000e+00       0.000000000000e+00 
  232       1.130747099794e-12       2.223650133658e-15      -7.674557334817e-15       1.863177721139e-15       0.000000000000e+00       0.000000000000e+00       0.000000000000e+00 
  233       1.121386550879e-12       2.234922483301e-15      -8.482988040317e-15       1.870418018775e-15       0.000000000000e+00       0.000000000000e+00       0.000000000000e+00 
  234       1.111390768676e-12       2.248019118565e-15      -9.268869022150e-15       1.877636467045e-15       0.000000000000e+00       0.000000000000e+00       0.000000000000e+00 
  235       1.100782123323e-12       2.262865689362e-15      -1.003143781883e-14       1.884808211021e-15       0.000000000000e+00       0.000000000000e+00       0.000000000000e+00 
  236       1.089584046577e-12       2.279384114930e-15      -1.076992652267e-14       1.891907542986e-15       0.000000000000e+00       0.000000000000e+00       0.000000000000e+00 
  237       1.077821043868e-12       2.297492539980e-15      -1.148356180429e-14       1.898907893263e-15       0.000000000000e+00       0.000000000000e+00       0.000000000000e+00 
  238       1.065518706350e-12       2.317105290829e-15      -1.217156493720e-14       1.905781821036e-15       0.000000000000e+00       0.000000000000e+00       0.000000000000e+00 
  239       1.052703722953e-12       2.338132831544e-15      -1.283315182235e-14       1.912501005180e-15       0.000000000000e+00       0.000000000000e+00       0.000000000000e+00 
  240       1.039403892438e-12       2.360481720081e-15      -1.346753301265e-14       1.919036235088e-15       0.000000000000e+00       0.000000000000e+00       0.000000000000e+00 
  241       1.025648135449e-12       2.384054564425e-15      -1.407391373755e-14       1.925357401490e-15       0.000000000000e+00       0.000000000000e+00       0.000000000000e+00 
  242       1.011466506567e-12       2.408749978729e-15      -1.465149392755e-14       1.931433487287e-15       0.000000000000e+00       0.000000000000e+00       0.000000000000e+00 
  243       9.968902063581e-13       2.434462539452e-15      -1.519946823880e-14       1.937232558374e-15       0.000000000000e+00       0.000000000000e+00       0.000000000000e+00 
  244       9.819515934330e-13       2.461082741506e-15      -1.571702607761e-14       1.942721754464e-15       0.000000000000e+00       0.000000000000e+00       0.000000000000e+00 
  245       9.666841964947e-13       2.488496954386e-15      -1.620335162498e-14       1.947867279917e-15       0.000000000000e+00       0.000000000000e+00       0.000000000000e+00 
  246       9.511227263939e-13       2.516587378318e-15      -1.665762386121e-14       1.952634394565e-15       0.000000000000e+00       0.000000000000e+00       0.000000000000e+00 
  247       9.353030881806e-13       2.545232000394e-15      -1.707901659041e-14       1.956987404535e-15       0.000000000000e+00       0.000000000000e+00       0.000000000000e+00 
  248       9.192623931574e-13       2.574304550713e-15      -1.746669846503e-14       1.960889653082e-15       0.000000000000e+00       0.000000000000e+00       0.000000000000e+00 
  249       9.030389709324e-13       2.603674458524e-15      -1.781983301044e-14       1.964303511408e-15       0.000000000000e+00       0.000000000000e+00       0.000000000000e+00 
  250       8.866678061843e-13       2.633223719601e-15      -1.813776449376e-14       1.967196970609e-15       0.000000000000e+00       0.000000000000e+00       0.000000000000e+00 
  251       8.701665320365e-13       2.662898668440e-15      -1.842058737524e-14       1.969563858334e-15       0.000000000000e+00       0.000000000000e+00       0.000000000000e+00 
  252       8.535486516006e-13       2.692661109274e-15      -1.866860977450e-14       1.971404771252e-15       0.000000000000e+00       0.000000000000e+00       0.000000000000e+00 
  253       8.368280438005e-13       2.722471662279e-15      -1.888217096191e-14       1.972720582376e-15       0.000000000000e+00       0.000000000000e+00       0.000000000000e+00 
  254       8.200189666754e-13       2.752289752053e-15      -1.906164173856e-14       1.973512444509e-15       0.000000000000e+00       0.000000000000e+00       0.000000000000e+00 
  255       8.031360606828e-13       2.782073596095e-15      -1.920742481619e-14       1.973781793697e-15       0.000000000000e+00       0.000000000000e+00       0.000000000000e+00 
  256       7.861943520023e-13       2.811780193285e-15      -1.931995519716e-14       1.973530352674e-15       0.000000000000e+00       0.000000000000e+00       0.000000000000e+00 
  257       7.692092558382e-13       2.841365312365e-15      -1.939970055437e-14       1.972760134318e-15       0.000000000000e+00       0.000000000000e+00       0.000000000000e+00 
  258       7.521965797231e-13       2.870783480420e-15      -1.944716161123e-14       1.971473445094e-15       0.000000000000e+00       0.000000000000e+00       0.000000000000e+00 
  259       7.351725268213e-13       2.899987971355e-15      -1.946287252157e-14       1.969672888506e-15       0.000000000000e+00       0.000000000000e+00       0.000000000000e+00 
  260       7.181536992318e-13       2.928930794377e-15      -1.944740124967e-14       1.967361368552e-15       0.000000000000e+00       0.000000000000e+00       0.000000000000e+00 
  261       7.011571012913e-13       2.957562682477e-15      -1.940134995009e-14       1.964542093163e-15       0.000000000000e+00       0.000000000000e+00       0.000000000000e+00 
  262       6.842001428782e-13       2.985833080905e-15      -1.932535534774e-14       1.961218577664e-15       0.000000000000e+00       0.000000000000e+00       0.000000000000e+00 
  263       6.673006427151e-13       3.013690135655e-15      -1.922008911773e-14       1.957394648213e-15       0.000000000000e+00       0.000000000000e+00       0.000000000000e+00 
  264       6.504768316726e-13       3.041080681943e-15      -1.908625826536e-14       1.953074445262e-15       0.000000000000e+00       0.000000000000e+00       0.000000000000e+00 
  265       6.337473560719e-13       3.067950232685e-15      -1.892460550608e-14       1.948262426995e-15       0.000000000000e+00       0.000000000000e+00       0.000000000000e+00 
  266       6.171312809889e-13       3.094242966982e-15      -1.873590964541e-14       1.942963372786e-15       0.000000000000e+00       0.000000000000e+00       0.000000000000e+00 
  267       6.006480935567e-13       3.119901718596e-15      -1.852098595890e-14       1.937182386646e-15       0.000000000000e+00       0.000000000000e+00       0.000000000000e+00 
  268       5.843177062693e-13       3.144867964430e-15      -1.828068657208e-14       1.930924900673e-15       0.000000000000e+00       0.000000000000e+00       0.000000000000e+00 
  269       5.681604602845e-13       3.169081813012e-15      -1.801590084040e-14       1.924196678498e-15       0.000000000000e+00       0.000000000000e+00       0.000000000000e+00 
  270       5.521971287277e-13       3.192481992970e-15      -1.772755572917e-14       1.917003818743e-15       0.000000000000e+00       0.000000000000e+00       0.000000000000e+00 
  271       5.364489199943e-13       3.215005841515e-15      -1.741661619355e-14       1.909352758461e-15       0.000000000000e+00       0.000000000000e+00       0.000000000000e+00 
  272       5.209374810539e-13       3.236589292922e-15      -1.708408555843e-14       1.901250276592e-15       0.000000000000e+00       0.000000000000e+00       0.000000000000e+00 
  273       5.056849007528e-13       3.257166867007e-15      -1.673100589845e-14       1.892703497412e-15       0.000000000000e+00       0.000000000000e+00       0.000000000000e+00 
  274       4.907137131176e-13       3.276671657609e-15      -1.635845841788e-14       1.883719893980e-15       0.000000000000e+00       0.000000000000e+00       0.000000000000e+00 
  275       4.760469006585e-13       3.295035321069e-15      -1.596756383061e-14       1.874307291589e-15       0.000000000000e+00       0.000000000000e+00       0.000000000000e+00 
  276       4.617078976722e-13       3.312188064712e-15      -1.555948274010e-14       1.864473871216e-15       0.000000000000e+00       0.000000000000e+00       0.000000000000e+00 
  277       4.477205935457e-13       3.328058635325e-15      -1.513541601930e-14       1.854228172973e-15       0.000000000000e+00       0.000000000000e+00       0.000000000000e+00 
  278       4.341093360590e-13       3.342574307638e-15      -1.469660519061e-14       1.843579099553e-15       0.000000000000e+00       0.000000000000e+00       0.000000000000e+00 
  279       4.208948247816e-13       3.355673966584e-15      -1.424420410295e-14       1.832536085485e-15       0.000000000000e+00       0.000000000000e+00       0.000000000000e+00 
  280       4.080815489611e-13       3.367348128017e-15      -1.377888582221e-14       1.821109607492e-15       0.000000000000e+00       0.000000000000e+00       0.000000000000e+00 
  281       3.956697052429e-13       3.377600968977e-15      -1.330121611449e-14       1.809310707293e-15       0.000000000000e+00       0.000000000000e+00       0.000000000000e+00 
  282       3.836592459593e-13       3.386437429216e-15      -1.281178049591e-14       1.797150831872e-15       0.000000000000e+00       0.000000000000e+00       0.000000000000e+00 
  283       3.720498761195e-13       3.393863219796e-15      -1.231118441489e-14       1.784641837178e-15       0.000000000000e+00       0.000000000000e+00       0.000000000000e+00 
  284       3.608410503996e-13       3.399884831679e-15      -1.180005343434e-14       1.771795991835e-15       0.000000000000e+00       0.000000000000e+00       0.000000000000e+00 
  285       3.500319701329e-13       3.404509544326e-15      -1.127903341396e-14       1.758625980839e-15       0.000000000000e+00       0.000000000000e+00       0.000000000000e+00 
  286       3.396215802998e-13       3.407745434282e-15      -1.074879069248e-14       1.745144909272e-15       0.000000000000e+00       0.000000000000e+00       0.000000000000e+00 
  287       3.296085665176e-13       3.409601383778e-15      -1.021001226987e-14       1.731366305996e-15       0.000000000000e+00       0.000000000000e+00       0.000000000000e+00 
  288       3.199913520307e-13       3.410087089319e-15      -9.663405989636e-15       1.717304127366e-15       0.000000000000e+00       0.000000000000e+00       0.000000000000e+00 
  289       3.107680947007e-13       3.409213070277e-15      -9.109700721021e-15       1.702972760928e-15       0.000000000000e+00       0.000000000000e+00       0.000000000000e+00 
  290       3.019366839965e-13       3.406990677489e-15      -8.549646541291e-15       1.688387029128e-15       0.000000000000e+00       0.000000000000e+00       0.000000000000e+00 
  291       2.934947379840e-13       3.403432101847e-15      -7.984014917961e-15       1.673562193014e-15       0.000000000000e+00       0.000000000000e+00       0.000000000000e+00 
  292       2.854396003162e-13       3.398550382890e-15      -7.413598891048e-15       1.658513955939e-15       0.000000000000e+00       0.000000000000e+00       0.000000000000e+00 
  293       2.777683372238e-13       3.392359417401e-15      -6.839213255320e-15       1.643258467269e-15       0.000000000000e+00       0.000000000000e+00       0.000000000000e+00 
  294       2.704777345042e-13       3.384873968000e-15      -6.261694742537e-15       1.627812326085e-15       0.000000000000e+00       0.000000000000e+00       0.000000000000e+00 
  295       2.635642945124e-13       3.376109671733e-15      -5.681902203706e-15       1.612192584887e-15       0.000000000000e+00       0.000000000000e+00       0.000000000000e+00 
  296       2.570242331509e-13       3.366083048671e-15      -5.100716791324e-15       1.596416753300e-15       0.000000000000e+00       0.000000000000e+00       0.000000000000e+00 
  297       2.508534768591e-13       3.354811510500e-15      -4.519042141624e-15       1.580502801777e-15       0.000000000000e+00       0.000000000000e+00       0.000000000000e+00 
  298       2.450476596041e-13       3.342313369116e-15      -3.937804556827e-15       1.564469165302e-15       0.000000000000e+00       0.000000000000e+00       0.000000000000e+00 
  299       2.396021198704e-13       3.328607845216e-15      -3.357953187385e-15       1.548334747100e-15       0.000000000000e+00       0.000000000000e+00       0.000000000000e+00 
  300       2.345118976498e-13       3.313715076895e-15      -2.780460214229e-15       1.532118922334e-15       0.000000000000e+00       0.000000000000e+00       0.000000000000e+00 
  301       2.297717314315e-13       3.297656128237e-15      -2.206321031020e-15       1.515841541814e-15       0.000000000000e+00       0.000000000000e+00       0.000000000000e+00 
  302       2.253760551924e-13       3.280452997908e-15      -1.636554426389e-15       1.499522935701e-15       0.000000000000e+00       0.000000000000e+00       0.000000000000e+00 
  303       2.213189953869e-13       3.262128627751e-15      -1.072202766192e-15       1.483183917209e-15       0.000000000000e+00       0.000000000000e+00       0.000000000000e+00 
  304       2.175943679367e-13       3.242706911379e-15      -5.143321757531e-16       1.466845786311e-15       0.000000000000e+00       0.000000000000e+00       0.000000000000e+00 
  305       2.141956752213e-13       3.222212702767e-15       3.596727788883e-17       1.450530333445e-15       0.000000000000e+00       0.000000000000e+00       0.000000000000e+00 
  306       2.111161030677e-13       3.200671824848e-15       5.775814037303e-16       1.434259843214e-15       0.000000000000e+00       0.000000000000e+00       0.000000000000e+00 
  307       2.083485177405e-13       3.178111078102e-15       1.109371704558e-15       1.418057098094e-15       0.000000000000e+00       0.000000000000e+00       0.000000000000e+00 
  308       2.058854629321e-13       3.154558249156e-15       1.630175194699e-15       1.401945382137e-15       0.000000000000e+00       0.000000000000e+00       0.000000000000e+00 
  309       2.037191567524e-13       3.130042119370e-15       2.138804217778e-15       1.385948484677e-15       0.000000000000e+00       0.000000000000e+00       0.000000000000e+00 
  310       2.018414887190e-13       3.104592473437e-15       2.634046264465e-15       1.370090704030e-15       0.000000000000e+00       0.000000000000e+00       0.000000000000e+00 
  311       2.002440167475e-13       3.078240107970e-15       3.114663790231e-15       1.354396851204e-15       0.000000000000e+00       0.000000000000e+00       0.000000000000e+00 
  312       1.989185463347e-13       3.051015947800e-15       3.579601053233e-15       1.338888690825e-15       0.000000000000e+00       0.000000000000e+00       0.000000000000e+00 
  313       1.978589039861e-13       3.022948331895e-15       4.028615608887e-15       1.323574073816e-15       0.000000000000e+00       0.000000000000e+00       0.000000000000e+00 
  314       1.970592401952e-13       2.994065618293e-15       4.461675760420e-15       1.308457307715e-15       0.000000000000e+00       0.000000000000e+00       0.000000000000e+00 
  315       1.965134523830e-13       2.964397072518e-15       4.878756252263e-15       1.293542673319e-15       0.000000000000e+00       0.000000000000e+00       0.000000000000e+00 
  316       1.962151826035e-13       2.933972875074e-15       5.279838342192e-15       1.278834424010e-15       0.000000000000e+00       0.000000000000e+00       0.000000000000e+00 
  317       1.961578152494e-13       2.902824128943e-15       5.664909873467e-15       1.264336785081e-15       0.000000000000e+00       0.000000000000e+00       0.000000000000e+00 
  318       1.963344747573e-13       2.870982867085e-15       6.033965346972e-15       1.250053953063e-15       0.000000000000e+00       0.000000000000e+00       0.000000000000e+00 
  319       1.967380233132e-13       2.838482059930e-15       6.387005993352e-15       1.235990095050e-15       0.000000000000e+00       0.000000000000e+00       0.000000000000e+00 
  320       1.973610585577e-13       2.805355622877e-15       6.724039845157e-15       1.222149348027e-15       0.000000000000e+00       0.000000000000e+00       0.000000000000e+00 
  321       1.981959112920e-13       2.771638423791e-15       7.045081808980e-15       1.208535818196e-15       0.000000000000e+00       0.000000000000e+00       0.000000000000e+00 
  322       1.992346431828e-13       2.737366290502e-15       7.350153737594e-15       1.195153580301e-15       0.000000000000e+00       0.000000000000e+00       0.000000000000e+00 
  323       2.004690444677e-13       2.702576018298e-15       7.639284502096e-15       1.182006676958e-15       0.000000000000e+00       0.000000000000e+00       0.000000000000e+00 
  324       2.018906316612e-13       2.667305377424e-15       7.912510064044e-15       1.169099117977e-15       0.000000000000e+00       0.000000000000e+00       0.000000000000e+00 
  325       2.034906452595e-13       2.631593120580e-15       8.169873547600e-15       1.156434879691e-15       0.000000000000e+00       0.000000000000e+00       0.000000000000e+00 
  326       2.052600474463e-13       2.595478990416e-15       8.411425311663e-15       1.144017904281e-15       0.000000000000e+00       0.000000000000e+00       0.000000000000e+00 
  327       2.071895197980e-13       2.559003727028e-15       8.637223022017e-15       1.131852099104e-15       0.000000000000e+00       0.000000000000e+00       0.000000000000e+00 
  328       2.092694609894e-13       2.522209075459e-15       8.847331723464e-15       1.119941336019e-15       0.000000000000e+00       0.000000000000e+00       0.000000000000e+00 
  329       2.114899844988e-13       2.485137793193e-15       9.041823911967e-15       1.108289450711e-15       0.000000000000e+00       0.000000000000e+00       0.000000000000e+00 
  330       2.138409163137e-13       2.447833657652e-15       9.220779606792e-15       1.096900242022e-15       0.000000000000e+00       0.000000000000e+00       0.000000000000e+00 
  331       2.163117926362e-13       2.410341473691e-15       9.384286422641e-15       1.085777471274e-15       0.000000000000e+00       0.000000000000e+00       0.000000000000e+00 
  332       2.188918575882e-13       2.372707081102e-15       9.532439641798e-15       1.074924861593e-15       0.000000000000e+00       0.000000000000e+00       0.000000000000e+00 
  333       2.215700609171e-13       2.334977362103e-15       9.665342286266e-15       1.064346097243e-15       0.000000000000e+00       0.000000000000e+00       0.000000000000e+00 
  334       2.243350557010e-13       2.297200248838e-15       9.783105189905e-15       1.054044822946e-15       0.000000000000e+00       0.000000000000e+00       0.000000000000e+00 
  335       2.271751960544e-13       2.259424730875e-15       9.885847070578e-15       1.044024643210e-15       0.000000000000e+00       0.000000000000e+00       0.000000000000e+00 
  336       2.300785348333e-13       2.221700862702e-15       9.973694602283e-15       1.034289121656e-15       0.000000000000e+00       0.000000000000e+00       0.000000000000e+00 
  337       2.330328213410e-13       2.184079771223e-15       1.004678248730e-14       1.024841780344e-15       0.000000000000e+00       0.000000000000e+00       0.000000000000e+00 
  338       2.360254990332e-13       2.146613663257e-15       1.010525352832e-14       1.015686099100e-15       0.000000000000e+00       0.000000000000e+00       0.000000000000e+00 
  339       2.390437032235e-13       2.109355833032e-15       1.014925870060e-14       1.006825514842e-15       0.000000000000e+00       0.000000000000e+00       0.000000000000e+00 
  340       2.420742587891e-13       2.072360669686e-15       1.017895722408e-14       9.982634209054e-16       0.000000000000e+00       0.000000000000e+00       0.000000000000e+00 
  341       2.451036778758e-13       2.035683664760e-15       1.019451663557e-14       9.900031663708e-16       0.000000000000e+00       0.000000000000e+00       0.000000000000e+00 
  342       2.481181576038e-13       1.999381419696e-15       1.019611286081e-14       9.820480553901e-16       0.000000000000e+00       0.000000000000e+00       0.000000000000e+00 
  343       2.511035777728e-13       1.963511653335e-15       1.018393028670e-14       9.744013465125e-16       0.000000000000e+00       0.000000000000e+00       0.000000000000e+00 
  344       2.540454985678e-13       1.928133209414e-15       1.015816183337e-14       9.670662520112e-16       0.000000000000e+00       0.000000000000e+00       0.000000000000e+00 
  345       2.569291582642e-13       1.893306064062e-15       1.011900902636e-14       9.600459372094e-16       0.000000000000e+00       0.000000000000e+00       0.000000000000e+00 
  346       2.597394709335e-13       1.859091333297e-15       1.006668206872e-14       9.533435198073e-16       0.000000000000e+00       0.000000000000e+00       0.000000000000e+00 
  347       2.624610241484e-13       1.825551280523e-15       1.000139991322e-14       9.469620692081e-16       0.000000000000e+00       0.000000000000e+00       0.000000000000e+00 
  348       2.650780766885e-13       1.792749324026e-15       9.923390334408e-15       9.409046058443e-16       0.000000000000e+00       0.000000000000e+00       0.000000000000e+00 
  349       2.675772134294e-13       1.760739898814e-15       9.832899504722e-15       9.351728230704e-16       0.000000000000e+00       0.000000000000e+00       0.000000000000e+00 
  350       2.699554364179e-13       1.729537561999e-15       9.730221014106e-15       9.297631956230e-16       0.000000000000e+00       0.000000000000e+00       0.000000000000e+00 
  351       2.722124053857e-13       1.699146618815e-15       9.615668197061e-15       9.246707081968e-16       0.000000000000e+00       0.000000000000e+00       0.000000000000e+00 
  352       2.743478112052e-13       1.669571150018e-15       9.489564818664e-15       9.198901163717e-16       0.000000000000e+00       0.000000000000e+00       0.000000000000e+00 
  353       2.763613762058e-13       1.640815009422e-15       9.352245156046e-15       9.154159446842e-16       0.000000000000e+00       0.000000000000e+00       0.000000000000e+00 
  354       2.782528544896e-13       1.612881821425e-15       9.204054079864e-15       9.112424846989e-16       0.000000000000e+00       0.000000000000e+00       0.000000000000e+00 
  355       2.800220322473e-13       1.585774978537e-15       9.045347135780e-15       9.073637930799e-16       0.000000000000e+00       0.000000000000e+00       0.000000000000e+00 
  356       2.816687280740e-13       1.559497638917e-15       8.876490625938e-15       9.037736896623e-16       0.000000000000e+00       0.000000000000e+00       0.000000000000e+00 
  357       2.831927932849e-13       1.534052723895e-15       8.697861690437e-15       9.004657555238e-16       0.000000000000e+00       0.000000000000e+00       0.000000000000e+00 
  358       2.845941122316e-13       1.509442915506e-15       8.509848388812e-15       8.974333310558e-16       0.000000000000e+00       0.000000000000e+00       0.000000000000e+00 
  359       2.858726026173e-13       1.485670654021e-15       8.312849781506e-15       8.946695140350e-16       0.000000000000e+00       0.000000000000e+00       0.000000000000e+00 
  360       2.870282158132e-13       1.462738135472e-15       8.107276011349e-15       8.921671576949e-16       0.000000000000e+00       0.000000000000e+00       0.000000000000e+00 
  361       2.880609371740e-13       1.440647309187e-15       7.893548385035e-15       8.899188687974e-16       0.000000000000e+00       0.000000000000e+00       0.000000000000e+00 
  362       2.889707863539e-13       1.419399875316e-15       7.672099454595e-15       8.879170057037e-16       0.000000000000e+00       0.000000000000e+00       0.000000000000e+00 
  363       2.897578176223e-13       1.398997282364e-15       7.443373098876e-15       8.861536764465e-16       0.000000000000e+00       0.000000000000e+00       0.000000000000e+00 
  364       2.904221201799e-13       1.379440724717e-15       7.207824605019e-15       8.846207368007e-16       0.000000000000e+00       0.000000000000e+00       0.000000000000e+00 
  365       2.909638184744e-13       1.360731140176e-15       6.965920749929e-15       8.833097883554e-16       0.000000000000e+00       0.000000000000e+00       0.000000000000e+00 
  366       2.913830725161e-13       1.342869207486e-15       6.718139881759e-15       8.822121765852e-16       0.000000000000e+00       0.000000000000e+00       0.000000000000e+00 
  367       2.916800781941e-13       1.325855343861e-15       6.464972001382e-15       8.813189889215e-16       0.000000000000e+00       0.000000000000e+00       0.000000000000e+00 
  368       2.918550675922e-13       1.309689702520e-15       6.206918843868e-15       8.806210528238e-16       0.000000000000e+00       0.000000000000e+00       0.000000000000e+00 
  369       2.919083093043e-13       1.294372170216e-15       5.944493959960e-15       8.801089338519e-16       0.000000000000e+00       0.000000000000e+00       0.000000000000e+00 
  370       2.918401087505e-13       1.279902364762e-15       5.678222797552e-15       8.797729337365e-16       0.000000000000e+00       0.000000000000e+00       0.000000000000e+00 
  371       2.916508084931e-13       1.266279632563e-15       5.408642783164e-15       8.796030884508e-16       0.000000000000e+00       0.000000000000e+00       0.000000000000e+00 
  372       2.913407885522e-13       1.253503046148e-15       5.136303403419e-15       8.795891662826e-16       0.000000000000e+00       0.000000000000e+00       0.000000000000e+00 
  373       2.909104667216e-13       1.241571401695e-15       4.861766286519e-15       8.797206659049e-16       0.000000000000e+00       0.000000000000e+00       0.000000000000e+00 
  374       2.903602988848e-13       1.230483216567e-15       4.585605283721e-15       8.799868144479e-16       0.000000000000e+00       0.000000000000e+00       0.000000000000e+00 
  375       2.896907793305e-13       1.220236726837e-15       4.308406550814e-15       8.803765655701e-16       0.000000000000e+00       0.000000000000e+00       0.000000000000e+00 
  376       2.889024410688e-13       1.210829884817e-15       4.030768629596e-15       8.808785975300e-16       0.000000000000e+00       0.000000000000e+00       0.000000000000e+00 
  377       2.879958561469e-13       1.202260356595e-15       3.753302529348e-15       8.814813112575e-16       0.000000000000e+00       0.000000000000e+00       0.000000000000e+00 
  378       2.869716359648e-13       1.194525519556e-15       3.476631808314e-15       8.821728284252e-16       0.000000000000e+00       0.000000000000e+00       0.000000000000e+00 
  379       2.858304315915e-13       1.187622459918e-15       3.201392655174e-15       8.829409895201e-16       0.000000000000e+00       0.000000000000e+00       0.000000000000e+00 
  380       2.845729340804e-13       1.181547970259e-15       2.928233970521e-15       8.837733519146e-16       0.000000000000e+00       0.000000000000e+00       0.000000000000e+00 
  381       2.831998747855e-13       1.176298547047e-15       2.657817448340e-15       8.846571879386e-16       0.000000000000e+00       0.000000000000e+00       0.000000000000e+00 
  382       2.817120256771e-13       1.171870388172e-15       2.390817657481e-15       8.855794829502e-16       0.000000000000e+00       0.000000000000e+00       0.000000000000e+00 
  383       2.801101996576e-13       1.168259390473e-15       2.127922123137e-15       8.865269334080e-16       0.000000000000e+00       0.000000000000e+00       0.000000000000e+00 
  384       2.783952508774e-13       1.165461147270e-15       1.869831408320e-15       8.874859449416e-16       0.000000000000e+00       0.000000000000e+00       0.000000000000e+00 
  385       2.765680750508e-13       1.163470945891e-15       1.617259195338e-15       8.884426304238e-16       0.000000000000e+00       0.000000000000e+00       0.000000000000e+00 
  386       2.746296097717e-13       1.162283765206e-15       1.370932367271e-15       8.893828080416e-16       0.000000000000e+00       0.000000000000e+00       0.000000000000e+00 
  387       2.725808348296e-13       1.161894273154e-15       1.131591089447e-15       8.902919993681e-16       0.000000000000e+00       0.000000000000e+00       0.000000000000e+00 
  388       2.704231076228e-13       1.162294664811e-15       8.998654347882e-16       8.911575732764e-16       0.000000000000e+00       0.000000000000e+00       0.000000000000e+00 
  389       2.681591825853e-13       1.163468092486e-15       6.759000059288e-16       8.919752700290e-16       0.000000000000e+00       0.000000000000e+00       0.000000000000e+00 
  390       2.657922305125e-13       1.165394985023e-15       4.597154317006e-16       8.927429174423e-16       0.000000000000e+00       0.000000000000e+00       0.000000000000e+00 
  391       2.633255074868e-13       1.168055180905e-15       2.513305387492e-16       8.934583068580e-16       0.000000000000e+00       0.000000000000e+00       0.000000000000e+00 
  392       2.607623554603e-13       1.171427924060e-15       5.076233485489e-17       8.941191929205e-16       0.000000000000e+00       0.000000000000e+00       0.000000000000e+00 
  393       2.581062028367e-13       1.175491859679e-15      -1.419740077458e-16       8.947232933543e-16       0.000000000000e+00       0.000000000000e+00       0.000000000000e+00 
  394       2.553605650540e-13       1.180225030027e-15      -3.268651690390e-16       8.952682887420e-16       0.000000000000e+00       0.000000000000e+00       0.000000000000e+00 
  395       2.525290451662e-13       1.185604870256e-15      -5.038996979120e-16       8.957518223013e-16       0.000000000000e+00       0.000000000000e+00       0.000000000000e+00 
  396       2.496153344260e-13       1.191608204218e-15      -6.730680288317e-16       8.961714996627e-16       0.000000000000e+00       0.000000000000e+00       0.000000000000e+00 
  397       2.466232128671e-13       1.198211240278e-15      -8.343624985239e-16       8.965248886472e-16       0.000000000000e+00       0.000000000000e+00       0.000000000000e+00 
  398       2.435565498861e-13       1.205389567127e-15      -9.877773626514e-16       8.968095190435e-16       0.000000000000e+00       0.000000000000e+00       0.000000000000e+00 
  399       2.404193048249e-13       1.213118149595e-15      -1.133308812493e-15       8.970228823857e-16       0.000000000000e+00       0.000000000000e+00       0.000000000000e+00 
  400       2.372155275533e-13       1.221371324465e-15      -1.270954991622e-15       8.971624317309e-16       0.000000000000e+00       0.000000000000e+00       0.000000000000e+00 
  401       2.339493590508e-13       1.230122796283e-15      -1.400716012584e-15       8.972255814366e-16       0.000000000000e+00       0.000000000000e+00       0.000000000000e+00 
  402       2.306250319891e-13       1.239345633173e-15      -1.522593973578e-15       8.972097069382e-16       0.000000000000e+00       0.000000000000e+00       0.000000000000e+00 
  403       2.272468713143e-13       1.249012262651e-15      -1.636592975133e-15       8.971121445265e-16       0.000000000000e+00       0.000000000000e+00       0.000000000000e+00 
  404       2.238192948294e-13       1.259094467435e-15      -1.742719136786e-15       8.969301911254e-16       0.000000000000e+00       0.000000000000e+00       0.000000000000e+00 
  405       2.203468137760e-13       1.269563381260e-15      -1.840980613764e-15       8.966611040693e-16       0.000000000000e+00       0.000000000000e+00       0.000000000000e+00 
  406       2.168340334171e-13       1.280389484692e-15      -1.931387613658e-15       8.963021008806e-16       0.000000000000e+00       0.000000000000e+00       0.000000000000e+00 
  407       2.132856536194e-13       1.291542600938e-15      -2.013952413107e-15       8.958503590472e-16       0.000000000000e+00       0.000000000000e+00       0.000000000000e+00 
  408       2.097064694350e-13       1.302991891660e-15      -2.088689374472e-15       8.953030158001e-16       0.000000000000e+00       0.000000000000e+00       0.000000000000e+00 
  409       2.061013716842e-13       1.314705852789e-15      -2.155614962516e-15       8.946571678908e-16       0.000000000000e+00       0.000000000000e+00       0.000000000000e+00 
  410       2.024753475376e-13       1.326652310337e-15      -2.214747761085e-15       8.939098713691e-16       0.000000000000e+00       0.000000000000e+00       0.000000000000e+00 
  411       1.988334810982e-13       1.338798416211e-15      -2.266108489784e-15       8.930581413603e-16       0.000000000000e+00       0.000000000000e+00       0.000000000000e+00 
  412       1.951809539840e-13       1.351110644025e-15      -2.309720020656e-15       8.920989518428e-16       0.000000000000e+00       0.000000000000e+00       0.000000000000e+00 
  413       1.915230459100e-13       1.363554784911e-15      -2.345607394861e-15       8.910292354257e-16       0.000000000000e+00       0.000000000000e+00       0.000000000000e+00 
  414       1.878651352705e-13       1.376095943337e-15      -2.373797839357e-15       8.898458831264e-16       0.000000000000e+00       0.000000000000e+00       0.000000000000e+00 
  415       1.842126997214e-13       1.388698532914e-15      -2.394320783575e-15       8.885457441478e-16       0.000000000000e+00       0.000000000000e+00       0.000000000000e+00 
  416       1.805713167626e-13       1.401326272216e-15      -2.407207876098e-15       8.871256256562e-16       0.000000000000e+00       0.000000000000e+00       0.000000000000e+00 
  417       1.769466643201e-13       1.413942180584e-15      -2.412493001343e-15       8.855822925586e-16       0.000000000000e+00       0.000000000000e+00       0.000000000000e+00 
  418       1.733445213282e-13       1.426508573947e-15      -2.410212296236e-15       8.839124672801e-16       0.000000000000e+00       0.000000000000e+00       0.000000000000e+00 
  419       1.697707683120e-13       1.438987060630e-15      -2.400404166893e-15       8.821128295419e-16       0.000000000000e+00       0.000000000000e+00       0.000000000000e+00 
  420       1.662313879694e-13       1.451338537171e-15      -2.383109305298e-15       8.801800161383e-16       0.000000000000e+00       0.000000000000e+00       0.000000000000e+00 
  421       1.627324657535e-13       1.463523184128e-15      -2.358370705980e-15       8.781106207144e-16       0.000000000000e+00       0.000000000000e+00       0.000000000000e+00 
  422       1.592801904551e-13       1.475500461899e-15      -2.326233682696e-15       8.759011935437e-16       0.000000000000e+00       0.000000000000e+00       0.000000000000e+00 
  423       1.558808547845e-13       1.487229106530e-15      -2.286745885104e-15       8.735482413057e-16       0.000000000000e+00       0.000000000000e+00       0.000000000000e+00 
  424       1.525408559541e-13       1.498667125529e-15      -2.239957315446e-15       8.710482268630e-16       0.000000000000e+00       0.000000000000e+00       0.000000000000e+00 
  425       1.492666962604e-13       1.509771793679e-15      -2.185920345225e-15       8.683975690395e-16       0.000000000000e+00       0.000000000000e+00       0.000000000000e+00 
  426       1.460649836667e-13       1.520499648854e-15      -2.124689731884e-15       8.655926423970e-16       0.000000000000e+00       0.000000000000e+00       0.000000000000e+00 
  427       1.429413114301e-13       1.530813308069e-15      -2.056345237697e-15       8.626309357897e-16       0.000000000000e+00       0.000000000000e+00       0.000000000000e+00 
  428       1.398968538172e-13       1.540702179587e-15      -1.981060300015e-15       8.595145718885e-16       0.000000000000e+00       0.000000000000e+00       0.000000000000e+00 
  429       1.369316557138e-13       1.550162447248e-15      -1.899035730092e-15       8.562469069595e-16       0.000000000000e+00       0.000000000000e+00       0.000000000000e+00 
  430       1.340457429618e-13       1.559190314176e-15      -1.810477353374e-15       8.528313834426e-16       0.000000000000e+00       0.000000000000e+00       0.000000000000e+00 
  431       1.312391222054e-13       1.567782003077e-15      -1.715596041027e-15       8.492715304907e-16       0.000000000000e+00       0.000000000000e+00       0.000000000000e+00 
  432       1.285117807377e-13       1.575933756526e-15      -1.614607741449e-15       8.455709645075e-16       0.000000000000e+00       0.000000000000e+00       0.000000000000e+00 
  433       1.258636863464e-13       1.583641837259e-15      -1.507733511794e-15       8.417333896862e-16       0.000000000000e+00       0.000000000000e+00       0.000000000000e+00 
  434       1.232947871606e-13       1.590902528468e-15      -1.395199549490e-15       8.377625985478e-16       0.000000000000e+00       0.000000000000e+00       0.000000000000e+00 
  435       1.208050114966e-13       1.597712134086e-15      -1.277237223758e-15       8.336624724794e-16       0.000000000000e+00       0.000000000000e+00       0.000000000000e+00 
  436       1.183942677041e-13       1.604066979081e-15      -1.154083107133e-15       8.294369822727e-16       0.000000000000e+00       0.000000000000e+00       0.000000000000e+00 
  437       1.160624440129e-13       1.609963409750e-15      -1.025979006984e-15       8.250901886625e-16       0.000000000000e+00       0.000000000000e+00       0.000000000000e+00 
  438       1.138094083787e-13       1.615397794006e-15      -8.931719970301e-16       8.206262428646e-16       0.000000000000e+00       0.000000000000e+00       0.000000000000e+00 
  439       1.116350083293e-13       1.620366521671e-15      -7.559144488649e-16       8.160493871150e-16       0.000000000000e+00       0.000000000000e+00       0.000000000000e+00 
  440       1.095390708113e-13       1.624866004766e-15      -6.144640634725e-16       8.113639552074e-16       0.000000000000e+00       0.000000000000e+00       0.000000000000e+00 
  441       1.075214020359e-13       1.628892677805e-15      -4.690839027483e-16       8.065743730323e-16       0.000000000000e+00       0.000000000000e+00       0.000000000000e+00 
  442       1.055817873251e-13       1.632442998085e-15      -3.200424210188e-16       8.016851591150e-16       0.000000000000e+00       0.000000000000e+00       0.000000000000e+00 
  443       1.037199909583e-13       1.635513445973e-15      -1.676134965609e-16       7.967009251539e-16       0.000000000000e+00       0.000000000000e+00       0.000000000000e+00 
  444       1.019357560183e-13       1.638100525205e-15      -1.207646312130e-17       7.916263765594e-16       0.000000000000e+00       0.000000000000e+00       0.000000000000e+00 
  445       1.002288042375e-13       1.640200763170e-15       1.462838585635e-16       7.864663129918e-16       0.000000000000e+00       0.000000000000e+00       0.000000000000e+00 
  446       9.859883584410e-14       1.641810711207e-15       3.071771292481e-16       7.812256288997e-16       0.000000000000e+00       0.000000000000e+00       0.000000000000e+00 
  447       9.704552940857e-14       1.642926944891e-15       4.703074596580e-16       7.759093140588e-16       0.000000000000e+00       0.000000000000e+00       0.000000000000e+00 
  448       9.556854168965e-14       1.643546064327e-15       6.353733789708e-16       7.705224541099e-16       0.000000000000e+00       0.000000000000e+00       0.000000000000e+00 
  449       9.416750748067e-14       1.643664694442e-15       8.020678032959e-16       7.650702310974e-16       0.000000000000e+00       0.000000000000e+00       0.000000000000e+00 
  450       9.284203945578e-14       1.643279485275e-15       9.700780041553e-16       7.595579240076e-16       0.000000000000e+00       0.000000000000e+00       0.000000000000e+00 
  451       9.159172801617e-14       1.642387112267e-15       1.139085576964e-15       7.539909093075e-16       0.000000000000e+00       0.000000000000e+00       0.000000000000e+00 
  452       9.041614113629e-14       1.640984276555e-15       1.308766409511e-15       7.483746614825e-16       0.000000000000e+00       0.000000000000e+00       0.000000000000e+00 
  453       8.931482421011e-14       1.639067705259e-15       1.478790650437e-15       7.427147535753e-16       0.000000000000e+00       0.000000000000e+00       0.000000000000e+00 
  454       8.828729989733e-14       1.636634151779e-15       1.648822677720e-15       7.370168577244e-16       0.000000000000e+00       0.000000000000e+00       0.000000000000e+00 
  455       8.733306796962e-14       1.633680396082e-15       1.818521067150e-15       7.312867457018e-16       0.000000000000e+00       0.000000000000e+00       0.000000000000e+00 
  456       8.645160515686e-14       1.630203244994e-15       1.987538560813e-15       7.255302894521e-16       0.000000000000e+00       0.000000000000e+00       0.000000000000e+00 
  457       8.564236499334e-14       1.626199532490e-15       2.155522035572e-15       7.197534616306e-16       0.000000000000e+00       0.000000000000e+00       0.000000000000e+00 
  458       8.490477766404e-14       1.621666119989e-15       2.322112471543e-15       7.139623361416e-16       0.000000000000e+00       0.000000000000e+00       0.000000000000e+00 
  459       8.423824985080e-14       1.616599896643e-15       2.486944920580e-15       7.081630886770e-16       0.000000000000e+00       0.000000000000e+00       0.000000000000e+00 
  460       8.364216457862e-14       1.610997779625e-15       2.649648474754e-15       7.023619972544e-16       0.000000000000e+00       0.000000000000e+00       0.000000000000e+00 
  461       8.311588106184e-14       1.604856714426e-15       2.809846234833e-15       6.965654427558e-16       0.000000000000e+00       0.000000000000e+00       0.000000000000e+00 
  462       8.265873455039e-14       1.598173675144e-15       2.967155278761e-15       6.907799094659e-16       0.000000000000e+00       0.000000000000e+00       0.000000000000e+00 
  463       8.227003617603e-14       1.590945664771e-15       3.121186630143e-15       6.850119856103e-16       0.000000000000e+00       0.000000000000e+00       0.000000000000e+00 
  464       8.194907279856e-14       1.583169715492e-15       3.271545226721e-15       6.792683638942e-16       0.000000000000e+00       0.000000000000e+00       0.000000000000e+00 
  465       8.169510685206e-14       1.574842888970e-15       3.417829888853e-15       6.735558420403e-16       0.000000000000e+00       0.000000000000e+00       0.000000000000e+00 
  466       8.150720252169e-14       1.565965287155e-15       3.559698874895e-15       6.678804580521e-16       0.000000000000e+00       0.000000000000e+00       0.000000000000e+00 
  467       8.138369861860e-14       1.556549187490e-15       3.697068862263e-15       6.622448652158e-16       0.000000000000e+00       0.000000000000e+00       0.000000000000e+00 
  468       8.132271895639e-14       1.546610193287e-15       3.829922112357e-15       6.566508762602e-16       0.000000000000e+00       0.000000000000e+00       0.000000000000e+00 
  469       8.132234428512e-14       1.536164250924e-15       3.958241449478e-15       6.511003212905e-16       0.000000000000e+00       0.000000000000e+00       0.000000000000e+00 
  470       8.138061204173e-14       1.525227651797e-15       4.082010265479e-15       6.455950478493e-16       0.000000000000e+00       0.000000000000e+00       0.000000000000e+00 
  471       8.149551610056e-14       1.513817034267e-15       4.201212524411e-15       6.401369209781e-16       0.000000000000e+00       0.000000000000e+00       0.000000000000e+00 
  472       8.166500652378e-14       1.501949385614e-15       4.315832767161e-15       6.347278232785e-16       0.000000000000e+00       0.000000000000e+00       0.000000000000e+00 
  473       8.188698931187e-14       1.489642043990e-15       4.425856116110e-15       6.293696549732e-16       0.000000000000e+00       0.000000000000e+00       0.000000000000e+00 
  474       8.215932615411e-14       1.476912700366e-15       4.531268279770e-15       6.240643339679e-16       0.000000000000e+00       0.000000000000e+00       0.000000000000e+00 
  475       8.247983417899e-14       1.463779400487e-15       4.632055557432e-15       6.188137959117e-16       0.000000000000e+00       0.000000000000e+00       0.000000000000e+00 
  476       8.284628570475e-14       1.450260546819e-15       4.728204843815e-15       6.136199942591e-16       0.000000000000e+00       0.000000000000e+00       0.000000000000e+00 
  477       8.325640798978e-14       1.436374900508e-15       4.819703633710e-15       6.084849003309e-16       0.000000000000e+00       0.000000000000e+00       0.000000000000e+00 
  478       8.370788298315e-14       1.422141583320e-15       4.906540026623e-15       6.034105033755e-16       0.000000000000e+00       0.000000000000e+00       0.000000000000e+00 
  479       8.419834707501e-14       1.407580079604e-15       4.988702731428e-15       5.983988106301e-16       0.000000000000e+00       0.000000000000e+00       0.000000000000e+00 
  480       8.472539084712e-14       1.392710238234e-15       5.066181071006e-15       5.934518473823e-16       0.000000000000e+00       0.000000000000e+00       0.000000000000e+00 
  481       8.528655882330e-14       1.377552274566e-15       5.138964986895e-15       5.885716570310e-16       0.000000000000e+00       0.000000000000e+00       0.000000000000e+00 
  482       8.587934921986e-14       1.362126772385e-15       5.207045043936e-15       5.837603011477e-16       0.000000000000e+00       0.000000000000e+00       0.000000000000e+00 
  483       8.650121369612e-14       1.346454685861e-15       5.270412434916e-15       5.790198595379e-16       0.000000000000e+00       0.000000000000e+00       0.000000000000e+00 
  484       8.714955710484e-14       1.330557341496e-15       5.329058985216e-15       5.743524303023e-16       0.000000000000e+00       0.000000000000e+00       0.000000000000e+00 
  485       8.782173724271e-14       1.314456440077e-15       5.382977157460e-15       5.697601298982e-16       0.000000000000e+00       0.000000000000e+00       0.000000000000e+00 
  486       8.851506460082e-14       1.298174058627e-15       5.432160056155e-15       5.652450932004e-16       0.000000000000e+00       0.000000000000e+00       0.000000000000e+00 
  487       8.922680211508e-14       1.281732652359e-15       5.476601432341e-15       5.608094735629e-16       0.000000000000e+00       0.000000000000e+00       0.000000000000e+00 
  488       8.995416491678e-14       1.265155056620e-15       5.516295688236e-15       5.564554428797e-16       0.000000000000e+00       0.000000000000e+00       0.000000000000e+00 
  489       9.069432008295e-14       1.248464488850e-15       5.551237881882e-15       5.521851916466e-16       0.000000000000e+00       0.000000000000e+00       0.000000000000e+00 
  490       9.144438638692e-14       1.231684550530e-15       5.581423731791e-15       5.480009290220e-16       0.000000000000e+00       0.000000000000e+00       0.000000000000e+00 
  491       9.220143404872e-14       1.214839229133e-15       5.606849621592e-15       5.439048828884e-16       0.000000000000e+00       0.000000000000e+00       0.000000000000e+00 
  492       9.296248448558e-14       1.197952900075e-15       5.627512604674e-15       5.398992999135e-16       0.000000000000e+00       0.000000000000e+00       0.000000000000e+00 
  493       9.372451006242e-14       1.181050328668e-15       5.643410408836e-15       5.359864456118e-16       0.000000000000e+00       0.000000000000e+00       0.000000000000e+00 
  494       9.448443384225e-14       1.164156672068e-15       5.654541440930e-15       5.321686044053e-16       0.000000000000e+00       0.000000000000e+00       0.000000000000e+00 
  495       9.523912933670e-14       1.147297481230e-15       5.660904791509e-15       5.284480796853e-16       0.000000000000e+00       0.000000000000e+00       0.000000000000e+00 
  496       9.598542025648e-14       1.130498702859e-15       5.662500239472e-15       5.248271938734e-16       0.000000000000e+00       0.000000000000e+00       0.000000000000e+00 
  497       9.672008026180e-14       1.113786681356e-15       5.659328256708e-15       5.213082884829e-16       0.000000000000e+00       0.000000000000e+00       0.000000000000e+00 
  498       9.743983271288e-14       1.097188160777e-15       5.651390012747e-15       5.178937241797e-16       0.000000000000e+00       0.000000000000e+00       0.000000000000e+00 
  499       9.814135042044e-14       1.080730286777e-15       5.638687379401e-15       5.145858808441e-16       0.000000000000e+00       0.000000000000e+00       0.000000000000e+00 
  500       9.882125539609e-14       1.064440608568e-15       5.621222935415e-15       5.113871576317e-16       0.000000000000e+00       0.000000000000e+00       0.000000000000e+00 
