# dimensionless [l(l+1)/2pi] C_l's for tensor mode
# for l=2 to 500, i.e. number of multipoles equal to 499
#
# -> if you prefer output in CAMB/HealPix/LensPix units/order, set 'format' to 'camb' in input file
# -> if you don't want to see such a header, set 'headers' to 'no' in input file
# -> for CMB lensing (phi), these are C_l^phi-phi for the lensing potential.
#    Remember the conversion factors:
#    C_l^dd (deflection) = l(l+1) C_l^phi-phi
#    C_l^gg (shear/convergence) = 1/4 (l(l+1))^2 C_l^phi-phi
#
# 1:l     2:TT                     3:EE                     4:TE                     5:BB                     6:phiphi                 7:TPhi                   8:Ephi               
    2       1.429957471958e-10       2.640100956897e-15       1.709135996286e-13       4.734536413363e-15       0.000000000000e+00       0.000000000000e+00       0.000000000000e+00 
    3       1.089809215559e-10       2.769776935588e-15      -4.878255571020e-15       4.745232638373e-15       0.000000000000e+00       0.000000000000e+00       0.000000000000e+00 
    4       9.775877773136e-11       2.524868853415e-15      -5.708627478577e-14       4.107253431104e-15       0.000000000000e+00       0.000000000000e+00       0.000000000000e+00 
    5       9.307473247067e-11       2.005425946635e-15      -6.815952856772e-14       3.202314758862e-15       0.000000000000e+00       0.000000000000e+00       0.000000000000e+00 
    6       9.030365655400e-11       1.437825028390e-15      -6.505806242694e-14       2.313712267557e-15       0.000000000000e+00       0.000000000000e+00       0.000000000000e+00 
    7       8.855830288042e-11       9.772102042779e-16      -5.792113685023e-14       1.594633559854e-15       0.000000000000e+00       0.000000000000e+00       0.000000000000e+00 
    8       8.738014857916e-11       6.839018904468e-16      -5.118103508330e-14       1.094036593688e-15       0.000000000000e+00       0.000000000000e+00       0.000000000000e+00 
    9       8.652359799234e-11       5.497401039725e-16      -4.646162925657e-14       7.975453211566e-16       0.000000000000e+00       0.000000000000e+00       0.000000000000e+00 
   10       8.584749543005e-11       5.344913135570e-16      -4.407969127987e-14       6.623044489661e-16       0.000000000000e+00       0.000000000000e+00       0.000000000000e+00 
   11       8.526948272830e-11       5.933310577533e-16      -4.380546562023e-14       6.404938275958e-16       0.000000000000e+00       0.000000000000e+00       0.000000000000e+00 
   12       8.474198763130e-11       6.921273785277e-16      -4.525875712248e-14       6.906577226984e-16       0.000000000000e+00       0.000000000000e+00       0.000000000000e+00 
   13       8.423690412842e-11       8.097315820708e-16      -4.807162865227e-14       7.831356665454e-16       0.000000000000e+00       0.000000000000e+00       0.000000000000e+00 
   14       8.373684843423e-11       9.364788161831e-16      -5.194650388311e-14       8.985533190043e-16       0.000000000000e+00       0.000000000000e+00       0.000000000000e+00 
   15       8.323099875677e-11       1.068776161629e-15      -5.667494664141e-14       1.026395857612e-15       0.000000000000e+00       0.000000000000e+00       0.000000000000e+00 
   16       8.271295044560e-11       1.206244804376e-15      -6.211486500414e-14       1.161328889837e-15       0.000000000000e+00       0.000000000000e+00       0.000000000000e+00 
   17       8.217924194209e-11       1.349228273367e-15      -6.815782617241e-14       1.301153006917e-15       0.000000000000e+00       0.000000000000e+00       0.000000000000e+00 
   18       8.162224532918e-11       1.497847250865e-15      -7.473064893636e-14       1.445341218779e-15       0.000000000000e+00       0.000000000000e+00       0.000000000000e+00 
   19       8.105933026696e-11       1.651990471151e-15      -8.178971810699e-14       1.593708691633e-15       0.000000000000e+00       0.000000000000e+00       0.000000000000e+00 
   20       8.047122609953e-11       1.811542194118e-15      -8.927737598487e-14       1.746203454533e-15       0.000000000000e+00       0.000000000000e+00       0.000000000000e+00 
   21       7.986851221253e-11       1.976262633034e-15      -9.716089249989e-14       1.902689219605e-15       0.000000000000e+00       0.000000000000e+00       0.000000000000e+00 
   22       7.924573717456e-11       2.145911467896e-15      -1.054057807375e-13       2.063072432632e-15       0.000000000000e+00       0.000000000000e+00       0.000000000000e+00 
   23       7.861035615764e-11       2.320370751343e-15      -1.139787663585e-13       2.227263127814e-15       0.000000000000e+00       0.000000000000e+00       0.000000000000e+00 
   24       7.795627571827e-11       2.499622287185e-15      -1.228418238566e-13       2.395187097603e-15       0.000000000000e+00       0.000000000000e+00       0.000000000000e+00 
   25       7.728942186534e-11       2.683753640628e-15      -1.319663582531e-13       2.566593885642e-15       0.000000000000e+00       0.000000000000e+00       0.000000000000e+00 
   26       7.660648887381e-11       2.872884642196e-15      -1.413236224864e-13       2.741200215558e-15       0.000000000000e+00       0.000000000000e+00       0.000000000000e+00 
   27       7.590992130626e-11       3.066894731491e-15      -1.508862985267e-13       2.918813173519e-15       0.000000000000e+00       0.000000000000e+00       0.000000000000e+00 
   28       7.519569528457e-11       3.265588698816e-15      -1.606264733768e-13       3.099271697746e-15       0.000000000000e+00       0.000000000000e+00       0.000000000000e+00 
   29       7.447167343268e-11       3.468803374773e-15      -1.705217318062e-13       3.282348123289e-15       0.000000000000e+00       0.000000000000e+00       0.000000000000e+00 
   30       7.373873875989e-11       3.676381495343e-15      -1.805503408153e-13       3.467798837266e-15       0.000000000000e+00       0.000000000000e+00       0.000000000000e+00 
   31       7.298871762427e-11       3.888139587791e-15      -1.906897471237e-13       3.655383997810e-15       0.000000000000e+00       0.000000000000e+00       0.000000000000e+00 
   32       7.222681117315e-11       4.103794253852e-15      -2.009183973284e-13       3.844862433155e-15       0.000000000000e+00       0.000000000000e+00       0.000000000000e+00 
   33       7.145530167878e-11       4.323003446688e-15      -2.112145760289e-13       4.035995279893e-15       0.000000000000e+00       0.000000000000e+00       0.000000000000e+00 
   34       7.067038447782e-11       4.545417967664e-15      -2.215567999202e-13       4.228548430613e-15       0.000000000000e+00       0.000000000000e+00       0.000000000000e+00 
   35       6.987539796530e-11       4.770805812717e-15      -2.319268216528e-13       4.422295657474e-15       0.000000000000e+00       0.000000000000e+00       0.000000000000e+00 
   36       6.907072712367e-11       4.998970205269e-15      -2.423077832434e-13       4.617017076803e-15       0.000000000000e+00       0.000000000000e+00       0.000000000000e+00 
   37       6.825290904427e-11       5.229718983681e-15      -2.526825870759e-13       4.812488392333e-15       0.000000000000e+00       0.000000000000e+00       0.000000000000e+00 
   38       6.742619798113e-11       5.462871134004e-15      -2.630307326670e-13       5.008445726039e-15       0.000000000000e+00       0.000000000000e+00       0.000000000000e+00 
   39       6.659381886914e-11       5.698252981918e-15      -2.733304898622e-13       5.204608736250e-15       0.000000000000e+00       0.000000000000e+00       0.000000000000e+00 
   40       6.575424362915e-11       5.935696941813e-15      -2.835597524005e-13       5.400689322061e-15       0.000000000000e+00       0.000000000000e+00       0.000000000000e+00 
   41       6.490353121494e-11       6.175042732998e-15      -2.936999886380e-13       5.596401379189e-15       0.000000000000e+00       0.000000000000e+00       0.000000000000e+00 
   42       6.404444354089e-11       6.416140563601e-15      -3.037496229665e-13       5.791495216958e-15       0.000000000000e+00       0.000000000000e+00       0.000000000000e+00 
   43       6.317947116221e-11       6.658849641891e-15      -3.137150227693e-13       5.985733414095e-15       0.000000000000e+00       0.000000000000e+00       0.000000000000e+00 
   44       6.230796794408e-11       6.903037880833e-15      -3.236072042819e-13       6.178881629384e-15       0.000000000000e+00       0.000000000000e+00       0.000000000000e+00 
   45       6.142783954165e-11       7.148562191417e-15      -3.334346589437e-13       6.370699193047e-15       0.000000000000e+00       0.000000000000e+00       0.000000000000e+00 
   46       6.054190928976e-11       7.395201295018e-15      -3.431786218508e-13       6.560907164760e-15       0.000000000000e+00       0.000000000000e+00       0.000000000000e+00 
   47       5.965295125463e-11       7.642703576797e-15      -3.528108810245e-13       6.749210987481e-15       0.000000000000e+00       0.000000000000e+00       0.000000000000e+00 
   48       5.876169319130e-11       7.890804791232e-15      -3.623004383500e-13       6.935308833791e-15       0.000000000000e+00       0.000000000000e+00       0.000000000000e+00 
   49       5.786663444343e-11       8.139227343930e-15      -3.716133576471e-13       7.118891208774e-15       0.000000000000e+00       0.000000000000e+00       0.000000000000e+00 
   50       5.696544235539e-11       8.387674223730e-15      -3.807155731640e-13       7.299659225803e-15       0.000000000000e+00       0.000000000000e+00       0.000000000000e+00 
   51       5.606001083246e-11       8.635810523457e-15      -3.895825662519e-13       7.477386203474e-15       0.000000000000e+00       0.000000000000e+00       0.000000000000e+00 
   52       5.515246009835e-11       8.883275661761e-15      -3.981920526953e-13       7.651872102012e-15       0.000000000000e+00       0.000000000000e+00       0.000000000000e+00 
   53       5.424357293252e-11       9.129687347516e-15      -4.065212395422e-13       7.822926781870e-15       0.000000000000e+00       0.000000000000e+00       0.000000000000e+00 
   54       5.333268685304e-11       9.374640609883e-15      -4.145468124889e-13       7.990370485328e-15       0.000000000000e+00       0.000000000000e+00       0.000000000000e+00 
   55       5.241865082230e-11       9.617750536789e-15      -4.222474565174e-13       8.154033093901e-15       0.000000000000e+00       0.000000000000e+00       0.000000000000e+00 
   56       5.150322067835e-11       9.858795145400e-15      -4.296121799847e-13       8.313750581221e-15       0.000000000000e+00       0.000000000000e+00       0.000000000000e+00 
   57       5.058831835129e-11       1.009760630483e-14      -4.366340363193e-13       8.469368522542e-15       0.000000000000e+00       0.000000000000e+00       0.000000000000e+00 
   58       4.967497634398e-11       1.033402985434e-14      -4.433078561535e-13       8.620743666195e-15       0.000000000000e+00       0.000000000000e+00       0.000000000000e+00 
   59       4.876327138980e-11       1.056792633640e-14      -4.496303334063e-13       8.767744367503e-15       0.000000000000e+00       0.000000000000e+00       0.000000000000e+00 
   60       4.785225811030e-11       1.079917172960e-14      -4.556001113662e-13       8.910251022681e-15       0.000000000000e+00       0.000000000000e+00       0.000000000000e+00 
   61       4.694077986146e-11       1.102764148836e-14      -4.612164428969e-13       9.048153498175e-15       0.000000000000e+00       0.000000000000e+00       0.000000000000e+00 
   62       4.603026403947e-11       1.125315681737e-14      -4.664746248862e-13       9.181341762751e-15       0.000000000000e+00       0.000000000000e+00       0.000000000000e+00 
   63       4.512243934117e-11       1.147552758372e-14      -4.713696871022e-13       9.309713913085e-15       0.000000000000e+00       0.000000000000e+00       0.000000000000e+00 
   64       4.421847619464e-11       1.169456814532e-14      -4.758977676736e-13       9.433179324658e-15       0.000000000000e+00       0.000000000000e+00       0.000000000000e+00 
   65       4.331894824941e-11       1.191009755428e-14      -4.800561539307e-13       9.551658990332e-15       0.000000000000e+00       0.000000000000e+00       0.000000000000e+00 
   66       4.242379386667e-11       1.212193976024e-14      -4.838433232463e-13       9.665085858923e-15       0.000000000000e+00       0.000000000000e+00       0.000000000000e+00 
   67       4.153227760953e-11       1.232992381366e-14      -4.872589838769e-13       9.773405173779e-15       0.000000000000e+00       0.000000000000e+00       0.000000000000e+00 
   68       4.064359216766e-11       1.253388363834e-14      -4.903035786526e-13       9.876567835612e-15       0.000000000000e+00       0.000000000000e+00       0.000000000000e+00 
   69       3.975889184136e-11       1.273365684106e-14      -4.929765879783e-13       9.974508172505e-15       0.000000000000e+00       0.000000000000e+00       0.000000000000e+00 
   70       3.887960380748e-11       1.292908602489e-14      -4.952779547644e-13       1.006716225306e-14       0.000000000000e+00       0.000000000000e+00       0.000000000000e+00 
   71       3.800680240814e-11       1.312001938751e-14      -4.972086177704e-13       1.015447462089e-14       0.000000000000e+00       0.000000000000e+00       0.000000000000e+00 
   72       3.714118702042e-11       1.330631091355e-14      -4.987705387083e-13       1.023639845477e-14       0.000000000000e+00       0.000000000000e+00       0.000000000000e+00 
   73       3.628305992594e-11       1.348782056685e-14      -4.999667293453e-13       1.031289572885e-14       0.000000000000e+00       0.000000000000e+00       0.000000000000e+00 
   74       3.543230418047e-11       1.366441448281e-14      -5.008012786072e-13       1.038393737274e-14       0.000000000000e+00       0.000000000000e+00       0.000000000000e+00 
   75       3.458836148357e-11       1.383596516068e-14      -5.012793796813e-13       1.044950343178e-14       0.000000000000e+00       0.000000000000e+00       0.000000000000e+00 
   76       3.375065384716e-11       1.400235112053e-14      -5.014066564791e-13       1.050958153251e-14       0.000000000000e+00       0.000000000000e+00       0.000000000000e+00 
   77       3.291998629327e-11       1.416345537690e-14      -5.011869413157e-13       1.056416160227e-14       0.000000000000e+00       0.000000000000e+00       0.000000000000e+00 
   78       3.209736092692e-11       1.431916703492e-14      -5.006241393376e-13       1.061324047323e-14       0.000000000000e+00       0.000000000000e+00       0.000000000000e+00 
   79       3.128354301014e-11       1.446938197933e-14      -4.997229057412e-13       1.065682361497e-14       0.000000000000e+00       0.000000000000e+00       0.000000000000e+00 
   80       3.047904793194e-11       1.461400305582e-14      -4.984886585094e-13       1.069492525992e-14       0.000000000000e+00       0.000000000000e+00       0.000000000000e+00 
   81       2.968412817846e-11       1.475294025232e-14      -4.969275911468e-13       1.072756852874e-14       0.000000000000e+00       0.000000000000e+00       0.000000000000e+00 
   82       2.889876030303e-11       1.488611088040e-14      -4.950466854158e-13       1.075478555578e-14       0.000000000000e+00       0.000000000000e+00       0.000000000000e+00 
   83       2.812263189621e-11       1.501343975655e-14      -4.928537240729e-13       1.077661761446e-14       0.000000000000e+00       0.000000000000e+00       0.000000000000e+00 
   84       2.735542397992e-11       1.513485675329e-14      -4.903567552260e-13       1.079311135246e-14       0.000000000000e+00       0.000000000000e+00       0.000000000000e+00 
   85       2.659774052075e-11       1.525028858896e-14      -4.875623554849e-13       1.080430650547e-14       0.000000000000e+00       0.000000000000e+00       0.000000000000e+00 
   86       2.585030983700e-11       1.535966600297e-14      -4.844771008898e-13       1.081024636706e-14       0.000000000000e+00       0.000000000000e+00       0.000000000000e+00 
   87       2.511369492939e-11       1.546292640013e-14      -4.811080931566e-13       1.081098155706e-14       0.000000000000e+00       0.000000000000e+00       0.000000000000e+00 
   88       2.438828541626e-11       1.556001398775e-14      -4.774629631961e-13       1.080657008158e-14       0.000000000000e+00       0.000000000000e+00       0.000000000000e+00 
   89       2.367428946870e-11       1.565087991281e-14      -4.735498746340e-13       1.079707739299e-14       0.000000000000e+00       0.000000000000e+00       0.000000000000e+00 
   90       2.297172574584e-11       1.573548239903e-14      -4.693775273295e-13       1.078257645004e-14       0.000000000000e+00       0.000000000000e+00       0.000000000000e+00 
   91       2.228041532990e-11       1.581378688403e-14      -4.649551608955e-13       1.076314777782e-14       0.000000000000e+00       0.000000000000e+00       0.000000000000e+00 
   92       2.159997366150e-11       1.588576615644e-14      -4.602925582178e-13       1.073887952785e-14       0.000000000000e+00       0.000000000000e+00       0.000000000000e+00 
   93       2.093004542900e-11       1.595139834443e-14      -4.553995428190e-13       1.070986298290e-14       0.000000000000e+00       0.000000000000e+00       0.000000000000e+00 
   94       2.027106716510e-11       1.601066023730e-14      -4.502843768320e-13       1.067617816782e-14       0.000000000000e+00       0.000000000000e+00       0.000000000000e+00 
   95       1.962360496748e-11       1.606353320835e-14      -4.449551274677e-13       1.063790617548e-14       0.000000000000e+00       0.000000000000e+00       0.000000000000e+00 
   96       1.898811709762e-11       1.611000538009e-14      -4.394201483191e-13       1.059513352673e-14       0.000000000000e+00       0.000000000000e+00       0.000000000000e+00 
   97       1.836494925101e-11       1.615007173196e-14      -4.336880759332e-13       1.054795216788e-14       0.000000000000e+00       0.000000000000e+00       0.000000000000e+00 
   98       1.775432982729e-11       1.618373420791e-14      -4.277678263821e-13       1.049645946819e-14       0.000000000000e+00       0.000000000000e+00       0.000000000000e+00 
   99       1.715636520045e-11       1.621100182405e-14      -4.216685918347e-13       1.044075821739e-14       0.000000000000e+00       0.000000000000e+00       0.000000000000e+00 
  100       1.657103498900e-11       1.623189077628e-14      -4.153998371285e-13       1.038095662321e-14       0.000000000000e+00       0.000000000000e+00       0.000000000000e+00 
  101       1.599818732613e-11       1.624642454791e-14      -4.089712963409e-13       1.031716830885e-14       0.000000000000e+00       0.000000000000e+00       0.000000000000e+00 
  102       1.543753412992e-11       1.625463401731e-14      -4.023929693605e-13       1.024951231051e-14       0.000000000000e+00       0.000000000000e+00       0.000000000000e+00 
  103       1.488864637349e-11       1.625655756552e-14      -3.956751184594e-13       1.017811307490e-14       0.000000000000e+00       0.000000000000e+00       0.000000000000e+00 
  104       1.435113418878e-11       1.625223755624e-14      -3.888278794698e-13       1.010309609143e-14       0.000000000000e+00       0.000000000000e+00       0.000000000000e+00 
  105       1.382522507350e-11       1.624170900236e-14      -3.818600428818e-13       1.002457412217e-14       0.000000000000e+00       0.000000000000e+00       0.000000000000e+00 
  106       1.331125533738e-11       1.622500956195e-14      -3.747801009320e-13       9.942659098478e-15       0.000000000000e+00       0.000000000000e+00       0.000000000000e+00 
  107       1.280948957734e-11       1.620218309619e-14      -3.675966107226e-13       9.857466270305e-15       0.000000000000e+00       0.000000000000e+00       0.000000000000e+00 
  108       1.232011797875e-11       1.617327973709e-14      -3.603181865582e-13       9.769114155768e-15       0.000000000000e+00       0.000000000000e+00       0.000000000000e+00 
  109       1.184325361679e-11       1.613835595530e-14      -3.529534922821e-13       9.677724490667e-15       0.000000000000e+00       0.000000000000e+00       0.000000000000e+00 
  110       1.137892975775e-11       1.609747462788e-14      -3.455112336130e-13       9.583422178030e-15       0.000000000000e+00       0.000000000000e+00       0.000000000000e+00 
  111       1.092709716037e-11       1.605070510601e-14      -3.380001504810e-13       9.486335237649e-15       0.000000000000e+00       0.000000000000e+00       0.000000000000e+00 
  112       1.048762137709e-11       1.599812328281e-14      -3.304290093644e-13       9.386594755612e-15       0.000000000000e+00       0.000000000000e+00       0.000000000000e+00 
  113       1.006028005544e-11       1.593981166111e-14      -3.228065956260e-13       9.284334833849e-15       0.000000000000e+00       0.000000000000e+00       0.000000000000e+00 
  114       9.644760239309e-12       1.587585942118e-14      -3.151417058497e-13       9.179692539661e-15       0.000000000000e+00       0.000000000000e+00       0.000000000000e+00 
  115       9.240655670288e-12       1.580636248851e-14      -3.074431401766e-13       9.072807855261e-15       0.000000000000e+00       0.000000000000e+00       0.000000000000e+00 
  116       8.847593813009e-12       1.573141953779e-14      -2.997195062806e-13       8.963819605965e-15       0.000000000000e+00       0.000000000000e+00       0.000000000000e+00 
  117       8.465640221595e-12       1.565111930873e-14      -2.919786206387e-13       8.852852791028e-15       0.000000000000e+00       0.000000000000e+00       0.000000000000e+00 
  118       8.094938497671e-12       1.556555186817e-14      -2.842280197368e-13       8.740029610542e-15       0.000000000000e+00       0.000000000000e+00       0.000000000000e+00 
  119       7.735583430506e-12       1.547481256734e-14      -2.764751326894e-13       8.625473263879e-15       0.000000000000e+00       0.000000000000e+00       0.000000000000e+00 
  120       7.387619445316e-12       1.537900207374e-14      -2.687272719112e-13       8.509307863667e-15       0.000000000000e+00       0.000000000000e+00       0.000000000000e+00 
  121       7.051039051567e-12       1.527822640295e-14      -2.609916237876e-13       8.391658349774e-15       0.000000000000e+00       0.000000000000e+00       0.000000000000e+00 
  122       6.725781291269e-12       1.517259695047e-14      -2.532752393462e-13       8.272650403289e-15       0.000000000000e+00       0.000000000000e+00       0.000000000000e+00 
  123       6.411730187282e-12       1.506223052358e-14      -2.455850249274e-13       8.152410360503e-15       0.000000000000e+00       0.000000000000e+00       0.000000000000e+00 
  124       6.108713191615e-12       1.494724937312e-14      -2.379277328555e-13       8.031065126893e-15       0.000000000000e+00       0.000000000000e+00       0.000000000000e+00 
  125       5.816499633727e-12       1.482778122540e-14      -2.303099521100e-13       7.908742091098e-15       0.000000000000e+00       0.000000000000e+00       0.000000000000e+00 
  126       5.534799168827e-12       1.470395931396e-14      -2.227380989963e-13       7.785569038907e-15       0.000000000000e+00       0.000000000000e+00       0.000000000000e+00 
  127       5.263260226175e-12       1.457592241147e-14      -2.152184078167e-13       7.661674067233e-15       0.000000000000e+00       0.000000000000e+00       0.000000000000e+00 
  128       5.001468457383e-12       1.444381486153e-14      -2.077569215416e-13       7.537185498103e-15       0.000000000000e+00       0.000000000000e+00       0.000000000000e+00 
  129       4.749043962133e-12       1.430778116845e-14      -2.003595088934e-13       7.412229075925e-15       0.000000000000e+00       0.000000000000e+00       0.000000000000e+00 
  130       4.505948320208e-12       1.416794902792e-14      -1.930319375329e-13       7.286919394400e-15       0.000000000000e+00       0.000000000000e+00       0.000000000000e+00 
  131       4.272208465649e-12       1.402444448629e-14      -1.857797913089e-13       7.161367362199e-15       0.000000000000e+00       0.000000000000e+00       0.000000000000e+00 
  132       4.047820091984e-12       1.387739720873e-14      -1.786084355152e-13       7.035682730946e-15       0.000000000000e+00       0.000000000000e+00       0.000000000000e+00 
  133       3.832746807342e-12       1.372694047210e-14      -1.715230077502e-13       6.909973989758e-15       0.000000000000e+00       0.000000000000e+00       0.000000000000e+00 
  134       3.626919289565e-12       1.357321115787e-14      -1.645284087771e-13       6.784348259787e-15       0.000000000000e+00       0.000000000000e+00       0.000000000000e+00 
  135       3.430234441331e-12       1.341634974499e-14      -1.576292933839e-13       6.658911188762e-15       0.000000000000e+00       0.000000000000e+00       0.000000000000e+00 
  136       3.242554545260e-12       1.325650030281e-14      -1.508300612434e-13       6.533766845532e-15       0.000000000000e+00       0.000000000000e+00       0.000000000000e+00 
  137       3.063706419040e-12       1.309381048396e-14      -1.441348477730e-13       6.409017614603e-15       0.000000000000e+00       0.000000000000e+00       0.000000000000e+00 
  138       2.893480570536e-12       1.292843151726e-14      -1.375475149952e-13       6.284764090686e-15       0.000000000000e+00       0.000000000000e+00       0.000000000000e+00 
  139       2.731630352908e-12       1.276051820059e-14      -1.310716423969e-13       6.161104973235e-15       0.000000000000e+00       0.000000000000e+00       0.000000000000e+00 
  140       2.577871119727e-12       1.259022889378e-14      -1.247105177902e-13       6.038136960986e-15       0.000000000000e+00       0.000000000000e+00       0.000000000000e+00 
  141       2.431879380091e-12       1.241772551155e-14      -1.184671281718e-13       5.915954646506e-15       0.000000000000e+00       0.000000000000e+00       0.000000000000e+00 
  142       2.293291953740e-12       1.224317351637e-14      -1.123441505832e-13       5.794650410728e-15       0.000000000000e+00       0.000000000000e+00       0.000000000000e+00 
  143       2.161705126172e-12       1.206674191134e-14      -1.063439429710e-13       5.674314317496e-15       0.000000000000e+00       0.000000000000e+00       0.000000000000e+00 
  144       2.036749678081e-12       1.188859692953e-14      -1.004687839852e-13       5.555033565535e-15       0.000000000000e+00       0.000000000000e+00       0.000000000000e+00 
  145       1.918326093910e-12       1.170888241568e-14      -9.472163831621e-14       5.436891006108e-15       0.000000000000e+00       0.000000000000e+00       0.000000000000e+00 
  146       1.806391043581e-12       1.152773748789e-14      -8.910544978655e-14       5.319966278071e-15       0.000000000000e+00       0.000000000000e+00       0.000000000000e+00 
  147       1.700883185156e-12       1.134530262455e-14      -8.362289154624e-14       5.204336130272e-15       0.000000000000e+00       0.000000000000e+00       0.000000000000e+00 
  148       1.601722756018e-12       1.116171962105e-14      -7.827635836343e-14       5.090074313546e-15       0.000000000000e+00       0.000000000000e+00       0.000000000000e+00 
  149       1.508811164047e-12       1.097713154640e-14      -7.306795891510e-14       4.977251472722e-15       0.000000000000e+00       0.000000000000e+00       0.000000000000e+00 
  150       1.422030578790e-12       1.079168269994e-14      -6.799950807777e-14       4.865935038611e-15       0.000000000000e+00       0.000000000000e+00       0.000000000000e+00 
  151       1.341243522642e-12       1.060551856799e-14      -6.307251921817e-14       4.756189120013e-15       0.000000000000e+00       0.000000000000e+00       0.000000000000e+00 
  152       1.266292462016e-12       1.041878578052e-14      -5.828819648394e-14       4.648074395708e-15       0.000000000000e+00       0.000000000000e+00       0.000000000000e+00 
  153       1.196999398523e-12       1.023163206779e-14      -5.364742709433e-14       4.541648006459e-15       0.000000000000e+00       0.000000000000e+00       0.000000000000e+00 
  154       1.133165460141e-12       1.004420621707e-14      -4.915077363087e-14       4.436963447008e-15       0.000000000000e+00       0.000000000000e+00       0.000000000000e+00 
  155       1.074570492398e-12       9.856658029257e-15      -4.479846632809e-14       4.334070458075e-15       0.000000000000e+00       0.000000000000e+00       0.000000000000e+00 
  156       1.020972649539e-12       9.669138275572e-15      -4.059039536420e-14       4.233014918354e-15       0.000000000000e+00       0.000000000000e+00       0.000000000000e+00 
  157       9.721079857076e-13       9.481798654213e-15      -3.652610315177e-14       4.133838736514e-15       0.000000000000e+00       0.000000000000e+00       0.000000000000e+00 
  158       9.276900461171e-13       9.294791747026e-15      -3.260477662845e-14       4.036579743197e-15       0.000000000000e+00       0.000000000000e+00       0.000000000000e+00 
  159       8.874094582275e-13       9.108270976173e-15      -2.882523954761e-14       3.941271583012e-15       0.000000000000e+00       0.000000000000e+00       0.000000000000e+00 
  160       8.509335229200e-13       8.922390560796e-15      -2.518594476910e-14       3.847943606541e-15       0.000000000000e+00       0.000000000000e+00       0.000000000000e+00 
  161       8.179593956344e-13       8.737299542206e-15      -2.168546175435e-14       3.756624021873e-15       0.000000000000e+00       0.000000000000e+00       0.000000000000e+00 
  162       7.883797731405e-13       8.553123356635e-15      -1.832400368330e-14       3.667349889174e-15       0.000000000000e+00       0.000000000000e+00       0.000000000000e+00 
  163       7.621311457731e-13       8.369980542510e-15      -1.510202127949e-14       3.580157807676e-15       0.000000000000e+00       0.000000000000e+00       0.000000000000e+00 
  164       7.391413643053e-13       8.187988455310e-15      -1.201971436403e-14       3.495080643355e-15       0.000000000000e+00       0.000000000000e+00       0.000000000000e+00 
  165       7.193294776843e-13       8.007263196940e-15      -9.077026424588e-15       3.412147435928e-15       0.000000000000e+00       0.000000000000e+00       0.000000000000e+00 
  166       7.026055707671e-13       7.827919545110e-15      -6.273639184519e-15       3.331383305849e-15       0.000000000000e+00       0.000000000000e+00       0.000000000000e+00 
  167       6.888706020566e-13       7.650070882714e-15      -3.608967171892e-15       3.252809361303e-15       0.000000000000e+00       0.000000000000e+00       0.000000000000e+00 
  168       6.780162414370e-13       7.473829127202e-15      -1.082152288574e-15       3.176442605200e-15       0.000000000000e+00       0.000000000000e+00       0.000000000000e+00 
  169       6.699247079099e-13       7.299304659962e-15       1.307941620717e-15       3.102295842171e-15       0.000000000000e+00       0.000000000000e+00       0.000000000000e+00 
  170       6.644686073300e-13       7.126606255692e-15       3.562734199335e-15       3.030377585561e-15       0.000000000000e+00       0.000000000000e+00       0.000000000000e+00 
  171       6.615107701407e-13       6.955841011781e-15       5.683934009651e-15       2.960691964428e-15       0.000000000000e+00       0.000000000000e+00       0.000000000000e+00 
  172       6.609040891104e-13       6.787114277682e-15       7.673543963982e-15       2.893238630535e-15       0.000000000000e+00       0.000000000000e+00       0.000000000000e+00 
  173       6.624913570677e-13       6.620529584295e-15       9.533866755526e-15       2.828012665343e-15       0.000000000000e+00       0.000000000000e+00       0.000000000000e+00 
  174       6.661051046376e-13       6.456188573337e-15       1.126751028930e-14       2.765004487011e-15       0.000000000000e+00       0.000000000000e+00       0.000000000000e+00 
  175       6.715674379770e-13       6.294190926722e-15       1.287739311307e-14       2.704199757386e-15       0.000000000000e+00       0.000000000000e+00       0.000000000000e+00 
  176       6.786898765111e-13       6.134634295938e-15       1.436674984829e-14       2.645579289000e-15       0.000000000000e+00       0.000000000000e+00       0.000000000000e+00 
  177       6.872731906682e-13       5.977614231425e-15       1.573913662103e-14       2.589118952067e-15       0.000000000000e+00       0.000000000000e+00       0.000000000000e+00 
  178       6.971072396164e-13       5.823224111949e-15       1.699843649294e-14       2.534789581473e-15       0.000000000000e+00       0.000000000000e+00       0.000000000000e+00 
  179       7.079708089991e-13       5.671555073982e-15       1.814886489212e-14       2.482556883775e-15       0.000000000000e+00       0.000000000000e+00       0.000000000000e+00 
  180       7.196648315268e-13       5.522693016661e-15       1.919433765176e-14       2.432388887053e-15       0.000000000000e+00       0.000000000000e+00       0.000000000000e+00 
  181       7.321153406468e-13       5.376709497985e-15       2.013650760680e-14       2.384279146947e-15       0.000000000000e+00       0.000000000000e+00       0.000000000000e+00 
  182       7.452784079298e-13       5.233669977669e-15       2.097658199564e-14       2.338225210924e-15       0.000000000000e+00       0.000000000000e+00       0.000000000000e+00 
  183       7.591074565999e-13       5.093636595716e-15       2.171594888887e-14       2.294221176421e-15       0.000000000000e+00       0.000000000000e+00       0.000000000000e+00 
  184       7.735532222274e-13       4.956668091025e-15       2.235618027254e-14       2.252257625626e-15       0.000000000000e+00       0.000000000000e+00       0.000000000000e+00 
  185       7.885637134218e-13       4.822819719995e-15       2.289903513142e-14       2.212321560253e-15       0.000000000000e+00       0.000000000000e+00       0.000000000000e+00 
  186       8.040841725250e-13       4.692143175127e-15       2.334646253227e-14       2.174396336323e-15       0.000000000000e+00       0.000000000000e+00       0.000000000000e+00 
  187       8.200570363036e-13       4.564686503637e-15       2.370060470709e-14       2.138461598934e-15       0.000000000000e+00       0.000000000000e+00       0.000000000000e+00 
  188       8.364218966424e-13       4.440494026055e-15       2.396380013641e-14       2.104493217044e-15       0.000000000000e+00       0.000000000000e+00       0.000000000000e+00 
  189       8.531154612368e-13       4.319606254835e-15       2.413858663255e-14       2.072463218247e-15       0.000000000000e+00       0.000000000000e+00       0.000000000000e+00 
  190       8.700715142863e-13       4.202059812958e-15       2.422770442286e-14       2.042339723547e-15       0.000000000000e+00       0.000000000000e+00       0.000000000000e+00 
  191       8.872208771867e-13       4.087887352536e-15       2.423409923301e-14       2.014086882140e-15       0.000000000000e+00       0.000000000000e+00       0.000000000000e+00 
  192       9.044913692237e-13       3.977117473424e-15       2.416092537024e-14       1.987664806187e-15       0.000000000000e+00       0.000000000000e+00       0.000000000000e+00 
  193       9.218077682654e-13       3.869774641817e-15       2.401154880665e-14       1.963029505592e-15       0.000000000000e+00       0.000000000000e+00       0.000000000000e+00 
  194       9.390917714552e-13       3.765879108864e-15       2.378955026242e-14       1.940132822780e-15       0.000000000000e+00       0.000000000000e+00       0.000000000000e+00 
  195       9.562619559050e-13       3.665446829266e-15       2.349872828913e-14       1.918922367473e-15       0.000000000000e+00       0.000000000000e+00       0.000000000000e+00 
  196       9.732337393877e-13       3.568489379888e-15       2.314310235298e-14       1.899341451469e-15       0.000000000000e+00       0.000000000000e+00       0.000000000000e+00 
  197       9.899193410305e-13       3.475013878360e-15       2.272691591806e-14       1.881329023417e-15       0.000000000000e+00       0.000000000000e+00       0.000000000000e+00 
  198       1.006227742008e-12       3.385022901685e-15       2.225463952965e-14       1.864819603593e-15       0.000000000000e+00       0.000000000000e+00       0.000000000000e+00 
  199       1.022064646233e-12       3.298514404843e-15       2.173097389746e-14       1.849743218682e-15       0.000000000000e+00       0.000000000000e+00       0.000000000000e+00 
  200       1.037332441054e-12       3.215481639399e-15       2.116085297888e-14       1.836025336550e-15       0.000000000000e+00       0.000000000000e+00       0.000000000000e+00 
  201       1.051945751411e-12       3.135916430436e-15       2.054879132651e-14       1.823597270044e-15       0.000000000000e+00       0.000000000000e+00       0.000000000000e+00 
  202       1.065879422196e-12       3.059819437488e-15       1.989686776635e-14       1.812428352200e-15       0.000000000000e+00       0.000000000000e+00       0.000000000000e+00 
  203       1.079123891520e-12       2.987190470444e-15       1.920660346986e-14       1.802495936235e-15       0.000000000000e+00       0.000000000000e+00       0.000000000000e+00 
  204       1.091669912027e-12       2.918025126083e-15       1.847960588238e-14       1.793775099044e-15       0.000000000000e+00       0.000000000000e+00       0.000000000000e+00 
  205       1.103508557682e-12       2.852314716606e-15       1.771756986839e-14       1.786238606914e-15       0.000000000000e+00       0.000000000000e+00       0.000000000000e+00 
  206       1.114631230549e-12       2.790046198171e-15       1.692227885668e-14       1.779856881243e-15       0.000000000000e+00       0.000000000000e+00       0.000000000000e+00 
  207       1.125029667569e-12       2.731202099415e-15       1.609560598564e-14       1.774597964258e-15       0.000000000000e+00       0.000000000000e+00       0.000000000000e+00 
  208       1.134695947341e-12       2.675760449996e-15       1.523951524842e-14       1.770427484735e-15       0.000000000000e+00       0.000000000000e+00       0.000000000000e+00 
  209       1.143622496901e-12       2.623694709116e-15       1.435606263819e-14       1.767308623716e-15       0.000000000000e+00       0.000000000000e+00       0.000000000000e+00 
  210       1.151802098504e-12       2.574973694056e-15       1.344739729337e-14       1.765202080228e-15       0.000000000000e+00       0.000000000000e+00       0.000000000000e+00 
  211       1.159227896399e-12       2.529561508707e-15       1.251576264283e-14       1.764066037002e-15       0.000000000000e+00       0.000000000000e+00       0.000000000000e+00 
  212       1.165893403613e-12       2.487417472100e-15       1.156349755116e-14       1.763856126190e-15       0.000000000000e+00       0.000000000000e+00       0.000000000000e+00 
  213       1.171792508729e-12       2.448496046938e-15       1.059303746382e-14       1.764525395085e-15       0.000000000000e+00       0.000000000000e+00       0.000000000000e+00 
  214       1.176919482667e-12       2.412746768127e-15       9.606915552442e-15       1.766024271840e-15       0.000000000000e+00       0.000000000000e+00       0.000000000000e+00 
  215       1.181268985462e-12       2.380114171307e-15       8.607763860022e-15       1.768300531183e-15       0.000000000000e+00       0.000000000000e+00       0.000000000000e+00 
  216       1.184836073043e-12       2.350537721383e-15       7.598314446137e-15       1.771299260139e-15       0.000000000000e+00       0.000000000000e+00       0.000000000000e+00 
  217       1.187616204016e-12       2.323951741058e-15       6.581400532184e-15       1.774962823747e-15       0.000000000000e+00       0.000000000000e+00       0.000000000000e+00 
  218       1.189605246441e-12       2.300285339360e-15       5.559957646601e-15       1.779230830779e-15       0.000000000000e+00       0.000000000000e+00       0.000000000000e+00 
  219       1.190799484612e-12       2.279462340179e-15       4.537024770091e-15       1.784040099459e-15       0.000000000000e+00       0.000000000000e+00       0.000000000000e+00 
  220       1.191195625838e-12       2.261401210794e-15       3.515745480849e-15       1.789324623178e-15       0.000000000000e+00       0.000000000000e+00       0.000000000000e+00 
  221       1.190790807221e-12       2.246014990403e-15       2.499369099788e-15       1.795015536218e-15       0.000000000000e+00       0.000000000000e+00       0.000000000000e+00 
  222       1.189582602437e-12       2.233211218660e-15       1.491251835760e-15       1.801041079466e-15       0.000000000000e+00       0.000000000000e+00       0.000000000000e+00 
  223       1.187569028516e-12       2.222891864200e-15       4.948579307846e-16       1.807326566134e-15       0.000000000000e+00       0.000000000000e+00       0.000000000000e+00 
  224       1.184750795061e-12       2.214964781257e-15      -4.867305564528e-16       1.813804878516e-15       0.000000000000e+00       0.000000000000e+00       0.000000000000e+00 
  225       1.181138198525e-12       2.209379045866e-15      -1.452321787826e-15       1.820448779034e-15       0.000000000000e+00       0.000000000000e+00       0.000000000000e+00 
  226       1.176744684375e-12       2.206091753522e-15      -2.401200862034e-15       1.827240610510e-15       0.000000000000e+00       0.000000000000e+00       0.000000000000e+00 
  227       1.171584656552e-12       2.205056651553e-15      -3.332647193380e-15       1.834161942717e-15       0.000000000000e+00       0.000000000000e+00       0.000000000000e+00 
  228       1.165673489581e-12       2.206224095109e-15      -4.245934536455e-15       1.841193563176e-15       0.000000000000e+00       0.000000000000e+00       0.000000000000e+00 
  229       1.159027540697e-12       2.209541003135e-15      -5.140331010821e-15       1.848315467944e-15       0.000000000000e+00       0.000000000000e+00       0.000000000000e+00 
  230       1.151664161961e-12       2.214950814349e-15      -6.015099125694e-15       1.855506852409e-15       0.000000000000e+00       0.000000000000e+00       0.000000000000e+00 
  231       1.143601712381e-12       2.222393443227e-15      -6.869495804630e-15       1.862746102082e-15       0.000000000000e+00       0.000000000000e+00       0.000000000000e+00 
  232       1.134859570025e-12       2.231805235977e-15      -7.702772410207e-15       1.870010783388e-15       0.000000000000e+00       0.000000000000e+00       0.000000000000e+00 
  233       1.125458144149e-12       2.243118926518e-15      -8.514174768708e-15       1.877277634462e-15       0.000000000000e+00       0.000000000000e+00       0.000000000000e+00 
  234       1.115418887307e-12       2.256263592464e-15      -9.302943194806e-15       1.884522555935e-15       0.000000000000e+00       0.000000000000e+00       0.000000000000e+00 
  235       1.104764307476e-12       2.271164611097e-15      -1.006831251625e-14       1.891720601734e-15       0.000000000000e+00       0.000000000000e+00       0.000000000000e+00 
  236       1.093517980170e-12       2.287743615347e-15      -1.080951209854e-14       1.898845969867e-15       0.000000000000e+00       0.000000000000e+00       0.000000000000e+00 
  237       1.081704560565e-12       2.305918449776e-15      -1.152576586963e-14       1.905871993221e-15       0.000000000000e+00       0.000000000000e+00       0.000000000000e+00 
  238       1.069349795612e-12       2.325603126551e-15      -1.221629234459e-14       1.912771130352e-15       0.000000000000e+00       0.000000000000e+00       0.000000000000e+00 
  239       1.056480536158e-12       2.346707781427e-15      -1.288030465028e-14       1.919514956277e-15       0.000000000000e+00       0.000000000000e+00       0.000000000000e+00 
  240       1.043124749065e-12       2.369138629722e-15      -1.351701055010e-14       1.926074153267e-15       0.000000000000e+00       0.000000000000e+00       0.000000000000e+00 
  241       1.029311529329e-12       2.392797922302e-15      -1.412561246857e-14       1.932418501640e-15       0.000000000000e+00       0.000000000000e+00       0.000000000000e+00 
  242       1.015071112200e-12       2.417583901553e-15      -1.470530751611e-14       1.938516870551e-15       0.000000000000e+00       0.000000000000e+00       0.000000000000e+00 
  243       1.000434885298e-12       2.443390757366e-15      -1.525528751366e-14       1.944337208789e-15       0.000000000000e+00       0.000000000000e+00       0.000000000000e+00 
  244       9.854354007321e-13       2.470108583111e-15      -1.577473901741e-14       1.949846535563e-15       0.000000000000e+00       0.000000000000e+00       0.000000000000e+00 
  245       9.701063872234e-13       2.497623331622e-15      -1.626284334344e-14       1.955010931300e-15       0.000000000000e+00       0.000000000000e+00       0.000000000000e+00 
  246       9.544827622194e-13       2.525816771168e-15      -1.671877659243e-14       1.959795528434e-15       0.000000000000e+00       0.000000000000e+00       0.000000000000e+00 
  247       9.386006440146e-13       2.554566441441e-15      -1.714170967435e-14       1.964164502201e-15       0.000000000000e+00       0.000000000000e+00       0.000000000000e+00 
  248       9.224973638696e-13       2.583745609526e-15      -1.753080833310e-14       1.968081061427e-15       0.000000000000e+00       0.000000000000e+00       0.000000000000e+00 
  249       9.062114781292e-13       2.613223225888e-15      -1.788523317127e-14       1.971507439325e-15       0.000000000000e+00       0.000000000000e+00       0.000000000000e+00 
  250       8.897781685324e-13       2.642880853595e-15      -1.820432617508e-14       1.974411509613e-15       0.000000000000e+00       0.000000000000e+00       0.000000000000e+00 
  251       8.732151237473e-13       2.672664630332e-15      -1.848818217612e-14       1.976787077301e-15       0.000000000000e+00       0.000000000000e+00       0.000000000000e+00 
  252       8.565358664262e-13       2.702536220245e-15      -1.873711042359e-14       1.978634741247e-15       0.000000000000e+00       0.000000000000e+00       0.000000000000e+00 
  253       8.397542949672e-13       2.732456099080e-15      -1.895145143140e-14       1.979955377664e-15       0.000000000000e+00       0.000000000000e+00       0.000000000000e+00 
  254       8.228846868130e-13       2.762383542616e-15      -1.913157735961e-14       1.980750143584e-15       0.000000000000e+00       0.000000000000e+00       0.000000000000e+00 
  255       8.059417017508e-13       2.792276615109e-15      -1.927789239568e-14       1.981020480316e-15       0.000000000000e+00       0.000000000000e+00       0.000000000000e+00 
  256       7.889403852113e-13       2.822092157727e-15      -1.939083313586e-14       1.980768116914e-15       0.000000000000e+00       0.000000000000e+00       0.000000000000e+00 
  257       7.718961715687e-13       2.851785776986e-15      -1.947086896651e-14       1.979995073633e-15       0.000000000000e+00       0.000000000000e+00       0.000000000000e+00 
  258       7.548248874397e-13       2.881311833191e-15      -1.951850244543e-14       1.978703665399e-15       0.000000000000e+00       0.000000000000e+00       0.000000000000e+00 
  259       7.377427549831e-13       2.910623428870e-15      -1.953426968321e-14       1.976896505262e-15       0.000000000000e+00       0.000000000000e+00       0.000000000000e+00 
  260       7.206663951993e-13       2.939672397218e-15      -1.951874072458e-14       1.974576507867e-15       0.000000000000e+00       0.000000000000e+00       0.000000000000e+00 
  261       7.036128312298e-13       2.968409290528e-15      -1.947251992970e-14       1.971746892912e-15       0.000000000000e+00       0.000000000000e+00       0.000000000000e+00 
  262       6.865994916566e-13       2.996783368632e-15      -1.939624635556e-14       1.968411188610e-15       0.000000000000e+00       0.000000000000e+00       0.000000000000e+00 
  263       6.696442138013e-13       3.024742587340e-15      -1.929059413728e-14       1.964573235152e-15       0.000000000000e+00       0.000000000000e+00       0.000000000000e+00 
  264       6.527652470253e-13       3.052233586875e-15      -1.915627286944e-14       1.960237188171e-15       0.000000000000e+00       0.000000000000e+00       0.000000000000e+00 
  265       6.359812560285e-13       3.079201680313e-15      -1.899402798744e-14       1.955407522201e-15       0.000000000000e+00       0.000000000000e+00       0.000000000000e+00 
  266       6.193113241492e-13       3.105590842019e-15      -1.880464114886e-14       1.950089034142e-15       0.000000000000e+00       0.000000000000e+00       0.000000000000e+00 
  267       6.027749566636e-13       3.131343696087e-15      -1.858893061472e-14       1.944286846723e-15       0.000000000000e+00       0.000000000000e+00       0.000000000000e+00 
  268       5.863920840847e-13       3.156401504775e-15      -1.834775163090e-14       1.938006411960e-15       0.000000000000e+00       0.000000000000e+00       0.000000000000e+00 
  269       5.701830654625e-13       3.180704156947e-15      -1.808199680943e-14       1.931253514622e-15       0.000000000000e+00       0.000000000000e+00       0.000000000000e+00 
  270       5.541686916828e-13       3.204190156505e-15      -1.779259650985e-14       1.924034275693e-15       0.000000000000e+00       0.000000000000e+00       0.000000000000e+00 
  271       5.383701887672e-13       3.226796610831e-15      -1.748051922053e-14       1.916355155834e-15       0.000000000000e+00       0.000000000000e+00       0.000000000000e+00 
  272       5.228092211720e-13       3.248459219226e-15      -1.714677194003e-14       1.908222958843e-15       0.000000000000e+00       0.000000000000e+00       0.000000000000e+00 
  273       5.075078950881e-13       3.269112261342e-15      -1.679240055841e-14       1.899644835122e-15       0.000000000000e+00       0.000000000000e+00       0.000000000000e+00 
  274       4.924887617404e-13       3.288688585626e-15      -1.641849023859e-14       1.890628285135e-15       0.000000000000e+00       0.000000000000e+00       0.000000000000e+00 
  275       4.777748206869e-13       3.307119597753e-15      -1.602616579769e-14       1.881181162871e-15       0.000000000000e+00       0.000000000000e+00       0.000000000000e+00 
  276       4.633895231185e-13       3.324335249070e-15      -1.561659208834e-14       1.871311679309e-15       0.000000000000e+00       0.000000000000e+00       0.000000000000e+00 
  277       4.493567751584e-13       3.340264025024e-15      -1.519097438006e-14       1.861028405877e-15       0.000000000000e+00       0.000000000000e+00       0.000000000000e+00 
  278       4.357009411614e-13       3.354832933611e-15      -1.475055874054e-14       1.850340277918e-15       0.000000000000e+00       0.000000000000e+00       0.000000000000e+00 
  279       4.224427365266e-13       3.367980635609e-15      -1.429650324157e-14       1.839256764558e-15       0.000000000000e+00       0.000000000000e+00       0.000000000000e+00 
  280       4.095866638093e-13       3.379697612089e-15      -1.382948340604e-14       1.827788380942e-15       0.000000000000e+00       0.000000000000e+00       0.000000000000e+00 
  281       3.971329321178e-13       3.389988055411e-15      -1.335006706254e-14       1.815946209285e-15       0.000000000000e+00       0.000000000000e+00       0.000000000000e+00 
  282       3.850815059695e-13       3.398856923446e-15      -1.285884186168e-14       1.803741738551e-15       0.000000000000e+00       0.000000000000e+00       0.000000000000e+00 
  283       3.734321022765e-13       3.406309948204e-15      -1.235641545899e-14       1.791186868171e-15       0.000000000000e+00       0.000000000000e+00       0.000000000000e+00 
  284       3.621841873307e-13       3.412353644456e-15      -1.184341569788e-14       1.778293911760e-15       0.000000000000e+00       0.000000000000e+00       0.000000000000e+00 
  285       3.513369737892e-13       3.416995318359e-15      -1.132049079249e-14       1.765075600841e-15       0.000000000000e+00       0.000000000000e+00       0.000000000000e+00 
  286       3.408894176598e-13       3.420243076085e-15      -1.078830951062e-14       1.751545088552e-15       0.000000000000e+00       0.000000000000e+00       0.000000000000e+00 
  287       3.308402152859e-13       3.422105832440e-15      -1.024756135667e-14       1.737715953376e-15       0.000000000000e+00       0.000000000000e+00       0.000000000000e+00 
  288       3.211878003324e-13       3.422593319495e-15      -9.698956754525e-15       1.723602202849e-15       0.000000000000e+00       0.000000000000e+00       0.000000000000e+00 
  289       3.119303407708e-13       3.421716095204e-15      -9.143227230473e-15       1.709218277285e-15       0.000000000000e+00       0.000000000000e+00       0.000000000000e+00 
  290       3.030657358644e-13       3.419485552037e-15      -8.581125596113e-15       1.694579053487e-15       0.000000000000e+00       0.000000000000e+00       0.000000000000e+00 
  291       2.945916131537e-13       3.415913925595e-15      -8.013426131271e-15       1.679699848474e-15       0.000000000000e+00       0.000000000000e+00       0.000000000000e+00 
  292       2.865053254421e-13       3.411014303246e-15      -7.440924766910e-15       1.664596423190e-15       0.000000000000e+00       0.000000000000e+00       0.000000000000e+00 
  293       2.788039477805e-13       3.404800632742e-15      -6.864439268045e-15       1.649284986227e-15       0.000000000000e+00       0.000000000000e+00       0.000000000000e+00 
  294       2.714842744535e-13       3.397287730845e-15      -6.284809416646e-15       1.633782197543e-15       0.000000000000e+00       0.000000000000e+00       0.000000000000e+00 
  295       2.645428159640e-13       3.388491291955e-15      -5.702897194559e-15       1.618105172175e-15       0.000000000000e+00       0.000000000000e+00       0.000000000000e+00 
  296       2.579757960190e-13       3.378427896733e-15      -5.119586966411e-15       1.602271483965e-15       0.000000000000e+00       0.000000000000e+00       0.000000000000e+00 
  297       2.517791485149e-13       3.367115020725e-15      -4.535785662526e-15       1.586299169271e-15       0.000000000000e+00       0.000000000000e+00       0.000000000000e+00 
  298       2.459485145226e-13       3.354571042988e-15      -3.952422961832e-15       1.570206730686e-15       0.000000000000e+00       0.000000000000e+00       0.000000000000e+00 
  299       2.404792392729e-13       3.340815254716e-15      -3.370451474777e-15       1.554013140762e-15       0.000000000000e+00       0.000000000000e+00       0.000000000000e+00 
  300       2.353663691421e-13       3.325867867864e-15      -2.790846926237e-15       1.537737845718e-15       0.000000000000e+00       0.000000000000e+00       0.000000000000e+00 
  301       2.306046486370e-13       3.309750023769e-15      -2.214608338431e-15       1.521400769166e-15       0.000000000000e+00       0.000000000000e+00       0.000000000000e+00 
  302       2.261885173806e-13       3.292483801784e-15      -1.642758213827e-15       1.505022315827e-15       0.000000000000e+00       0.000000000000e+00       0.000000000000e+00 
  303       2.221121070970e-13       3.274092227892e-15      -1.076342718062e-15       1.488623375245e-15       0.000000000000e+00       0.000000000000e+00       0.000000000000e+00 
  304       2.183692385971e-13       3.254599283340e-15      -5.164318628440e-16       1.472225325511e-15       0.000000000000e+00       0.000000000000e+00       0.000000000000e+00 
  305       2.149534187638e-13       3.234029913260e-15       3.588031112922e-17       1.455850036976e-15       0.000000000000e+00       0.000000000000e+00       0.000000000000e+00 
  306       2.118578375373e-13       3.212410035292e-15       5.794755512620e-16       1.439519875971e-15       0.000000000000e+00       0.000000000000e+00       0.000000000000e+00 
  307       2.090753649006e-13       3.189766548212e-15       1.113211210148e-15       1.423257708527e-15       0.000000000000e+00       0.000000000000e+00       0.000000000000e+00 
  308       2.065985478646e-13       3.166127340558e-15       1.635920062660e-15       1.407086904086e-15       0.000000000000e+00       0.000000000000e+00       0.000000000000e+00 
  309       2.044196074538e-13       3.141521299250e-15       2.146410123038e-15       1.391031339229e-15       0.000000000000e+00       0.000000000000e+00       0.000000000000e+00 
  310       2.025304356911e-13       3.115978318219e-15       2.643464461974e-15       1.375115401386e-15       0.000000000000e+00       0.000000000000e+00       0.000000000000e+00 
  311       2.009225925836e-13       3.089529307030e-15       3.125841023707e-15       1.359363992554e-15       0.000000000000e+00       0.000000000000e+00       0.000000000000e+00 
  312       1.995878822069e-13       3.062205303933e-15       3.592480218221e-15       1.343798957183e-15       0.000000000000e+00       0.000000000000e+00       0.000000000000e+00 
  313       1.985201166840e-13       3.034034751828e-15       4.043138718805e-15       1.328428174987e-15       0.000000000000e+00       0.000000000000e+00       0.000000000000e+00 
  314       1.977134281653e-13       3.005046112753e-15       4.477784715182e-15       1.313255969302e-15       0.000000000000e+00       0.000000000000e+00       0.000000000000e+00 
  315       1.971616948148e-13       2.975268759560e-15       4.896392861814e-15       1.298286636624e-15       0.000000000000e+00       0.000000000000e+00       0.000000000000e+00 
  316       1.968585385072e-13       2.944732983437e-15       5.298944350308e-15       1.283524445935e-15       0.000000000000e+00       0.000000000000e+00       0.000000000000e+00 
  317       1.967973225250e-13       2.913470001435e-15       5.685426981816e-15       1.268973638023e-15       0.000000000000e+00       0.000000000000e+00       0.000000000000e+00 
  318       1.969711492553e-13       2.881511963988e-15       6.055835239440e-15       1.254638424810e-15       0.000000000000e+00       0.000000000000e+00       0.000000000000e+00 
  319       1.973728578865e-13       2.848891962444e-15       6.410170360636e-15       1.240522988672e-15       0.000000000000e+00       0.000000000000e+00       0.000000000000e+00 
  320       1.979950221057e-13       2.815644036582e-15       6.748440409614e-15       1.226631481767e-15       0.000000000000e+00       0.000000000000e+00       0.000000000000e+00 
  321       1.988299477955e-13       2.781803182143e-15       7.070660349744e-15       1.212968025356e-15       0.000000000000e+00       0.000000000000e+00       0.000000000000e+00 
  322       1.998696707306e-13       2.747405358351e-15       7.376852115961e-15       1.199536709127e-15       0.000000000000e+00       0.000000000000e+00       0.000000000000e+00 
  323       2.011059542752e-13       2.712487495436e-15       7.667044687162e-15       1.186341590521e-15       0.000000000000e+00       0.000000000000e+00       0.000000000000e+00 
  324       2.025302870796e-13       2.677087502163e-15       7.941274158614e-15       1.173386694054e-15       0.000000000000e+00       0.000000000000e+00       0.000000000000e+00 
  325       2.041338807773e-13       2.641244273352e-15       8.199583814357e-15       1.160676010642e-15       0.000000000000e+00       0.000000000000e+00       0.000000000000e+00 
  326       2.059076676821e-13       2.604997697405e-15       8.442024199606e-15       1.148213496924e-15       0.000000000000e+00       0.000000000000e+00       0.000000000000e+00 
  327       2.078422984845e-13       2.568388663830e-15       8.668653193152e-15       1.136003074587e-15       0.000000000000e+00       0.000000000000e+00       0.000000000000e+00 
  328       2.099281399493e-13       2.531459070764e-15       8.879536079771e-15       1.124048629690e-15       0.000000000000e+00       0.000000000000e+00       0.000000000000e+00 
  329       2.121552726121e-13       2.494251832499e-15       9.074745622621e-15       1.112354011985e-15       0.000000000000e+00       0.000000000000e+00       0.000000000000e+00 
  330       2.145134884763e-13       2.456810887006e-15       9.254362135649e-15       1.100923034245e-15       0.000000000000e+00       0.000000000000e+00       0.000000000000e+00 
  331       2.169922887101e-13       2.419181203461e-15       9.418473555993e-15       1.089759471587e-15       0.000000000000e+00       0.000000000000e+00       0.000000000000e+00 
  332       2.195808813436e-13       2.381408789763e-15       9.567175516385e-15       1.078867060793e-15       0.000000000000e+00       0.000000000000e+00       0.000000000000e+00 
  333       2.222681789655e-13       2.343540700069e-15       9.700571417556e-15       1.068249499636e-15       0.000000000000e+00       0.000000000000e+00       0.000000000000e+00 
  334       2.250427964200e-13       2.305625042308e-15       9.818772500634e-15       1.057910446206e-15       0.000000000000e+00       0.000000000000e+00       0.000000000000e+00 
  335       2.278930485039e-13       2.267710985712e-15       9.921897919555e-15       1.047853518231e-15       0.000000000000e+00       0.000000000000e+00       0.000000000000e+00 
  336       2.308069476637e-13       2.229848768339e-15       1.001007481346e-14       1.038082292401e-15       0.000000000000e+00       0.000000000000e+00       0.000000000000e+00 
  337       2.337722016920e-13       2.192089704595e-15       1.008343837910e-14       1.028600303692e-15       0.000000000000e+00       0.000000000000e+00       0.000000000000e+00 
  338       2.367762114250e-13       2.154486192762e-15       1.014213194324e-14       1.019411044693e-15       0.000000000000e+00       0.000000000000e+00       0.000000000000e+00 
  339       2.398060684391e-13       2.117091722520e-15       1.018630703505e-14       1.010517964926e-15       0.000000000000e+00       0.000000000000e+00       0.000000000000e+00 
  340       2.428485527480e-13       2.079960882472e-15       1.021612345855e-14       1.001924470172e-15       0.000000000000e+00       0.000000000000e+00       0.000000000000e+00 
  341       2.458901304996e-13       2.043149367667e-15       1.023174936496e-14       9.936339217938e-16       0.000000000000e+00       0.000000000000e+00       0.000000000000e+00 
  342       2.489169516728e-13       2.006713987130e-15       1.023336132511e-14       9.856496360610e-16       0.000000000000e+00       0.000000000000e+00       0.000000000000e+00 
  343       2.519148477746e-13       1.970712671378e-15       1.022114440190e-14       9.779748834735e-16       0.000000000000e+00       0.000000000000e+00       0.000000000000e+00 
  344       2.548693295372e-13       1.935204479951e-15       1.019529222264e-14       9.706128880850e-16       0.000000000000e+00       0.000000000000e+00       0.000000000000e+00 
  345       2.577655846144e-13       1.900249608934e-15       1.015600705147e-14       9.635668268277e-16       0.000000000000e+00       0.000000000000e+00       0.000000000000e+00 
  346       2.605884752791e-13       1.865909398482e-15       1.010349986177e-14       9.568398288356e-16       0.000000000000e+00       0.000000000000e+00       0.000000000000e+00 
  347       2.633225361199e-13       1.832246340341e-15       1.003799040858e-14       9.504349747687e-16       0.000000000000e+00       0.000000000000e+00       0.000000000000e+00 
  348       2.659519717383e-13       1.799324085381e-15       9.959707300967e-15       9.443552961369e-16       0.000000000000e+00       0.000000000000e+00       0.000000000000e+00 
  349       2.684633187852e-13       1.767197268241e-15       9.868897608479e-15       9.386024925050e-16       0.000000000000e+00       0.000000000000e+00       0.000000000000e+00 
  350       2.708535588249e-13       1.735880499422e-15       9.765855972703e-15       9.331730256808e-16       0.000000000000e+00       0.000000000000e+00       0.000000000000e+00 
  351       2.731223379485e-13       1.705378099946e-15       9.650896846716e-15       9.280618619658e-16       0.000000000000e+00       0.000000000000e+00       0.000000000000e+00 
  352       2.752693331540e-13       1.675694165536e-15       9.524345151638e-15       9.232637377063e-16       0.000000000000e+00       0.000000000000e+00       0.000000000000e+00 
  353       2.772942526609e-13       1.646832564141e-15       9.386536358398e-15       9.187731573578e-16       0.000000000000e+00       0.000000000000e+00       0.000000000000e+00 
  354       2.791968362245e-13       1.618796933449e-15       9.237816569503e-15       9.145843915498e-16       0.000000000000e+00       0.000000000000e+00       0.000000000000e+00 
  355       2.809768554506e-13       1.591590678415e-15       9.078542600811e-15       9.106914751494e-16       0.000000000000e+00       0.000000000000e+00       0.000000000000e+00 
  356       2.826341141092e-13       1.565216968779e-15       8.909082063297e-15       9.070882053266e-16       0.000000000000e+00       0.000000000000e+00       0.000000000000e+00 
  357       2.841684484495e-13       1.539678736585e-15       8.729813444822e-15       9.037681396179e-16       0.000000000000e+00       0.000000000000e+00       0.000000000000e+00 
  358       2.855797275142e-13       1.514978673707e-15       8.541126191906e-15       9.007245939911e-16       0.000000000000e+00       0.000000000000e+00       0.000000000000e+00 
  359       2.868678534535e-13       1.491119229363e-15       8.343420791494e-15       8.979506409095e-16       0.000000000000e+00       0.000000000000e+00       0.000000000000e+00 
  360       2.880327618399e-13       1.468102607641e-15       8.137108852727e-15       8.954391073964e-16       0.000000000000e+00       0.000000000000e+00       0.000000000000e+00 
  361       2.890744219824e-13       1.445930765017e-15       7.922613188712e-15       8.931825730993e-16       0.000000000000e+00       0.000000000000e+00       0.000000000000e+00 
  362       2.899928372409e-13       1.424605407879e-15       7.700367898288e-15       8.911733683543e-16       0.000000000000e+00       0.000000000000e+00       0.000000000000e+00 
  363       2.907880453405e-13       1.404127990042e-15       7.470818447801e-15       8.894035722508e-16       0.000000000000e+00       0.000000000000e+00       0.000000000000e+00 
  364       2.914601186860e-13       1.384499710276e-15       7.234421752867e-15       8.878650106955e-16       0.000000000000e+00       0.000000000000e+00       0.000000000000e+00 
  365       2.920091646764e-13       1.365721509820e-15       6.991646260147e-15       8.865492544767e-16       0.000000000000e+00       0.000000000000e+00       0.000000000000e+00 
  366       2.924353260189e-13       1.347794069907e-15       6.742972029113e-15       8.854476173290e-16       0.000000000000e+00       0.000000000000e+00       0.000000000000e+00 
  367       2.927387810437e-13       1.330717809285e-15       6.488890813818e-15       8.845511539978e-16       0.000000000000e+00       0.000000000000e+00       0.000000000000e+00 
  368       2.929197440181e-13       1.314492881736e-15       6.229906144668e-15       8.838506583029e-16       0.000000000000e+00       0.000000000000e+00       0.000000000000e+00 
  369       2.929784654609e-13       1.299119173594e-15       5.966533410185e-15       8.833366612038e-16       0.000000000000e+00       0.000000000000e+00       0.000000000000e+00 
  370       2.929152324571e-13       1.284596301274e-15       5.699299938785e-15       8.829994288635e-16       0.000000000000e+00       0.000000000000e+00       0.000000000000e+00 
  371       2.927303689718e-13       1.270923608785e-15       5.428745080540e-15       8.828289607130e-16       0.000000000000e+00       0.000000000000e+00       0.000000000000e+00 
  372       2.924242361650e-13       1.258100165253e-15       5.155420288953e-15       8.828149875157e-16       0.000000000000e+00       0.000000000000e+00       0.000000000000e+00 
  373       2.919972327057e-13       1.246124762444e-15       4.879889202722e-15       8.829469694318e-16       0.000000000000e+00       0.000000000000e+00       0.000000000000e+00 
  374       2.914497950864e-13       1.234995912283e-15       4.602727727513e-15       8.832140940828e-16       0.000000000000e+00       0.000000000000e+00       0.000000000000e+00 
  375       2.907823979374e-13       1.224711844374e-15       4.324524117731e-15       8.836052746154e-16       0.000000000000e+00       0.000000000000e+00       0.000000000000e+00 
  376       2.899955543414e-13       1.215270503523e-15       4.045879058283e-15       8.841091477666e-16       0.000000000000e+00       0.000000000000e+00       0.000000000000e+00 
  377       2.890898161477e-13       1.206669547255e-15       3.767405746354e-15       8.847140719272e-16       0.000000000000e+00       0.000000000000e+00       0.000000000000e+00 
  378       2.880657742866e-13       1.198906343341e-15       3.489729973173e-15       8.854081252071e-16       0.000000000000e+00       0.000000000000e+00       0.000000000000e+00 
  379       2.869240590837e-13       1.191977967311e-15       3.213490205783e-15       8.861791034989e-16       0.000000000000e+00       0.000000000000e+00       0.000000000000e+00 
  380       2.856653405746e-13       1.185881199982e-15       2.939337668812e-15       8.870145185428e-16       0.000000000000e+00       0.000000000000e+00       0.000000000000e+00 
  381       2.842903288188e-13       1.180612524975e-15       2.667936426238e-15       8.879015959905e-16       0.000000000000e+00       0.000000000000e+00       0.000000000000e+00 
  382       2.827997742144e-13       1.176168126235e-15       2.399963463163e-15       8.888272734701e-16       0.000000000000e+00       0.000000000000e+00       0.000000000000e+00 
  383       2.811944678127e-13       1.172543885555e-15       2.136108767583e-15       8.897781986501e-16       0.000000000000e+00       0.000000000000e+00       0.000000000000e+00 
  384       2.794752416320e-13       1.169735380093e-15       1.877075412150e-15       8.907407273038e-16       0.000000000000e+00       0.000000000000e+00       0.000000000000e+00 
  385       2.776429689724e-13       1.167737879896e-15       1.623579635952e-15       8.917009213740e-16       0.000000000000e+00       0.000000000000e+00       0.000000000000e+00 
  386       2.756985647301e-13       1.166546345421e-15       1.376350926272e-15       8.926445470369e-16       0.000000000000e+00       0.000000000000e+00       0.000000000000e+00 
  387       2.736429857117e-13       1.166155425051e-15       1.136132100366e-15       8.935570727667e-16       0.000000000000e+00       0.000000000000e+00       0.000000000000e+00 
  388       2.714775743052e-13       1.166557285240e-15       9.035554990089e-16       8.944258211129e-16       0.000000000000e+00       0.000000000000e+00       0.000000000000e+00 
  389       2.692051030231e-13       1.167735016507e-15       6.787662948192e-16       8.952465167158e-16       0.000000000000e+00       0.000000000000e+00       0.000000000000e+00 
  390       2.668287696480e-13       1.169668975924e-15       4.617852539710e-16       8.960169794255e-16       0.000000000000e+00       0.000000000000e+00       0.000000000000e+00 
  391       2.643518579900e-13       1.172338928028e-15       2.526313354101e-16       8.967349924837e-16       0.000000000000e+00       0.000000000000e+00       0.000000000000e+00 
  392       2.617777384737e-13       1.175724040628e-15       5.132167412429e-17       8.973983023002e-16       0.000000000000e+00       0.000000000000e+00       0.000000000000e+00 
  393       2.591098687258e-13       1.179802880596e-15      -1.421284355856e-16       8.980046182296e-16       0.000000000000e+00       0.000000000000e+00       0.000000000000e+00 
  394       2.563517941624e-13       1.184553409669e-15      -3.277055568347e-16       8.985516123481e-16       0.000000000000e+00       0.000000000000e+00       0.000000000000e+00 
  395       2.535071485761e-13       1.189952980243e-15      -5.053981268837e-16       8.990369192303e-16       0.000000000000e+00       0.000000000000e+00       0.000000000000e+00 
  396       2.505796547239e-13       1.195978331173e-15      -6.751964738675e-16       8.994581357255e-16       0.000000000000e+00       0.000000000000e+00       0.000000000000e+00 
  397       2.475731249143e-13       1.202605583569e-15      -8.370928335248e-16       8.998128207351e-16       0.000000000000e+00       0.000000000000e+00       0.000000000000e+00 
  398       2.444914615944e-13       1.209810236596e-15      -9.910813659271e-16       9.000984949885e-16       0.000000000000e+00       0.000000000000e+00       0.000000000000e+00 
  399       2.413386579378e-13       1.217567163268e-15      -1.137158172208e-15       9.003126408203e-16       0.000000000000e+00       0.000000000000e+00       0.000000000000e+00 
  400       2.381187984315e-13       1.225850606248e-15      -1.275321311292e-15       9.004527019469e-16       0.000000000000e+00       0.000000000000e+00       0.000000000000e+00 
  401       2.348360594638e-13       1.234634173647e-15      -1.405570816624e-15       9.005160832433e-16       0.000000000000e+00       0.000000000000e+00       0.000000000000e+00 
  402       2.314947099109e-13       1.243890834816e-15      -1.527908712899e-15       9.005001505196e-16       0.000000000000e+00       0.000000000000e+00       0.000000000000e+00 
  403       2.280991117251e-13       1.253592916152e-15      -1.642339032790e-15       9.004022302978e-16       0.000000000000e+00       0.000000000000e+00       0.000000000000e+00 
  404       2.246537205217e-13       1.263712096886e-15      -1.748867833678e-15       9.002196095886e-16       0.000000000000e+00       0.000000000000e+00       0.000000000000e+00 
  405       2.211630861662e-13       1.274219404889e-15      -1.847503214381e-15       8.999495356678e-16       0.000000000000e+00       0.000000000000e+00       0.000000000000e+00 
  406       2.176318533623e-13       1.285085212465e-15      -1.938255331884e-15       8.995892158535e-16       0.000000000000e+00       0.000000000000e+00       0.000000000000e+00 
  407       2.140647622387e-13       1.296279232149e-15      -2.021136418066e-15       8.991358172823e-16       0.000000000000e+00       0.000000000000e+00       0.000000000000e+00 
  408       2.104666489368e-13       1.307770512505e-15      -2.096160796433e-15       8.985864666864e-16       0.000000000000e+00       0.000000000000e+00       0.000000000000e+00 
  409       2.068424461978e-13       1.319527433926e-15      -2.163344898841e-15       8.979382501700e-16       0.000000000000e+00       0.000000000000e+00       0.000000000000e+00 
  410       2.031971839503e-13       1.331517704426e-15      -2.222707282232e-15       8.971882129861e-16       0.000000000000e+00       0.000000000000e+00       0.000000000000e+00 
  411       1.995359898976e-13       1.343708355444e-15      -2.274268645359e-15       8.963333593135e-16       0.000000000000e+00       0.000000000000e+00       0.000000000000e+00 
  412       1.958640901051e-13       1.356065737636e-15      -2.318051845517e-15       8.953706520329e-16       0.000000000000e+00       0.000000000000e+00       0.000000000000e+00 
  413       1.921868095874e-13       1.368555516678e-15      -2.354081915271e-15       8.942970125042e-16       0.000000000000e+00       0.000000000000e+00       0.000000000000e+00 
  414       1.885095728963e-13       1.381142669058e-15      -2.382386079184e-15       8.931093203429e-16       0.000000000000e+00       0.000000000000e+00       0.000000000000e+00 
  415       1.848379047074e-13       1.393791477877e-15      -2.402993770550e-15       8.918044131967e-16       0.000000000000e+00       0.000000000000e+00       0.000000000000e+00 
  416       1.811774304081e-13       1.406465528647e-15      -2.415936648121e-15       8.903790865226e-16       0.000000000000e+00       0.000000000000e+00       0.000000000000e+00 
  417       1.775338766845e-13       1.419127705087e-15      -2.421248612835e-15       8.888300933632e-16       0.000000000000e+00       0.000000000000e+00       0.000000000000e+00 
  418       1.739130721093e-13       1.431740184920e-15      -2.418965824546e-15       8.871541441236e-16       0.000000000000e+00       0.000000000000e+00       0.000000000000e+00 
  419       1.703209477284e-13       1.444264435672e-15      -2.409126718755e-15       8.853479063481e-16       0.000000000000e+00       0.000000000000e+00       0.000000000000e+00 
  420       1.667635376493e-13       1.456661210470e-15      -2.391772023336e-15       8.834080044969e-16       0.000000000000e+00       0.000000000000e+00       0.000000000000e+00 
  421       1.632469796273e-13       1.468890543838e-15      -2.366944775269e-15       8.813310197228e-16       0.000000000000e+00       0.000000000000e+00       0.000000000000e+00 
  422       1.597775156540e-13       1.480911747497e-15      -2.334690337365e-15       8.791134896477e-16       0.000000000000e+00       0.000000000000e+00       0.000000000000e+00 
  423       1.563614925438e-13       1.492683406157e-15      -2.295056414998e-15       8.767519081397e-16       0.000000000000e+00       0.000000000000e+00       0.000000000000e+00 
  424       1.530053625218e-13       1.504163373324e-15      -2.248093072834e-15       8.742427250896e-16       0.000000000000e+00       0.000000000000e+00       0.000000000000e+00 
  425       1.497156838109e-13       1.515308767088e-15      -2.193852751558e-15       8.715823461874e-16       0.000000000000e+00       0.000000000000e+00       0.000000000000e+00 
  426       1.464991212192e-13       1.526075965925e-15      -2.132390284606e-15       8.687671326994e-16       0.000000000000e+00       0.000000000000e+00       0.000000000000e+00 
  427       1.433613141328e-13       1.536427449754e-15      -2.063785636490e-15       8.657945642702e-16       0.000000000000e+00       0.000000000000e+00       0.000000000000e+00 
  428       1.403034368792e-13       1.546352587992e-15      -1.988212935724e-15       8.626667713556e-16       0.000000000000e+00       0.000000000000e+00       0.000000000000e+00 
  429       1.373255224964e-13       1.555847550484e-15      -1.905873823403e-15       8.593871225302e-16       0.000000000000e+00       0.000000000000e+00       0.000000000000e+00 
  430       1.344275845984e-13       1.564908526431e-15      -1.816974975364e-15       8.559590728591e-16       0.000000000000e+00       0.000000000000e+00       0.000000000000e+00 
  431       1.316096172189e-13       1.573531724685e-15      -1.721728133826e-15       8.523861644377e-16       0.000000000000e+00       0.000000000000e+00       0.000000000000e+00 
  432       1.288715946554e-13       1.581713374042e-15      -1.620350139046e-15       8.486720269326e-16       0.000000000000e+00       0.000000000000e+00       0.000000000000e+00 
  433       1.262134713125e-13       1.589449723535e-15      -1.513062960964e-15       8.448203781217e-16       0.000000000000e+00       0.000000000000e+00       0.000000000000e+00 
  434       1.236351815458e-13       1.596737042723e-15      -1.400093730850e-15       8.408350244348e-16       0.000000000000e+00       0.000000000000e+00       0.000000000000e+00 
  435       1.211366395053e-13       1.603571621984e-15      -1.281674772956e-15       8.367198614936e-16       0.000000000000e+00       0.000000000000e+00       0.000000000000e+00 
  436       1.187177389796e-13       1.609949772812e-15      -1.158043636162e-15       8.324788746522e-16       0.000000000000e+00       0.000000000000e+00       0.000000000000e+00 
  437       1.163783532391e-13       1.615867828103e-15      -1.029443125625e-15       8.281161395378e-16       0.000000000000e+00       0.000000000000e+00       0.000000000000e+00 
  438       1.141183348800e-13       1.621322142450e-15      -8.961213344280e-16       8.236358225904e-16       0.000000000000e+00       0.000000000000e+00       0.000000000000e+00 
  439       1.119375156680e-13       1.626309092437e-15      -7.583316752282e-16       8.190421816039e-16       0.000000000000e+00       0.000000000000e+00       0.000000000000e+00 
  440       1.098357063815e-13       1.630825076927e-15      -6.163329119051e-16       8.143395662658e-16       0.000000000000e+00       0.000000000000e+00       0.000000000000e+00 
  441       1.078126966562e-13       1.634866517358e-15      -4.703891912096e-16       8.095324186981e-16       0.000000000000e+00       0.000000000000e+00       0.000000000000e+00 
  442       1.058682548280e-13       1.638429858035e-15      -3.207700744118e-16       8.046252739973e-16       0.000000000000e+00       0.000000000000e+00       0.000000000000e+00 
  443       1.040021277769e-13       1.641511566419e-15      -1.677505689503e-16       7.996227607749e-16       0.000000000000e+00       0.000000000000e+00       0.000000000000e+00 
  444       1.022140407709e-13       1.644108133424e-15      -1.161116007978e-17       7.945296016979e-16       0.000000000000e+00       0.000000000000e+00       0.000000000000e+00 
  445       1.005036973095e-13       1.646216073705e-15       1.473621574797e-16       7.893506140286e-16       0.000000000000e+00       0.000000000000e+00       0.000000000000e+00 
  446       9.887077896769e-14       1.647831925952e-15       3.088778478949e-16       7.840907101659e-16       0.000000000000e+00       0.000000000000e+00       0.000000000000e+00 
  447       9.731494523904e-14       1.648952253184e-15       4.726388025705e-16       7.787548981848e-16       0.000000000000e+00       0.000000000000e+00       0.000000000000e+00 
  448       9.583583338001e-14       1.649573643039e-15       6.383423085007e-16       7.733482823771e-16       0.000000000000e+00       0.000000000000e+00       0.000000000000e+00 
  449       9.443305825333e-14       1.649692708065e-15       8.056800166209e-16       7.678760637920e-16       0.000000000000e+00       0.000000000000e+00       0.000000000000e+00 
  450       9.310621217178e-14       1.649306086018e-15       9.743379101590e-16       7.623435407760e-16       0.000000000000e+00       0.000000000000e+00       0.000000000000e+00 
  451       9.185486474185e-14       1.648410440146e-15       1.143996272987e-15       7.567561095135e-16       0.000000000000e+00       0.000000000000e+00       0.000000000000e+00 
  452       9.067856270749e-14       1.647002459489e-15       1.314329657973e-15       7.511192645674e-16       0.000000000000e+00       0.000000000000e+00       0.000000000000e+00 
  453       8.957682979375e-14       1.645078859166e-15       1.485006855332e-15       7.454385994187e-16       0.000000000000e+00       0.000000000000e+00       0.000000000000e+00 
  454       8.854916655048e-14       1.642636380670e-15       1.655690860978e-15       7.397198070080e-16       0.000000000000e+00       0.000000000000e+00       0.000000000000e+00 
  455       8.759505019606e-14       1.639671792161e-15       1.826038844874e-15       7.339686802747e-16       0.000000000000e+00       0.000000000000e+00       0.000000000000e+00 
  456       8.671393446106e-14       1.636181888754e-15       1.995702119386e-15       7.281911126982e-16       0.000000000000e+00       0.000000000000e+00       0.000000000000e+00 
  457       8.590524943197e-14       1.632163492816e-15       2.164326107634e-15       7.223930988379e-16       0.000000000000e+00       0.000000000000e+00       0.000000000000e+00 
  458       8.516840139484e-14       1.627613454255e-15       2.331550311840e-15       7.165807348735e-16       0.000000000000e+00       0.000000000000e+00       0.000000000000e+00 
  459       8.450277267902e-14       1.622528650815e-15       2.497008281686e-15       7.107602191457e-16       0.000000000000e+00       0.000000000000e+00       0.000000000000e+00 
  460       8.390772150086e-14       1.616905988366e-15       2.660327582659e-15       7.049378526962e-16       0.000000000000e+00       0.000000000000e+00       0.000000000000e+00 
  461       8.338258180735e-14       1.610742401197e-15       2.821129764406e-15       6.991200398081e-16       0.000000000000e+00       0.000000000000e+00       0.000000000000e+00 
  462       8.292666311989e-14       1.604034852308e-15       2.979030329086e-15       6.933132885466e-16       0.000000000000e+00       0.000000000000e+00       0.000000000000e+00 
  463       8.253925037790e-14       1.596780333705e-15       3.133638699720e-15       6.875242112990e-16       0.000000000000e+00       0.000000000000e+00       0.000000000000e+00 
  464       8.221960378259e-14       1.588975866687e-15       3.284558188542e-15       6.817595253153e-16       0.000000000000e+00       0.000000000000e+00       0.000000000000e+00 
  465       8.196695864062e-14       1.580618502142e-15       3.431385965352e-15       6.760260532483e-16       0.000000000000e+00       0.000000000000e+00       0.000000000000e+00 
  466       8.178035673583e-14       1.571708342396e-15       3.573778898095e-15       6.703298552452e-16       0.000000000000e+00       0.000000000000e+00       0.000000000000e+00 
  467       8.165813497259e-14       1.562257709918e-15       3.711653399604e-15       6.646735943229e-16       0.000000000000e+00       0.000000000000e+00       0.000000000000e+00 
  468       8.159842047081e-14       1.552282265243e-15       3.844991753599e-15       6.590590898584e-16       0.000000000000e+00       0.000000000000e+00       0.000000000000e+00 
  469       8.159929734724e-14       1.541798013232e-15       3.973776810745e-15       6.534881786686e-16       0.000000000000e+00       0.000000000000e+00       0.000000000000e+00 
  470       8.165880646628e-14       1.530821305024e-15       4.097991993330e-15       6.479627150720e-16       0.000000000000e+00       0.000000000000e+00       0.000000000000e+00 
  471       8.177494519075e-14       1.519368840003e-15       4.217621299936e-15       6.424845709501e-16       0.000000000000e+00       0.000000000000e+00       0.000000000000e+00 
  472       8.194566713270e-14       1.507457667746e-15       4.332649310111e-15       6.370556358086e-16       0.000000000000e+00       0.000000000000e+00       0.000000000000e+00 
  473       8.216888190420e-14       1.495105189991e-15       4.443061189052e-15       6.316778168395e-16       0.000000000000e+00       0.000000000000e+00       0.000000000000e+00 
  474       8.244245486815e-14       1.482329162588e-15       4.548842692269e-15       6.263530389821e-16       0.000000000000e+00       0.000000000000e+00       0.000000000000e+00 
  475       8.276420688906e-14       1.469147697463e-15       4.649980170269e-15       6.210832449846e-16       0.000000000000e+00       0.000000000000e+00       0.000000000000e+00 
  476       8.313191408387e-14       1.455579264572e-15       4.746460573221e-15       6.158703954655e-16       0.000000000000e+00       0.000000000000e+00       0.000000000000e+00 
  477       8.354330757271e-14       1.441642693863e-15       4.838271455641e-15       6.107164689754e-16       0.000000000000e+00       0.000000000000e+00       0.000000000000e+00 
  478       8.399607322974e-14       1.427357177231e-15       4.925400981055e-15       6.056234620583e-16       0.000000000000e+00       0.000000000000e+00       0.000000000000e+00 
  479       8.448785143390e-14       1.412742270479e-15       5.007837926685e-15       6.005933893128e-16       0.000000000000e+00       0.000000000000e+00       0.000000000000e+00 
  480       8.501623681975e-14       1.397817895277e-15       5.085571688114e-15       5.956282834541e-16       0.000000000000e+00       0.000000000000e+00       0.000000000000e+00 
  481       8.557877802825e-14       1.382604341116e-15       5.158592283966e-15       5.907301953751e-16       0.000000000000e+00       0.000000000000e+00       0.000000000000e+00 
  482       8.617297745753e-14       1.367122267271e-15       5.226890360577e-15       5.859011942083e-16       0.000000000000e+00       0.000000000000e+00       0.000000000000e+00 
  483       8.679629101374e-14       1.351392704759e-15       5.290457196672e-15       5.811433673866e-16       0.000000000000e+00       0.000000000000e+00       0.000000000000e+00 
  484       8.744612786180e-14       1.335437058294e-15       5.349284708040e-15       5.764588207055e-16       0.000000000000e+00       0.000000000000e+00       0.000000000000e+00 
  485       8.811985017621e-14       1.319277108247e-15       5.403365452205e-15       5.718496783841e-16       0.000000000000e+00       0.000000000000e+00       0.000000000000e+00 
  486       8.881477289187e-14       1.302935012609e-15       5.452692633102e-15       5.673180831271e-16       0.000000000000e+00       0.000000000000e+00       0.000000000000e+00 
  487       8.952816345484e-14       1.286433308941e-15       5.497260105755e-15       5.628661961856e-16       0.000000000000e+00       0.000000000000e+00       0.000000000000e+00 
  488       9.025724157316e-14       1.269794916338e-15       5.537062380944e-15       5.584961974190e-16       0.000000000000e+00       0.000000000000e+00       0.000000000000e+00 
  489       9.099917896763e-14       1.253043137387e-15       5.572094629888e-15       5.542102853567e-16       0.000000000000e+00       0.000000000000e+00       0.000000000000e+00 
  490       9.175109912263e-14       1.236201660124e-15       5.602352688913e-15       5.500106772591e-16       0.000000000000e+00       0.000000000000e+00       0.000000000000e+00 
  491       9.251007703691e-14       1.219294559994e-15       5.627833064129e-15       5.458996091793e-16       0.000000000000e+00       0.000000000000e+00       0.000000000000e+00 
  492       9.327313897434e-14       1.202346301806e-15       5.648532936104e-15       5.418793360247e-16       0.000000000000e+00       0.000000000000e+00       0.000000000000e+00 
  493       9.403726221480e-14       1.185381741695e-15       5.664450164539e-15       5.379521316183e-16       0.000000000000e+00       0.000000000000e+00       0.000000000000e+00 
  494       9.479937480489e-14       1.168426129081e-15       5.675583292942e-15       5.341202887603e-16       0.000000000000e+00       0.000000000000e+00       0.000000000000e+00 
  495       9.555635530875e-14       1.151505108622e-15       5.681931553302e-15       5.303861192896e-16       0.000000000000e+00       0.000000000000e+00       0.000000000000e+00 
  496       9.630503255891e-14       1.134644722178e-15       5.683494870764e-15       5.267519541451e-16       0.000000000000e+00       0.000000000000e+00       0.000000000000e+00 
  497       9.704218540699e-14       1.117871410769e-15       5.680273868303e-15       5.232201434275e-16       0.000000000000e+00       0.000000000000e+00       0.000000000000e+00 
  498       9.776454247458e-14       1.101212016527e-15       5.672269871402e-15       5.197930564604e-16       0.000000000000e+00       0.000000000000e+00       0.000000000000e+00 
  499       9.846878190400e-14       1.084693784664e-15       5.659484912718e-15       5.164730818524e-16       0.000000000000e+00       0.000000000000e+00       0.000000000000e+00 
  500       9.915153110911e-14       1.068344365423e-15       5.641921736765e-15       5.132626275576e-16       0.000000000000e+00       0.000000000000e+00       0.000000000000e+00 
