# Matter power spectrum P(k) at redshift z=0
# for k=1.03892e-05 to 104.924 h/Mpc,
# number of wavenumbers equal to 622
#    1:k (h/Mpc)              2:P (Mpc/h)^3        
       1.038922642939e-05       5.116730815825e+01 
       2.321812845909e-05       1.108985041876e+02 
       3.609173376214e-05       1.695113094642e+02 
       4.904439972694e-05       2.276638560964e+02 
       6.211104704304e-05       2.857257547799e+02 
       7.532746857735e-05       3.439710625669e+02 
       8.873064804491e-05       4.026322417087e+02 
       1.023590926816e-04       4.619221296867e+02 
       1.162531841578e-04       5.220451556162e+02 
       1.304555520066e-04       5.832040674790e+02 
       1.450114738457e-04       6.456045449487e+02 
       1.599693066204e-04       7.094587643485e+02 
       1.753809529236e-04       7.749883943752e+02 
       1.913023661048e-04       8.424273125191e+02 
       2.077940972509e-04       9.120241855057e+02 
       2.249218861033e-04       9.840450160132e+02 
       2.427572963948e-04       1.058775662056e+03 
       2.613783937365e-04       1.136524400699e+03 
       2.808704608154e-04       1.217624456731e+03 
       3.013267399410e-04       1.302436517917e+03 
       3.228491865615e-04       1.391351119481e+03 
       3.455492088575e-04       1.484790792627e+03 
       3.695483575494e-04       1.583211838498e+03 
       3.949789163640e-04       1.687105476391e+03 
       4.219843271948e-04       1.796998133687e+03 
       4.507193653101e-04       1.913450472673e+03 
       4.813499602484e-04       2.037054779537e+03 
       5.140525396193e-04       2.168430264768e+03 
       5.490127597170e-04       2.308215691472e+03 
       5.864234841228e-04       2.457058971201e+03 
       6.264818863381e-04       2.615603294407e+03 
       6.693855925968e-04       2.784469612942e+03 
       7.153278528513e-04       2.964235686255e+03 
       7.644918338936e-04       3.155412288671e+03 
       8.170442633386e-04       3.358417708585e+03 
       8.731288006755e-04       3.573552293555e+03 
       9.328596442615e-04       3.800975169402e+03 
       9.963159659542e-04       4.040685595463e+03 
       1.063537764581e-03       4.292511207145e+03 
       1.134523626239e-03       4.556104984476e+03 
       1.209230679194e-03       4.830951767042e+03 
       1.287576767919e-03       5.116383741462e+03 
       1.369444599257e-03       5.411588824240e+03 
       1.454687391959e-03       5.715657781513e+03 
       1.543135431684e-03       6.027647678768e+03 
       1.634602912099e-03       6.346553206437e+03 
       1.728894515478e-03       6.671358959772e+03 
       1.825811320550e-03       7.001063870809e+03 
       1.925155782887e-03       7.334700921760e+03 
       2.026735681319e-03       7.671352265279e+03 
       2.130367042364e-03       8.010157499435e+03 
       2.235876135455e-03       8.350324793914e+03 
       2.343100676636e-03       8.691128082719e+03 
       2.451890394377e-03       9.031910319678e+03 
       2.562107107073e-03       9.372080868806e+03 
       2.673624445823e-03       9.711111831018e+03 
       2.786327334635e-03       1.004853507883e+04 
       2.900111317649e-03       1.038393586376e+04 
       3.014881802039e-03       1.071695161129e+04 
       3.130553267074e-03       1.104726268195e+04 
       3.247048475047e-03       1.137459174934e+04 
       3.364297708069e-03       1.169869609951e+04 
       3.482238045923e-03       1.201936845534e+04 
       3.600812693636e-03       1.233642706493e+04 
       3.719970362791e-03       1.264972072847e+04 
       3.839664707406e-03       1.295911542714e+04 
       3.959853813072e-03       1.326450181145e+04 
       4.080499736700e-03       1.356578857568e+04 
       4.201568093487e-03       1.386289624859e+04 
       4.323027687306e-03       1.415576582022e+04 
       4.444850180647e-03       1.444434380978e+04 
       4.567009800288e-03       1.472859766452e+04 
       4.689483075068e-03       1.500849323007e+04 
       4.812248602367e-03       1.528401382510e+04 
       4.935286840186e-03       1.555515096977e+04 
       5.058579921982e-03       1.582189300425e+04 
       5.182111491712e-03       1.608424861351e+04 
       5.305866556801e-03       1.634221559855e+04 
       5.429831356981e-03       1.659581021519e+04 
       5.553993247203e-03       1.684504779379e+04 
       5.678340593006e-03       1.708994081027e+04 
       5.802862676925e-03       1.733051718781e+04 
       5.927549614681e-03       1.756680777608e+04 
       6.052392280055e-03       1.779885972317e+04 
       6.177382237450e-03       1.802663605520e+04 
       6.302511681309e-03       1.825018699760e+04 
       6.427773381594e-03       1.846957460529e+04 
       6.553160634691e-03       1.868480020910e+04 
       6.678667219122e-03       1.889578563660e+04 
       6.804287355565e-03       1.910281435495e+04 
       6.930015670697e-03       1.930580090482e+04 
       7.055847164479e-03       1.950479154840e+04 
       7.181777180500e-03       1.969981191559e+04 
       7.307801379070e-03       1.989089966970e+04 
       7.433915712780e-03       2.007811005968e+04 
       7.560116404275e-03       2.026146564096e+04 
       7.686399926014e-03       2.044101079193e+04 
       7.812762981824e-03       2.061678495573e+04 
       7.939202490069e-03       2.078882573803e+04 
       8.065715568266e-03       2.095716924103e+04 
       8.192299519032e-03       2.112186093556e+04 
       8.318951817208e-03       2.128293299671e+04 
       8.445670098061e-03       2.144042424824e+04 
       8.572452146473e-03       2.159437454411e+04 
       8.699295887004e-03       2.174482826100e+04 
       8.826199374762e-03       2.189181743922e+04 
       8.953160787016e-03       2.203538332474e+04 
       9.080178415458e-03       2.217555672098e+04 
       9.207250659091e-03       2.231240432153e+04 
       9.334376017655e-03       2.244592873714e+04 
       9.461553085571e-03       2.257618182136e+04 
       9.588780546346e-03       2.270319906640e+04 
       9.716057167395e-03       2.282701539969e+04 
       9.843381795261e-03       2.294766644482e+04 
       9.970753351188e-03       2.306520332220e+04 
       1.009817082702e-02       2.317963888679e+04 
       1.022563328138e-02       2.329102308219e+04 
       1.035313983621e-02       2.339938390203e+04 
       1.048068967341e-02       2.350474199153e+04 
       1.060828203188e-02       2.360717847905e+04 
       1.073591620467e-02       2.370670488143e+04 
       1.086359153639e-02       2.380331243133e+04 
       1.099130742072e-02       2.389709428155e+04 
       1.111906329821e-02       2.398807379799e+04 
       1.124685865418e-02       2.407622884801e+04 
       1.137469301670e-02       2.416165379680e+04 
       1.150256595483e-02       2.424437753938e+04 
       1.163047707693e-02       2.432439419290e+04 
       1.175842602905e-02       2.440177707839e+04 
       1.188641249350e-02       2.447651708880e+04 
       1.201443618746e-02       2.454867583045e+04 
       1.214249686173e-02       2.461826981460e+04 
       1.227059429957e-02       2.468532113166e+04 
       1.239872831558e-02       2.474990305699e+04 
       1.252689875467e-02       2.481199926276e+04 
       1.265510549116e-02       2.487164279973e+04 
       1.278334842789e-02       2.492888992993e+04 
       1.291162749538e-02       2.498374772109e+04 
       1.303994265110e-02       2.503627589568e+04 
       1.316829387881e-02       2.508646150734e+04 
       1.329668118784e-02       2.513434951508e+04 
       1.342510461258e-02       2.517997257955e+04 
       1.355356421189e-02       2.522337540292e+04 
       1.368206006859e-02       2.526454274643e+04 
       1.381059228906e-02       2.530354799345e+04 
       1.393916100277e-02       2.534038694370e+04 
       1.406776636193e-02       2.537508991583e+04 
       1.419640854111e-02       2.540769823836e+04 
       1.432508773700e-02       2.543822602901e+04 
       1.445380416806e-02       2.546671066190e+04 
       1.458255807434e-02       2.549318008703e+04 
       1.471134971720e-02       2.551762932944e+04 
       1.484017937920e-02       2.554011260649e+04 
       1.496904736387e-02       2.556065784486e+04 
       1.509795399561e-02       2.557927702371e+04 
       1.522689961960e-02       2.559600060742e+04 
       1.535588460168e-02       2.561085897067e+04 
       1.548490932832e-02       2.562387142799e+04 
       1.561397420656e-02       2.563504535854e+04 
       1.574307966400e-02       2.564444431093e+04 
       1.587222614882e-02       2.565205767850e+04 
       1.600141412980e-02       2.565791401870e+04 
       1.613064409636e-02       2.566204355081e+04 
       1.625991655862e-02       2.566448244241e+04 
       1.638923204749e-02       2.566523079196e+04 
       1.651859111480e-02       2.566432231810e+04 
       1.664799433338e-02       2.566180723862e+04 
       1.677744229721e-02       2.565764948431e+04 
       1.690693562161e-02       2.565194686478e+04 
       1.703647494338e-02       2.564461428832e+04 
       1.716606092099e-02       2.563576826650e+04 
       1.729569423481e-02       2.562540754288e+04 
       1.742537558732e-02       2.561352883453e+04 
       1.755510570338e-02       2.560019580422e+04 
       1.768488533045e-02       2.558539474154e+04 
       1.781471523888e-02       2.556916656086e+04 
       1.794459622222e-02       2.555153409661e+04 
       1.807452909752e-02       2.553247829339e+04 
       1.820451470563e-02       2.551206027487e+04 
       1.833455391158e-02       2.549032860143e+04 
       1.846464760492e-02       2.546724108193e+04 
       1.859479670009e-02       2.544283261571e+04 
       1.872500213684e-02       2.541718026703e+04 
       1.885526488061e-02       2.539020574314e+04 
       1.898558592297e-02       2.536199589992e+04 
       1.911596628205e-02       2.533257726112e+04 
       1.924640700304e-02       2.530190797988e+04 
       1.937690915863e-02       2.527008982626e+04 
       1.950747384953e-02       2.523708365253e+04 
       1.963810220498e-02       2.520294436810e+04 
       1.976879538328e-02       2.516765961111e+04 
       1.989955457238e-02       2.513126066595e+04 
       2.003038099040e-02       2.509375419581e+04 
       2.016127588626e-02       2.505521187359e+04 
       2.029224054028e-02       2.501559825532e+04 
       2.042327626483e-02       2.497490400806e+04 
       2.055438440499e-02       2.493322146772e+04 
       2.068556633919e-02       2.489053526029e+04 
       2.081682347996e-02       2.484688559914e+04 
       2.094815727463e-02       2.480221688562e+04 
       2.107956920606e-02       2.475664370489e+04 
       2.121106079346e-02       2.471012016721e+04 
       2.134263359312e-02       2.466268533911e+04 
       2.147428919931e-02       2.461434975414e+04 
       2.160602924503e-02       2.456512875196e+04 
       2.173785540298e-02       2.451506030856e+04 
       2.186976938640e-02       2.446412658129e+04 
       2.200177295002e-02       2.441230228905e+04 
       2.213386789099e-02       2.435977787834e+04 
       2.226605604995e-02       2.430643361018e+04 
       2.239833931192e-02       2.425223827400e+04 
       2.253071960749e-02       2.419733570271e+04 
       2.266319891380e-02       2.414168862226e+04 
       2.279577925570e-02       2.408527701101e+04 
       2.292846270690e-02       2.402814632347e+04 
       2.306125139117e-02       2.397033817867e+04 
       2.319414748354e-02       2.391175892177e+04 
       2.332715321158e-02       2.385259215142e+04 
       2.346027085672e-02       2.379275764249e+04 
       2.359350275556e-02       2.373225703814e+04 
       2.372685130130e-02       2.367112409712e+04 
       2.386031894513e-02       2.360936460524e+04 
       2.399390819777e-02       2.354701013167e+04 
       2.412762163093e-02       2.348413585285e+04 
       2.426146187892e-02       2.342063291072e+04 
       2.439543164029e-02       2.335656620893e+04 
       2.452953367946e-02       2.329193012185e+04 
       2.466377082853e-02       2.322679462316e+04 
       2.479814598899e-02       2.316113857572e+04 
       2.493266213362e-02       2.309500233365e+04 
       2.506732230841e-02       2.302836244607e+04 
       2.520212963448e-02       2.296121348967e+04 
       2.533708731018e-02       2.289362146592e+04 
       2.547219861317e-02       2.282552947370e+04 
       2.560746690259e-02       2.275701669068e+04 
       2.574289562134e-02       2.268812703189e+04 
       2.587848829840e-02       2.261877982102e+04 
       2.601424855124e-02       2.254905730861e+04 
       2.615018008833e-02       2.247886045276e+04 
       2.628628671169e-02       2.240834163882e+04 
       2.642257231958e-02       2.233747320816e+04 
       2.655904090928e-02       2.226621704736e+04 
       2.669569657994e-02       2.219457893060e+04 
       2.683254353554e-02       2.212270391908e+04 
       2.696958608796e-02       2.205040781695e+04 
       2.710682866019e-02       2.197785026701e+04 
       2.724427578962e-02       2.190497208994e+04 
       2.738193213142e-02       2.183179535626e+04 
       2.751980246214e-02       2.175835389017e+04 
       2.765789168337e-02       2.168459837442e+04 
       2.779620482556e-02       2.161067147813e+04 
       2.793474705194e-02       2.153638675533e+04 
       2.807352366270e-02       2.146191286636e+04 
       2.821254009921e-02       2.138715557643e+04 
       2.835180194844e-02       2.131224808562e+04 
       2.849131494763e-02       2.123708182703e+04 
       2.863108498899e-02       2.116175398257e+04 
       2.877111812472e-02       2.108614399807e+04 
       2.891142057220e-02       2.101035369097e+04 
       2.905199871931e-02       2.093445170254e+04 
       2.919285913007e-02       2.085837534395e+04 
       2.933400855045e-02       2.078209667714e+04 
       2.947545391441e-02       2.070565628154e+04 
       2.961720235026e-02       2.062911023811e+04 
       2.975926118717e-02       2.055235419293e+04 
       2.990163796208e-02       2.047557243988e+04 
       3.004434042682e-02       2.039861382892e+04 
       3.018737655555e-02       2.032155581780e+04 
       3.033075455253e-02       2.024434678215e+04 
       3.047448286026e-02       2.016706507860e+04 
       3.061857016788e-02       2.008969338646e+04 
       3.076302542009e-02       2.001220233734e+04 
       3.090785782629e-02       1.993465111671e+04 
       3.105307687032e-02       1.985706727938e+04 
       3.119869232049e-02       1.977934209929e+04 
       3.134471424015e-02       1.970161216623e+04 
       3.149115299874e-02       1.962378176976e+04 
       3.163801928332e-02       1.954596311926e+04 
       3.178532411072e-02       1.946806706507e+04 
       3.193307884016e-02       1.939005295675e+04 
       3.208129518661e-02       1.931214638850e+04 
       3.222998523465e-02       1.923416607141e+04 
       3.237916145315e-02       1.915609702580e+04 
       3.252883671060e-02       1.907800727561e+04 
       3.267902429119e-02       1.899995509229e+04 
       3.282973791180e-02       1.892186916256e+04 
       3.298099173971e-02       1.884383175282e+04 
       3.313280041138e-02       1.876577786454e+04 
       3.328517905210e-02       1.868760380655e+04 
       3.343814329670e-02       1.860959633363e+04 
       3.359170931139e-02       1.853150907141e+04 
       3.374589381675e-02       1.845348610420e+04 
       3.390071411198e-02       1.837545865172e+04 
       3.405618810047e-02       1.829747889231e+04 
       3.421233431678e-02       1.821947516761e+04 
       3.436917195518e-02       1.814150036688e+04 
       3.452672089976e-02       1.806360710052e+04 
       3.468500175632e-02       1.798573107763e+04 
       3.484403588603e-02       1.790784396518e+04 
       3.500384544118e-02       1.783007004166e+04 
       3.516445340293e-02       1.775226504257e+04 
       3.532588362145e-02       1.767454466896e+04 
       3.548816085839e-02       1.759682819342e+04 
       3.565131083206e-02       1.751919555066e+04 
       3.581536026535e-02       1.744162388563e+04 
       3.598033693675e-02       1.736401831970e+04 
       3.614626973450e-02       1.728655576936e+04 
       3.631318871440e-02       1.720909969810e+04 
       3.648112516130e-02       1.713161887078e+04 
       3.665011165467e-02       1.705427328674e+04 
       3.682018213864e-02       1.697692453395e+04 
       3.699137199672e-02       1.689963103672e+04 
       3.716371813175e-02       1.682244527459e+04 
       3.733725905139e-02       1.674526421527e+04 
       3.751203495968e-02       1.666817295057e+04 
       3.768808785517e-02       1.659100551486e+04 
       3.786546163621e-02       1.651398080822e+04 
       3.804420221400e-02       1.643697208045e+04 
       3.822435763412e-02       1.636003293151e+04 
       3.840597820729e-02       1.628309820544e+04 
       3.858911665021e-02       1.620627578838e+04 
       3.877382823744e-02       1.612936123739e+04 
       3.896017096531e-02       1.605256089464e+04 
       3.914820572912e-02       1.597572528483e+04 
       3.933799651479e-02       1.589897855835e+04 
       3.952961060649e-02       1.582221426707e+04 
       3.972311881184e-02       1.574550178942e+04 
       3.991859570646e-02       1.566873760243e+04 
       4.011611989981e-02       1.559201421046e+04 
       4.031577432478e-02       1.551527091514e+04 
       4.051764655330e-02       1.543860267690e+04 
       4.072182914103e-02       1.536179539234e+04 
       4.092842000427e-02       1.528507746260e+04 
       4.113752283270e-02       1.520829590918e+04 
       4.134924754215e-02       1.513141436735e+04 
       4.156371077200e-02       1.505455882406e+04 
       4.178103643268e-02       1.497763889338e+04 
       4.200135630908e-02       1.490067441660e+04 
       4.222481072715e-02       1.482362819996e+04 
       4.245154929133e-02       1.474649242640e+04 
       4.268173170212e-02       1.466928875476e+04 
       4.291552866429e-02       1.459196061885e+04 
       4.315312289772e-02       1.451444566465e+04 
       4.339471026507e-02       1.443684867927e+04 
       4.364050103247e-02       1.435916882018e+04 
       4.389072128218e-02       1.428125051090e+04 
       4.414561449944e-02       1.420319024448e+04 
       4.440544335924e-02       1.412488688141e+04 
       4.467049174356e-02       1.404634658683e+04 
       4.494106702499e-02       1.396758610497e+04 
       4.521750265889e-02       1.388865373452e+04 
       4.550016113459e-02       1.380929512051e+04 
       4.578943734550e-02       1.372966992722e+04 
       4.608576244959e-02       1.364968366717e+04 
       4.638960830630e-02       1.356932996740e+04 
       4.670149259324e-02       1.348852421883e+04 
       4.702198472785e-02       1.340729633918e+04 
       4.735171274612e-02       1.332558804091e+04 
       4.769137132355e-02       1.324326675078e+04 
       4.804173116565e-02       1.316040743094e+04 
       4.840365004720e-02       1.307686646350e+04 
       4.877808584554e-02       1.299262460190e+04 
       4.916611199626e-02       1.290760466688e+04 
       4.956893590514e-02       1.282168112671e+04 
       4.998792098422e-02       1.273478058969e+04 
       5.042461315084e-02       1.264683368500e+04 
       5.088077284597e-02       1.255768130519e+04 
       5.135841390588e-02       1.246724879596e+04 
       5.185985097268e-02       1.237532007233e+04 
       5.238775757251e-02       1.228167910152e+04 
       5.294523753989e-02       1.218623673912e+04 
       5.353591313136e-02       1.208847200219e+04 
       5.416403393891e-02       1.198824571790e+04 
       5.483461152136e-02       1.188511230790e+04 
       5.555358534914e-02       1.177856122861e+04 
       5.632802581481e-02       1.166792354911e+04 
       5.716637887099e-02       1.155239891581e+04 
       5.807875266862e-02       1.143084083503e+04 
       5.907723625763e-02       1.130187523793e+04 
       6.017621843407e-02       1.116357658674e+04 
       6.139263231738e-02       1.101341978367e+04 
       6.274597681226e-02       1.084794781636e+04 
       6.425785303434e-02       1.066277147825e+04 
       6.595062403837e-02       1.045209036728e+04 
       6.784476184348e-02       1.020899808766e+04 
       6.995472178243e-02       9.926073640878e+03 
       7.228405531364e-02       9.596778977018e+03 
       7.482177445369e-02       9.217911464297e+03 
       7.754252339651e-02       8.792032719754e+03 
       8.041144658631e-02       8.328593489103e+03 
       8.339154302514e-02       7.843167543399e+03 
       8.644988656117e-02       7.354648061940e+03 
       8.956066710663e-02       6.882019628048e+03 
       9.270538144213e-02       6.441658682294e+03 
       9.587154477471e-02       6.045539941321e+03 
       9.905106129801e-02       5.700527116137e+03 
       1.022388126709e-01       5.408556694447e+03 
       1.054316138810e-01       5.167552922177e+03 
       1.086275022457e-01       4.971742969360e+03 
       1.118252754596e-01       4.813156653079e+03 
       1.150241995918e-01       4.682309202235e+03 
       1.182238275066e-01       4.569046647981e+03 
       1.214238870508e-01       4.463669327849e+03 
       1.246242126085e-01       4.357656064215e+03 
       1.278247033504e-01       4.244349713152e+03 
       1.310252978217e-01       4.119469965003e+03 
       1.342259584931e-01       3.981324578675e+03 
       1.374266623763e-01       3.830695419844e+03 
       1.406273953242e-01       3.670459904480e+03 
       1.438281485712e-01       3.504908975141e+03 
       1.470289166315e-01       3.339090258708e+03 
       1.502296960226e-01       3.177952230447e+03 
       1.534304844897e-01       3.026118815890e+03 
       1.566312805340e-01       2.887077027245e+03 
       1.598320831255e-01       2.763135310939e+03 
       1.630328915276e-01       2.655344920209e+03 
       1.662337051901e-01       2.563499068094e+03 
       1.694345236836e-01       2.486285276206e+03 
       1.726353466587e-01       2.421578511078e+03 
       1.758361738207e-01       2.366641084538e+03 
       1.790370049142e-01       2.318446083118e+03 
       1.822378397126e-01       2.274087769352e+03 
       1.854386780118e-01       2.231155877857e+03 
       1.886395196254e-01       2.186752768130e+03 
       1.918403643822e-01       2.139019075188e+03 
       1.950412121239e-01       2.086937912319e+03 
       1.982420627033e-01       2.030303493837e+03 
       2.014429159831e-01       1.969675666036e+03 
       2.046437718350e-01       1.906195639423e+03 
       2.078446301391e-01       1.841459026334e+03 
       2.110454907826e-01       1.777069290386e+03 
       2.142463536599e-01       1.714536768646e+03 
       2.174472186716e-01       1.655182087933e+03 
       2.206480857239e-01       1.599997695765e+03 
       2.238489547288e-01       1.549611058751e+03 
       2.270498256030e-01       1.504313790406e+03 
       2.302506982680e-01       1.464108243906e+03 
       2.334515726498e-01       1.428657739918e+03 
       2.366524486780e-01       1.397379325961e+03 
       2.398533262865e-01       1.369427813821e+03 
       2.430542054123e-01       1.343881332650e+03 
       2.462550859959e-01       1.319717225388e+03 
       2.494559679809e-01       1.296047638520e+03 
       2.526568513135e-01       1.272168708313e+03 
       2.558577359430e-01       1.247509488604e+03 
       2.590586218210e-01       1.221799480248e+03 
       2.622595089014e-01       1.194934309790e+03 
       2.654603971406e-01       1.167008109627e+03 
       2.686612864968e-01       1.138276752523e+03 
       2.718621769304e-01       1.109123441920e+03 
       2.750630684036e-01       1.080030718152e+03 
       2.782639608802e-01       1.051483151117e+03 
       2.814648543258e-01       1.023949953222e+03 
       2.846657487076e-01       9.978329098235e+02 
       2.878666439942e-01       9.734100099998e+02 
       2.910675401555e-01       9.508036215098e+02 
       2.942684371628e-01       9.299964497680e+02 
       2.974693349888e-01       9.108832133058e+02 
       3.006702336071e-01       8.932422668238e+02 
       3.038711329925e-01       8.768210180940e+02 
       3.070720331209e-01       8.613614903796e+02 
       3.102729339693e-01       8.465718809561e+02 
       3.134738355154e-01       8.321738509068e+02 
       3.166747377380e-01       8.179426604909e+02 
       3.198756406167e-01       8.036578688901e+02 
       3.230765441318e-01       7.891893619093e+02 
       3.262774482646e-01       7.744852073417e+02 
       3.294783529970e-01       7.595494962031e+02 
       3.326792583115e-01       7.444766153636e+02 
       3.358801641915e-01       7.293682124616e+02 
       3.390810706209e-01       7.143880865303e+02 
       3.422819775842e-01       6.996532149393e+02 
       3.454828850664e-01       6.853053981301e+02 
       3.486837930532e-01       6.714468930403e+02 
       3.518847015309e-01       6.581518387859e+02 
       3.550856104860e-01       6.454872233806e+02 
       3.582865199056e-01       6.334815320768e+02 
       3.614874297775e-01       6.221275733434e+02 
       3.646883400896e-01       6.113865128649e+02 
       3.678892508305e-01       6.011599312856e+02 
       3.710901619889e-01       5.913736358196e+02 
       3.742910735541e-01       5.819099100189e+02 
       3.774919855157e-01       5.726818361425e+02 
       3.806928978636e-01       5.636164676178e+02 
       3.838938105883e-01       5.546325701616e+02 
       3.870947236802e-01       5.457367760735e+02 
       3.902956371303e-01       5.368704010720e+02 
       3.934965509299e-01       5.280337590676e+02 
       3.966974650704e-01       5.192450430573e+02 
       3.998983795436e-01       5.105148050072e+02 
       4.030992943416e-01       5.018781914051e+02 
       4.063002094566e-01       4.933499536508e+02 
       4.095011248812e-01       4.849959818356e+02 
       4.127020406082e-01       4.768643350580e+02 
       4.159029566306e-01       4.689590686355e+02 
       4.191038729415e-01       4.613042221885e+02 
       4.223047895344e-01       4.538998810257e+02 
       4.255057064028e-01       4.467467230325e+02 
       4.287066235407e-01       4.398309209931e+02 
       4.319075409419e-01       4.331429688223e+02 
       4.351084586007e-01       4.266689006632e+02 
       4.383093765114e-01       4.203736747284e+02 
       4.415102946684e-01       4.142575143546e+02 
       4.447112130665e-01       4.082733095622e+02 
       4.479121317005e-01       4.024113879239e+02 
       4.511130505653e-01       3.966231874183e+02 
       4.543139696560e-01       3.909172894251e+02 
       4.575148889678e-01       3.852714741122e+02 
       4.607158084962e-01       3.796856349551e+02 
       4.639167282367e-01       3.741699745605e+02 
       4.671176481848e-01       3.687254724408e+02 
       4.703185683363e-01       3.633579648544e+02 
       4.735194886871e-01       3.580751530275e+02 
       4.767204092332e-01       3.528848330143e+02 
       4.799213299706e-01       3.477879301442e+02 
       4.831222508955e-01       3.428064076138e+02 
       4.863231720042e-01       3.379505035609e+02 
       4.895240932930e-01       3.332246014158e+02 
       4.927250147586e-01       3.286272635968e+02 
       4.959259363973e-01       3.241422746274e+02 
       4.991268582060e-01       3.197755409506e+02 
       5.023277801812e-01       3.155092439927e+02 
       5.055287023199e-01       3.113328265712e+02 
       5.087296246190e-01       3.072438723595e+02 
       5.119305470754e-01       3.032299726615e+02 
       5.151314696862e-01       2.992758154289e+02 
       5.183323924485e-01       2.954014464801e+02 
       5.215333153596e-01       2.915630151330e+02 
       5.247342384166e-01       2.877850668036e+02 
       5.279351616170e-01       2.840605326002e+02 
       5.311360849582e-01       2.803818180012e+02 
       5.343370084375e-01       2.767517664840e+02 
       5.375379320525e-01       2.731868668138e+02 
       5.407388558009e-01       2.696866795070e+02 
       5.439397796802e-01       2.662401742238e+02 
       5.471407036881e-01       2.628754329166e+02 
       5.503416278224e-01       2.595608133139e+02 
       5.535425520809e-01       2.563153472548e+02 
       5.567434764615e-01       2.531285557319e+02 
       5.599444009620e-01       2.500021318637e+02 
       5.631453255803e-01       2.469464830912e+02 
       5.663462503146e-01       2.439376395431e+02 
       5.695471751628e-01       2.410021497192e+02 
       5.727481001230e-01       2.381098552217e+02 
       5.759490251934e-01       2.352734468030e+02 
       5.791499503720e-01       2.324774702187e+02 
       5.823508756572e-01       2.297205634441e+02 
       5.855518010471e-01       2.270163045601e+02 
       5.887527265401e-01       2.243473031252e+02 
       5.919536521345e-01       2.217156704607e+02 
       5.951545778286e-01       2.191286065709e+02 
       5.983555036208e-01       2.165821777229e+02 
       6.015564295096e-01       2.140702539528e+02 
       6.047573554934e-01       2.116016053368e+02 
       6.079582815708e-01       2.091574697424e+02 
       6.111592077402e-01       2.067602813336e+02 
       6.143601340001e-01       2.043991534371e+02 
       6.175610603493e-01       2.020752403655e+02 
       6.207619867863e-01       1.997975856596e+02 
       6.239629133097e-01       1.975617260679e+02 
       6.271638399183e-01       1.953526299370e+02 
       6.303647666107e-01       1.931866644506e+02 
       6.335656933856e-01       1.910534511406e+02 
       6.367666202418e-01       1.889500341176e+02 
       6.399675471782e-01       1.868812661554e+02 
       6.431684741934e-01       1.848478399382e+02 
       6.463694012863e-01       1.828467310158e+02 
       6.495703284557e-01       1.808758055211e+02 
       6.527712557006e-01       1.789320837008e+02 
       6.559721830198e-01       1.770153509319e+02 
       6.591731104123e-01       1.751221388960e+02 
       6.623740378769e-01       1.732575348109e+02 
       6.655749654126e-01       1.714198643583e+02 
       6.687758930184e-01       1.696147818477e+02 
       6.719768206934e-01       1.678336984281e+02 
       6.751777484364e-01       1.660769252800e+02 
       6.783786762466e-01       1.643416233954e+02 
       6.815796041230e-01       1.626398281324e+02 
       6.847805320647e-01       1.609551055878e+02 
       6.879814600707e-01       1.592926540719e+02 
       6.911823881402e-01       1.576599431920e+02 
       6.943833162722e-01       1.560494400725e+02 
       6.975842444660e-01       1.544653306662e+02 
       7.007851727206e-01       1.529089686755e+02 
       7.039861010353e-01       1.513657088505e+02 
       7.071870294092e-01       1.498469660394e+02 
       7.103879578415e-01       1.483535909474e+02 
       7.135888863315e-01       1.468717607881e+02 
       7.167898148783e-01       1.454195908303e+02 
       7.199907434811e-01       1.439815509738e+02 
       7.231916721394e-01       1.425654316233e+02 
       7.263926008522e-01       1.411729701333e+02 
       7.295935296190e-01       1.397923556985e+02 
       7.327944584389e-01       1.384357365866e+02 
       7.359953873113e-01       1.370932391683e+02 
       7.391963162356e-01       1.357651766170e+02 
       7.423972452109e-01       1.344570314386e+02 
       7.455981742368e-01       1.331704092366e+02 
       7.487991033125e-01       1.318990368354e+02 
       8.175393302959e-01       1.082520321000e+02 
       9.166195684582e-01       8.345860741400e+01 
       1.073647767312e+00       5.797920293263e+01 
       1.322926368989e+00       3.555624235365e+01 
       1.662966716654e+00       2.061341833101e+01 
       2.093505716456e+00       1.180180662150e+01 
       2.635567386141e+00       6.701008523459e+00 
       3.317982756829e+00       3.776717123954e+00 
       4.177092808467e+00       2.114356032292e+00 
       5.258648284002e+00       1.176445908211e+00 
       6.620245956418e+00       6.509207322295e-01 
       8.334395866863e+00       3.583092436179e-01 
       1.049238274875e+01       1.963033971274e-01 
       1.320912727267e+01       1.070729994312e-01 
       1.662930599118e+01       5.816349880399e-02 
       2.093505589280e+01       3.147484719012e-02 
       2.635567386078e+01       1.696970575533e-02 
       3.317982756829e+01       9.116466779514e-03 
       4.177092808467e+01       4.879980818063e-03 
       5.258648284002e+01       2.602302753374e-03 
       6.620245956418e+01       1.381975725135e-03 
       8.334395866863e+01       7.302739762535e-04 
       1.049238274875e+02       3.835004998767e-04 
