# Matter power spectrum P(k) at redshift z=0
# for k=1.04233e-05 to 105.248 h/Mpc,
# number of wavenumbers equal to 622
#    1:k (h/Mpc)              2:P (Mpc/h)^3        
       1.042334792351e-05       5.068143271307e+01 
       2.327947088309e-05       1.097777830908e+02 
       3.618061400446e-05       1.677693072483e+02 
       4.916135487056e-05       2.253072724635e+02 
       6.225684064512e-05       2.827578319092e+02 
       7.550310026773e-05       3.403927129251e+02 
       8.893736659261e-05       3.984425544080e+02 
       1.025984127408e-04       4.571186449761e+02 
       1.165269069676e-04       5.166240266842e+02 
       1.307657903809e-04       5.771601567642e+02 
       1.453606818536e-04       6.389314998202e+02 
       1.603603144133e-04       7.021490565134e+02 
       1.758170072241e-04       7.670333517725e+02 
       1.917871769097e-04       8.338171457442e+02 
       2.083318913285e-04       9.027480083944e+02 
       2.255174678610e-04       9.740908577269e+02 
       2.434161166390e-04       1.048130487688e+03 
       2.621066267378e-04       1.125174120386e+03 
       2.816750898789e-04       1.205553947441e+03 
       3.022156513459e-04       1.289629636631e+03 
       3.238312712208e-04       1.377790711076e+03 
       3.466344703095e-04       1.470458698520e+03 
       3.707480238672e-04       1.568088894230e+03 
       3.963055522034e-04       1.671171479210e+03 
       4.234519404499e-04       1.780231766457e+03 
       4.523435007126e-04       1.895829200939e+03 
       4.831477697837e-04       2.018554660053e+03 
       5.160428170347e-04       2.149025646145e+03 
       5.512159239780e-04       2.287878812716e+03 
       5.888614949965e-04       2.435759401772e+03 
       6.291780750671e-04       2.593307186213e+03 
       6.723643927864e-04       2.761138804365e+03 
       7.186144220839e-04       2.939826644997e+03 
       7.681115657675e-04       3.129874947626e+03 
       8.210222024406e-04       3.331694316623e+03 
       8.774889881834e-04       3.545576331901e+03 
       9.376244369471e-04       3.771670588225e+03 
       1.001505382874e-03       4.009966495184e+03 
       1.069168920167e-03       4.260282071045e+03 
       1.140610303429e-03       4.522261649016e+03 
       1.215783081519e-03       4.795382907961e+03 
       1.294601467664e-03       5.078973230654e+03 
       1.376944674544e-03       5.372216559070e+03 
       1.462662724098e-03       5.674207399929e+03 
       1.551583119539e-03       5.984004801185e+03 
       1.643517754319e-03       6.300609410494e+03 
       1.738269513740e-03       6.623013994918e+03 
       1.835638165133e-03       6.950227453188e+03 
       1.935425292949e-03       7.281293837519e+03 
       2.037438183642e-03       7.615306830369e+03 
       2.141492682107e-03       7.951419449438e+03 
       2.247415119843e-03       8.288850414912e+03 
       2.355043457306e-03       8.626886025711e+03 
       2.464227796693e-03       8.964880132471e+03 
       2.574830415610e-03       9.302252562964e+03 
       2.686725455007e-03       9.638484753639e+03 
       2.799798372638e-03       9.973117310565e+03 
       2.913945250466e-03       1.030574315317e+04 
       3.029072023416e-03       1.063600628372e+04 
       3.145093678803e-03       1.096359352591e+04 
       3.261933461083e-03       1.128823262179e+04 
       3.379522105080e-03       1.160968561830e+04 
       3.497797112184e-03       1.192774919173e+04 
       3.616702077608e-03       1.224224584853e+04 
       3.736186072336e-03       1.255302496764e+04 
       3.856203080233e-03       1.285995715620e+04 
       3.976711488803e-03       1.316293421468e+04 
       4.097673630768e-03       1.346186757355e+04 
       4.219055372940e-03       1.375667792274e+04 
       4.340825748539e-03       1.404730819379e+04 
       4.462956628996e-03       1.433370510280e+04 
       4.585422431410e-03       1.461583645235e+04 
       4.708199857992e-03       1.489366906851e+04 
       4.831267664104e-03       1.516718757240e+04 
       4.954606451770e-03       1.543638152790e+04 
       5.078198485827e-03       1.570123491745e+04 
       5.202027530167e-03       1.596176872594e+04 
       5.326078701788e-03       1.621797459551e+04 
       5.450338340626e-03       1.646986350272e+04 
       5.574793893351e-03       1.671745403541e+04 
       5.699433809538e-03       1.696075744853e+04 
       5.824247448806e-03       1.719980238767e+04 
       5.949224997654e-03       1.743461793304e+04 
       6.074357394926e-03       1.766525114244e+04 
       6.199636264902e-03       1.789166361496e+04 
       6.325053857188e-03       1.811390525228e+04 
       6.450602992632e-03       1.833203594493e+04 
       6.576277014606e-03       1.854606114432e+04 
       6.702069745075e-03       1.875589643044e+04 
       6.827975444923e-03       1.896182704322e+04 
       6.953988778089e-03       1.916376638108e+04 
       7.080104779099e-03       1.936176086465e+04 
       7.206318823648e-03       1.955583287682e+04 
       7.332626601900e-03       1.974602132273e+04 
       7.459024094239e-03       1.993237911487e+04 
       7.585507549212e-03       2.011493044312e+04 
       7.712073463446e-03       2.029371830493e+04 
       7.838718563346e-03       2.046877970794e+04 
       7.965439788386e-03       2.064015093098e+04 
       8.092234275853e-03       2.080787222069e+04 
       8.219099346892e-03       2.097197761198e+04 
       8.346032493727e-03       2.113250673843e+04 
       8.473031367960e-03       2.128950476659e+04 
       8.600093769833e-03       2.144299572043e+04 
       8.727217638366e-03       2.159303573393e+04 
       8.854401042302e-03       2.173964505344e+04 
       8.981642171773e-03       2.188287153074e+04 
       9.108939330626e-03       2.202275171847e+04 
       9.236290929358e-03       2.215932275832e+04 
       9.363695478593e-03       2.229261714222e+04 
       9.491151583072e-03       2.242268533396e+04 
       9.618657936095e-03       2.254954227589e+04 
       9.746213314383e-03       2.267324034716e+04 
       9.873816573331e-03       2.279379544060e+04 
       1.000146664261e-02       2.291127268342e+04 
       1.012916252211e-02       2.302568806108e+04 
       1.025690327814e-02       2.313707985536e+04 
       1.038468803995e-02       2.324548217346e+04 
       1.051251599649e-02       2.335091748606e+04 
       1.064038639337e-02       2.345344267140e+04 
       1.076829853011e-02       2.355309293976e+04 
       1.089625175749e-02       2.364986418512e+04 
       1.102424547519e-02       2.374383299591e+04 
       1.115227912949e-02       2.383501971549e+04 
       1.128035221123e-02       2.392342520708e+04 
       1.140846425385e-02       2.400912014304e+04 
       1.153661483156e-02       2.409213422441e+04 
       1.166480355773e-02       2.417247125737e+04 
       1.179303008326e-02       2.425019771186e+04 
       1.192129409515e-02       2.432531137273e+04 
       1.204959531517e-02       2.439786480898e+04 
       1.217793349857e-02       2.446787588486e+04 
       1.230630843292e-02       2.453537803012e+04 
       1.243471993706e-02       2.460041103303e+04 
       1.256316786005e-02       2.466299313236e+04 
       1.269165208023e-02       2.472315195359e+04 
       1.282017250439e-02       2.478092621150e+04 
       1.294872906694e-02       2.483634056364e+04 
       1.307732172917e-02       2.488942501089e+04 
       1.320595047857e-02       2.494020591407e+04 
       1.333461532817e-02       2.498871066413e+04 
       1.346331631598e-02       2.503495637829e+04 
       1.359205350446e-02       2.507899655487e+04 
       1.372082697997e-02       2.512085179314e+04 
       1.384963685240e-02       2.516051900268e+04 
       1.397848325468e-02       2.519806486912e+04 
       1.410736634246e-02       2.523348372025e+04 
       1.423628629375e-02       2.526683062462e+04 
       1.436524330863e-02       2.529810822591e+04 
       1.449423760893e-02       2.532736237948e+04 
       1.462326943806e-02       2.535460158791e+04 
       1.475233906076e-02       2.537986426804e+04 
       1.488144676291e-02       2.540316467530e+04 
       1.501059285140e-02       2.542454495230e+04 
       1.513977765398e-02       2.544400915157e+04 
       1.526900151917e-02       2.546157105296e+04 
       1.539826481616e-02       2.547729715773e+04 
       1.552756793478e-02       2.549120082118e+04 
       1.565691128545e-02       2.550327540028e+04 
       1.578629529916e-02       2.551356690310e+04 
       1.591572042750e-02       2.552208459904e+04 
       1.604518714266e-02       2.552889616423e+04 
       1.617469593751e-02       2.553397435255e+04 
       1.630424732565e-02       2.553735538931e+04 
       1.643384184150e-02       2.553907114581e+04 
       1.656348004040e-02       2.553913714169e+04 
       1.669316249876e-02       2.553759909494e+04 
       1.682288981415e-02       2.553444628315e+04 
       1.695266260554e-02       2.552971476762e+04 
       1.708248151338e-02       2.552343843663e+04 
       1.721234719988e-02       2.551561790970e+04 
       1.734226034918e-02       2.550627404227e+04 
       1.747222166757e-02       2.549545719603e+04 
       1.760223188375e-02       2.548317851774e+04 
       1.773229174912e-02       2.546943744340e+04 
       1.786240203799e-02       2.545426546285e+04 
       1.799256354795e-02       2.543771603708e+04 
       1.812277710011e-02       2.541974202429e+04 
       1.825304353948e-02       2.540042489450e+04 
       1.838336373532e-02       2.537977205165e+04 
       1.851373858145e-02       2.535777479138e+04 
       1.864416899666e-02       2.533448343544e+04 
       1.877465592512e-02       2.530991075408e+04 
       1.890520033677e-02       2.528407698068e+04 
       1.903580322776e-02       2.525699162082e+04 
       1.916646562089e-02       2.522868801115e+04 
       1.929718856606e-02       2.519918628580e+04 
       1.942797314081e-02       2.516850184027e+04 
       1.955882045076e-02       2.513665551323e+04 
       1.968973163015e-02       2.510363092124e+04 
       1.982070784240e-02       2.506949267001e+04 
       1.995175028063e-02       2.503428155190e+04 
       2.008286016827e-02       2.499793344702e+04 
       2.021403875965e-02       2.496055112075e+04 
       2.034528734060e-02       2.492208015070e+04 
       2.047660722911e-02       2.488256479587e+04 
       2.060799977598e-02       2.484205648194e+04 
       2.073946636551e-02       2.480052287510e+04 
       2.087100841619e-02       2.475806335564e+04 
       2.100262738144e-02       2.471457853137e+04 
       2.113432475035e-02       2.467019387198e+04 
       2.126610204848e-02       2.462485749354e+04 
       2.139796083862e-02       2.457861941469e+04 
       2.152990272164e-02       2.453143834202e+04 
       2.166192933734e-02       2.448342004934e+04 
       2.179404236532e-02       2.443451637342e+04 
       2.192624352590e-02       2.438479220299e+04 
       2.205853458101e-02       2.433420947773e+04 
       2.219091733523e-02       2.428284159268e+04 
       2.232339363670e-02       2.423067524211e+04 
       2.245596537820e-02       2.417772136682e+04 
       2.258863449819e-02       2.412393143960e+04 
       2.272140298189e-02       2.406946831428e+04 
       2.285427286241e-02       2.401430467635e+04 
       2.298724622192e-02       2.395834798611e+04 
       2.312032519282e-02       2.390173043876e+04 
       2.325351195898e-02       2.384436502102e+04 
       2.338680875705e-02       2.378638557155e+04 
       2.352021787770e-02       2.372768627685e+04 
       2.365374166703e-02       2.366838550663e+04 
       2.378738252794e-02       2.360845948290e+04 
       2.392114292159e-02       2.354792778564e+04 
       2.405502536886e-02       2.348674875702e+04 
       2.418903245190e-02       2.342496263147e+04 
       2.432316681570e-02       2.336265673822e+04 
       2.445743116975e-02       2.329979441805e+04 
       2.459182828971e-02       2.323631181714e+04 
       2.472636101915e-02       2.317237692833e+04 
       2.486103227136e-02       2.310789225824e+04 
       2.499584503118e-02       2.304288761450e+04 
       2.513080235697e-02       2.297738943000e+04 
       2.526590738255e-02       2.291141865440e+04 
       2.540116331928e-02       2.284495189860e+04 
       2.553657345817e-02       2.277805451995e+04 
       2.567214117204e-02       2.271072155729e+04 
       2.580786991784e-02       2.264295448765e+04 
       2.594376323895e-02       2.257474746991e+04 
       2.607982476763e-02       2.250615576138e+04 
       2.621605822750e-02       2.243711632961e+04 
       2.635246743617e-02       2.236772032020e+04 
       2.648905630789e-02       2.229800300301e+04 
       2.662582885634e-02       2.222785128076e+04 
       2.676278919753e-02       2.215736940738e+04 
       2.689994155273e-02       2.208656878667e+04 
       2.703729025162e-02       2.201541239769e+04 
       2.717483973546e-02       2.194395404756e+04 
       2.731259456037e-02       2.187218954508e+04 
       2.745055940085e-02       2.180014468937e+04 
       2.758873905325e-02       2.172773522766e+04 
       2.772713843954e-02       2.165508748346e+04 
       2.786576261112e-02       2.158212458419e+04 
       2.800461675278e-02       2.150896611292e+04 
       2.814370618687e-02       2.143562301108e+04 
       2.828303637754e-02       2.136197410068e+04 
       2.842261293525e-02       2.128808267482e+04 
       2.856244162135e-02       2.121398586915e+04 
       2.870252835291e-02       2.113963453473e+04 
       2.884287920772e-02       2.106512475469e+04 
       2.898350042949e-02       2.099043300567e+04 
       2.912439843323e-02       2.091552718438e+04 
       2.926557981091e-02       2.084042239463e+04 
       2.940705133728e-02       2.076524294544e+04 
       2.954881997599e-02       2.068983336500e+04 
       2.969089288592e-02       2.061426917877e+04 
       2.983327742779e-02       2.053857774468e+04 
       2.997598117105e-02       2.046273708590e+04 
       3.011901190106e-02       2.038678114140e+04 
       3.026237762660e-02       2.031067450887e+04 
       3.040608658764e-02       2.023449666751e+04 
       3.055014726352e-02       2.015815856053e+04 
       3.069456838147e-02       2.008177134881e+04 
       3.083935892545e-02       2.000519144231e+04 
       3.098452814549e-02       1.992868477455e+04 
       3.113008556736e-02       1.985198801167e+04 
       3.127604100274e-02       1.977529348476e+04 
       3.142240455978e-02       1.969839873543e+04 
       3.156918665429e-02       1.962153000328e+04 
       3.171639802127e-02       1.954460032736e+04 
       3.186404972715e-02       1.946765401282e+04 
       3.201215318251e-02       1.939062446962e+04 
       3.216072015547e-02       1.931351705565e+04 
       3.230976278567e-02       1.923645143349e+04 
       3.245929359904e-02       1.915924513861e+04 
       3.260932552315e-02       1.908215295977e+04 
       3.275987190350e-02       1.900494618635e+04 
       3.291094652050e-02       1.892765243857e+04 
       3.306256360739e-02       1.885056187756e+04 
       3.321473786902e-02       1.877332906303e+04 
       3.336748450172e-02       1.869605164314e+04 
       3.352081921410e-02       1.861885238990e+04 
       3.367475824902e-02       1.854162490305e+04 
       3.382931840671e-02       1.846436393578e+04 
       3.398451706920e-02       1.838717158903e+04 
       3.414037222603e-02       1.831000021799e+04 
       3.429690250145e-02       1.823281994088e+04 
       3.445412718307e-02       1.815565945521e+04 
       3.461206625220e-02       1.807854413414e+04 
       3.477074041597e-02       1.800142258962e+04 
       3.493017114116e-02       1.792435249036e+04 
       3.509038069023e-02       1.784726989967e+04 
       3.525139215932e-02       1.777029331654e+04 
       3.541322951860e-02       1.769323937569e+04 
       3.557591765512e-02       1.761639512045e+04 
       3.573948241822e-02       1.753941039788e+04 
       3.590395066782e-02       1.746255045298e+04 
       3.606935032577e-02       1.738574610168e+04 
       3.623571043041e-02       1.730894343670e+04 
       3.640306119476e-02       1.723215602317e+04 
       3.657143406843e-02       1.715543544633e+04 
       3.674086180372e-02       1.707878313468e+04 
       3.691137852612e-02       1.700212612756e+04 
       3.708301980957e-02       1.692554035227e+04 
       3.725582275704e-02       1.684900204852e+04 
       3.742982608661e-02       1.677248240591e+04 
       3.760507022376e-02       1.669598143599e+04 
       3.778159740019e-02       1.661952415678e+04 
       3.795945175999e-02       1.654311191764e+04 
       3.813867947349e-02       1.646672647534e+04 
       3.831932885977e-02       1.639040790862e+04 
       3.850145051848e-02       1.631407624909e+04 
       3.868509747173e-02       1.623781288956e+04 
       3.887032531728e-02       1.616154903441e+04 
       3.905719239372e-02       1.608534212807e+04 
       3.924575995915e-02       1.600910304521e+04 
       3.943609238445e-02       1.593292452254e+04 
       3.962825736260e-02       1.585670977706e+04 
       3.982232613588e-02       1.578053299039e+04 
       4.001837374243e-02       1.570432461324e+04 
       4.021647928450e-02       1.562812842466e+04 
       4.041672622054e-02       1.555188517742e+04 
       4.061920268366e-02       1.547572268605e+04 
       4.082400182943e-02       1.539948575691e+04 
       4.103122221626e-02       1.532324036818e+04 
       4.124096822194e-02       1.524689257788e+04 
       4.145335050072e-02       1.517060039882e+04 
       4.166848648547e-02       1.509418686273e+04 
       4.188650094040e-02       1.501768880873e+04 
       4.210752657051e-02       1.494117285742e+04 
       4.233170469475e-02       1.486454240122e+04 
       4.255918599094e-02       1.478784544358e+04 
       4.279013132176e-02       1.471102282262e+04 
       4.302471265238e-02       1.463412181337e+04 
       4.326311407208e-02       1.455703976004e+04 
       4.350553293400e-02       1.447985855514e+04 
       4.375218112967e-02       1.440244177521e+04 
       4.400328651740e-02       1.432490674107e+04 
       4.425909452705e-02       1.424716558742e+04 
       4.451986996746e-02       1.416921505436e+04 
       4.478589906732e-02       1.409102481982e+04 
       4.505749178608e-02       1.401262317745e+04 
       4.533498443765e-02       1.393387670357e+04 
       4.561874267829e-02       1.385483509273e+04 
       4.590916491925e-02       1.377547523597e+04 
       4.620668623715e-02       1.369573763607e+04 
       4.651178286928e-02       1.361563323190e+04 
       4.682497739912e-02       1.353504522739e+04 
       4.714684475927e-02       1.345401710238e+04 
       4.747801920668e-02       1.337246079402e+04 
       4.781920245861e-02       1.329028539982e+04 
       4.817117322073e-02       1.320757390628e+04 
       4.853479839194e-02       1.312413789107e+04 
       4.891104629747e-02       1.303993964209e+04 
       4.930100238709e-02       1.295499329213e+04 
       4.970588794267e-02       1.286908127449e+04 
       5.012708247624e-02       1.278223911576e+04 
       5.056615067432e-02       1.269421844911e+04 
       5.102487496652e-02       1.260497649767e+04 
       5.150529507952e-02       1.251444274934e+04 
       5.200975629692e-02       1.242234557015e+04 
       5.254096859694e-02       1.232850953553e+04 
       5.310207939977e-02       1.223270758223e+04 
       5.369676333149e-02       1.213465017029e+04 
       5.432933318652e-02       1.203407029209e+04 
       5.500487707797e-02       1.193047781862e+04 
       5.572942742134e-02       1.182328767193e+04 
       5.651016748684e-02       1.171193598651e+04 
       5.735567990166e-02       1.159556558365e+04 
       5.827623694613e-02       1.147302529442e+04 
       5.928412148278e-02       1.134280935211e+04 
       6.039394409651e-02       1.120306331618e+04 
       6.162287736570e-02       1.105115140683e+04 
       6.299065066439e-02       1.088360807224e+04 
       6.451903285115e-02       1.069586305299e+04 
       6.623040168858e-02       1.048212795231e+04 
       6.814496913151e-02       1.023544868580e+04 
       7.027654624319e-02       9.948487098879e+03 
       7.262765461517e-02       9.614978723406e+03 
       7.518609364055e-02       9.232113135700e+03 
       7.792548453231e-02       8.802998930855e+03 
       8.081045915939e-02       8.337547925655e+03 
       8.380406747328e-02       7.851649437759e+03 
       8.687380288555e-02       7.364124976466e+03 
       8.999439168106e-02       6.893811883671e+03 
       9.314781706991e-02       6.456613900688e+03 
       9.632196795267e-02       6.063999717443e+03 
       9.950900979989e-02       5.722573783814e+03 
       1.027039969943e-01       5.433848740696e+03 
       1.059038549111e-01       5.195478915093e+03 
       1.091066899861e-01       5.001568365427e+03 
       1.123113426577e-01       4.844032806388e+03 
       1.155171052316e-01       4.713344575980e+03 
       1.187235466031e-01       4.599490361463e+03 
       1.219304043888e-01       4.492852487319e+03 
       1.251375189172e-01       4.385153767148e+03 
       1.283447929737e-01       4.269769046983e+03 
       1.315521673003e-01       4.142795447521e+03 
       1.347596057037e-01       4.002703861233e+03 
       1.379670860077e-01       3.850462662272e+03 
       1.411745945604e-01       3.689019857247e+03 
       1.443821228979e-01       3.522718586236e+03 
       1.475896657188e-01       3.356584865918e+03 
       1.507972196541e-01       3.195600458066e+03 
       1.540047825188e-01       3.044173877426e+03 
       1.572123528577e-01       2.905705687577e+03 
       1.604199296683e-01       2.782484599909e+03 
       1.636275122314e-01       2.675352413262e+03 
       1.668351000083e-01       2.584060508359e+03 
       1.700426925774e-01       2.507237033276e+03 
       1.732502895945e-01       2.442687022049e+03 
       1.764578907691e-01       2.387663831966e+03 
       1.796654958485e-01       2.339151046900e+03 
       1.828731046085e-01       2.294310727440e+03 
       1.860807168468e-01       2.250660367874e+03 
       1.892883323789e-01       2.205421261944e+03 
       1.924959510349e-01       2.156763907743e+03 
       1.957035726576e-01       2.103773375008e+03 
       1.989111971010e-01       2.046312122543e+03 
       2.021188242289e-01       1.984963771316e+03 
       2.053264539139e-01       1.920926352275e+03 
       2.085340860368e-01       1.855790631502e+03 
       2.117417204858e-01       1.791136758190e+03 
       2.149493571560e-01       1.728472030043e+03 
       2.181569959484e-01       1.669077952848e+03 
       2.213646367703e-01       1.613920434960e+03 
       2.245722795339e-01       1.563567045039e+03 
       2.277799241566e-01       1.518308341691e+03 
       2.309875705605e-01       1.478135395720e+03 
       2.341952186719e-01       1.442689032053e+03 
       2.374028684210e-01       1.411327113796e+03 
       2.406105197420e-01       1.383266694088e+03 
       2.438181725724e-01       1.357483086326e+03 
       2.470258268530e-01       1.333044918733e+03 
       2.502334825278e-01       1.309057028385e+03 
       2.534411395433e-01       1.284797981884e+03 
       2.566487978491e-01       1.259762343052e+03 
       2.598564573971e-01       1.233656638561e+03 
       2.630641181416e-01       1.206420403688e+03 
       2.662717800390e-01       1.178166288172e+03 
       2.694794430480e-01       1.149134371936e+03 
       2.726871071290e-01       1.119732575440e+03 
       2.758947722446e-01       1.090436685787e+03 
       2.791024383587e-01       1.061722417185e+03 
       2.823101054373e-01       1.034075310073e+03 
       2.855177734475e-01       1.007880367000e+03 
       2.887254423582e-01       9.833882193213e+02 
       2.919331121396e-01       9.607129474322e+02 
       2.951407827630e-01       9.398476435467e+02 
       2.983484542012e-01       9.206450000412e+02 
       3.015561264281e-01       9.029070289471e+02 
       3.047637994185e-01       8.863745982822e+02 
       3.079714731486e-01       8.707848860345e+02 
       3.111791475954e-01       8.558312360503e+02 
       3.143868227367e-01       8.412743562571e+02 
       3.175944985515e-01       8.268478834271e+02 
       3.208021750194e-01       8.123898166142e+02 
       3.240098521209e-01       7.977251935026e+02 
       3.272175298374e-01       7.828244665989e+02 
       3.304252081508e-01       7.677143931373e+02 
       3.336328870439e-01       7.524815948834e+02 
       3.368405664999e-01       7.372245205803e+02 
       3.400482465029e-01       7.221096559112e+02 
       3.432559270375e-01       7.072638530742e+02 
       3.464636080888e-01       6.928140525933e+02 
       3.496712896426e-01       6.788635751875e+02 
       3.528789716851e-01       6.654834420295e+02 
       3.560866542030e-01       6.527403351183e+02 
       3.592943371836e-01       6.406591602388e+02 
       3.625020206144e-01       6.292269399863e+02 
       3.657097044837e-01       6.184127636187e+02 
       3.689173887798e-01       6.081004462313e+02 
       3.721250734918e-01       5.982140170779e+02 
       3.753327586090e-01       5.886554739561e+02 
       3.785404441209e-01       5.793210102666e+02 
       3.817481300176e-01       5.701450197079e+02 
       3.849558162894e-01       5.610651627111e+02 
       3.881635029270e-01       5.520589274124e+02 
       3.913711899214e-01       5.430858609564e+02 
       3.945788772638e-01       5.341571164575e+02 
       3.977865649458e-01       5.252799466834e+02 
       4.009942529591e-01       5.164491343410e+02 
       4.042019412960e-01       5.077146101020e+02 
       4.074096299486e-01       4.991092199138e+02 
       4.106173189096e-01       4.906872242623e+02 
       4.138250081718e-01       4.824730978783e+02 
       4.170326977281e-01       4.745089862017e+02 
       4.202403875719e-01       4.667836678511e+02 
       4.234480776966e-01       4.593190399050e+02 
       4.266557680958e-01       4.520918445550e+02 
       4.298634587633e-01       4.451118402075e+02 
       4.330711496932e-01       4.383646363494e+02 
       4.362788408797e-01       4.318193180731e+02 
       4.394865323171e-01       4.254676175482e+02 
       4.426942239999e-01       4.192841743123e+02 
       4.459019159229e-01       4.132375682584e+02 
       4.491096080808e-01       4.073061050326e+02 
       4.523173004686e-01       4.014615856468e+02 
       4.555249930816e-01       3.956768147163e+02 
       4.587326859148e-01       3.899701772248e+02 
       4.619403789638e-01       3.843195878872e+02 
       4.651480722241e-01       3.787428869836e+02 
       4.683557656912e-01       3.732398308641e+02 
       4.715634593610e-01       3.678141045808e+02 
       4.747711532294e-01       3.624761712226e+02 
       4.779788472922e-01       3.572397311938e+02 
       4.811865415457e-01       3.520830799144e+02 
       4.843942359860e-01       3.470562065250e+02 
       4.876019306095e-01       3.421463038053e+02 
       4.908096254125e-01       3.373694235622e+02 
       4.940173203914e-01       3.327244822055e+02 
       4.972250155430e-01       3.281999087274e+02 
       5.004327108639e-01       3.237888364343e+02 
       5.036404063507e-01       3.194820099129e+02 
       5.068481020005e-01       3.152581394059e+02 
       5.100557978100e-01       3.111109397891e+02 
       5.132634937763e-01       3.070494847738e+02 
       5.164711898964e-01       3.030554869524e+02 
       5.196788861675e-01       2.991319918741e+02 
       5.228865825868e-01       2.952552919815e+02 
       5.260942791516e-01       2.914352815621e+02 
       5.293019758592e-01       2.876641748088e+02 
       5.325096727071e-01       2.839391951887e+02 
       5.357173696927e-01       2.802721606682e+02 
       5.389250668135e-01       2.766743560565e+02 
       5.421327640671e-01       2.731232182881e+02 
       5.453404614513e-01       2.696553163324e+02 
       5.485481589636e-01       2.662372514927e+02 
       5.517558566019e-01       2.628907771325e+02 
       5.549635543639e-01       2.596110077913e+02 
       5.581712522476e-01       2.563895362253e+02 
       5.613789502508e-01       2.532319939131e+02 
       5.645866483715e-01       2.501312420002e+02 
       5.677943466076e-01       2.470988848149e+02 
       5.710020449573e-01       2.441200199635e+02 
       5.742097434186e-01       2.412026669232e+02 
       5.774174419897e-01       2.383264531747e+02 
       5.806251406688e-01       2.355007891548e+02 
       5.838328394539e-01       2.327142307426e+02 
       5.870405383435e-01       2.299706927456e+02 
       5.902482373358e-01       2.272729245002e+02 
       5.934559364292e-01       2.246154464282e+02 
       5.966636356219e-01       2.220003742774e+02 
       5.998713349124e-01       2.194235203454e+02 
       6.030790342992e-01       2.168823684314e+02 
       6.062867337807e-01       2.143727847555e+02 
       6.094944333553e-01       2.119109464756e+02 
       6.127021330217e-01       2.094816097265e+02 
       6.159098327785e-01       2.070912936731e+02 
       6.191175326241e-01       2.047441361337e+02 
       6.223252325572e-01       2.024356289706e+02 
       6.255329325765e-01       2.001737320962e+02 
       6.287406326806e-01       1.979417174517e+02 
       6.319483328683e-01       1.957471961587e+02 
       6.351560331382e-01       1.935873313688e+02 
       6.383637334892e-01       1.914608619825e+02 
       6.415714339200e-01       1.893692954031e+02 
       6.447791344295e-01       1.873075515547e+02 
       6.479868350163e-01       1.852863038830e+02 
       6.511945356795e-01       1.832887367480e+02 
       6.544022364179e-01       1.813209418652e+02 
       6.576099372304e-01       1.793789902885e+02 
       6.608176381158e-01       1.774692224160e+02 
       6.640253390732e-01       1.755780006324e+02 
       6.672330401015e-01       1.737234684635e+02 
       6.704407411996e-01       1.718893530191e+02 
       6.736484423666e-01       1.700850825515e+02 
       6.768561436015e-01       1.683094412523e+02 
       6.800638449034e-01       1.665582930422e+02 
       6.832715462712e-01       1.648309049427e+02 
       6.864792477041e-01       1.631219724173e+02 
       6.896869492012e-01       1.614452558940e+02 
       6.928946507615e-01       1.597943492460e+02 
       6.961023523841e-01       1.581627964942e+02 
       6.993100540683e-01       1.565593456139e+02 
       7.025177558132e-01       1.549783547849e+02 
       7.057254576179e-01       1.534230131147e+02 
       7.089331594817e-01       1.518838712699e+02 
       7.121408614036e-01       1.503680698872e+02 
       7.153485633831e-01       1.488715725513e+02 
       7.185562654192e-01       1.473970993753e+02 
       7.217639675112e-01       1.459454784614e+02 
       7.249716696584e-01       1.445167405401e+02 
       7.281793718600e-01       1.430996783197e+02 
       7.313870741154e-01       1.417071915069e+02 
       7.345947764238e-01       1.403286546574e+02 
       7.378024787845e-01       1.389709766163e+02 
       7.410101811968e-01       1.376247563774e+02 
       7.442178836601e-01       1.363029802203e+02 
       7.474255861738e-01       1.349986228962e+02 
       7.506332887371e-01       1.337122603520e+02 
       8.196118435636e-01       1.097352333716e+02 
       9.190766121677e-01       8.459540700164e+01 
       1.076764585077e+00       5.875264912976e+01 
       1.326988240451e+00       3.602723422255e+01 
       1.668109246970e+00       2.089105658932e+01 
       2.099980593559e+00       1.196353344098e+01 
       2.643718777523e+00       6.794804246595e+00 
       3.328244750585e+00       3.830287430344e+00 
       4.190011893182e+00       2.144707625501e+00 
       5.274912448046e+00       1.193585584762e+00 
       6.640721325835e+00       6.605114303082e-01 
       8.360172829737e+00       3.636374755239e-01 
       1.052483402235e+01       1.992487975443e-01 
       1.324998100565e+01       1.086923571446e-01 
       1.668073779380e+01       5.905106908803e-02 
       2.099980469609e+01       3.195859371475e-02 
       2.643718777462e+01       1.723196902229e-02 
       3.328244750585e+01       9.258639963605e-03 
       4.190011893182e+01       4.956626133112e-03 
       5.274912448046e+01       2.643618037498e-03 
       6.640721325835e+01       1.404087936224e-03 
       8.360172829737e+01       7.420971932255e-04 
       1.052483402235e+02       3.898100074346e-04 
