# dimensionless [l(l+1)/2pi] C_l's for tensor mode
# for l=2 to 500, i.e. number of multipoles equal to 499
#
# -> if you prefer output in CAMB/HealPix/LensPix units/order, set 'format' to 'camb' in input file
# -> if you don't want to see such a header, set 'headers' to 'no' in input file
# -> for CMB lensing (phi), these are C_l^phi-phi for the lensing potential.
#    Remember the conversion factors:
#    C_l^dd (deflection) = l(l+1) C_l^phi-phi
#    C_l^gg (shear/convergence) = 1/4 (l(l+1))^2 C_l^phi-phi
#
# 1:l     2:TT                     3:EE                     4:TE                     5:BB                     6:phiphi                 7:TPhi                   8:Ephi               
    2       1.428819746568e-10       2.662181541701e-15       1.670740285326e-13       4.752087211064e-15       0.000000000000e+00       0.000000000000e+00       0.000000000000e+00 
    3       1.089155567025e-10       2.820133960893e-15      -8.564493391969e-15       4.790436485264e-15       0.000000000000e+00       0.000000000000e+00       0.000000000000e+00 
    4       9.767250222076e-11       2.591460484745e-15      -6.080032261236e-14       4.170347940946e-15       0.000000000000e+00       0.000000000000e+00       0.000000000000e+00 
    5       9.297036828873e-11       2.074336848036e-15      -7.167270582695e-14       3.270296477176e-15       0.000000000000e+00       0.000000000000e+00       0.000000000000e+00 
    6       9.018398488267e-11       1.497479145236e-15      -6.812442014618e-14       2.375877941198e-15       0.000000000000e+00       0.000000000000e+00       0.000000000000e+00 
    7       8.842543634255e-11       1.021427570915e-15      -6.044467981668e-14       1.644739007757e-15       0.000000000000e+00       0.000000000000e+00       0.000000000000e+00 
    8       8.723637374411e-11       7.119255051779e-16      -5.316483894312e-14       1.130200286250e-15       0.000000000000e+00       0.000000000000e+00       0.000000000000e+00 
    9       8.637149206733e-11       5.646274501525e-16      -4.796282214589e-14       8.207832269562e-16       0.000000000000e+00       0.000000000000e+00       0.000000000000e+00 
   10       8.568941096886e-11       5.404323905080e-16      -4.518202209437e-14       6.754674776856e-16       0.000000000000e+00       0.000000000000e+00       0.000000000000e+00 
   11       8.510743159329e-11       5.945271203793e-16      -4.459796230978e-14       6.464670006321e-16       0.000000000000e+00       0.000000000000e+00       0.000000000000e+00 
   12       8.457759028601e-11       6.911335498925e-16      -4.581357135110e-14       6.924178886621e-16       0.000000000000e+00       0.000000000000e+00       0.000000000000e+00 
   13       8.407130932154e-11       8.083369030765e-16      -4.844797112235e-14       7.824503007479e-16       0.000000000000e+00       0.000000000000e+00       0.000000000000e+00 
   14       8.357083283627e-11       9.350214742333e-16      -5.219752792163e-14       8.969870665592e-16       0.000000000000e+00       0.000000000000e+00       0.000000000000e+00 
   15       8.306513784361e-11       1.067591456203e-15      -5.683567767448e-14       1.024437442982e-15       0.000000000000e+00       0.000000000000e+00       0.000000000000e+00 
   16       8.254766858692e-11       1.205192193875e-15      -6.220590450486e-14       1.159363447391e-15       0.000000000000e+00       0.000000000000e+00       0.000000000000e+00 
   17       8.201474596151e-11       1.348032103766e-15      -6.819979490375e-14       1.299443000919e-15       0.000000000000e+00       0.000000000000e+00       0.000000000000e+00 
   18       8.145859237777e-11       1.496514537245e-15      -7.473116907796e-14       1.443785425470e-15       0.000000000000e+00       0.000000000000e+00       0.000000000000e+00 
   19       8.089650924394e-11       1.650588886839e-15      -8.175539953007e-14       1.592162366165e-15       0.000000000000e+00       0.000000000000e+00       0.000000000000e+00 
   20       8.030925879413e-11       1.810104818518e-15      -8.921775067804e-14       1.744597425428e-15       0.000000000000e+00       0.000000000000e+00       0.000000000000e+00 
   21       7.970737793957e-11       1.974802679346e-15      -9.708108135092e-14       1.900956524913e-15       0.000000000000e+00       0.000000000000e+00       0.000000000000e+00 
   22       7.908540243550e-11       2.144421983872e-15      -1.053043469311e-13       2.061126937265e-15       0.000000000000e+00       0.000000000000e+00       0.000000000000e+00 
   23       7.845078366313e-11       2.318817086165e-15      -1.138567172852e-13       2.225014038392e-15       0.000000000000e+00       0.000000000000e+00       0.000000000000e+00 
   24       7.779746125516e-11       2.497926852040e-15      -1.227046760314e-13       2.392561744370e-15       0.000000000000e+00       0.000000000000e+00       0.000000000000e+00 
   25       7.713134340180e-11       2.681754957605e-15      -1.318167467338e-13       2.563610391372e-15       0.000000000000e+00       0.000000000000e+00       0.000000000000e+00 
   26       7.644912099217e-11       2.870362447022e-15      -1.411594591806e-13       2.737971466246e-15       0.000000000000e+00       0.000000000000e+00       0.000000000000e+00 
   27       7.575325360859e-11       3.063797720714e-15      -1.507071427087e-13       2.915380748157e-15       0.000000000000e+00       0.000000000000e+00       0.000000000000e+00 
   28       7.503975235802e-11       3.262083684718e-15      -1.604351283313e-13       3.095561793565e-15       0.000000000000e+00       0.000000000000e+00       0.000000000000e+00 
   29       7.431646296279e-11       3.465017698479e-15      -1.703203433457e-13       3.278289510797e-15       0.000000000000e+00       0.000000000000e+00       0.000000000000e+00 
   30       7.358425405903e-11       3.672297164537e-15      -1.803387738227e-13       3.463367616959e-15       0.000000000000e+00       0.000000000000e+00       0.000000000000e+00 
   31       7.283495620222e-11       3.883597322628e-15      -1.904656358173e-13       3.650605045225e-15       0.000000000000e+00       0.000000000000e+00       0.000000000000e+00 
   32       7.207376634261e-11       4.098666409101e-15      -2.006798169233e-13       3.839764109414e-15       0.000000000000e+00       0.000000000000e+00       0.000000000000e+00 
   33       7.130297565757e-11       4.317262813573e-15      -2.109610966085e-13       4.030593316638e-15       0.000000000000e+00       0.000000000000e+00       0.000000000000e+00 
   34       7.051879927395e-11       4.539140228754e-15      -2.212894329596e-13       4.222838460965e-15       0.000000000000e+00       0.000000000000e+00       0.000000000000e+00 
   35       6.972456551821e-11       4.764085967843e-15      -2.316463655185e-13       4.416235097760e-15       0.000000000000e+00       0.000000000000e+00       0.000000000000e+00 
   36       6.892064871824e-11       4.991895256903e-15      -2.420142035436e-13       4.610512952302e-15       0.000000000000e+00       0.000000000000e+00       0.000000000000e+00 
   37       6.810358361847e-11       5.222358110263e-15      -2.523749975680e-13       4.805407834791e-15       0.000000000000e+00       0.000000000000e+00       0.000000000000e+00 
   38       6.727761954353e-11       5.455249575331e-15      -2.627080417033e-13       5.000696891253e-15       0.000000000000e+00       0.000000000000e+00       0.000000000000e+00 
   39       6.644598317057e-11       5.690335674505e-15      -2.729915940541e-13       5.196175390955e-15       0.000000000000e+00       0.000000000000e+00       0.000000000000e+00 
   40       6.560715910711e-11       5.927375465382e-15      -2.832035540464e-13       5.391647971093e-15       0.000000000000e+00       0.000000000000e+00       0.000000000000e+00 
   41       6.475722312043e-11       6.166148606700e-15      -2.933254542214e-13       5.586909345937e-15       0.000000000000e+00       0.000000000000e+00       0.000000000000e+00 
   42       6.389893239384e-11       6.406549853739e-15      -3.033559771967e-13       5.781677618562e-15       0.000000000000e+00       0.000000000000e+00       0.000000000000e+00 
   43       6.303477030667e-11       6.648524620645e-15      -3.133018538247e-13       5.975640144147e-15       0.000000000000e+00       0.000000000000e+00       0.000000000000e+00 
   44       6.216408876992e-11       6.892045129717e-15      -3.231745375453e-13       6.168470650830e-15       0.000000000000e+00       0.000000000000e+00       0.000000000000e+00 
   45       6.128479417137e-11       7.137060537211e-15      -3.329828711400e-13       6.359844954522e-15       0.000000000000e+00       0.000000000000e+00       0.000000000000e+00 
   46       6.039970353250e-11       7.383326006372e-15      -3.427078095206e-13       6.549495677027e-15       0.000000000000e+00       0.000000000000e+00       0.000000000000e+00 
   47       5.951158526687e-11       7.630525077737e-15      -3.523206187296e-13       6.737172463554e-15       0.000000000000e+00       0.000000000000e+00       0.000000000000e+00 
   48       5.862116527398e-11       7.878315177378e-15      -3.617896814798e-13       6.922626965249e-15       0.000000000000e+00       0.000000000000e+00       0.000000000000e+00 
   49       5.772694518269e-11       8.126326153889e-15      -3.710803400222e-13       7.105612955897e-15       0.000000000000e+00       0.000000000000e+00       0.000000000000e+00 
   50       5.682659693701e-11       8.374180937858e-15      -3.801579546005e-13       7.285887074203e-15       0.000000000000e+00       0.000000000000e+00       0.000000000000e+00 
   51       5.592201449641e-11       8.621567525485e-15      -3.889984220624e-13       7.463211017403e-15       0.000000000000e+00       0.000000000000e+00       0.000000000000e+00 
   52       5.501531918503e-11       8.868184005197e-15      -3.975802407950e-13       7.637350144812e-15       0.000000000000e+00       0.000000000000e+00       0.000000000000e+00 
   53       5.410729817180e-11       9.113717730952e-15      -4.058815390096e-13       7.808073046964e-15       0.000000000000e+00       0.000000000000e+00       0.000000000000e+00 
   54       5.319729689468e-11       9.357844900287e-15      -4.138800689322e-13       7.975151691750e-15       0.000000000000e+00       0.000000000000e+00       0.000000000000e+00 
   55       5.228417261411e-11       9.600253435516e-15      -4.215554694900e-13       8.138372462153e-15       0.000000000000e+00       0.000000000000e+00       0.000000000000e+00 
   56       5.136967891718e-11       9.840719250351e-15      -4.288967259188e-13       8.297572145623e-15       0.000000000000e+00       0.000000000000e+00       0.000000000000e+00 
   57       5.045573356949e-11       1.007904819045e-14      -4.358965531053e-13       8.452611141214e-15       0.000000000000e+00       0.000000000000e+00       0.000000000000e+00 
   58       4.954336625874e-11       1.031505486563e-14      -4.425493702265e-13       8.603363909380e-15       0.000000000000e+00       0.000000000000e+00       0.000000000000e+00 
   59       4.863265236167e-11       1.054856313578e-14      -4.488513833225e-13       8.749719542465e-15       0.000000000000e+00       0.000000000000e+00       0.000000000000e+00 
   60       4.772264671088e-11       1.077940659687e-14      -4.548006678693e-13       8.891582335191e-15       0.000000000000e+00       0.000000000000e+00       0.000000000000e+00 
   61       4.681219348370e-11       1.100742169783e-14      -4.603959531742e-13       9.028863970139e-15       0.000000000000e+00       0.000000000000e+00       0.000000000000e+00 
   62       4.590271813701e-11       1.123242418659e-14      -4.656324699081e-13       9.161456733873e-15       0.000000000000e+00       0.000000000000e+00       0.000000000000e+00 
   63       4.499594747234e-11       1.145422821539e-14      -4.705053127927e-13       9.289255273867e-15       0.000000000000e+00       0.000000000000e+00       0.000000000000e+00 
   64       4.409305114030e-11       1.167265349044e-14      -4.750106970944e-13       9.412164751423e-15       0.000000000000e+00       0.000000000000e+00       0.000000000000e+00 
   65       4.319460320618e-11       1.188752552408e-14      -4.791460000074e-13       9.530101146108e-15       0.000000000000e+00       0.000000000000e+00       0.000000000000e+00 
   66       4.230054371552e-11       1.209867588690e-14      -4.829098020364e-13       9.642991560198e-15       0.000000000000e+00       0.000000000000e+00       0.000000000000e+00 
   67       4.141014025975e-11       1.230594245993e-14      -4.863019283794e-13       9.750774523110e-15       0.000000000000e+00       0.000000000000e+00       0.000000000000e+00 
   68       4.052258859787e-11       1.250916784779e-14      -4.893229426315e-13       9.853394965784e-15       0.000000000000e+00       0.000000000000e+00       0.000000000000e+00 
   69       3.963904175659e-11       1.270819368141e-14      -4.919724162647e-13       9.950787280794e-15       0.000000000000e+00       0.000000000000e+00       0.000000000000e+00 
   70       3.876092492318e-11       1.290286560858e-14      -4.942503812298e-13       1.004288936091e-14       0.000000000000e+00       0.000000000000e+00       0.000000000000e+00 
   71       3.788931107339e-11       1.309303523217e-14      -4.961578734953e-13       1.012964779055e-14       0.000000000000e+00       0.000000000000e+00       0.000000000000e+00 
   72       3.702489888122e-11       1.327856031524e-14      -4.976969604232e-13       1.021101801392e-14       0.000000000000e+00       0.000000000000e+00       0.000000000000e+00 
   73       3.616799062863e-11       1.345930498616e-14      -4.988707681446e-13       1.028696450313e-14       0.000000000000e+00       0.000000000000e+00       0.000000000000e+00 
   74       3.531847011533e-11       1.363513994374e-14      -4.996835089356e-13       1.035746092629e-14       0.000000000000e+00       0.000000000000e+00       0.000000000000e+00 
   75       3.447578056847e-11       1.380594266232e-14      -5.001405085925e-13       1.042249031567e-14       0.000000000000e+00       0.000000000000e+00       0.000000000000e+00 
   76       3.363934547959e-11       1.397159578221e-14      -5.002475020025e-13       1.048204293790e-14       0.000000000000e+00       0.000000000000e+00       0.000000000000e+00 
   77       3.280996854375e-11       1.413198148868e-14      -5.000083110378e-13       1.053610908475e-14       0.000000000000e+00       0.000000000000e+00       0.000000000000e+00 
   78       3.198865005856e-11       1.428698647585e-14      -4.994267909824e-13       1.058468526704e-14       0.000000000000e+00       0.000000000000e+00       0.000000000000e+00 
   79       3.117615384715e-11       1.443650383561e-14      -4.985075369423e-13       1.062777651494e-14       0.000000000000e+00       0.000000000000e+00       0.000000000000e+00 
   80       3.037299425053e-11       1.458043322555e-14      -4.972558962142e-13       1.066539649902e-14       0.000000000000e+00       0.000000000000e+00       0.000000000000e+00 
   81       2.957942311985e-11       1.471868103682e-14      -4.956779806555e-13       1.069756765119e-14       0.000000000000e+00       0.000000000000e+00       0.000000000000e+00 
   82       2.879541680878e-11       1.485116056210e-14      -4.937806790531e-13       1.072432128571e-14       0.000000000000e+00       0.000000000000e+00       0.000000000000e+00 
   83       2.802066316581e-11       1.497779216344e-14      -4.915716694937e-13       1.074569772026e-14       0.000000000000e+00       0.000000000000e+00       0.000000000000e+00 
   84       2.725484350737e-11       1.509850197096e-14      -4.890589151057e-13       1.076174279970e-14       0.000000000000e+00       0.000000000000e+00       0.000000000000e+00 
   85       2.649856073947e-11       1.521321736332e-14      -4.862490281437e-13       1.077249654062e-14       0.000000000000e+00       0.000000000000e+00       0.000000000000e+00 
   86       2.575254196541e-11       1.532187104232e-14      -4.831486561220e-13       1.077800281745e-14       0.000000000000e+00       0.000000000000e+00       0.000000000000e+00 
   87       2.501734925381e-11       1.542440257669e-14      -4.797649779608e-13       1.077831285181e-14       0.000000000000e+00       0.000000000000e+00       0.000000000000e+00 
   88       2.429337158857e-11       1.552075854523e-14      -4.761057076727e-13       1.077348527313e-14       0.000000000000e+00       0.000000000000e+00       0.000000000000e+00 
   89       2.358081681886e-11       1.561089268005e-14      -4.721790980497e-13       1.076358617914e-14       0.000000000000e+00       0.000000000000e+00       0.000000000000e+00 
   90       2.287970360910e-11       1.569476600977e-14      -4.679939443493e-13       1.074868919645e-14       0.000000000000e+00       0.000000000000e+00       0.000000000000e+00 
   91       2.218985338896e-11       1.577234700276e-14      -4.635595879817e-13       1.072887554106e-14       0.000000000000e+00       0.000000000000e+00       0.000000000000e+00 
   92       2.151088230333e-11       1.584361171030e-14      -4.588859201960e-13       1.070423407895e-14       0.000000000000e+00       0.000000000000e+00       0.000000000000e+00 
   93       2.084243560391e-11       1.590854114122e-14      -4.539828583885e-13       1.067485677454e-14       0.000000000000e+00       0.000000000000e+00       0.000000000000e+00 
   94       2.018494863454e-11       1.596711262298e-14      -4.488586769214e-13       1.064082412170e-14       0.000000000000e+00       0.000000000000e+00       0.000000000000e+00 
   95       1.953898594699e-11       1.601930740003e-14      -4.435214309071e-13       1.060221762331e-14       0.000000000000e+00       0.000000000000e+00       0.000000000000e+00 
   96       1.890500439849e-11       1.606511339043e-14      -4.379794577136e-13       1.055912420536e-14       0.000000000000e+00       0.000000000000e+00       0.000000000000e+00 
   97       1.828334842967e-11       1.610452529106e-14      -4.322413734110e-13       1.051163621418e-14       0.000000000000e+00       0.000000000000e+00       0.000000000000e+00 
   98       1.767424534251e-11       1.613754468283e-14      -4.263160692200e-13       1.045985141364e-14       0.000000000000e+00       0.000000000000e+00       0.000000000000e+00 
   99       1.707780057825e-11       1.616418013589e-14      -4.202127079584e-13       1.040387298244e-14       0.000000000000e+00       0.000000000000e+00       0.000000000000e+00 
  100       1.649399299536e-11       1.618444731481e-14      -4.139407204891e-13       1.034380951131e-14       0.000000000000e+00       0.000000000000e+00       0.000000000000e+00 
  101       1.592267014749e-11       1.619836908382e-14      -4.075098021671e-13       1.027977500026e-14       0.000000000000e+00       0.000000000000e+00       0.000000000000e+00 
  102       1.536354356135e-11       1.620597561200e-14      -4.009299092872e-13       1.021188885580e-14       0.000000000000e+00       0.000000000000e+00       0.000000000000e+00 
  103       1.481618401472e-11       1.620730447847e-14      -3.942112555312e-13       1.014027588822e-14       0.000000000000e+00       0.000000000000e+00       0.000000000000e+00 
  104       1.428020137074e-11       1.620239742742e-14      -3.873639342758e-13       1.006506189415e-14       0.000000000000e+00       0.000000000000e+00       0.000000000000e+00 
  105       1.375582191823e-11       1.619128990723e-14      -3.803967350614e-13       9.986359730861e-15       0.000000000000e+00       0.000000000000e+00       0.000000000000e+00 
  106       1.324338058148e-11       1.617402030775e-14      -3.733181598783e-13       9.904281346904e-15       0.000000000000e+00       0.000000000000e+00       0.000000000000e+00 
  107       1.274314066675e-11       1.615063325195e-14      -3.661367754575e-13       9.818941978107e-15       0.000000000000e+00       0.000000000000e+00       0.000000000000e+00 
  108       1.225529116833e-11       1.612117966425e-14      -3.588612056069e-13       9.730460096281e-15       0.000000000000e+00       0.000000000000e+00       0.000000000000e+00 
  109       1.177994407458e-11       1.608571683895e-14      -3.515001235473e-13       9.638957357951e-15       0.000000000000e+00       0.000000000000e+00       0.000000000000e+00 
  110       1.131713167393e-11       1.604430850860e-14      -3.440622442482e-13       9.544558553078e-15       0.000000000000e+00       0.000000000000e+00       0.000000000000e+00 
  111       1.086680386096e-11       1.599702491240e-14      -3.365563167639e-13       9.447391553786e-15       0.000000000000e+00       0.000000000000e+00       0.000000000000e+00 
  112       1.042882544240e-11       1.594394286461e-14      -3.289911165695e-13       9.347587263080e-15       0.000000000000e+00       0.000000000000e+00       0.000000000000e+00 
  113       1.000297344316e-11       1.588514582287e-14      -3.213754378968e-13       9.245279563574e-15       0.000000000000e+00       0.000000000000e+00       0.000000000000e+00 
  114       9.588934412375e-12       1.582072395670e-14      -3.137180860701e-13       9.140605266217e-15       0.000000000000e+00       0.000000000000e+00       0.000000000000e+00 
  115       9.186301729436e-12       1.575077421578e-14      -3.060278698428e-13       9.033704059013e-15       0.000000000000e+00       0.000000000000e+00       0.000000000000e+00 
  116       8.794702456123e-12       1.567539620002e-14      -2.983134017318e-13       8.924714502082e-15       0.000000000000e+00       0.000000000000e+00       0.000000000000e+00 
  117       8.414201149376e-12       1.559467905365e-14      -2.905824878691e-13       8.813761570074e-15       0.000000000000e+00       0.000000000000e+00       0.000000000000e+00 
  118       8.044940314206e-12       1.550871309869e-14      -2.828426492310e-13       8.700967491808e-15       0.000000000000e+00       0.000000000000e+00       0.000000000000e+00 
  119       7.687013718864e-12       1.541759392170e-14      -2.751012977410e-13       8.586455483115e-15       0.000000000000e+00       0.000000000000e+00       0.000000000000e+00 
  120       7.340464846289e-12       1.532142240505e-14      -2.673657269081e-13       8.470349660611e-15       0.000000000000e+00       0.000000000000e+00       0.000000000000e+00 
  121       7.005285345555e-12       1.522030475816e-14      -2.596431024656e-13       8.352774955456e-15       0.000000000000e+00       0.000000000000e+00       0.000000000000e+00 
  122       6.681413483307e-12       1.511435254881e-14      -2.519404530091e-13       8.233857027128e-15       0.000000000000e+00       0.000000000000e+00       0.000000000000e+00 
  123       6.368732595214e-12       1.500368273441e-14      -2.442646606351e-13       8.113722177183e-15       0.000000000000e+00       0.000000000000e+00       0.000000000000e+00 
  124       6.067069537408e-12       1.488841769323e-14      -2.366224515791e-13       7.992497263027e-15       0.000000000000e+00       0.000000000000e+00       0.000000000000e+00 
  125       5.776193137930e-12       1.476868525569e-14      -2.290203868539e-13       7.870309611680e-15       0.000000000000e+00       0.000000000000e+00       0.000000000000e+00 
  126       5.495812648174e-12       1.464461873565e-14      -2.214648528886e-13       7.747286933543e-15       0.000000000000e+00       0.000000000000e+00       0.000000000000e+00 
  127       5.225576194329e-12       1.451635696164e-14      -2.139620521659e-13       7.623557236165e-15       0.000000000000e+00       0.000000000000e+00       0.000000000000e+00 
  128       4.965069228830e-12       1.438404430818e-14      -2.065179938615e-13       7.499248738010e-15       0.000000000000e+00       0.000000000000e+00       0.000000000000e+00 
  129       4.713911626387e-12       1.424782532947e-14      -1.991385152808e-13       7.374487050516e-15       0.000000000000e+00       0.000000000000e+00       0.000000000000e+00 
  130       4.472064304205e-12       1.410782792876e-14      -1.918293687138e-13       7.249386557916e-15       0.000000000000e+00       0.000000000000e+00       0.000000000000e+00 
  131       4.239553468513e-12       1.396417839312e-14      -1.845961264616e-13       7.124057924406e-15       0.000000000000e+00       0.000000000000e+00       0.000000000000e+00 
  132       4.016374150733e-12       1.381700661826e-14      -1.774441418397e-13       6.998610636349e-15       0.000000000000e+00       0.000000000000e+00       0.000000000000e+00 
  133       3.802489364791e-12       1.366644610108e-14      -1.703785400368e-13       6.873152896494e-15       0.000000000000e+00       0.000000000000e+00       0.000000000000e+00 
  134       3.597829264425e-12       1.351263393240e-14      -1.634042089738e-13       6.747791518196e-15       0.000000000000e+00       0.000000000000e+00       0.000000000000e+00 
  135       3.402290300495e-12       1.335571078955e-14      -1.565257901623e-13       6.622631819632e-15       0.000000000000e+00       0.000000000000e+00       0.000000000000e+00 
  136       3.215734378287e-12       1.319582092906e-14      -1.497476695636e-13       6.497777518027e-15       0.000000000000e+00       0.000000000000e+00       0.000000000000e+00 
  137       3.037988014830e-12       1.303311217926e-14      -1.430739684470e-13       6.373330623868e-15       0.000000000000e+00       0.000000000000e+00       0.000000000000e+00 
  138       2.868841496197e-12       1.286773593297e-14      -1.365085342489e-13       6.249391335126e-15       0.000000000000e+00       0.000000000000e+00       0.000000000000e+00 
  139       2.708048034821e-12       1.269984714011e-14      -1.300549314316e-13       6.126057931477e-15       0.000000000000e+00       0.000000000000e+00       0.000000000000e+00 
  140       2.555322926799e-12       1.252960430038e-14      -1.237164323418e-13       6.003426668519e-15       0.000000000000e+00       0.000000000000e+00       0.000000000000e+00 
  141       2.410342709201e-12       1.235716945589e-14      -1.174960080693e-13       5.881591671991e-15       0.000000000000e+00       0.000000000000e+00       0.000000000000e+00 
  142       2.272744317382e-12       1.218270818381e-14      -1.113963193062e-13       5.760644831997e-15       0.000000000000e+00       0.000000000000e+00       0.000000000000e+00 
  143       2.142124242290e-12       1.200638958901e-14      -1.054197072049e-13       5.640675697223e-15       0.000000000000e+00       0.000000000000e+00       0.000000000000e+00 
  144       2.018113408462e-12       1.182837997432e-14      -9.956843253299e-14       5.521770965319e-15       0.000000000000e+00       0.000000000000e+00       0.000000000000e+00 
  145       1.900611906809e-12       1.164882316348e-14      -9.384543900564e-14       5.404013120753e-15       0.000000000000e+00       0.000000000000e+00       0.000000000000e+00 
  146       1.789575909154e-12       1.146785821531e-14      -8.825364818060e-14       5.287481460960e-15       0.000000000000e+00       0.000000000000e+00       0.000000000000e+00 
  147       1.684943621627e-12       1.128562552856e-14      -8.279571027413e-14       5.172252380975e-15       0.000000000000e+00       0.000000000000e+00       0.000000000000e+00 
  148       1.586634877147e-12       1.110226679828e-14      -7.747399644682e-14       5.058399265330e-15       0.000000000000e+00       0.000000000000e+00       0.000000000000e+00 
  149       1.494550727909e-12       1.091792497207e-14      -7.229059108925e-14       4.945992379957e-15       0.000000000000e+00       0.000000000000e+00       0.000000000000e+00 
  150       1.408573037866e-12       1.073274420643e-14      -6.724728410780e-14       4.835098764083e-15       0.000000000000e+00       0.000000000000e+00       0.000000000000e+00 
  151       1.328564075220e-12       1.054686982306e-14      -6.234556321029e-14       4.725782122129e-15       0.000000000000e+00       0.000000000000e+00       0.000000000000e+00 
  152       1.254366104901e-12       1.036044826520e-14      -5.758660619176e-14       4.618102715611e-15       0.000000000000e+00       0.000000000000e+00       0.000000000000e+00 
  153       1.185800981059e-12       1.017362705387e-14      -5.297127322017e-14       4.512117255035e-15       0.000000000000e+00       0.000000000000e+00       0.000000000000e+00 
  154       1.122669739543e-12       9.986554744251e-15      -4.850009912216e-14       4.407878791801e-15       0.000000000000e+00       0.000000000000e+00       0.000000000000e+00 
  155       1.064752190389e-12       9.799380881972e-15      -4.417328566873e-14       4.305436610097e-15       0.000000000000e+00       0.000000000000e+00       0.000000000000e+00 
  156       1.011806510308e-12       9.612255959412e-15      -3.999069386100e-14       4.204836118800e-15       0.000000000000e+00       0.000000000000e+00       0.000000000000e+00 
  157       9.635688351668e-13       9.425331372021e-15      -3.595183621593e-14       4.106118743373e-15       0.000000000000e+00       0.000000000000e+00       0.000000000000e+00 
  158       9.197528524746e-13       9.238759374630e-15      -3.205586905203e-14       4.009321817767e-15       0.000000000000e+00       0.000000000000e+00       0.000000000000e+00 
  159       8.800493938705e-13       9.052693037761e-15      -2.830158477511e-14       3.914478476318e-15       0.000000000000e+00       0.000000000000e+00       0.000000000000e+00 
  160       8.441260276065e-13       8.867286203938e-15      -2.468740416400e-14       3.821617545642e-15       0.000000000000e+00       0.000000000000e+00       0.000000000000e+00 
  161       8.116801758569e-13       8.682687523201e-15      -2.121186619445e-14       3.730766732966e-15       0.000000000000e+00       0.000000000000e+00       0.000000000000e+00 
  162       7.826046009100e-13       8.499022058607e-15      -1.787516238420e-14       3.641962734888e-15       0.000000000000e+00       0.000000000000e+00       0.000000000000e+00 
  163       7.568358426659e-13       8.316407962987e-15      -1.467772402266e-14       3.555241820122e-15       0.000000000000e+00       0.000000000000e+00       0.000000000000e+00 
  164       7.343018500566e-13       8.134962183073e-15      -1.161973145425e-14       3.470636521279e-15       0.000000000000e+00       0.000000000000e+00       0.000000000000e+00 
  165       7.149218197919e-13       7.954800388570e-15      -8.701108653305e-15       3.388175541930e-15       0.000000000000e+00       0.000000000000e+00       0.000000000000e+00 
  166       6.986060351056e-13       7.776036901227e-15      -5.921517798850e-15       3.307883663674e-15       0.000000000000e+00       0.000000000000e+00       0.000000000000e+00 
  167       6.852557045019e-13       7.598784623905e-15      -3.280353849471e-15       3.229781653202e-15       0.000000000000e+00       0.000000000000e+00       0.000000000000e+00 
  168       6.747628005019e-13       7.423154969650e-15      -7.767391181416e-16       3.153886169362e-15       0.000000000000e+00       0.000000000000e+00       0.000000000000e+00 
  169       6.670098983896e-13       7.249257790761e-15       1.590482152939e-15       3.080209670223e-15       0.000000000000e+00       0.000000000000e+00       0.000000000000e+00 
  170       6.618700149583e-13       7.077201307862e-15       3.822749217508e-15       3.008760320143e-15       0.000000000000e+00       0.000000000000e+00       0.000000000000e+00 
  171       6.592064472568e-13       6.907092038973e-15       5.921790250403e-15       2.939541896832e-15       0.000000000000e+00       0.000000000000e+00       0.000000000000e+00 
  172       6.588726113360e-13       6.739034728577e-15       7.889627772725e-15       2.872553698419e-15       0.000000000000e+00       0.000000000000e+00       0.000000000000e+00 
  173       6.607118809948e-13       6.573132276692e-15       9.728584077003e-15       2.807790450513e-15       0.000000000000e+00       0.000000000000e+00       0.000000000000e+00 
  174       6.645574265267e-13       6.409485667945e-15       1.144128665235e-14       2.745242213275e-15       0.000000000000e+00       0.000000000000e+00       0.000000000000e+00 
  175       6.702320534658e-13       6.248193900636e-15       1.303067360964e-14       2.684894288477e-15       0.000000000000e+00       0.000000000000e+00       0.000000000000e+00 
  176       6.775480413334e-13       6.089353915811e-15       1.449999910666e-14       2.626727126569e-15       0.000000000000e+00       0.000000000000e+00       0.000000000000e+00 
  177       6.863069823841e-13       5.933060526336e-15       1.585283877327e-14       2.570716233746e-15       0.000000000000e+00       0.000000000000e+00       0.000000000000e+00 
  178       6.962996203521e-13       5.779406345960e-15       1.709309513657e-14       2.516832079013e-15       0.000000000000e+00       0.000000000000e+00       0.000000000000e+00 
  179       7.073056891975e-13       5.628481718392e-15       1.822500304608e-14       2.465040001246e-15       0.000000000000e+00       0.000000000000e+00       0.000000000000e+00 
  180       7.191269794486e-13       5.480371779394e-15       1.925249551415e-14       2.415307671329e-15       0.000000000000e+00       0.000000000000e+00       0.000000000000e+00 
  181       7.316898132992e-13       5.335147530091e-15       2.017723353491e-14       2.367628335973e-15       0.000000000000e+00       0.000000000000e+00       0.000000000000e+00 
  182       7.449504243783e-13       5.192873916233e-15       2.100042971266e-14       2.321999247342e-15       0.000000000000e+00       0.000000000000e+00       0.000000000000e+00 
  183       7.588624235576e-13       5.053612550502e-15       2.172347682077e-14       2.278414209376e-15       0.000000000000e+00       0.000000000000e+00       0.000000000000e+00 
  184       7.733767600828e-13       4.917421631016e-15       2.234795087111e-14       2.236863512685e-15       0.000000000000e+00       0.000000000000e+00       0.000000000000e+00 
  185       7.884416827057e-13       4.784355859844e-15       2.287561418348e-14       2.197333869440e-15       0.000000000000e+00       0.000000000000e+00       0.000000000000e+00 
  186       8.040027008150e-13       4.654466361516e-15       2.330841845502e-14       2.159808348267e-15       0.000000000000e+00       0.000000000000e+00       0.000000000000e+00 
  187       8.200025455686e-13       4.527800601532e-15       2.364850782962e-14       2.124266309137e-15       0.000000000000e+00       0.000000000000e+00       0.000000000000e+00 
  188       8.363811310245e-13       4.404402304874e-15       2.389822196735e-14       2.090683338260e-15       0.000000000000e+00       0.000000000000e+00       0.000000000000e+00 
  189       8.530755152728e-13       4.284311374516e-15       2.406009911387e-14       2.059031182976e-15       0.000000000000e+00       0.000000000000e+00       0.000000000000e+00 
  190       8.700198615670e-13       4.167563809935e-15       2.413687916985e-14       2.029277686650e-15       0.000000000000e+00       0.000000000000e+00       0.000000000000e+00 
  191       8.871453994556e-13       4.054191625619e-15       2.413150676040e-14       2.001386723561e-15       0.000000000000e+00       0.000000000000e+00       0.000000000000e+00 
  192       9.043803859137e-13       3.944222769583e-15       2.404713430447e-14       1.975318133796e-15       0.000000000000e+00       0.000000000000e+00       0.000000000000e+00 
  193       9.216500664744e-13       3.837681041874e-15       2.388712508428e-14       1.951027658142e-15       0.000000000000e+00       0.000000000000e+00       0.000000000000e+00 
  194       9.388766363605e-13       3.734586013085e-15       2.365505631474e-14       1.928466872978e-15       0.000000000000e+00       0.000000000000e+00       0.000000000000e+00 
  195       9.559792016160e-13       3.634952942863e-15       2.335472221286e-14       1.907583125169e-15       0.000000000000e+00       0.000000000000e+00       0.000000000000e+00 
  196       9.728737402378e-13       3.538792698423e-15       2.299013706716e-14       1.888319466955e-15       0.000000000000e+00       0.000000000000e+00       0.000000000000e+00 
  197       9.894730633066e-13       3.446111673054e-15       2.256553830712e-14       1.870614590848e-15       0.000000000000e+00       0.000000000000e+00       0.000000000000e+00 
  198       1.005686776119e-12       3.356911704636e-15       2.208538957255e-14       1.854402764518e-15       0.000000000000e+00       0.000000000000e+00       0.000000000000e+00 
  199       1.021421239320e-12       3.271189994142e-15       2.155438378307e-14       1.839613765693e-15       0.000000000000e+00       0.000000000000e+00       0.000000000000e+00 
  200       1.036579530033e-12       3.188939024157e-15       2.097744620746e-14       1.826172817043e-15       0.000000000000e+00       0.000000000000e+00       0.000000000000e+00 
  201       1.051076919714e-12       3.110149886307e-15       2.035908341065e-14       1.814011016836e-15       0.000000000000e+00       0.000000000000e+00       0.000000000000e+00 
  202       1.064888620624e-12       3.034822697902e-15       1.970137188610e-14       1.803097596578e-15       0.000000000000e+00       0.000000000000e+00       0.000000000000e+00 
  203       1.078005378954e-12       2.962956773082e-15       1.900583150130e-14       1.793409844693e-15       0.000000000000e+00       0.000000000000e+00       0.000000000000e+00 
  204       1.090418271589e-12       2.894547209813e-15       1.827406783565e-14       1.784922783999e-15       0.000000000000e+00       0.000000000000e+00       0.000000000000e+00 
  205       1.102118713102e-12       2.829584818477e-15       1.750777331660e-14       1.777609137619e-15       0.000000000000e+00       0.000000000000e+00       0.000000000000e+00 
  206       1.113098462744e-12       2.768056050451e-15       1.670872835587e-14       1.771439294894e-15       0.000000000000e+00       0.000000000000e+00       0.000000000000e+00 
  207       1.123349631438e-12       2.709942926698e-15       1.587880248551e-14       1.766381277298e-15       0.000000000000e+00       0.000000000000e+00       0.000000000000e+00 
  208       1.132864688766e-12       2.655222966350e-15       1.501995549409e-14       1.762400704349e-15       0.000000000000e+00       0.000000000000e+00       0.000000000000e+00 
  209       1.141636469965e-12       2.603869115298e-15       1.413423856285e-14       1.759460759521e-15       0.000000000000e+00       0.000000000000e+00       0.000000000000e+00 
  210       1.149658182915e-12       2.555849674769e-15       1.322379540184e-14       1.757522156158e-15       0.000000000000e+00       0.000000000000e+00       0.000000000000e+00 
  211       1.156923415134e-12       2.511128229921e-15       1.229086338605e-14       1.756543103386e-15       0.000000000000e+00       0.000000000000e+00       0.000000000000e+00 
  212       1.163426140765e-12       2.469663578424e-15       1.133777469157e-14       1.756479272028e-15       0.000000000000e+00       0.000000000000e+00       0.000000000000e+00 
  213       1.169160727573e-12       2.431409659046e-15       1.036695743175e-14       1.757283760512e-15       0.000000000000e+00       0.000000000000e+00       0.000000000000e+00 
  214       1.174121943933e-12       2.396315480239e-15       9.380936793325e-15       1.758907060788e-15       0.000000000000e+00       0.000000000000e+00       0.000000000000e+00 
  215       1.178304965821e-12       2.364325048726e-15       8.382336172566e-15       1.761297024240e-15       0.000000000000e+00       0.000000000000e+00       0.000000000000e+00 
  216       1.181705383807e-12       2.335377298084e-15       7.373878311434e-15       1.764398827595e-15       0.000000000000e+00       0.000000000000e+00       0.000000000000e+00 
  217       1.184319210048e-12       2.309406017334e-15       6.358386433720e-15       1.768154938842e-15       0.000000000000e+00       0.000000000000e+00       0.000000000000e+00 
  218       1.186142885277e-12       2.286339779521e-15       5.338785381195e-15       1.772505083139e-15       0.000000000000e+00       0.000000000000e+00       0.000000000000e+00 
  219       1.187173285794e-12       2.266101870304e-15       4.318102749753e-15       1.777386208730e-15       0.000000000000e+00       0.000000000000e+00       0.000000000000e+00 
  220       1.187407730460e-12       2.248610216541e-15       3.299470025561e-15       1.782732452854e-15       0.000000000000e+00       0.000000000000e+00       0.000000000000e+00 
  221       1.186843987688e-12       2.233777314873e-15       2.286123721203e-15       1.788475107661e-15       0.000000000000e+00       0.000000000000e+00       0.000000000000e+00 
  222       1.185480282432e-12       2.221510160313e-15       1.281406511827e-15       1.794542586122e-15       0.000000000000e+00       0.000000000000e+00       0.000000000000e+00 
  223       1.183315303183e-12       2.211710174826e-15       2.887683712931e-16       1.800860387943e-15       0.000000000000e+00       0.000000000000e+00       0.000000000000e+00 
  224       1.180350343082e-12       2.204284717971e-15      -6.887225408992e-16       1.807361587446e-15       0.000000000000e+00       0.000000000000e+00       0.000000000000e+00 
  225       1.176595861731e-12       2.199182588917e-15      -1.649884508909e-15       1.814019116938e-15       0.000000000000e+00       0.000000000000e+00       0.000000000000e+00 
  226       1.172065358856e-12       2.196360669049e-15      -2.594012183180e-15       1.820815493259e-15       0.000000000000e+00       0.000000000000e+00       0.000000000000e+00 
  227       1.166773290113e-12       2.195772501525e-15      -3.520395058429e-15       1.827732473409e-15       0.000000000000e+00       0.000000000000e+00       0.000000000000e+00 
  228       1.160735079154e-12       2.197368247439e-15      -4.428317504756e-15       1.834751045524e-15       0.000000000000e+00       0.000000000000e+00       0.000000000000e+00 
  229       1.153967129705e-12       2.201094641980e-15      -5.317058798759e-15       1.841851419833e-15       0.000000000000e+00       0.000000000000e+00       0.000000000000e+00 
  230       1.146486837640e-12       2.206894950597e-15      -6.185893154648e-15       1.849013019625e-15       0.000000000000e+00       0.000000000000e+00       0.000000000000e+00 
  231       1.138312603046e-12       2.214708925161e-15      -7.034089755360e-15       1.856214472219e-15       0.000000000000e+00       0.000000000000e+00       0.000000000000e+00 
  232       1.129463842307e-12       2.224472760124e-15      -7.860912783667e-15       1.863433599922e-15       0.000000000000e+00       0.000000000000e+00       0.000000000000e+00 
  233       1.119961000165e-12       2.236119048683e-15      -8.665621453298e-15       1.870647410997e-15       0.000000000000e+00       0.000000000000e+00       0.000000000000e+00 
  234       1.109825561801e-12       2.249576738944e-15      -9.447470040044e-15       1.877832090629e-15       0.000000000000e+00       0.000000000000e+00       0.000000000000e+00 
  235       1.099080064908e-12       2.264771090079e-15      -1.020570791288e-14       1.884962991889e-15       0.000000000000e+00       0.000000000000e+00       0.000000000000e+00 
  236       1.087748111755e-12       2.281623628494e-15      -1.093957956507e-14       1.892014626699e-15       0.000000000000e+00       0.000000000000e+00       0.000000000000e+00 
  237       1.075854381272e-12       2.300052103985e-15      -1.164832464529e-14       1.898960656796e-15       0.000000000000e+00       0.000000000000e+00       0.000000000000e+00 
  238       1.063424641112e-12       2.319970445906e-15      -1.233117798873e-14       1.905773884700e-15       0.000000000000e+00       0.000000000000e+00       0.000000000000e+00 
  239       1.050485759730e-12       2.341288719325e-15      -1.298736964822e-14       1.912426244676e-15       0.000000000000e+00       0.000000000000e+00       0.000000000000e+00 
  240       1.037065718456e-12       2.363913081191e-15      -1.361612492533e-14       1.918888793700e-15       0.000000000000e+00       0.000000000000e+00       0.000000000000e+00 
  241       1.023193623563e-12       2.387745736493e-15      -1.421666440151e-14       1.925131702425e-15       0.000000000000e+00       0.000000000000e+00       0.000000000000e+00 
  242       1.008899718344e-12       2.412684894425e-15      -1.478820396915e-14       1.931124246145e-15       0.000000000000e+00       0.000000000000e+00       0.000000000000e+00 
  243       9.942153951832e-13       2.438624724544e-15      -1.532995486277e-14       1.936834795759e-15       0.000000000000e+00       0.000000000000e+00       0.000000000000e+00 
  244       9.791732076301e-13       2.465455312934e-15      -1.584112369006e-14       1.942230808739e-15       0.000000000000e+00       0.000000000000e+00       0.000000000000e+00 
  245       9.638068824699e-13       2.493062618369e-15      -1.632091246305e-14       1.947278820091e-15       0.000000000000e+00       0.000000000000e+00       0.000000000000e+00 
  246       9.481513317983e-13       2.521328428474e-15      -1.676851862917e-14       1.951944433325e-15       0.000000000000e+00       0.000000000000e+00       0.000000000000e+00 
  247       9.322426650934e-13       2.550130315888e-15      -1.718313510243e-14       1.956192311415e-15       0.000000000000e+00       0.000000000000e+00       0.000000000000e+00 
  248       9.161182012887e-13       2.579341594422e-15      -1.756395029445e-14       1.959986167768e-15       0.000000000000e+00       0.000000000000e+00       0.000000000000e+00 
  249       8.998164808459e-13       2.608831275227e-15      -1.791014814567e-14       1.963288757186e-15       0.000000000000e+00       0.000000000000e+00       0.000000000000e+00 
  250       8.833726624774e-13       2.638481029123e-15      -1.822109157163e-14       1.966068418928e-15       0.000000000000e+00       0.000000000000e+00       0.000000000000e+00 
  251       8.668043937862e-13       2.668237249665e-15      -1.849688447844e-14       1.968319143292e-15       0.000000000000e+00       0.000000000000e+00       0.000000000000e+00 
  252       8.501251484984e-13       2.698061910121e-15      -1.873784224849e-14       1.970041645773e-15       0.000000000000e+00       0.000000000000e+00       0.000000000000e+00 
  253       8.333487716552e-13       2.727915816460e-15      -1.894431162418e-14       1.971236922663e-15       0.000000000000e+00       0.000000000000e+00       0.000000000000e+00 
  254       8.164894828601e-13       2.757758596035e-15      -1.911667108979e-14       1.971906254552e-15       0.000000000000e+00       0.000000000000e+00       0.000000000000e+00 
  255       7.995618795249e-13       2.787548686268e-15      -1.925533125334e-14       1.972051209817e-15       0.000000000000e+00       0.000000000000e+00       0.000000000000e+00 
  256       7.825809401170e-13       2.817243323331e-15      -1.936073522846e-14       1.971673648124e-15       0.000000000000e+00       0.000000000000e+00       0.000000000000e+00 
  257       7.655620274052e-13       2.846798530832e-15      -1.943335901626e-14       1.970775723916e-15       0.000000000000e+00       0.000000000000e+00       0.000000000000e+00 
  258       7.485208917071e-13       2.876169108497e-15      -1.947371188720e-14       1.969359889914e-15       0.000000000000e+00       0.000000000000e+00       0.000000000000e+00 
  259       7.314736741351e-13       2.905308620857e-15      -1.948233676295e-14       1.967428900607e-15       0.000000000000e+00       0.000000000000e+00       0.000000000000e+00 
  260       7.144369098435e-13       2.934169385927e-15      -1.945981059827e-14       1.964985815750e-15       0.000000000000e+00       0.000000000000e+00       0.000000000000e+00 
  261       6.974275312746e-13       2.962702463897e-15      -1.940674476286e-14       1.962034003857e-15       0.000000000000e+00       0.000000000000e+00       0.000000000000e+00 
  262       6.804628714058e-13       2.990857645805e-15      -1.932378542325e-14       1.958577145696e-15       0.000000000000e+00       0.000000000000e+00       0.000000000000e+00 
  263       6.635606669958e-13       3.018583442232e-15      -1.921161392464e-14       1.954619237787e-15       0.000000000000e+00       0.000000000000e+00       0.000000000000e+00 
  264       6.467390618316e-13       3.045827071979e-15      -1.907094717282e-14       1.950164595894e-15       0.000000000000e+00       0.000000000000e+00       0.000000000000e+00 
  265       6.300166099746e-13       3.072534450752e-15      -1.890253801596e-14       1.945217858519e-15       0.000000000000e+00       0.000000000000e+00       0.000000000000e+00 
  266       6.134122790079e-13       3.098650179848e-15      -1.870717562654e-14       1.939783990399e-15       0.000000000000e+00       0.000000000000e+00       0.000000000000e+00 
  267       5.969454532823e-13       3.124117534834e-15      -1.848568588320e-14       1.933868286002e-15       0.000000000000e+00       0.000000000000e+00       0.000000000000e+00 
  268       5.806359371632e-13       3.148878454237e-15      -1.823893175260e-14       1.927476373018e-15       0.000000000000e+00       0.000000000000e+00       0.000000000000e+00 
  269       5.645039582769e-13       3.172873528224e-15      -1.796781367130e-14       1.920614215858e-15       0.000000000000e+00       0.000000000000e+00       0.000000000000e+00 
  270       5.485701707579e-13       3.196041987284e-15      -1.767326992761e-14       1.913288119146e-15       0.000000000000e+00       0.000000000000e+00       0.000000000000e+00 
  271       5.328556584948e-13       3.218321690918e-15      -1.735627704348e-14       1.905504731216e-15       0.000000000000e+00       0.000000000000e+00       0.000000000000e+00 
  272       5.173819383771e-13       3.239649116316e-15      -1.701785015635e-14       1.897271047604e-15       0.000000000000e+00       0.000000000000e+00       0.000000000000e+00 
  273       5.021709635420e-13       3.259959347044e-15      -1.665904340103e-14       1.888594414548e-15       0.000000000000e+00       0.000000000000e+00       0.000000000000e+00 
  274       4.872451266210e-13       3.279186061730e-15      -1.628095029157e-14       1.879482532478e-15       0.000000000000e+00       0.000000000000e+00       0.000000000000e+00 
  275       4.726272629861e-13       3.297261522741e-15      -1.588470410310e-14       1.869943459512e-15       0.000000000000e+00       0.000000000000e+00       0.000000000000e+00 
  276       4.583406539970e-13       3.314116564876e-15      -1.547147825373e-14       1.859985614953e-15       0.000000000000e+00       0.000000000000e+00       0.000000000000e+00 
  277       4.444090302473e-13       3.329680584040e-15      -1.504248668642e-14       1.849617782782e-15       0.000000000000e+00       0.000000000000e+00       0.000000000000e+00 
  278       4.308565748112e-13       3.343881525936e-15      -1.459898425081e-14       1.838849115154e-15       0.000000000000e+00       0.000000000000e+00       0.000000000000e+00 
  279       4.177038289348e-13       3.356658909383e-15      -1.414213610592e-14       1.827689269054e-15       0.000000000000e+00       0.000000000000e+00       0.000000000000e+00 
  280       4.049551676305e-13       3.368003666419e-15      -1.367261765300e-14       1.816148816922e-15       0.000000000000e+00       0.000000000000e+00       0.000000000000e+00 
  281       3.926106815341e-13       3.377920344222e-15      -1.319099461966e-14       1.804238864109e-15       0.000000000000e+00       0.000000000000e+00       0.000000000000e+00 
  282       3.806702129806e-13       3.386414265045e-15      -1.269785235194e-14       1.791970921318e-15       0.000000000000e+00       0.000000000000e+00       0.000000000000e+00 
  283       3.691333529566e-13       3.393491534932e-15      -1.219379599499e-14       1.779356908298e-15       0.000000000000e+00       0.000000000000e+00       0.000000000000e+00 
  284       3.579994380529e-13       3.399159052414e-15      -1.167945067376e-14       1.766409157549e-15       0.000000000000e+00       0.000000000000e+00       0.000000000000e+00 
  285       3.472675474166e-13       3.403424517224e-15      -1.115546167363e-14       1.753140418017e-15       0.000000000000e+00       0.000000000000e+00       0.000000000000e+00 
  286       3.369364997039e-13       3.406296438998e-15      -1.062249462113e-14       1.739563858796e-15       0.000000000000e+00       0.000000000000e+00       0.000000000000e+00 
  287       3.270048500316e-13       3.407784145983e-15      -1.008123566458e-14       1.725693072825e-15       0.000000000000e+00       0.000000000000e+00       0.000000000000e+00 
  288       3.174708869306e-13       3.407897793744e-15      -9.532391654756e-15       1.711542080593e-15       0.000000000000e+00       0.000000000000e+00       0.000000000000e+00 
  289       3.083326292971e-13       3.406648373867e-15      -8.976690325586e-15       1.697125333830e-15       0.000000000000e+00       0.000000000000e+00       0.000000000000e+00 
  290       2.995878233460e-13       3.404047722670e-15      -8.414880474803e-15       1.682457719214e-15       0.000000000000e+00       0.000000000000e+00       0.000000000000e+00 
  291       2.912339395625e-13       3.400108529907e-15      -7.847732144621e-15       1.667554562068e-15       0.000000000000e+00       0.000000000000e+00       0.000000000000e+00 
  292       2.832681696549e-13       3.394844347471e-15      -7.276036802406e-15       1.652431630057e-15       0.000000000000e+00       0.000000000000e+00       0.000000000000e+00 
  293       2.756874235068e-13       3.388269598108e-15      -6.700607521344e-15       1.637105136890e-15       0.000000000000e+00       0.000000000000e+00       0.000000000000e+00 
  294       2.684883261293e-13       3.380399584116e-15      -6.122279161117e-15       1.621591746020e-15       0.000000000000e+00       0.000000000000e+00       0.000000000000e+00 
  295       2.616672146137e-13       3.371250496052e-15      -5.541908548570e-15       1.605908574342e-15       0.000000000000e+00       0.000000000000e+00       0.000000000000e+00 
  296       2.552201350838e-13       3.360839421445e-15      -4.960374658383e-15       1.590073195892e-15       0.000000000000e+00       0.000000000000e+00       0.000000000000e+00 
  297       2.491428396479e-13       3.349184353493e-15      -4.378578793743e-15       1.574103645550e-15       0.000000000000e+00       0.000000000000e+00       0.000000000000e+00 
  298       2.434307833516e-13       3.336304199776e-15      -3.797444767011e-15       1.558018422734e-15       0.000000000000e+00       0.000000000000e+00       0.000000000000e+00 
  299       2.380791211299e-13       3.322218790960e-15      -3.217919080400e-15       1.541836495103e-15       0.000000000000e+00       0.000000000000e+00       0.000000000000e+00 
  300       2.330827047596e-13       3.306948889502e-15      -2.640971106638e-15       1.525577302258e-15       0.000000000000e+00       0.000000000000e+00       0.000000000000e+00 
  301       2.284360798119e-13       3.290516198358e-15      -2.067593269644e-15       1.509260759436e-15       0.000000000000e+00       0.000000000000e+00       0.000000000000e+00 
  302       2.241334826045e-13       3.272943369690e-15      -1.498801225199e-15       1.492907261215e-15       0.000000000000e+00       0.000000000000e+00       0.000000000000e+00 
  303       2.201688371537e-13       3.254254013568e-15      -9.356340416136e-16       1.476537685210e-15       0.000000000000e+00       0.000000000000e+00       0.000000000000e+00 
  304       2.165357521276e-13       3.234472706682e-15      -3.791543804010e-16       1.460173395776e-15       0.000000000000e+00       0.000000000000e+00       0.000000000000e+00 
  305       2.132275177977e-13       3.213625001044e-15       1.695513230517e-16       1.443836247702e-15       0.000000000000e+00       0.000000000000e+00       0.000000000000e+00 
  306       2.102371029914e-13       3.191737432697e-15       7.093726788138e-16       1.427548589916e-15       0.000000000000e+00       0.000000000000e+00       0.000000000000e+00 
  307       2.075571520447e-13       3.168837530418e-15       1.239175161739e-15       1.411333269180e-15       0.000000000000e+00       0.000000000000e+00       0.000000000000e+00 
  308       2.051799817542e-13       3.144953824429e-15       1.757799930795e-15       1.395213633795e-15       0.000000000000e+00       0.000000000000e+00       0.000000000000e+00 
  309       2.030975783295e-13       3.120115855099e-15       2.264063648394e-15       1.379213537294e-15       0.000000000000e+00       0.000000000000e+00       0.000000000000e+00 
  310       2.013015943460e-13       3.094354181650e-15       2.756758299718e-15       1.363357342145e-15       0.000000000000e+00       0.000000000000e+00       0.000000000000e+00 
  311       1.997833456966e-13       3.067700390869e-15       3.234651012052e-15       1.347669923451e-15       0.000000000000e+00       0.000000000000e+00       0.000000000000e+00 
  312       1.985344313914e-13       3.040186089791e-15       3.696690884668e-15       1.332173083878e-15       0.000000000000e+00       0.000000000000e+00       0.000000000000e+00 
  313       1.975486309916e-13       3.011839814258e-15       4.142640455757e-15       1.316874607004e-15       0.000000000000e+00       0.000000000000e+00       0.000000000000e+00 
  314       1.968200892620e-13       2.982689993928e-15       4.572473182420e-15       1.301778703274e-15       0.000000000000e+00       0.000000000000e+00       0.000000000000e+00 
  315       1.963426989886e-13       2.952765962789e-15       4.986169145079e-15       1.286889552277e-15       0.000000000000e+00       0.000000000000e+00       0.000000000000e+00 
  316       1.961100986968e-13       2.922097966613e-15       5.383715121183e-15       1.272211302026e-15       0.000000000000e+00       0.000000000000e+00       0.000000000000e+00 
  317       1.961156703685e-13       2.890717170418e-15       5.765104658910e-15       1.257748068257e-15       0.000000000000e+00       0.000000000000e+00       0.000000000000e+00 
  318       1.963525371603e-13       2.858655665919e-15       6.130338150870e-15       1.243503933712e-15       0.000000000000e+00       0.000000000000e+00       0.000000000000e+00 
  319       1.968135611210e-13       2.825946478995e-15       6.479422907815e-15       1.229482947430e-15       0.000000000000e+00       0.000000000000e+00       0.000000000000e+00 
  320       1.974913409094e-13       2.792623577139e-15       6.812373232336e-15       1.215689124040e-15       0.000000000000e+00       0.000000000000e+00       0.000000000000e+00 
  321       1.983782095118e-13       2.758721876920e-15       7.129210492575e-15       1.202126443046e-15       0.000000000000e+00       0.000000000000e+00       0.000000000000e+00 
  322       1.994662319600e-13       2.724277251438e-15       7.429963195921e-15       1.188798848120e-15       0.000000000000e+00       0.000000000000e+00       0.000000000000e+00 
  323       2.007472030490e-13       2.689326537784e-15       7.714667062721e-15       1.175710246389e-15       0.000000000000e+00       0.000000000000e+00       0.000000000000e+00 
  324       2.022126450544e-13       2.653907544497e-15       7.983365099982e-15       1.162864507727e-15       0.000000000000e+00       0.000000000000e+00       0.000000000000e+00 
  325       2.038538054507e-13       2.618059059022e-15       8.236107675074e-15       1.150265464041e-15       0.000000000000e+00       0.000000000000e+00       0.000000000000e+00 
  326       2.056616546283e-13       2.581820855168e-15       8.472952589436e-15       1.137916908567e-15       0.000000000000e+00       0.000000000000e+00       0.000000000000e+00 
  327       2.076268836117e-13       2.545233700563e-15       8.693965152281e-15       1.125822595151e-15       0.000000000000e+00       0.000000000000e+00       0.000000000000e+00 
  328       2.097399017772e-13       2.508339364117e-15       8.899218254298e-15       1.113986237546e-15       0.000000000000e+00       0.000000000000e+00       0.000000000000e+00 
  329       2.119908345704e-13       2.471180623475e-15       9.088792441357e-15       1.102411508698e-15       0.000000000000e+00       0.000000000000e+00       0.000000000000e+00 
  330       2.143695212241e-13       2.433801272477e-15       9.262775988215e-15       1.091102040035e-15       0.000000000000e+00       0.000000000000e+00       0.000000000000e+00 
  331       2.168655124759e-13       2.396246128615e-15       9.421264972218e-15       1.080061420760e-15       0.000000000000e+00       0.000000000000e+00       0.000000000000e+00 
  332       2.194680682859e-13       2.358561040494e-15       9.564363347007e-15       1.069293197137e-15       0.000000000000e+00       0.000000000000e+00       0.000000000000e+00 
  333       2.221661555547e-13       2.320792895282e-15       9.692183016222e-15       1.058800871782e-15       0.000000000000e+00       0.000000000000e+00       0.000000000000e+00 
  334       2.249484458407e-13       2.282989626177e-15       9.804843907206e-15       1.048587902952e-15       0.000000000000e+00       0.000000000000e+00       0.000000000000e+00 
  335       2.278033130781e-13       2.245200219858e-15       9.902474044708e-15       1.038657703837e-15       0.000000000000e+00       0.000000000000e+00       0.000000000000e+00 
  336       2.307188312946e-13       2.207474723947e-15       9.985209624591e-15       1.029013641847e-15       0.000000000000e+00       0.000000000000e+00       0.000000000000e+00 
  337       2.336827723289e-13       2.169864254464e-15       1.005319508753e-14       1.019659037901e-15       0.000000000000e+00       0.000000000000e+00       0.000000000000e+00 
  338       2.366826035487e-13       2.132421003286e-15       1.010658319273e-14       1.010597165718e-15       0.000000000000e+00       0.000000000000e+00       0.000000000000e+00 
  339       2.397054855682e-13       2.095198245604e-15       1.014553509160e-14       1.001831251110e-15       0.000000000000e+00       0.000000000000e+00       0.000000000000e+00 
  340       2.427382699662e-13       2.058250347383e-15       1.017022040151e-14       9.933644712623e-16       0.000000000000e+00       0.000000000000e+00       0.000000000000e+00 
  341       2.457674970030e-13       2.021632772817e-15       1.018081727943e-14       9.851999540338e-16       0.000000000000e+00       0.000000000000e+00       0.000000000000e+00 
  342       2.487793933391e-13       1.985402091787e-15       1.017751249569e-14       9.773407772389e-16       0.000000000000e+00       0.000000000000e+00       0.000000000000e+00 
  343       2.517598697522e-13       1.949615987322e-15       1.016050150765e-14       9.697899679406e-16       0.000000000000e+00       0.000000000000e+00       0.000000000000e+00 
  344       2.546945188555e-13       1.914333263053e-15       1.012998853342e-14       9.625505017392e-16       0.000000000000e+00       0.000000000000e+00       0.000000000000e+00 
  345       2.575686128146e-13       1.879613850672e-15       1.008618662556e-14       9.556253020619e-16       0.000000000000e+00       0.000000000000e+00       0.000000000000e+00 
  346       2.603671010662e-13       1.845518817391e-15       1.002931774479e-14       9.490172394523e-16       0.000000000000e+00       0.000000000000e+00       0.000000000000e+00 
  347       2.630746080350e-13       1.812110373398e-15       9.959612833686e-15       9.427291308603e-16       0.000000000000e+00       0.000000000000e+00       0.000000000000e+00 
  348       2.656754308520e-13       1.779451879315e-15       9.877311890382e-15       9.367637389314e-16       0.000000000000e+00       0.000000000000e+00       0.000000000000e+00 
  349       2.681561964045e-13       1.747597667933e-15       9.782671563076e-15       9.311225307907e-16       0.000000000000e+00       0.000000000000e+00       0.000000000000e+00 
  350       2.705139589700e-13       1.716562027518e-15       9.675988130897e-15       9.258018989445e-16       0.000000000000e+00       0.000000000000e+00       0.000000000000e+00 
  351       2.727484344673e-13       1.686348944758e-15       9.557575621945e-15       9.207967820135e-16       0.000000000000e+00       0.000000000000e+00       0.000000000000e+00 
  352       2.748593718036e-13       1.656962171693e-15       9.427758459422e-15       9.161018891521e-16       0.000000000000e+00       0.000000000000e+00       0.000000000000e+00 
  353       2.768465532040e-13       1.628405223169e-15       9.286871542729e-15       9.117116981198e-16       0.000000000000e+00       0.000000000000e+00       0.000000000000e+00 
  354       2.787097945420e-13       1.600681374291e-15       9.135260328551e-15       9.076204533517e-16       0.000000000000e+00       0.000000000000e+00       0.000000000000e+00 
  355       2.804489456700e-13       1.573793657871e-15       8.973280911956e-15       9.038221640293e-16       0.000000000000e+00       0.000000000000e+00       0.000000000000e+00 
  356       2.820638907491e-13       1.547744861881e-15       8.801300107485e-15       9.003106021520e-16       0.000000000000e+00       0.000000000000e+00       0.000000000000e+00 
  357       2.835545485796e-13       1.522537526904e-15       8.619695530246e-15       8.970793006075e-16       0.000000000000e+00       0.000000000000e+00       0.000000000000e+00 
  358       2.849208729315e-13       1.498173943586e-15       8.428855677005e-15       8.941215512428e-16       0.000000000000e+00       0.000000000000e+00       0.000000000000e+00 
  359       2.861628528740e-13       1.474656150086e-15       8.229180007280e-15       8.914304029353e-16       0.000000000000e+00       0.000000000000e+00       0.000000000000e+00 
  360       2.872805131065e-13       1.451985929530e-15       8.021079024434e-15       8.889986596635e-16       0.000000000000e+00       0.000000000000e+00       0.000000000000e+00 
  361       2.882739142885e-13       1.430164807459e-15       7.804974356767e-15       8.868188785778e-16       0.000000000000e+00       0.000000000000e+00       0.000000000000e+00 
  362       2.891431533697e-13       1.409194049280e-15       7.581298838608e-15       8.848833680720e-16       0.000000000000e+00       0.000000000000e+00       0.000000000000e+00 
  363       2.898883639205e-13       1.389074657724e-15       7.350496591412e-15       8.831841858535e-16       0.000000000000e+00       0.000000000000e+00       0.000000000000e+00 
  364       2.905097164625e-13       1.369807370287e-15       7.113023104845e-15       8.817131370146e-16       0.000000000000e+00       0.000000000000e+00       0.000000000000e+00 
  365       2.910074187978e-13       1.351392656690e-15       6.869345317884e-15       8.804617721033e-16       0.000000000000e+00       0.000000000000e+00       0.000000000000e+00 
  366       2.913817163403e-13       1.333830716327e-15       6.619941699905e-15       8.794213851943e-16       0.000000000000e+00       0.000000000000e+00       0.000000000000e+00 
  367       2.916328924453e-13       1.317121475716e-15       6.365302331781e-15       8.785830119596e-16       0.000000000000e+00       0.000000000000e+00       0.000000000000e+00 
  368       2.917612687401e-13       1.301264585949e-15       6.105928986967e-15       8.779374277401e-16       0.000000000000e+00       0.000000000000e+00       0.000000000000e+00 
  369       2.917672054539e-13       1.286259420149e-15       5.842335212599e-15       8.774751456156e-16       0.000000000000e+00       0.000000000000e+00       0.000000000000e+00 
  370       2.916511017483e-13       1.272105070914e-15       5.575046410586e-15       8.771864144763e-16       0.000000000000e+00       0.000000000000e+00       0.000000000000e+00 
  371       2.914133960474e-13       1.258800347772e-15       5.304599918700e-15       8.770612170938e-16       0.000000000000e+00       0.000000000000e+00       0.000000000000e+00 
  372       2.910545663681e-13       1.246343774635e-15       5.031545091671e-15       8.770892681914e-16       0.000000000000e+00       0.000000000000e+00       0.000000000000e+00 
  373       2.905751306506e-13       1.234733587244e-15       4.756443382278e-15       8.772600125157e-16       0.000000000000e+00       0.000000000000e+00       0.000000000000e+00 
  374       2.899756470880e-13       1.223967730626e-15       4.479868422444e-15       8.775626229071e-16       0.000000000000e+00       0.000000000000e+00       0.000000000000e+00 
  375       2.892567144572e-13       1.214043856542e-15       4.202406104326e-15       8.779859983707e-16       0.000000000000e+00       0.000000000000e+00       0.000000000000e+00 
  376       2.884189724488e-13       1.204959320940e-15       3.924654661411e-15       8.785187621475e-16       0.000000000000e+00       0.000000000000e+00       0.000000000000e+00 
  377       2.874631019975e-13       1.196711181405e-15       3.647224749605e-15       8.791492597850e-16       0.000000000000e+00       0.000000000000e+00       0.000000000000e+00 
  378       2.863898256120e-13       1.189296194611e-15       3.370739528329e-15       8.798655572083e-16       0.000000000000e+00       0.000000000000e+00       0.000000000000e+00 
  379       2.851999077058e-13       1.182710813775e-15       3.095834741610e-15       8.806554387908e-16       0.000000000000e+00       0.000000000000e+00       0.000000000000e+00 
  380       2.838941549270e-13       1.176951186101e-15       2.823158799174e-15       8.815064054254e-16       0.000000000000e+00       0.000000000000e+00       0.000000000000e+00 
  381       2.824734164888e-13       1.172013150241e-15       2.553372857539e-15       8.824056725953e-16       0.000000000000e+00       0.000000000000e+00       0.000000000000e+00 
  382       2.809385844994e-13       1.167892233738e-15       2.287150901106e-15       8.833401684448e-16       0.000000000000e+00       0.000000000000e+00       0.000000000000e+00 
  383       2.792905942927e-13       1.164583650483e-15       2.025179823256e-15       8.842965318501e-16       0.000000000000e+00       0.000000000000e+00       0.000000000000e+00 
  384       2.775304247583e-13       1.162082298161e-15       1.768159507439e-15       8.852611104907e-16       0.000000000000e+00       0.000000000000e+00       0.000000000000e+00 
  385       2.756590986716e-13       1.160382755709e-15       1.516802908266e-15       8.862199589197e-16       0.000000000000e+00       0.000000000000e+00       0.000000000000e+00 
  386       2.736776830244e-13       1.159479280762e-15       1.271836132606e-15       8.871588366353e-16       0.000000000000e+00       0.000000000000e+00       0.000000000000e+00 
  387       2.715872893547e-13       1.159365807105e-15       1.033998520674e-15       8.880632061512e-16       0.000000000000e+00       0.000000000000e+00       0.000000000000e+00 
  388       2.693893873236e-13       1.160033893886e-15       8.039187410747e-16       8.889203992958e-16       0.000000000000e+00       0.000000000000e+00       0.000000000000e+00 
  389       2.670867577002e-13       1.161466493884e-15       5.817378009030e-16       8.897262093791e-16       0.000000000000e+00       0.000000000000e+00       0.000000000000e+00 
  390       2.646825756720e-13       1.163643947130e-15       3.674720931936e-16       8.904785418248e-16       0.000000000000e+00       0.000000000000e+00       0.000000000000e+00 
  391       2.621801013945e-13       1.166546003945e-15       1.611360922129e-16       8.911752680037e-16       0.000000000000e+00       0.000000000000e+00       0.000000000000e+00 
  392       2.595826805706e-13       1.170151820758e-15      -3.725766402516e-17       8.918142250287e-16       0.000000000000e+00       0.000000000000e+00       0.000000000000e+00 
  393       2.568937450301e-13       1.174439955929e-15      -2.276985912427e-16       8.923932155493e-16       0.000000000000e+00       0.000000000000e+00       0.000000000000e+00 
  394       2.541168133088e-13       1.179388365572e-15      -4.101780763811e-16       8.929100075466e-16       0.000000000000e+00       0.000000000000e+00       0.000000000000e+00 
  395       2.512554912277e-13       1.184974399380e-15      -5.846894950849e-16       8.933623341279e-16       0.000000000000e+00       0.000000000000e+00       0.000000000000e+00 
  396       2.483134724728e-13       1.191174796445e-15      -7.512282291857e-16       8.937478933217e-16       0.000000000000e+00       0.000000000000e+00       0.000000000000e+00 
  397       2.452945391736e-13       1.197965681083e-15      -9.097916841851e-16       8.940643478723e-16       0.000000000000e+00       0.000000000000e+00       0.000000000000e+00 
  398       2.422025624830e-13       1.205322558654e-15      -1.060379306739e-15       8.943093250346e-16       0.000000000000e+00       0.000000000000e+00       0.000000000000e+00 
  399       2.390415031565e-13       1.213220311390e-15      -1.202992602141e-15       8.944804163689e-16       0.000000000000e+00       0.000000000000e+00       0.000000000000e+00 
  400       2.358154121313e-13       1.221633194211e-15      -1.337635151805e-15       8.945751775357e-16       0.000000000000e+00       0.000000000000e+00       0.000000000000e+00 
  401       2.325284311057e-13       1.230534830554e-15      -1.464312630752e-15       8.945911280906e-16       0.000000000000e+00       0.000000000000e+00       0.000000000000e+00 
  402       2.291847931183e-13       1.239898208193e-15      -1.583032825089e-15       8.945257512788e-16       0.000000000000e+00       0.000000000000e+00       0.000000000000e+00 
  403       2.257888231277e-13       1.249695675061e-15      -1.693805649496e-15       8.943764938301e-16       0.000000000000e+00       0.000000000000e+00       0.000000000000e+00 
  404       2.223449385910e-13       1.259898935076e-15      -1.796643164711e-15       8.941407657535e-16       0.000000000000e+00       0.000000000000e+00       0.000000000000e+00 
  405       2.188576500439e-13       1.270479043961e-15      -1.891559595007e-15       8.938159401324e-16       0.000000000000e+00       0.000000000000e+00       0.000000000000e+00 
  406       2.153315616795e-13       1.281406405066e-15      -1.978571345684e-15       8.933993529186e-16       0.000000000000e+00       0.000000000000e+00       0.000000000000e+00 
  407       2.117713719279e-13       1.292650765196e-15      -2.057697020546e-15       8.928883027281e-16       0.000000000000e+00       0.000000000000e+00       0.000000000000e+00 
  408       2.081818740352e-13       1.304181210428e-15      -2.128957439390e-15       8.922800506348e-16       0.000000000000e+00       0.000000000000e+00       0.000000000000e+00 
  409       2.045679566429e-13       1.315966161938e-15      -2.192375655483e-15       8.915718199663e-16       0.000000000000e+00       0.000000000000e+00       0.000000000000e+00 
  410       2.009346043673e-13       1.327973371820e-15      -2.247976973054e-15       8.907607960978e-16       0.000000000000e+00       0.000000000000e+00       0.000000000000e+00 
  411       1.972868983789e-13       1.340169918913e-15      -2.295788964770e-15       8.898441262476e-16       0.000000000000e+00       0.000000000000e+00       0.000000000000e+00 
  412       1.936300169810e-13       1.352522204622e-15      -2.335841489223e-15       8.888189192712e-16       0.000000000000e+00       0.000000000000e+00       0.000000000000e+00 
  413       1.899692361901e-13       1.364995948740e-15      -2.368166708416e-15       8.876822454568e-16       0.000000000000e+00       0.000000000000e+00       0.000000000000e+00 
  414       1.863099303141e-13       1.377556185271e-15      -2.392799105240e-15       8.864311363195e-16       0.000000000000e+00       0.000000000000e+00       0.000000000000e+00 
  415       1.826575725323e-13       1.390167258255e-15      -2.409775500965e-15       8.850625843963e-16       0.000000000000e+00       0.000000000000e+00       0.000000000000e+00 
  416       1.790177354746e-13       1.402792817588e-15      -2.419135072719e-15       8.835735430410e-16       0.000000000000e+00       0.000000000000e+00       0.000000000000e+00 
  417       1.753960918004e-13       1.415395814847e-15      -2.420919370973e-15       8.819609262188e-16       0.000000000000e+00       0.000000000000e+00       0.000000000000e+00 
  418       1.717984147783e-13       1.427938499112e-15      -2.415172337024e-15       8.802216083010e-16       0.000000000000e+00       0.000000000000e+00       0.000000000000e+00 
  419       1.682305788653e-13       1.440382412789e-15      -2.401940320480e-15       8.783524238601e-16       0.000000000000e+00       0.000000000000e+00       0.000000000000e+00 
  420       1.646985602858e-13       1.452688387432e-15      -2.381272096743e-15       8.763501674644e-16       0.000000000000e+00       0.000000000000e+00       0.000000000000e+00 
  421       1.612084376115e-13       1.464816539568e-15      -2.353218884490e-15       8.742115934726e-16       0.000000000000e+00       0.000000000000e+00       0.000000000000e+00 
  422       1.577663923401e-13       1.476726266517e-15      -2.317834363163e-15       8.719334158289e-16       0.000000000000e+00       0.000000000000e+00       0.000000000000e+00 
  423       1.543787094748e-13       1.488376242217e-15      -2.275174690446e-15       8.695123078577e-16       0.000000000000e+00       0.000000000000e+00       0.000000000000e+00 
  424       1.510517781037e-13       1.499724413046e-15      -2.225298519751e-15       8.669449020580e-16       0.000000000000e+00       0.000000000000e+00       0.000000000000e+00 
  425       1.477920919790e-13       1.510727993647e-15      -2.168267017703e-15       8.642277898990e-16       0.000000000000e+00       0.000000000000e+00       0.000000000000e+00 
  426       1.446062500962e-13       1.521343462745e-15      -2.104143881622e-15       8.613575216139e-16       0.000000000000e+00       0.000000000000e+00       0.000000000000e+00 
  427       1.414998312540e-13       1.531533440425e-15      -2.033016440526e-15       8.583317370728e-16       0.000000000000e+00       0.000000000000e+00       0.000000000000e+00 
  428       1.384739743820e-13       1.541287586149e-15      -1.955059713184e-15       8.551526011912e-16       0.000000000000e+00       0.000000000000e+00       0.000000000000e+00 
  429       1.355286830085e-13       1.550602403511e-15      -1.870474563798e-15       8.518234849962e-16       0.000000000000e+00       0.000000000000e+00       0.000000000000e+00 
  430       1.326639406090e-13       1.559474423366e-15      -1.779466846628e-15       8.483478456453e-16       0.000000000000e+00       0.000000000000e+00       0.000000000000e+00 
  431       1.298797104463e-13       1.567900204171e-15      -1.682247437314e-15       8.447292269636e-16       0.000000000000e+00       0.000000000000e+00       0.000000000000e+00 
  432       1.271759354099e-13       1.575876332330e-15      -1.579032264208e-15       8.409712599812e-16       0.000000000000e+00       0.000000000000e+00       0.000000000000e+00 
  433       1.245525378563e-13       1.583399422531e-15      -1.470042339699e-15       8.370776634709e-16       0.000000000000e+00       0.000000000000e+00       0.000000000000e+00 
  434       1.220094194492e-13       1.590466118089e-15      -1.355503791541e-15       8.330522444856e-16       0.000000000000e+00       0.000000000000e+00       0.000000000000e+00 
  435       1.195464609986e-13       1.597073091288e-15      -1.235647894180e-15       8.288988988958e-16       0.000000000000e+00       0.000000000000e+00       0.000000000000e+00 
  436       1.171635223016e-13       1.603217043721e-15      -1.110711100081e-15       8.246216119267e-16       0.000000000000e+00       0.000000000000e+00       0.000000000000e+00 
  437       1.148604419820e-13       1.608894706632e-15      -9.809350710569e-16       8.202244586961e-16       0.000000000000e+00       0.000000000000e+00       0.000000000000e+00 
  438       1.126370373300e-13       1.614102841257e-15      -8.465667095940e-16       8.157116047518e-16       0.000000000000e+00       0.000000000000e+00       0.000000000000e+00 
  439       1.104931041423e-13       1.618838239166e-15      -7.078581901802e-16       8.110873066088e-16       0.000000000000e+00       0.000000000000e+00       0.000000000000e+00 
  440       1.084284165625e-13       1.623097722604e-15      -5.650669906324e-16       8.063559122870e-16       0.000000000000e+00       0.000000000000e+00       0.000000000000e+00 
  441       1.064427269201e-13       1.626878144831e-15      -4.184559234237e-16       8.015218618486e-16       0.000000000000e+00       0.000000000000e+00       0.000000000000e+00 
  442       1.045357655711e-13       1.630176390465e-15      -2.682931670107e-16       7.965896879355e-16       0.000000000000e+00       0.000000000000e+00       0.000000000000e+00 
  443       1.027072407381e-13       1.632989375824e-15      -1.148522971609e-16       7.915640163067e-16       0.000000000000e+00       0.000000000000e+00       0.000000000000e+00 
  444       1.009568383494e-13       1.635314049263e-15       4.158768172001e-17       7.864495663761e-16       0.000000000000e+00       0.000000000000e+00       0.000000000000e+00 
  445       9.928422187975e-14       1.637147391522e-15       2.007423052607e-16       7.812511517495e-16       0.000000000000e+00       0.000000000000e+00       0.000000000000e+00 
  446       9.768903218991e-14       1.638486416062e-15       3.623216177969e-16       7.759736807625e-16       0.000000000000e+00       0.000000000000e+00       0.000000000000e+00 
  447       9.617088736662e-14       1.639328169406e-15       5.260301410442e-16       7.706221570175e-16       0.000000000000e+00       0.000000000000e+00       0.000000000000e+00 
  448       9.472938256256e-14       1.639669731486e-15       6.915668427705e-16       7.652016799215e-16       0.000000000000e+00       0.000000000000e+00       0.000000000000e+00 
  449       9.336408983628e-14       1.639508215978e-15       8.586251054689e-16       7.597174452237e-16       0.000000000000e+00       0.000000000000e+00       0.000000000000e+00 
  450       9.207455799215e-14       1.638840770646e-15       1.026892695030e-15       7.541747455523e-16       0.000000000000e+00       0.000000000000e+00       0.000000000000e+00 
  451       9.086031242026e-14       1.637664577685e-15       1.196051729415e-15       7.485789709528e-16       0.000000000000e+00       0.000000000000e+00       0.000000000000e+00 
  452       8.972085493638e-14       1.635976854058e-15       1.365778647328e-15       7.429356094247e-16       0.000000000000e+00       0.000000000000e+00       0.000000000000e+00 
  453       8.865566362185e-14       1.633774851841e-15       1.535744176889e-15       7.372502474595e-16       0.000000000000e+00       0.000000000000e+00       0.000000000000e+00 
  454       8.766419266359e-14       1.631055858564e-15       1.705613304306e-15       7.315285705780e-16       0.000000000000e+00       0.000000000000e+00       0.000000000000e+00 
  455       8.674587219394e-14       1.627817197551e-15       1.875045242548e-15       7.257763638676e-16       0.000000000000e+00       0.000000000000e+00       0.000000000000e+00 
  456       8.590010813068e-14       1.624056228259e-15       2.043693400018e-15       7.199995125199e-16       0.000000000000e+00       0.000000000000e+00       0.000000000000e+00 
  457       8.512628201689e-14       1.619770346626e-15       2.211205349226e-15       7.142040023683e-16       0.000000000000e+00       0.000000000000e+00       0.000000000000e+00 
  458       8.442375086094e-14       1.614956985406e-15       2.377222795459e-15       7.083959204252e-16       0.000000000000e+00       0.000000000000e+00       0.000000000000e+00 
  459       8.379184697638e-14       1.609613614514e-15       2.541381545457e-15       7.025814554195e-16       0.000000000000e+00       0.000000000000e+00       0.000000000000e+00 
  460       8.322987782189e-14       1.603737741364e-15       2.703311476085e-15       6.967668983343e-16       0.000000000000e+00       0.000000000000e+00       0.000000000000e+00 
  461       8.273712584122e-14       1.597326911213e-15       2.862636503004e-15       6.909586429440e-16       0.000000000000e+00       0.000000000000e+00       0.000000000000e+00 
  462       8.231284830312e-14       1.590378707504e-15       3.018974549344e-15       6.851631863521e-16       0.000000000000e+00       0.000000000000e+00       0.000000000000e+00 
  463       8.195627714126e-14       1.582890752201e-15       3.171937514379e-15       6.793871295285e-16       0.000000000000e+00       0.000000000000e+00       0.000000000000e+00 
  464       8.166661879418e-14       1.574860706136e-15       3.321131242195e-15       6.736371778469e-16       0.000000000000e+00       0.000000000000e+00       0.000000000000e+00 
  465       8.144305404519e-14       1.566286269349e-15       3.466155490370e-15       6.679201416224e-16       0.000000000000e+00       0.000000000000e+00       0.000000000000e+00 
  466       8.128457742111e-14       1.557168092341e-15       3.606669797617e-15       6.622420652302e-16       0.000000000000e+00       0.000000000000e+00       0.000000000000e+00 
  467       8.118951019959e-14       1.547518609101e-15       3.742593412028e-15       6.566055834675e-16       0.000000000000e+00       0.000000000000e+00       0.000000000000e+00 
  468       8.115597189288e-14       1.537353480333e-15       3.873911538752e-15       6.510124837703e-16       0.000000000000e+00       0.000000000000e+00       0.000000000000e+00 
  469       8.118203906773e-14       1.526688709401e-15       4.000610009864e-15       6.454645702333e-16       0.000000000000e+00       0.000000000000e+00       0.000000000000e+00 
  470       8.126574509690e-14       1.515540644269e-15       4.122675289383e-15       6.399636636667e-16       0.000000000000e+00       0.000000000000e+00       0.000000000000e+00 
  471       8.140507991060e-14       1.503925979451e-15       4.240094478273e-15       6.345116016533e-16       0.000000000000e+00       0.000000000000e+00       0.000000000000e+00 
  472       8.159798974795e-14       1.491861757956e-15       4.352855319460e-15       6.291102386053e-16       0.000000000000e+00       0.000000000000e+00       0.000000000000e+00 
  473       8.184237690847e-14       1.479365373236e-15       4.460946202838e-15       6.237614458213e-16       0.000000000000e+00       0.000000000000e+00       0.000000000000e+00 
  474       8.213609950351e-14       1.466454571132e-15       4.564356170284e-15       6.184671115430e-16       0.000000000000e+00       0.000000000000e+00       0.000000000000e+00 
  475       8.247697120771e-14       1.453147451819e-15       4.663074920664e-15       6.132291410128e-16       0.000000000000e+00       0.000000000000e+00       0.000000000000e+00 
  476       8.286276101053e-14       1.439462471754e-15       4.757092814846e-15       6.080494565300e-16       0.000000000000e+00       0.000000000000e+00       0.000000000000e+00 
  477       8.329119296761e-14       1.425418445620e-15       4.846400880707e-15       6.029299975083e-16       0.000000000000e+00       0.000000000000e+00       0.000000000000e+00 
  478       8.375994595231e-14       1.411034548276e-15       4.930990818147e-15       5.978727205323e-16       0.000000000000e+00       0.000000000000e+00       0.000000000000e+00 
  479       8.426665340717e-14       1.396330316702e-15       5.010855004101e-15       5.928795994148e-16       0.000000000000e+00       0.000000000000e+00       0.000000000000e+00 
  480       8.480890309532e-14       1.381325651944e-15       5.085986497540e-15       5.879526252537e-16       0.000000000000e+00       0.000000000000e+00       0.000000000000e+00 
  481       8.538423685198e-14       1.366040821063e-15       5.156379044494e-15       5.830938064888e-16       0.000000000000e+00       0.000000000000e+00       0.000000000000e+00 
  482       8.599015033594e-14       1.350496459076e-15       5.222027083053e-15       5.783051689587e-16       0.000000000000e+00       0.000000000000e+00       0.000000000000e+00 
  483       8.662409278099e-14       1.334713570912e-15       5.282925748379e-15       5.735887559580e-16       0.000000000000e+00       0.000000000000e+00       0.000000000000e+00 
  484       8.728346674739e-14       1.318713533349e-15       5.339070877720e-15       5.689466282941e-16       0.000000000000e+00       0.000000000000e+00       0.000000000000e+00 
  485       8.796562787334e-14       1.302518096964e-15       5.390459015417e-15       5.643808643441e-16       0.000000000000e+00       0.000000000000e+00       0.000000000000e+00 
  486       8.866788462644e-14       1.286149388082e-15       5.437087417916e-15       5.598935601119e-16       0.000000000000e+00       0.000000000000e+00       0.000000000000e+00 
  487       8.938749805517e-14       1.269629910719e-15       5.478954058778e-15       5.554868292849e-16       0.000000000000e+00       0.000000000000e+00       0.000000000000e+00 
  488       9.012168154032e-14       1.252982548528e-15       5.516057633686e-15       5.511628032911e-16       0.000000000000e+00       0.000000000000e+00       0.000000000000e+00 
  489       9.086760054648e-14       1.236230566750e-15       5.548397565462e-15       5.469236313564e-16       0.000000000000e+00       0.000000000000e+00       0.000000000000e+00 
  490       9.162237237348e-14       1.219397614155e-15       5.575974009073e-15       5.427714805607e-16       0.000000000000e+00       0.000000000000e+00       0.000000000000e+00 
  491       9.238306590789e-14       1.202507724990e-15       5.598787856639e-15       5.387085358956e-16       0.000000000000e+00       0.000000000000e+00       0.000000000000e+00 
  492       9.314670137443e-14       1.185585320930e-15       5.616840742450e-15       5.347370003211e-16       0.000000000000e+00       0.000000000000e+00       0.000000000000e+00 
  493       9.391025008750e-14       1.168655213016e-15       5.630135047971e-15       5.308590948225e-16       0.000000000000e+00       0.000000000000e+00       0.000000000000e+00 
  494       9.467063420256e-14       1.151742603610e-15       5.638673906854e-15       5.270770584674e-16       0.000000000000e+00       0.000000000000e+00       0.000000000000e+00 
  495       9.542472646769e-14       1.134873088334e-15       5.642461209949e-15       5.233931484625e-16       0.000000000000e+00       0.000000000000e+00       0.000000000000e+00 
  496       9.616934997496e-14       1.118072658023e-15       5.641501610312e-15       5.198096402108e-16       0.000000000000e+00       0.000000000000e+00       0.000000000000e+00 
  497       9.690127791196e-14       1.101367700667e-15       5.635800528219e-15       5.163288273686e-16       0.000000000000e+00       0.000000000000e+00       0.000000000000e+00 
  498       9.761723331323e-14       1.084785003358e-15       5.625364156174e-15       5.129530219018e-16       0.000000000000e+00       0.000000000000e+00       0.000000000000e+00 
  499       9.831388881172e-14       1.068351754238e-15       5.610199463918e-15       5.096845541438e-16       0.000000000000e+00       0.000000000000e+00       0.000000000000e+00 
  500       9.898786639029e-14       1.052095544444e-15       5.590314203443e-15       5.065257728517e-16       0.000000000000e+00       0.000000000000e+00       0.000000000000e+00 
