# dimensionless [l(l+1)/2pi] C_l's for tensor mode
# for l=2 to 500, i.e. number of multipoles equal to 499
#
# -> if you prefer output in CAMB/HealPix/LensPix units/order, set 'format' to 'camb' in input file
# -> if you don't want to see such a header, set 'headers' to 'no' in input file
# -> for CMB lensing (phi), these are C_l^phi-phi for the lensing potential.
#    Remember the conversion factors:
#    C_l^dd (deflection) = l(l+1) C_l^phi-phi
#    C_l^gg (shear/convergence) = 1/4 (l(l+1))^2 C_l^phi-phi
#
# 1:l     2:TT                     3:EE                     4:TE                     5:BB                     6:phiphi                 7:TPhi                   8:Ephi               
    2       1.424884397011e-10       2.713998812171e-15       1.688687055682e-13       4.851915808786e-15       0.000000000000e+00       0.000000000000e+00       0.000000000000e+00 
    3       1.089475875802e-10       2.867753584414e-15      -7.559672657711e-15       4.883175820657e-15       0.000000000000e+00       0.000000000000e+00       0.000000000000e+00 
    4       9.773337937298e-11       2.628374124548e-15      -6.028980242885e-14       4.243466216483e-15       0.000000000000e+00       0.000000000000e+00       0.000000000000e+00 
    5       9.299735392762e-11       2.097873847805e-15      -7.130469025407e-14       3.320933070203e-15       0.000000000000e+00       0.000000000000e+00       0.000000000000e+00 
    6       9.020789261920e-11       1.509450457093e-15      -6.780884511966e-14       2.406992659112e-15       0.000000000000e+00       0.000000000000e+00       0.000000000000e+00 
    7       8.844633594287e-11       1.025718373239e-15      -6.016693487704e-14       1.661552927506e-15       0.000000000000e+00       0.000000000000e+00       0.000000000000e+00 
    8       8.725601587891e-11       7.123070345380e-16      -5.292844401883e-14       1.137888952612e-15       0.000000000000e+00       0.000000000000e+00       0.000000000000e+00 
    9       8.639103786607e-11       5.636447419174e-16      -4.776903677467e-14       8.234187577326e-16       0.000000000000e+00       0.000000000000e+00       0.000000000000e+00 
   10       8.570958162977e-11       5.393942008036e-16      -4.502535782269e-14       6.756756668746e-16       0.000000000000e+00       0.000000000000e+00       0.000000000000e+00 
   11       8.512858774172e-11       5.937386163519e-16      -4.447217691126e-14       6.458059476090e-16       0.000000000000e+00       0.000000000000e+00       0.000000000000e+00 
   12       8.459975196124e-11       6.906590853782e-16      -4.571098413481e-14       6.914587849027e-16       0.000000000000e+00       0.000000000000e+00       0.000000000000e+00 
   13       8.409444575681e-11       8.077842815285e-16      -4.836272282160e-14       7.816493036667e-16       0.000000000000e+00       0.000000000000e+00       0.000000000000e+00 
   14       8.359500185946e-11       9.345784194590e-16      -5.212217669966e-14       8.960077687262e-16       0.000000000000e+00       0.000000000000e+00       0.000000000000e+00 
   15       8.309031696646e-11       1.066746285409e-15      -5.676005981415e-14       1.023604549560e-15       0.000000000000e+00       0.000000000000e+00       0.000000000000e+00 
   16       8.257372729267e-11       1.204211161204e-15      -6.212506599354e-14       1.158308513570e-15       0.000000000000e+00       0.000000000000e+00       0.000000000000e+00 
   17       8.204159457836e-11       1.346891155745e-15      -6.811169975286e-14       1.298182857307e-15       0.000000000000e+00       0.000000000000e+00       0.000000000000e+00 
   18       8.148623389109e-11       1.495161108038e-15      -7.463529468196e-14       1.442344711420e-15       0.000000000000e+00       0.000000000000e+00       0.000000000000e+00 
   19       8.092497408467e-11       1.649031317261e-15      -8.165122215721e-14       1.590514858720e-15       0.000000000000e+00       0.000000000000e+00       0.000000000000e+00 
   20       8.033857533979e-11       1.808363312998e-15      -8.910420493177e-14       1.742737377648e-15       0.000000000000e+00       0.000000000000e+00       0.000000000000e+00 
   21       7.973757794564e-11       1.972872670204e-15      -9.695667999628e-14       1.898915089033e-15       0.000000000000e+00       0.000000000000e+00       0.000000000000e+00 
   22       7.911651838879e-11       2.142262545627e-15      -1.051674944663e-13       2.058971608621e-15       0.000000000000e+00       0.000000000000e+00       0.000000000000e+00 
   23       7.848285623734e-11       2.316387529339e-15      -1.137071531660e-13       2.222789707671e-15       0.000000000000e+00       0.000000000000e+00       0.000000000000e+00 
   24       7.783053705109e-11       2.495208310246e-15      -1.225437014288e-13       2.390265804464e-15       0.000000000000e+00       0.000000000000e+00       0.000000000000e+00 
   25       7.716546845945e-11       2.678783863385e-15      -1.316447078703e-13       2.561204439110e-15       0.000000000000e+00       0.000000000000e+00       0.000000000000e+00 
   26       7.648433561859e-11       2.867233969128e-15      -1.409751582754e-13       2.735394990131e-15       0.000000000000e+00       0.000000000000e+00       0.000000000000e+00 
   27       7.578959701347e-11       3.060590532905e-15      -1.505100925371e-13       2.912617426661e-15       0.000000000000e+00       0.000000000000e+00       0.000000000000e+00 
   28       7.507726242442e-11       3.258832286254e-15      -1.602261318960e-13       3.092656887552e-15       0.000000000000e+00       0.000000000000e+00       0.000000000000e+00 
   29       7.435518050743e-11       3.461725780446e-15      -1.701000628736e-13       3.275291564250e-15       0.000000000000e+00       0.000000000000e+00       0.000000000000e+00 
   30       7.362422203506e-11       3.668935853133e-15      -1.801071569405e-13       3.460306656037e-15       0.000000000000e+00       0.000000000000e+00       0.000000000000e+00 
   31       7.287621708353e-11       3.880109038024e-15      -1.902220153869e-13       3.647492861304e-15       0.000000000000e+00       0.000000000000e+00       0.000000000000e+00 
   32       7.211636095970e-11       4.095011256417e-15      -2.004241480528e-13       3.836619535709e-15       0.000000000000e+00       0.000000000000e+00       0.000000000000e+00 
   33       7.134694050253e-11       4.313439222103e-15      -2.106945025141e-13       4.027452012479e-15       0.000000000000e+00       0.000000000000e+00       0.000000000000e+00 
   34       7.056416482046e-11       4.535184655042e-15      -2.210141196651e-13       4.219750329056e-15       0.000000000000e+00       0.000000000000e+00       0.000000000000e+00 
   35       6.977136061246e-11       4.760035294429e-15      -2.313642967708e-13       4.413240297016e-15       0.000000000000e+00       0.000000000000e+00       0.000000000000e+00 
   36       6.896890064456e-11       4.987773427091e-15      -2.417265699662e-13       4.607631480723e-15       0.000000000000e+00       0.000000000000e+00       0.000000000000e+00 
   37       6.815331712781e-11       5.218176852497e-15      -2.520821927261e-13       4.802639560769e-15       0.000000000000e+00       0.000000000000e+00       0.000000000000e+00 
   38       6.732885841981e-11       5.451024717640e-15      -2.624103115026e-13       4.998039319320e-15       0.000000000000e+00       0.000000000000e+00       0.000000000000e+00 
   39       6.649874986623e-11       5.686092978001e-15      -2.726892270199e-13       5.193629435982e-15       0.000000000000e+00       0.000000000000e+00       0.000000000000e+00 
   40       6.566147355286e-11       5.923152423849e-15      -2.828968925241e-13       5.389219091810e-15       0.000000000000e+00       0.000000000000e+00       0.000000000000e+00 
   41       6.481310192815e-11       6.161991743037e-15      -2.930149574556e-13       5.584608644835e-15       0.000000000000e+00       0.000000000000e+00       0.000000000000e+00 
   42       6.395638966771e-11       6.402496485239e-15      -3.030424580249e-13       5.779522624970e-15       0.000000000000e+00       0.000000000000e+00       0.000000000000e+00 
   43       6.309381717690e-11       6.644595280616e-15      -3.129865999069e-13       5.973655953004e-15       0.000000000000e+00       0.000000000000e+00       0.000000000000e+00 
   44       6.222473238595e-11       6.888239957913e-15      -3.228593909524e-13       6.166691245406e-15       0.000000000000e+00       0.000000000000e+00       0.000000000000e+00 
   45       6.134703749787e-11       7.133361470192e-15      -3.326701764975e-13       6.358312006088e-15       0.000000000000e+00       0.000000000000e+00       0.000000000000e+00 
   46       6.046354802788e-11       7.379718926655e-15      -3.423999104857e-13       6.548248697803e-15       0.000000000000e+00       0.000000000000e+00       0.000000000000e+00 
   47       5.957703140570e-11       7.627007616408e-15      -3.520196786618e-13       6.736245149887e-15       0.000000000000e+00       0.000000000000e+00       0.000000000000e+00 
   48       5.868821223374e-11       7.874899160288e-15      -3.614976249805e-13       6.922045842823e-15       0.000000000000e+00       0.000000000000e+00       0.000000000000e+00 
   49       5.779559050179e-11       8.123040185402e-15      -3.707987910918e-13       7.105395950844e-15       0.000000000000e+00       0.000000000000e+00       0.000000000000e+00 
   50       5.689683591771e-11       8.371068726933e-15      -3.798882502596e-13       7.286044314250e-15       0.000000000000e+00       0.000000000000e+00       0.000000000000e+00 
   51       5.599383882743e-11       8.618671757257e-15      -3.887418843665e-13       7.463753208626e-15       0.000000000000e+00       0.000000000000e+00       0.000000000000e+00 
   52       5.508871608295e-11       8.865540981304e-15      -3.973382547455e-13       7.638291301020e-15       0.000000000000e+00       0.000000000000e+00       0.000000000000e+00 
   53       5.418224969186e-11       9.111355994515e-15      -4.056555580667e-13       7.809431128203e-15       0.000000000000e+00       0.000000000000e+00       0.000000000000e+00 
   54       5.327377920214e-11       9.355783791590e-15      -4.136716208548e-13       7.976949277148e-15       0.000000000000e+00       0.000000000000e+00       0.000000000000e+00 
   55       5.236215627629e-11       9.598503851362e-15      -4.213661417799e-13       8.140636438186e-15       0.000000000000e+00       0.000000000000e+00       0.000000000000e+00 
   56       5.144913264468e-11       9.839291814177e-15      -4.287280833928e-13       8.300330075578e-15       0.000000000000e+00       0.000000000000e+00       0.000000000000e+00 
   57       5.053662529606e-11       1.007795573132e-14      -4.357501070524e-13       8.455890189135e-15       0.000000000000e+00       0.000000000000e+00       0.000000000000e+00 
   58       4.962566323802e-11       1.031431280441e-14      -4.424265663407e-13       8.607190705452e-15       0.000000000000e+00       0.000000000000e+00       0.000000000000e+00 
   59       4.871632126578e-11       1.054818989060e-14      -4.487535891552e-13       8.754120043032e-15       0.000000000000e+00       0.000000000000e+00       0.000000000000e+00 
   60       4.780765373097e-11       1.077942400784e-14      -4.547291598024e-13       8.896581677415e-15       0.000000000000e+00       0.000000000000e+00       0.000000000000e+00 
   61       4.689850408770e-11       1.100785490513e-14      -4.603519179525e-13       9.034486259436e-15       0.000000000000e+00       0.000000000000e+00       0.000000000000e+00 
   62       4.599029570507e-11       1.123329968156e-14      -4.656170547567e-13       9.167724624158e-15       0.000000000000e+00       0.000000000000e+00       0.000000000000e+00 
   63       4.508475280490e-11       1.145557334085e-14      -4.705196370528e-13       9.296189698764e-15       0.000000000000e+00       0.000000000000e+00       0.000000000000e+00 
   64       4.418304227969e-11       1.167449647207e-14      -4.750558497783e-13       9.419784706048e-15       0.000000000000e+00       0.000000000000e+00       0.000000000000e+00 
   65       4.328573524922e-11       1.188989550302e-14      -4.792230373505e-13       9.538423461535e-15       0.000000000000e+00       0.000000000000e+00       0.000000000000e+00 
   66       4.239276861701e-11       1.210160295379e-14      -4.830197450464e-13       9.652030670592e-15       0.000000000000e+00       0.000000000000e+00       0.000000000000e+00 
   67       4.150340662700e-11       1.230945769015e-14      -4.864457603826e-13       9.760542225544e-15       0.000000000000e+00       0.000000000000e+00       0.000000000000e+00 
   68       4.061684194191e-11       1.251330309790e-14      -4.895016065460e-13       9.863900620127e-15       0.000000000000e+00       0.000000000000e+00       0.000000000000e+00 
   69       3.973422624138e-11       1.271298060974e-14      -4.921868109954e-13       9.962039449739e-15       0.000000000000e+00       0.000000000000e+00       0.000000000000e+00 
   70       3.885698390552e-11       1.290833531609e-14      -4.945013587583e-13       1.005489628985e-14       0.000000000000e+00       0.000000000000e+00       0.000000000000e+00 
   71       3.798618720675e-11       1.309921812483e-14      -4.964462362134e-13       1.014241746995e-14       0.000000000000e+00       0.000000000000e+00       0.000000000000e+00 
   72       3.712253422238e-11       1.328548596160e-14      -4.980234584576e-13       1.022455824575e-14       0.000000000000e+00       0.000000000000e+00       0.000000000000e+00 
   73       3.626632674730e-11       1.346700197011e-14      -4.992360966711e-13       1.030128297146e-14       0.000000000000e+00       0.000000000000e+00       0.000000000000e+00 
   74       3.541744820650e-11       1.364363571237e-14      -5.000883054835e-13       1.037256527201e-14       0.000000000000e+00       0.000000000000e+00       0.000000000000e+00 
   75       3.457534156779e-11       1.381526336904e-14      -5.005853503398e-13       1.043838821530e-14       0.000000000000e+00       0.000000000000e+00       0.000000000000e+00 
   76       3.373943006175e-11       1.398176621435e-14      -5.007329012032e-13       1.049874209056e-14       0.000000000000e+00       0.000000000000e+00       0.000000000000e+00 
   77       3.291051673933e-11       1.414302527731e-14      -5.005347044763e-13       1.055361689514e-14       0.000000000000e+00       0.000000000000e+00       0.000000000000e+00 
   78       3.208960118778e-11       1.429892606630e-14      -4.999945342892e-13       1.060300878419e-14       0.000000000000e+00       0.000000000000e+00       0.000000000000e+00 
   79       3.127744656760e-11       1.444936037029e-14      -4.991169006229e-13       1.064692246417e-14       0.000000000000e+00       0.000000000000e+00       0.000000000000e+00 
   80       3.047456660529e-11       1.459422642370e-14      -4.979070616303e-13       1.068537131597e-14       0.000000000000e+00       0.000000000000e+00       0.000000000000e+00 
   81       2.968121258609e-11       1.473342907133e-14      -4.963710359579e-13       1.071837751810e-14       0.000000000000e+00       0.000000000000e+00       0.000000000000e+00 
   82       2.889736034673e-11       1.486687993326e-14      -4.945156150673e-13       1.074597216979e-14       0.000000000000e+00       0.000000000000e+00       0.000000000000e+00 
   83       2.812269726815e-11       1.499449756978e-14      -4.923483755569e-13       1.076819541417e-14       0.000000000000e+00       0.000000000000e+00       0.000000000000e+00 
   84       2.735690434494e-11       1.511620652906e-14      -4.898771836007e-13       1.078509274066e-14       0.000000000000e+00       0.000000000000e+00       0.000000000000e+00 
   85       2.660058461319e-11       1.523193394768e-14      -4.871085868823e-13       1.079670291803e-14       0.000000000000e+00       0.000000000000e+00       0.000000000000e+00 
   86       2.585446550377e-11       1.534161268631e-14      -4.840491774295e-13       1.080306827738e-14       0.000000000000e+00       0.000000000000e+00       0.000000000000e+00 
   87       2.511910952097e-11       1.544518254073e-14      -4.807060795235e-13       1.080423841313e-14       0.000000000000e+00       0.000000000000e+00       0.000000000000e+00 
   88       2.439490619448e-11       1.554259038798e-14      -4.770869534857e-13       1.080027024191e-14       0.000000000000e+00       0.000000000000e+00       0.000000000000e+00 
   89       2.368206403146e-11       1.563379033251e-14      -4.731999994624e-13       1.079122806157e-14       0.000000000000e+00       0.000000000000e+00       0.000000000000e+00 
   90       2.298060246850e-11       1.571874385228e-14      -4.690539612110e-13       1.077718361004e-14       0.000000000000e+00       0.000000000000e+00       0.000000000000e+00 
   91       2.229034382365e-11       1.579741994489e-14      -4.646581298856e-13       1.075821612432e-14       0.000000000000e+00       0.000000000000e+00       0.000000000000e+00 
   92       2.161090524846e-11       1.586979527375e-14      -4.600223478224e-13       1.073441239938e-14       0.000000000000e+00       0.000000000000e+00       0.000000000000e+00 
   93       2.094193304117e-11       1.593585123434e-14      -4.551564838791e-13       1.070586248087e-14       0.000000000000e+00       0.000000000000e+00       0.000000000000e+00 
   94       2.028386337886e-11       1.599556433104e-14      -4.500687609631e-13       1.067264587403e-14       0.000000000000e+00       0.000000000000e+00       0.000000000000e+00 
   95       1.963726165199e-11       1.604891461647e-14      -4.447671827923e-13       1.063484335991e-14       0.000000000000e+00       0.000000000000e+00       0.000000000000e+00 
   96       1.900258563975e-11       1.609588874476e-14      -4.392600365072e-13       1.059254117584e-14       0.000000000000e+00       0.000000000000e+00       0.000000000000e+00 
   97       1.838018078899e-11       1.613648007543e-14      -4.335558892030e-13       1.054583101438e-14       0.000000000000e+00       0.000000000000e+00       0.000000000000e+00 
   98       1.777027549307e-11       1.617068877723e-14      -4.276635844611e-13       1.049481002242e-14       0.000000000000e+00       0.000000000000e+00       0.000000000000e+00 
   99       1.717297637071e-11       1.619852193202e-14      -4.215922388810e-13       1.043958080006e-14       0.000000000000e+00       0.000000000000e+00       0.000000000000e+00 
  100       1.658826354489e-11       1.621999363860e-14      -4.153512386119e-13       1.038025139972e-14       0.000000000000e+00       0.000000000000e+00       0.000000000000e+00 
  101       1.601598592168e-11       1.623512511657e-14      -4.089502358849e-13       1.031693532509e-14       0.000000000000e+00       0.000000000000e+00       0.000000000000e+00 
  102       1.545585646911e-11       1.624394481020e-14      -4.023991455442e-13       1.024975153011e-14       0.000000000000e+00       0.000000000000e+00       0.000000000000e+00 
  103       1.490744749607e-11       1.624648849225e-14      -3.957081415794e-13       1.017882441804e-14       0.000000000000e+00       0.000000000000e+00       0.000000000000e+00 
  104       1.437037044815e-11       1.624279618239e-14      -3.888872794958e-13       1.010427935066e-14       0.000000000000e+00       0.000000000000e+00       0.000000000000e+00 
  105       1.384485312477e-11       1.623290220455e-14      -3.819453127993e-13       1.002622848747e-14       0.000000000000e+00       0.000000000000e+00       0.000000000000e+00 
  106       1.333123199716e-11       1.621684397379e-14      -3.748907094261e-13       9.944783022794e-15       0.000000000000e+00       0.000000000000e+00       0.000000000000e+00 
  107       1.282977199324e-11       1.619466512990e-14      -3.677320041385e-13       9.860057455024e-15       0.000000000000e+00       0.000000000000e+00       0.000000000000e+00 
  108       1.234066380420e-11       1.616641560621e-14      -3.604777909451e-13       9.772169536238e-15       0.000000000000e+00       0.000000000000e+00       0.000000000000e+00 
  109       1.186402119097e-11       1.613215169846e-14      -3.531367155210e-13       9.681240221876e-15       0.000000000000e+00       0.000000000000e+00       0.000000000000e+00 
  110       1.139987829079e-11       1.609193613361e-14      -3.457174676274e-13       9.587393620408e-15       0.000000000000e+00       0.000000000000e+00       0.000000000000e+00 
  111       1.094818692372e-11       1.604583813874e-14      -3.382287735326e-13       9.490756942993e-15       0.000000000000e+00       0.000000000000e+00       0.000000000000e+00 
  112       1.050881389916e-11       1.599393350987e-14      -3.306793884313e-13       9.391460453146e-15       0.000000000000e+00       0.000000000000e+00       0.000000000000e+00 
  113       1.008153832235e-11       1.593630468081e-14      -3.230780888651e-13       9.289637416401e-15       0.000000000000e+00       0.000000000000e+00       0.000000000000e+00 
  114       9.666048900973e-12       1.587304079203e-14      -3.154336651426e-13       9.185424049975e-15       0.000000000000e+00       0.000000000000e+00       0.000000000000e+00 
  115       9.261941251587e-12       1.580423775948e-14      -3.077549137595e-13       9.078959472431e-15       0.000000000000e+00       0.000000000000e+00       0.000000000000e+00 
  116       8.868844619579e-12       1.572999414018e-14      -3.000504372757e-13       8.970381717192e-15       0.000000000000e+00       0.000000000000e+00       0.000000000000e+00 
  117       8.486825275900e-12       1.565039801159e-14      -2.923280325502e-13       8.859815330827e-15       0.000000000000e+00       0.000000000000e+00       0.000000000000e+00 
  118       8.116027336100e-12       1.556553861888e-14      -2.845952135470e-13       8.747382165407e-15       0.000000000000e+00       0.000000000000e+00       0.000000000000e+00 
  119       7.756546203039e-12       1.547551046680e-14      -2.768593880411e-13       8.633205095530e-15       0.000000000000e+00       0.000000000000e+00       0.000000000000e+00 
  120       7.408427017651e-12       1.538041335137e-14      -2.691278483369e-13       8.517407933182e-15       0.000000000000e+00       0.000000000000e+00       0.000000000000e+00 
  121       7.071663109707e-12       1.528035239156e-14      -2.614077619852e-13       8.400115342601e-15       0.000000000000e+00       0.000000000000e+00       0.000000000000e+00 
  122       6.746194448579e-12       1.517543806096e-14      -2.537061625013e-13       8.281452755134e-15       0.000000000000e+00       0.000000000000e+00       0.000000000000e+00 
  123       6.431906094005e-12       1.506578621949e-14      -2.460299400826e-13       8.161546284102e-15       0.000000000000e+00       0.000000000000e+00       0.000000000000e+00 
  124       6.128626646847e-12       1.495151814508e-14      -2.383858323262e-13       8.040522639663e-15       0.000000000000e+00       0.000000000000e+00       0.000000000000e+00 
  125       5.836126699861e-12       1.483276056533e-14      -2.307804149466e-13       7.918509043669e-15       0.000000000000e+00       0.000000000000e+00       0.000000000000e+00 
  126       5.554117288455e-12       1.470964568925e-14      -2.232200924937e-13       7.795633144531e-15       0.000000000000e+00       0.000000000000e+00       0.000000000000e+00 
  127       5.282248341456e-12       1.458231123886e-14      -2.157110890702e-13       7.672022932079e-15       0.000000000000e+00       0.000000000000e+00       0.000000000000e+00 
  128       5.020107131872e-12       1.445090048096e-14      -2.082594390493e-13       7.547806652427e-15       0.000000000000e+00       0.000000000000e+00       0.000000000000e+00 
  129       4.767315328920e-12       1.431555689893e-14      -2.008710046564e-13       7.423109968420e-15       0.000000000000e+00       0.000000000000e+00       0.000000000000e+00 
  130       4.523835482199e-12       1.417640748007e-14      -1.935515506108e-13       7.298047269644e-15       0.000000000000e+00       0.000000000000e+00       0.000000000000e+00 
  131       4.289695387982e-12       1.403357764626e-14      -1.863066601688e-13       7.172729243788e-15       0.000000000000e+00       0.000000000000e+00       0.000000000000e+00 
  132       4.064891666396e-12       1.388719644277e-14      -1.791416999929e-13       7.047265441775e-15       0.000000000000e+00       0.000000000000e+00       0.000000000000e+00 
  133       3.849388917741e-12       1.373739653166e-14      -1.720618110620e-13       6.921764172923e-15       0.000000000000e+00       0.000000000000e+00       0.000000000000e+00 
  134       3.643118878806e-12       1.358431418506e-14      -1.650718995815e-13       6.796332400088e-15       0.000000000000e+00       0.000000000000e+00       0.000000000000e+00 
  135       3.445979579187e-12       1.342808927852e-14      -1.581766278927e-13       6.671075634823e-15       0.000000000000e+00       0.000000000000e+00       0.000000000000e+00 
  136       3.257834497609e-12       1.326886528437e-14      -1.513804053831e-13       6.546097832527e-15       0.000000000000e+00       0.000000000000e+00       0.000000000000e+00 
  137       3.078511718239e-12       1.310678926499e-14      -1.446873793961e-13       6.421501287598e-15       0.000000000000e+00       0.000000000000e+00       0.000000000000e+00 
  138       2.907803087005e-12       1.294201186621e-14      -1.381014261413e-13       6.297386528583e-15       0.000000000000e+00       0.000000000000e+00       0.000000000000e+00 
  139       2.745463367918e-12       1.277468731059e-14      -1.316261416041e-13       6.173852213335e-15       0.000000000000e+00       0.000000000000e+00       0.000000000000e+00 
  140       2.591209399385e-12       1.260497339078e-14      -1.252648324556e-13       6.050995024158e-15       0.000000000000e+00       0.000000000000e+00       0.000000000000e+00 
  141       2.444719250531e-12       1.243303146284e-14      -1.190205069629e-13       5.928909562964e-15       0.000000000000e+00       0.000000000000e+00       0.000000000000e+00 
  142       2.305631377514e-12       1.225902643957e-14      -1.128958658986e-13       5.807688246426e-15       0.000000000000e+00       0.000000000000e+00       0.000000000000e+00 
  143       2.173543779845e-12       1.208312678386e-14      -1.068932934509e-13       5.687421201126e-15       0.000000000000e+00       0.000000000000e+00       0.000000000000e+00 
  144       2.048088793485e-12       1.190549820671e-14      -1.010150936307e-13       5.568195700309e-15       0.000000000000e+00       0.000000000000e+00       0.000000000000e+00 
  145       1.929167561596e-12       1.172628407523e-14      -9.526424495044e-14       5.450094632902e-15       0.000000000000e+00       0.000000000000e+00       0.000000000000e+00 
  146       1.816737183276e-12       1.154562305148e-14      -8.964370321266e-14       5.333197683547e-15       0.000000000000e+00       0.000000000000e+00       0.000000000000e+00 
  147       1.710736747082e-12       1.136365517184e-14      -8.415615508309e-14       5.217581670918e-15       0.000000000000e+00       0.000000000000e+00       0.000000000000e+00 
  148       1.611086922036e-12       1.118052180417e-14      -7.880401041116e-14       5.103320440237e-15       0.000000000000e+00       0.000000000000e+00       0.000000000000e+00 
  149       1.517689548645e-12       1.099636560494e-14      -7.358939455099e-14       4.990484755790e-15       0.000000000000e+00       0.000000000000e+00       0.000000000000e+00 
  150       1.430427229908e-12       1.081133047641e-14      -6.851414068210e-14       4.879142193450e-15       0.000000000000e+00       0.000000000000e+00       0.000000000000e+00 
  151       1.349162922327e-12       1.062556152377e-14      -6.357978213034e-14       4.769357033188e-15       0.000000000000e+00       0.000000000000e+00       0.000000000000e+00 
  152       1.273739526926e-12       1.043920501229e-14      -5.878754468866e-14       4.661190151597e-15       0.000000000000e+00       0.000000000000e+00       0.000000000000e+00 
  153       1.203979480255e-12       1.025240832447e-14      -5.413833893800e-14       4.554698914405e-15       0.000000000000e+00       0.000000000000e+00       0.000000000000e+00 
  154       1.139684345408e-12       1.006531991719e-14      -4.963275256805e-14       4.449937068993e-15       0.000000000000e+00       0.000000000000e+00       0.000000000000e+00 
  155       1.080634403032e-12       9.878089278891e-15      -4.527104269813e-14       4.346954636914e-15       0.000000000000e+00       0.000000000000e+00       0.000000000000e+00 
  156       1.026588242341e-12       9.690866886673e-15      -4.105312819803e-14       4.245797806412e-15       0.000000000000e+00       0.000000000000e+00       0.000000000000e+00 
  157       9.772823521274e-13       9.503804163496e-15      -3.697858200881e-14       4.146508824935e-15       0.000000000000e+00       0.000000000000e+00       0.000000000000e+00 
  158       9.324307117751e-13       9.317053435306e-15      -3.304662346365e-14       4.049125891657e-15       0.000000000000e+00       0.000000000000e+00       0.000000000000e+00 
  159       8.917243822698e-13       9.130767888195e-15      -2.925611060866e-14       3.953683049994e-15       0.000000000000e+00       0.000000000000e+00       0.000000000000e+00 
  160       8.548310972129e-13       8.945101525552e-15      -2.560553252377e-14       3.860210080120e-15       0.000000000000e+00       0.000000000000e+00       0.000000000000e+00 
  161       8.214484287084e-13       8.760203193993e-15      -2.209349170337e-14       3.768735616226e-15       0.000000000000e+00       0.000000000000e+00       0.000000000000e+00 
  162       7.914694272124e-13       8.576198157410e-15      -1.872021525839e-14       3.679297033718e-15       0.000000000000e+00       0.000000000000e+00       0.000000000000e+00 
  163       7.648309162103e-13       8.393204803991e-15      -1.548616329997e-14       3.591931235027e-15       0.000000000000e+00       0.000000000000e+00       0.000000000000e+00 
  164       7.414610735726e-13       8.211340361310e-15      -1.239154551772e-14       3.506671411595e-15       0.000000000000e+00       0.000000000000e+00       0.000000000000e+00 
  165       7.212792690586e-13       8.030720826188e-15      -9.436315755305e-15       3.423546951232e-15       0.000000000000e+00       0.000000000000e+00       0.000000000000e+00 
  166       7.041959018200e-13       7.851460894559e-15      -6.620166585959e-15       3.342583345472e-15       0.000000000000e+00       0.000000000000e+00       0.000000000000e+00 
  167       6.901122379038e-13       7.673673891331e-15      -3.942523888028e-15       3.263802096922e-15       0.000000000000e+00       0.000000000000e+00       0.000000000000e+00 
  168       6.789202477565e-13       7.497471700249e-15      -1.402541420500e-15       3.187220626622e-15       0.000000000000e+00       0.000000000000e+00       0.000000000000e+00 
  169       6.705024437269e-13       7.322964693759e-15       1.000904601452e-15       3.112852181396e-15       0.000000000000e+00       0.000000000000e+00       0.000000000000e+00 
  170       6.647317175699e-13       7.150261662871e-15       3.269220930939e-15       3.040705741206e-15       0.000000000000e+00       0.000000000000e+00       0.000000000000e+00 
  171       6.614711779498e-13       6.979469747023e-15       5.404102713818e-15       2.970785926507e-15       0.000000000000e+00       0.000000000000e+00       0.000000000000e+00 
  172       6.605739879441e-13       6.810694363940e-15       7.407538913156e-15       2.903092905603e-15       0.000000000000e+00       0.000000000000e+00       0.000000000000e+00 
  173       6.618832025463e-13       6.644039139502e-15       9.281817733694e-15       2.837622301997e-15       0.000000000000e+00       0.000000000000e+00       0.000000000000e+00 
  174       6.652316061699e-13       6.479605837605e-15       1.102953204631e-14       2.774365101749e-15       0.000000000000e+00       0.000000000000e+00       0.000000000000e+00 
  175       6.704415501516e-13       6.317494290024e-15       1.265358481250e-14       2.713307560828e-15       0.000000000000e+00       0.000000000000e+00       0.000000000000e+00 
  176       6.773247902551e-13       6.157802326276e-15       1.415719450880e-14       2.654431112467e-15       0.000000000000e+00       0.000000000000e+00       0.000000000000e+00 
  177       6.856823241738e-13       6.000625703483e-15       1.554390055129e-14       2.597712274517e-15       0.000000000000e+00       0.000000000000e+00       0.000000000000e+00 
  178       6.953042290351e-13       5.846058036235e-15       1.681756872006e-14       2.543122556802e-15       0.000000000000e+00       0.000000000000e+00       0.000000000000e+00 
  179       7.059694989033e-13       5.694190726456e-15       1.798239658363e-14       2.490628368472e-15       0.000000000000e+00       0.000000000000e+00       0.000000000000e+00 
  180       7.174792261710e-13       5.545109970499e-15       1.904228169325e-14       2.440198378485e-15       0.000000000000e+00       0.000000000000e+00       0.000000000000e+00 
  181       7.297594346269e-13       5.398887660923e-15       1.999885867401e-14       2.391826444838e-15       0.000000000000e+00       0.000000000000e+00       0.000000000000e+00 
  182       7.427661273887e-13       5.255589625147e-15       2.085331615908e-14       2.345510334277e-15       0.000000000000e+00       0.000000000000e+00       0.000000000000e+00 
  183       7.564526381677e-13       5.115278402900e-15       2.160702305399e-14       2.301244368219e-15       0.000000000000e+00       0.000000000000e+00       0.000000000000e+00 
  184       7.707695915855e-13       4.978013165317e-15       2.226153161399e-14       2.259019357567e-15       0.000000000000e+00       0.000000000000e+00       0.000000000000e+00 
  185       7.856648634909e-13       4.843849634039e-15       2.281858052151e-14       2.218822537508e-15       0.000000000000e+00       0.000000000000e+00       0.000000000000e+00 
  186       8.010835412771e-13       4.712840000307e-15       2.328009796347e-14       2.180637502327e-15       0.000000000000e+00       0.000000000000e+00       0.000000000000e+00 
  187       8.169678841990e-13       4.585032844065e-15       2.364820470875e-14       2.144444140203e-15       0.000000000000e+00       0.000000000000e+00       0.000000000000e+00 
  188       8.332572836895e-13       4.460473053053e-15       2.392521718553e-14       2.110218568026e-15       0.000000000000e+00       0.000000000000e+00       0.000000000000e+00 
  189       8.498882236774e-13       4.339201741908e-15       2.411365055867e-14       2.077933066193e-15       0.000000000000e+00       0.000000000000e+00       0.000000000000e+00 
  190       8.667942409039e-13       4.221256171262e-15       2.421622180718e-14       2.047556013420e-15       0.000000000000e+00       0.000000000000e+00       0.000000000000e+00 
  191       8.839058852396e-13       4.106669666837e-15       2.423585280150e-14       2.019051821546e-15       0.000000000000e+00       0.000000000000e+00       0.000000000000e+00 
  192       9.011506800018e-13       3.995471538544e-15       2.417567338100e-14       1.992380870336e-15       0.000000000000e+00       0.000000000000e+00       0.000000000000e+00 
  193       9.184530822715e-13       3.887686999583e-15       2.403902443128e-14       1.967499442295e-15       0.000000000000e+00       0.000000000000e+00       0.000000000000e+00 
  194       9.357344432104e-13       3.783337085539e-15       2.382946096164e-14       1.944359657462e-15       0.000000000000e+00       0.000000000000e+00       0.000000000000e+00 
  195       9.529129683776e-13       3.682438573479e-15       2.355075518241e-14       1.922909408228e-15       0.000000000000e+00       0.000000000000e+00       0.000000000000e+00 
  196       9.699036780471e-13       3.585003901052e-15       2.320689958237e-14       1.903092294132e-15       0.000000000000e+00       0.000000000000e+00       0.000000000000e+00 
  197       9.866183675249e-13       3.491041085585e-15       2.280211000613e-14       1.884847556674e-15       0.000000000000e+00       0.000000000000e+00       0.000000000000e+00 
  198       1.002965567465e-12       3.400553643181e-15       2.234082873156e-14       1.868110014116e-15       0.000000000000e+00       0.000000000000e+00       0.000000000000e+00 
  199       1.018850504189e-12       3.313540507819e-15       2.182772754710e-14       1.852809996290e-15       0.000000000000e+00       0.000000000000e+00       0.000000000000e+00 
  200       1.034175059999e-12       3.229995950448e-15       2.126771082926e-14       1.838873279404e-15       0.000000000000e+00       0.000000000000e+00       0.000000000000e+00 
  201       1.048853384075e-12       3.149912759626e-15       2.066526784383e-14       1.826231457581e-15       0.000000000000e+00       0.000000000000e+00       0.000000000000e+00 
  202       1.062860050336e-12       3.073292204848e-15       2.002247169211e-14       1.814854018651e-15       0.000000000000e+00       0.000000000000e+00       0.000000000000e+00 
  203       1.076185267023e-12       3.000134629721e-15       1.934084319555e-14       1.804718436507e-15       0.000000000000e+00       0.000000000000e+00       0.000000000000e+00 
  204       1.088819541838e-12       2.930436183581e-15       1.862198997123e-14       1.795799906181e-15       0.000000000000e+00       0.000000000000e+00       0.000000000000e+00 
  205       1.100753688514e-12       2.864188750238e-15       1.786760758587e-14       1.788071309495e-15       0.000000000000e+00       0.000000000000e+00       0.000000000000e+00 
  206       1.111978833389e-12       2.801379876708e-15       1.707948070984e-14       1.781503180712e-15       0.000000000000e+00       0.000000000000e+00       0.000000000000e+00 
  207       1.122486421981e-12       2.741992701954e-15       1.625948427121e-14       1.776063672187e-15       0.000000000000e+00       0.000000000000e+00       0.000000000000e+00 
  208       1.132268225556e-12       2.686005885621e-15       1.540958460967e-14       1.771718520022e-15       0.000000000000e+00       0.000000000000e+00       0.000000000000e+00 
  209       1.141316347704e-12       2.633393536774e-15       1.453184063065e-14       1.768431009714e-15       0.000000000000e+00       0.000000000000e+00       0.000000000000e+00 
  210       1.149623230911e-12       2.584125142636e-15       1.362840495923e-14       1.766161941809e-15       0.000000000000e+00       0.000000000000e+00       0.000000000000e+00 
  211       1.157181663130e-12       2.538165497324e-15       1.270152509422e-14       1.764869597554e-15       0.000000000000e+00       0.000000000000e+00       0.000000000000e+00 
  212       1.163984784355e-12       2.495474630589e-15       1.175354456214e-14       1.764509704548e-15       0.000000000000e+00       0.000000000000e+00       0.000000000000e+00 
  213       1.170026093195e-12       2.456007736551e-15       1.078690407124e-14       1.765035402393e-15       0.000000000000e+00       0.000000000000e+00       0.000000000000e+00 
  214       1.175299453443e-12       2.419715102435e-15       9.804142665490e-15       1.766397208349e-15       0.000000000000e+00       0.000000000000e+00       0.000000000000e+00 
  215       1.179799100652e-12       2.386542037314e-15       8.807898878627e-15       1.768542982981e-15       0.000000000000e+00       0.000000000000e+00       0.000000000000e+00 
  216       1.183519648706e-12       2.356428800840e-15       7.800911888130e-15       1.771417895817e-15       0.000000000000e+00       0.000000000000e+00       0.000000000000e+00 
  217       1.186456096393e-12       2.329310531984e-15       6.786022669249e-15       1.774964390993e-15       0.000000000000e+00       0.000000000000e+00       0.000000000000e+00 
  218       1.188603833977e-12       2.305117177776e-15       5.766175149008e-15       1.779122152910e-15       0.000000000000e+00       0.000000000000e+00       0.000000000000e+00 
  219       1.189958649772e-12       2.283773422038e-15       4.744417360220e-15       1.783828071883e-15       0.000000000000e+00       0.000000000000e+00       0.000000000000e+00 
  220       1.190516736713e-12       2.265198614123e-15       3.723902595494e-15       1.789016209796e-15       0.000000000000e+00       0.000000000000e+00       0.000000000000e+00 
  221       1.190274698929e-12       2.249306697654e-15       2.707890561244e-15       1.794617765749e-15       0.000000000000e+00       0.000000000000e+00       0.000000000000e+00 
  222       1.189229558318e-12       2.236006139260e-15       1.699748531703e-15       1.800561041714e-15       0.000000000000e+00       0.000000000000e+00       0.000000000000e+00 
  223       1.187378761114e-12       2.225199857310e-15       7.029525029308e-16       1.806771408185e-15       0.000000000000e+00       0.000000000000e+00       0.000000000000e+00 
  224       1.184722503436e-12       2.216796559173e-15      -2.794043172798e-16       1.813181793424e-15       0.000000000000e+00       0.000000000000e+00       0.000000000000e+00 
  225       1.181270860395e-12       2.210745710385e-15      -1.246123537994e-15       1.819764971578e-15       0.000000000000e+00       0.000000000000e+00       0.000000000000e+00 
  226       1.177037128128e-12       2.207004676132e-15      -2.196484549681e-15       1.826503284277e-15       0.000000000000e+00       0.000000000000e+00       0.000000000000e+00 
  227       1.172035558051e-12       2.205527471004e-15      -3.129760618040e-15       1.833378294414e-15       0.000000000000e+00       0.000000000000e+00       0.000000000000e+00 
  228       1.166281368956e-12       2.206264714897e-15      -4.045218902989e-15       1.840370776853e-15       0.000000000000e+00       0.000000000000e+00       0.000000000000e+00 
  229       1.159790759106e-12       2.209163588905e-15      -4.942120477676e-15       1.847460709140e-15       0.000000000000e+00       0.000000000000e+00       0.000000000000e+00 
  230       1.152580918326e-12       2.214167791233e-15      -5.819720347469e-15       1.854627262208e-15       0.000000000000e+00       0.000000000000e+00       0.000000000000e+00 
  231       1.144670040099e-12       2.221217493086e-15      -6.677267468962e-15       1.861848791087e-15       0.000000000000e+00       0.000000000000e+00       0.000000000000e+00 
  232       1.136077333660e-12       2.230249294576e-15      -7.514004768971e-15       1.869102825609e-15       0.000000000000e+00       0.000000000000e+00       0.000000000000e+00 
  233       1.126823036089e-12       2.241196180622e-15      -8.329169163536e-15       1.876366061121e-15       0.000000000000e+00       0.000000000000e+00       0.000000000000e+00 
  234       1.116928424405e-12       2.253987476847e-15      -9.121991576919e-15       1.883614349187e-15       0.000000000000e+00       0.000000000000e+00       0.000000000000e+00 
  235       1.106415827661e-12       2.268548805483e-15      -9.891696960605e-15       1.890822688301e-15       0.000000000000e+00       0.000000000000e+00       0.000000000000e+00 
  236       1.095308639038e-12       2.284802041268e-15      -1.063750431230e-14       1.897965214593e-15       0.000000000000e+00       0.000000000000e+00       0.000000000000e+00 
  237       1.083631327937e-12       2.302665267348e-15      -1.135862669493e-14       1.905015192537e-15       0.000000000000e+00       0.000000000000e+00       0.000000000000e+00 
  238       1.071409452076e-12       2.322052731179e-15      -1.205427125564e-14       1.911945005657e-15       0.000000000000e+00       0.000000000000e+00       0.000000000000e+00 
  239       1.058669669581e-12       2.342874800423e-15      -1.272363924481e-14       1.918726147240e-15       0.000000000000e+00       0.000000000000e+00       0.000000000000e+00 
  240       1.045439751081e-12       2.365037918855e-15      -1.336592603502e-14       1.925329211040e-15       0.000000000000e+00       0.000000000000e+00       0.000000000000e+00 
  241       1.031748591803e-12       2.388444562256e-15      -1.398032114008e-14       1.931723881986e-15       0.000000000000e+00       0.000000000000e+00       0.000000000000e+00 
  242       1.017626223664e-12       2.412993194320e-15      -1.456600823402e-14       1.937878926892e-15       0.000000000000e+00       0.000000000000e+00       0.000000000000e+00 
  243       1.003103827369e-12       2.438578222551e-15      -1.512216517009e-14       1.943762185165e-15       0.000000000000e+00       0.000000000000e+00       0.000000000000e+00 
  244       9.882137445000e-13       2.465089954164e-15      -1.564796399975e-14       1.949340559510e-15       0.000000000000e+00       0.000000000000e+00       0.000000000000e+00 
  245       9.729894896114e-13       2.492414551987e-15      -1.614257099170e-14       1.954580006641e-15       0.000000000000e+00       0.000000000000e+00       0.000000000000e+00 
  246       9.574657623261e-13       2.520433990359e-15      -1.660514665082e-14       1.959445527989e-15       0.000000000000e+00       0.000000000000e+00       0.000000000000e+00 
  247       9.416784594275e-13       2.549026011033e-15      -1.703484573725e-14       1.963901160408e-15       0.000000000000e+00       0.000000000000e+00       0.000000000000e+00 
  248       9.256646869543e-13       2.578064079074e-15      -1.743081728532e-14       1.967909966883e-15       0.000000000000e+00       0.000000000000e+00       0.000000000000e+00 
  249       9.094627722939e-13       2.607417338763e-15      -1.779220462258e-14       1.971434027242e-15       0.000000000000e+00       0.000000000000e+00       0.000000000000e+00 
  250       8.931077065726e-13       2.636967502516e-15      -1.811833366681e-14       1.974441047390e-15       0.000000000000e+00       0.000000000000e+00       0.000000000000e+00 
  251       8.766171551765e-13       2.666660689566e-15      -1.840928982879e-14       1.976924629201e-15       0.000000000000e+00       0.000000000000e+00       0.000000000000e+00 
  252       8.600046632178e-13       2.696458493872e-15      -1.866537444646e-14       1.978885152602e-15       0.000000000000e+00       0.000000000000e+00       0.000000000000e+00 
  253       8.432841559163e-13       2.726321308678e-15      -1.888691988044e-14       1.980323265670e-15       0.000000000000e+00       0.000000000000e+00       0.000000000000e+00 
  254       8.264699419539e-13       2.756208314805e-15      -1.907428989306e-14       1.981239887997e-15       0.000000000000e+00       0.000000000000e+00       0.000000000000e+00 
  255       8.095767168300e-13       2.786077468929e-15      -1.922788002744e-14       1.981636214053e-15       0.000000000000e+00       0.000000000000e+00       0.000000000000e+00 
  256       7.926195662165e-13       2.815885491862e-15      -1.934811798650e-14       1.981513716554e-15       0.000000000000e+00       0.000000000000e+00       0.000000000000e+00 
  257       7.756139693130e-13       2.845587856839e-15      -1.943546401206e-14       1.980874149826e-15       0.000000000000e+00       0.000000000000e+00       0.000000000000e+00 
  258       7.585758022017e-13       2.875138777796e-15      -1.949041126386e-14       1.979719553170e-15       0.000000000000e+00       0.000000000000e+00       0.000000000000e+00 
  259       7.415213412026e-13       2.904491197653e-15      -1.951348619863e-14       1.978052254225e-15       0.000000000000e+00       0.000000000000e+00       0.000000000000e+00 
  260       7.244672662287e-13       2.933596776601e-15      -1.950524894913e-14       1.975874872335e-15       0.000000000000e+00       0.000000000000e+00       0.000000000000e+00 
  261       7.074306641409e-13       2.962405880378e-15      -1.946629370324e-14       1.973190321914e-15       0.000000000000e+00       0.000000000000e+00       0.000000000000e+00 
  262       6.904290321033e-13       2.990867568554e-15      -1.939724908294e-14       1.970001815811e-15       0.000000000000e+00       0.000000000000e+00       0.000000000000e+00 
  263       6.734802809379e-13       3.018929582814e-15      -1.929877852345e-14       1.966312868672e-15       0.000000000000e+00       0.000000000000e+00       0.000000000000e+00 
  264       6.566027384801e-13       3.046538335242e-15      -1.917158065222e-14       1.962127300311e-15       0.000000000000e+00       0.000000000000e+00       0.000000000000e+00 
  265       6.398151529339e-13       3.073638896597e-15      -1.901638966800e-14       1.957449239067e-15       0.000000000000e+00       0.000000000000e+00       0.000000000000e+00 
  266       6.231366962264e-13       3.100174984605e-15      -1.883397571991e-14       1.952283125177e-15       0.000000000000e+00       0.000000000000e+00       0.000000000000e+00 
  267       6.065869673633e-13       3.126088952231e-15      -1.862514528647e-14       1.946633714135e-15       0.000000000000e+00       0.000000000000e+00       0.000000000000e+00 
  268       5.901859957842e-13       3.151321775970e-15      -1.839074155468e-14       1.940506080060e-15       0.000000000000e+00       0.000000000000e+00       0.000000000000e+00 
  269       5.739542447170e-13       3.175813044124e-15      -1.813164479904e-14       1.933905619059e-15       0.000000000000e+00       0.000000000000e+00       0.000000000000e+00 
  270       5.579126145338e-13       3.199500945086e-15      -1.784877276063e-14       1.926838052596e-15       0.000000000000e+00       0.000000000000e+00       0.000000000000e+00 
  271       5.420824461054e-13       3.222322255624e-15      -1.754308102614e-14       1.919309430849e-15       0.000000000000e+00       0.000000000000e+00       0.000000000000e+00 
  272       5.264855241567e-13       3.244212329161e-15      -1.721556340696e-14       1.911326136086e-15       0.000000000000e+00       0.000000000000e+00       0.000000000000e+00 
  273       5.111440806215e-13       3.265105084058e-15      -1.686725231818e-14       1.902894886018e-15       0.000000000000e+00       0.000000000000e+00       0.000000000000e+00 
  274       4.960807979981e-13       3.284932991898e-15      -1.649921915770e-14       1.894022737175e-15       0.000000000000e+00       0.000000000000e+00       0.000000000000e+00 
  275       4.813188127039e-13       3.303627065765e-15      -1.611257468525e-14       1.884717088262e-15       0.000000000000e+00       0.000000000000e+00       0.000000000000e+00 
  276       4.668817184305e-13       3.321116848530e-15      -1.570846940142e-14       1.874985683529e-15       0.000000000000e+00       0.000000000000e+00       0.000000000000e+00 
  277       4.527935694994e-13       3.337330401131e-15      -1.528809392679e-14       1.864836616136e-15       0.000000000000e+00       0.000000000000e+00       0.000000000000e+00 
  278       4.390788842162e-13       3.352194290857e-15      -1.485267938090e-14       1.854278331516e-15       0.000000000000e+00       0.000000000000e+00       0.000000000000e+00 
  279       4.257585284186e-13       3.365646730490e-15      -1.440337113258e-14       1.843319880501e-15       0.000000000000e+00       0.000000000000e+00       0.000000000000e+00 
  280       4.128371231461e-13       3.377677773344e-15      -1.394084203083e-14       1.831971686299e-15       0.000000000000e+00       0.000000000000e+00       0.000000000000e+00 
  281       4.003149911136e-13       3.388291177852e-15      -1.346565987437e-14       1.820244823813e-15       0.000000000000e+00       0.000000000000e+00       0.000000000000e+00 
  282       3.881922147969e-13       3.397491452723e-15      -1.297841241921e-14       1.808150777182e-15       0.000000000000e+00       0.000000000000e+00       0.000000000000e+00 
  283       3.764686334596e-13       3.405283865422e-15      -1.247970756319e-14       1.795701443537e-15       0.000000000000e+00       0.000000000000e+00       0.000000000000e+00 
  284       3.651438401795e-13       3.411674450659e-15      -1.197017353055e-14       1.782909136745e-15       0.000000000000e+00       0.000000000000e+00       0.000000000000e+00 
  285       3.542171788754e-13       3.416670018866e-15      -1.145045905640e-14       1.769786591161e-15       0.000000000000e+00       0.000000000000e+00       0.000000000000e+00 
  286       3.436877413336e-13       3.420278164685e-15      -1.092123357133e-14       1.756346965374e-15       0.000000000000e+00       0.000000000000e+00       0.000000000000e+00 
  287       3.335543642349e-13       3.422507275451e-15      -1.038318738590e-14       1.742603845956e-15       0.000000000000e+00       0.000000000000e+00       0.000000000000e+00 
  288       3.238156261809e-13       3.423366539670e-15      -9.837031875207e-15       1.728571251211e-15       0.000000000000e+00       0.000000000000e+00       0.000000000000e+00 
  289       3.144698447208e-13       3.422865955512e-15      -9.283499663406e-15       1.714263634924e-15       0.000000000000e+00       0.000000000000e+00       0.000000000000e+00 
  290       3.055150733782e-13       3.421016339284e-15      -8.723344808263e-15       1.699695890111e-15       0.000000000000e+00       0.000000000000e+00       0.000000000000e+00 
  291       2.969490986777e-13       3.417829333922e-15      -8.157342985688e-15       1.684883352764e-15       0.000000000000e+00       0.000000000000e+00       0.000000000000e+00 
  292       2.887694371711e-13       3.413317417470e-15      -7.586291674271e-15       1.669841805601e-15       0.000000000000e+00       0.000000000000e+00       0.000000000000e+00 
  293       2.809733324649e-13       3.407493911562e-15      -7.011010339825e-15       1.654587481817e-15       0.000000000000e+00       0.000000000000e+00       0.000000000000e+00 
  294       2.735577522464e-13       3.400372989910e-15      -6.432340619923e-15       1.639137068829e-15       0.000000000000e+00       0.000000000000e+00       0.000000000000e+00 
  295       2.665193853104e-13       3.391969686785e-15      -5.851146508440e-15       1.623507712029e-15       0.000000000000e+00       0.000000000000e+00       0.000000000000e+00 
  296       2.598546385860e-13       3.382299905498e-15      -5.268314540087e-15       1.607717018528e-15       0.000000000000e+00       0.000000000000e+00       0.000000000000e+00 
  297       2.535596341632e-13       3.371380426888e-15      -4.684753974953e-15       1.591783060905e-15       0.000000000000e+00       0.000000000000e+00       0.000000000000e+00 
  298       2.476302063197e-13       3.359228917802e-15      -4.101396983043e-15       1.575724380962e-15       0.000000000000e+00       0.000000000000e+00       0.000000000000e+00 
  299       2.420618985472e-13       3.345863939580e-15      -3.519198828819e-15       1.559559993463e-15       0.000000000000e+00       0.000000000000e+00       0.000000000000e+00 
  300       2.368499605785e-13       3.331304956538e-15      -2.939138055736e-15       1.543309389890e-15       0.000000000000e+00       0.000000000000e+00       0.000000000000e+00 
  301       2.319893454140e-13       3.315572344451e-15      -2.362216670782e-15       1.526992542188e-15       0.000000000000e+00       0.000000000000e+00       0.000000000000e+00 
  302       2.274747063481e-13       3.298687399036e-15      -1.789460329018e-15       1.510629906516e-15       0.000000000000e+00       0.000000000000e+00       0.000000000000e+00 
  303       2.233003939963e-13       3.280672344438e-15      -1.221918518115e-15       1.494242426993e-15       0.000000000000e+00       0.000000000000e+00       0.000000000000e+00 
  304       2.194604533215e-13       3.261550341709e-15      -6.606647428940e-16       1.477851539449e-15       0.000000000000e+00       0.000000000000e+00       0.000000000000e+00 
  305       2.159486206609e-13       3.241345497295e-15      -1.067967098661e-16       1.461479175171e-15       0.000000000000e+00       0.000000000000e+00       0.000000000000e+00 
  306       2.127583207527e-13       3.220082871520e-15       4.385634882309e-16       1.445147764655e-15       0.000000000000e+00       0.000000000000e+00       0.000000000000e+00 
  307       2.098826637623e-13       3.197788487064e-15       9.742691878921e-16       1.428880241350e-15       0.000000000000e+00       0.000000000000e+00       0.000000000000e+00 
  308       2.073144423096e-13       3.174489337454e-15       1.499148970307e-15       1.412700045413e-15       0.000000000000e+00       0.000000000000e+00       0.000000000000e+00 
  309       2.050461284954e-13       3.150213395540e-15       2.012006476821e-15       1.396631127451e-15       0.000000000000e+00       0.000000000000e+00       0.000000000000e+00 
  310       2.030698709277e-13       3.124989621984e-15       2.511620224395e-15       1.380697952273e-15       0.000000000000e+00       0.000000000000e+00       0.000000000000e+00 
  311       2.013774917489e-13       3.098847973740e-15       2.996743421068e-15       1.364925502640e-15       0.000000000000e+00       0.000000000000e+00       0.000000000000e+00 
  312       1.999610188172e-13       3.071818674164e-15       3.466311529914e-15       1.349335701889e-15       0.000000000000e+00       0.000000000000e+00       0.000000000000e+00 
  313       1.988143156413e-13       3.043929968510e-15       3.920075983763e-15       1.333936490680e-15       0.000000000000e+00       0.000000000000e+00       0.000000000000e+00 
  314       1.979315212652e-13       3.015210280859e-15       4.357999514143e-15       1.318732250734e-15       0.000000000000e+00       0.000000000000e+00       0.000000000000e+00 
  315       1.973065196261e-13       2.985688950656e-15       4.780051124207e-15       1.303727339619e-15       0.000000000000e+00       0.000000000000e+00       0.000000000000e+00 
  316       1.969329372385e-13       2.955396240280e-15       5.186206159474e-15       1.288926090091e-15       0.000000000000e+00       0.000000000000e+00       0.000000000000e+00 
  317       1.968041408782e-13       2.924363342623e-15       5.576446378573e-15       1.274332809446e-15       0.000000000000e+00       0.000000000000e+00       0.000000000000e+00 
  318       1.969132352670e-13       2.892622388667e-15       5.950760023988e-15       1.259951778865e-15       0.000000000000e+00       0.000000000000e+00       0.000000000000e+00 
  319       1.972530607566e-13       2.860206455057e-15       6.309141892795e-15       1.245787252765e-15       0.000000000000e+00       0.000000000000e+00       0.000000000000e+00 
  320       1.978161910131e-13       2.827149571681e-15       6.651593407414e-15       1.231843458145e-15       0.000000000000e+00       0.000000000000e+00       0.000000000000e+00 
  321       1.985949307010e-13       2.793486729241e-15       6.978122686344e-15       1.218124593938e-15       0.000000000000e+00       0.000000000000e+00       0.000000000000e+00 
  322       1.995813131677e-13       2.759253886833e-15       7.288744614911e-15       1.204634830352e-15       0.000000000000e+00       0.000000000000e+00       0.000000000000e+00 
  323       2.007670981279e-13       2.724487979524e-15       7.583480916009e-15       1.191378308226e-15       0.000000000000e+00       0.000000000000e+00       0.000000000000e+00 
  324       2.021437693474e-13       2.689226925924e-15       7.862360220843e-15       1.178359138372e-15       0.000000000000e+00       0.000000000000e+00       0.000000000000e+00 
  325       2.037025323276e-13       2.653509635764e-15       8.125418139674e-15       1.165581400926e-15       0.000000000000e+00       0.000000000000e+00       0.000000000000e+00 
  326       2.054343119900e-13       2.617376017474e-15       8.372697332559e-15       1.153049144697e-15       0.000000000000e+00       0.000000000000e+00       0.000000000000e+00 
  327       2.073297503601e-13       2.580866985755e-15       8.604247580096e-15       1.140766386514e-15       0.000000000000e+00       0.000000000000e+00       0.000000000000e+00 
  328       2.093792042518e-13       2.544024469159e-15       8.820125854170e-15       1.128737110570e-15       0.000000000000e+00       0.000000000000e+00       0.000000000000e+00 
  329       2.115727429516e-13       2.506891417663e-15       9.020396388688e-15       1.116965267780e-15       0.000000000000e+00       0.000000000000e+00       0.000000000000e+00 
  330       2.139001459031e-13       2.469511810246e-15       9.205130750330e-15       1.105454775119e-15       0.000000000000e+00       0.000000000000e+00       0.000000000000e+00 
  331       2.163509003910e-13       2.431930662464e-15       9.374407909290e-15       1.094209514975e-15       0.000000000000e+00       0.000000000000e+00       0.000000000000e+00 
  332       2.189141992254e-13       2.394194034027e-15       9.528314310015e-15       1.083233334497e-15       0.000000000000e+00       0.000000000000e+00       0.000000000000e+00 
  333       2.215789384262e-13       2.356349036374e-15       9.666943941954e-15       1.072530044943e-15       0.000000000000e+00       0.000000000000e+00       0.000000000000e+00 
  334       2.243337149072e-13       2.318443840250e-15       9.790398410297e-15       1.062103421026e-15       0.000000000000e+00       0.000000000000e+00       0.000000000000e+00 
  335       2.271668241605e-13       2.280527683284e-15       9.898787006720e-15       1.051957200267e-15       0.000000000000e+00       0.000000000000e+00       0.000000000000e+00 
  336       2.300662579407e-13       2.242650877560e-15       9.992226780128e-15       1.042095082336e-15       0.000000000000e+00       0.000000000000e+00       0.000000000000e+00 
  337       2.330197019492e-13       2.204864817199e-15       1.007084260740e-14       1.032520728406e-15       0.000000000000e+00       0.000000000000e+00       0.000000000000e+00 
  338       2.360145335183e-13       2.167221985928e-15       1.013476726411e-14       1.023237760500e-15       0.000000000000e+00       0.000000000000e+00       0.000000000000e+00 
  339       2.390378192957e-13       2.129775964664e-15       1.018414149533e-14       1.014249760836e-15       0.000000000000e+00       0.000000000000e+00       0.000000000000e+00 
  340       2.420763129287e-13       2.092581439085e-15       1.021911408630e-14       1.005560271179e-15       0.000000000000e+00       0.000000000000e+00       0.000000000000e+00 
  341       2.451164527482e-13       2.055694207208e-15       1.023984193320e-14       9.971727921871e-16       0.000000000000e+00       0.000000000000e+00       0.000000000000e+00 
  342       2.481443594534e-13       2.019171186962e-15       1.024649011393e-14       9.890907827603e-16       0.000000000000e+00       0.000000000000e+00       0.000000000000e+00 
  343       2.511458337956e-13       1.983070423770e-15       1.023923195879e-14       9.813176593879e-16       0.000000000000e+00       0.000000000000e+00       0.000000000000e+00 
  344       2.541063542631e-13       1.947451098118e-15       1.021824912126e-14       9.738567954973e-16       0.000000000000e+00       0.000000000000e+00       0.000000000000e+00 
  345       2.570110747647e-13       1.912373533138e-15       1.018373164875e-14       9.667115208017e-16       0.000000000000e+00       0.000000000000e+00       0.000000000000e+00 
  346       2.598448223144e-13       1.877899202178e-15       1.013587805331e-14       9.598851206487e-16       0.000000000000e+00       0.000000000000e+00       0.000000000000e+00 
  347       2.625920947157e-13       1.844090736383e-15       1.007489538240e-14       9.533808353679e-16       0.000000000000e+00       0.000000000000e+00       0.000000000000e+00 
  348       2.652370582457e-13       1.811011932267e-15       1.000099928964e-14       9.472018596192e-16       0.000000000000e+00       0.000000000000e+00       0.000000000000e+00 
  349       2.677662070530e-13       1.778717596269e-15       9.914425771690e-15       9.413500457103e-16       0.000000000000e+00       0.000000000000e+00       0.000000000000e+00 
  350       2.701764680098e-13       1.747222597336e-15       9.815466772447e-15       9.358219554347e-16       0.000000000000e+00       0.000000000000e+00       0.000000000000e+00 
  351       2.724674279793e-13       1.716531543700e-15       9.704436196317e-15       9.306126429600e-16       0.000000000000e+00       0.000000000000e+00       0.000000000000e+00 
  352       2.746387027772e-13       1.686648827509e-15       9.581658457392e-15       9.257169341439e-16       0.000000000000e+00       0.000000000000e+00       0.000000000000e+00 
  353       2.766899374708e-13       1.657578622425e-15       9.447468561647e-15       9.211294246082e-16       0.000000000000e+00       0.000000000000e+00       0.000000000000e+00 
  354       2.786208066781e-13       1.629324881207e-15       9.302212189147e-15       9.168444778145e-16       0.000000000000e+00       0.000000000000e+00       0.000000000000e+00 
  355       2.804310148668e-13       1.601891333310e-15       9.146245776248e-15       9.128562231387e-16       0.000000000000e+00       0.000000000000e+00       0.000000000000e+00 
  356       2.821202966538e-13       1.575281482474e-15       8.979936597806e-15       9.091585539457e-16       0.000000000000e+00       0.000000000000e+00       0.000000000000e+00 
  357       2.836884171040e-13       1.549498604318e-15       8.803662849374e-15       9.057451256649e-16       0.000000000000e+00       0.000000000000e+00       0.000000000000e+00 
  358       2.851351720295e-13       1.524545743927e-15       8.617813729413e-15       9.026093538644e-16       0.000000000000e+00       0.000000000000e+00       0.000000000000e+00 
  359       2.864603882888e-13       1.500425713451e-15       8.422789521489e-15       8.997444123266e-16       0.000000000000e+00       0.000000000000e+00       0.000000000000e+00 
  360       2.876639240858e-13       1.477141089691e-15       8.219001676485e-15       8.971432311225e-16       0.000000000000e+00       0.000000000000e+00       0.000000000000e+00 
  361       2.887456692691e-13       1.454694211693e-15       8.006872894796e-15       8.947984946871e-16       0.000000000000e+00       0.000000000000e+00       0.000000000000e+00 
  362       2.897055456310e-13       1.433087178341e-15       7.786837208539e-15       8.927026398938e-16       0.000000000000e+00       0.000000000000e+00       0.000000000000e+00 
  363       2.905435072066e-13       1.412321845948e-15       7.559340063757e-15       8.908478541297e-16       0.000000000000e+00       0.000000000000e+00       0.000000000000e+00 
  364       2.912595405731e-13       1.392399825849e-15       7.324838402618e-15       8.892260733705e-16       0.000000000000e+00       0.000000000000e+00       0.000000000000e+00 
  365       2.918536651488e-13       1.373322481989e-15       7.083800745624e-15       8.878289802549e-16       0.000000000000e+00       0.000000000000e+00       0.000000000000e+00 
  366       2.923259334921e-13       1.355090928521e-15       6.836707273813e-15       8.866480021603e-16       0.000000000000e+00       0.000000000000e+00       0.000000000000e+00 
  367       2.926764316008e-13       1.337706027392e-15       6.584049910962e-15       8.856743092769e-16       0.000000000000e+00       0.000000000000e+00       0.000000000000e+00 
  368       2.929052792114e-13       1.321168385940e-15       6.326332405793e-15       8.848988126833e-16       0.000000000000e+00       0.000000000000e+00       0.000000000000e+00 
  369       2.930126300977e-13       1.305478354483e-15       6.064070414175e-15       8.843121624207e-16       0.000000000000e+00       0.000000000000e+00       0.000000000000e+00 
  370       2.929986723705e-13       1.290636023911e-15       5.797791581328e-15       8.839047455685e-16       0.000000000000e+00       0.000000000000e+00       0.000000000000e+00 
  371       2.928636287763e-13       1.276641223279e-15       5.528035624029e-15       8.836666843187e-16       0.000000000000e+00       0.000000000000e+00       0.000000000000e+00 
  372       2.926077569967e-13       1.263493517399e-15       5.255354412814e-15       8.835878340510e-16       0.000000000000e+00       0.000000000000e+00       0.000000000000e+00 
  373       2.922313499474e-13       1.251192204429e-15       4.980312054183e-15       8.836577814078e-16       0.000000000000e+00       0.000000000000e+00       0.000000000000e+00 
  374       2.917347360773e-13       1.239736313471e-15       4.703484972802e-15       8.838658423688e-16       0.000000000000e+00       0.000000000000e+00       0.000000000000e+00 
  375       2.911182796677e-13       1.229124602156e-15       4.425461993709e-15       8.842010603261e-16       0.000000000000e+00       0.000000000000e+00       0.000000000000e+00 
  376       2.903823811315e-13       1.219355554241e-15       4.146844424519e-15       8.846522041592e-16       0.000000000000e+00       0.000000000000e+00       0.000000000000e+00 
  377       2.895274773121e-13       1.210427377199e-15       3.868246137623e-15       8.852077663097e-16       0.000000000000e+00       0.000000000000e+00       0.000000000000e+00 
  378       2.885540417827e-13       1.202337999810e-15       3.590293652397e-15       8.858559608564e-16       0.000000000000e+00       0.000000000000e+00       0.000000000000e+00 
  379       2.874625851453e-13       1.195085069755e-15       3.313626217403e-15       8.865847215898e-16       0.000000000000e+00       0.000000000000e+00       0.000000000000e+00 
  380       2.862536553301e-13       1.188665951206e-15       3.038895892596e-15       8.873817000876e-16       0.000000000000e+00       0.000000000000e+00       0.000000000000e+00 
  381       2.849278378943e-13       1.183077722421e-15       2.766767631524e-15       8.882342637891e-16       0.000000000000e+00       0.000000000000e+00       0.000000000000e+00 
  382       2.834857563213e-13       1.178317173331e-15       2.497919363533e-15       8.891294940703e-16       0.000000000000e+00       0.000000000000e+00       0.000000000000e+00 
  383       2.819280723200e-13       1.174380803137e-15       2.233042075974e-15       8.900541843190e-16       0.000000000000e+00       0.000000000000e+00       0.000000000000e+00 
  384       2.802554861238e-13       1.171264817898e-15       1.972839896403e-15       8.909948380092e-16       0.000000000000e+00       0.000000000000e+00       0.000000000000e+00 
  385       2.784687367897e-13       1.168965128125e-15       1.718030174788e-15       8.919376667764e-16       0.000000000000e+00       0.000000000000e+00       0.000000000000e+00 
  386       2.765686024976e-13       1.167477346374e-15       1.469343565709e-15       8.928685884925e-16       0.000000000000e+00       0.000000000000e+00       0.000000000000e+00 
  387       2.745559008490e-13       1.166796784834e-15       1.227524110567e-15       8.937732253404e-16       0.000000000000e+00       0.000000000000e+00       0.000000000000e+00 
  388       2.724318555230e-13       1.166916192588e-15       9.932058780785e-16       8.946390100360e-16       0.000000000000e+00       0.000000000000e+00       0.000000000000e+00 
  389       2.701992107517e-13       1.167818878985e-15       7.665376309883e-16       8.954615952763e-16       0.000000000000e+00       0.000000000000e+00       0.000000000000e+00 
  390       2.678611591195e-13       1.169485328317e-15       5.475442810572e-16       8.962386802637e-16       0.000000000000e+00       0.000000000000e+00       0.000000000000e+00 
  391       2.654209795592e-13       1.171895432730e-15       3.362490471408e-16       8.969679239592e-16       0.000000000000e+00       0.000000000000e+00       0.000000000000e+00 
  392       2.628820379428e-13       1.175028488028e-15       1.326734392490e-16       8.976469448340e-16       0.000000000000e+00       0.000000000000e+00       0.000000000000e+00 
  393       2.602477876717e-13       1.178863189458e-15      -6.316275739299e-17       8.982733206204e-16       0.000000000000e+00       0.000000000000e+00       0.000000000000e+00 
  394       2.575217702672e-13       1.183377627513e-15      -2.512414982847e-16       8.988445880624e-16       0.000000000000e+00       0.000000000000e+00       0.000000000000e+00 
  395       2.547076159606e-13       1.188549283721e-15      -4.315464955897e-16       8.993582426672e-16       0.000000000000e+00       0.000000000000e+00       0.000000000000e+00 
  396       2.518090442840e-13       1.194355026446e-15      -6.040632340757e-16       8.998117384560e-16       0.000000000000e+00       0.000000000000e+00       0.000000000000e+00 
  397       2.488298646606e-13       1.200771106674e-15      -7.687789870537e-16       9.002024877151e-16       0.000000000000e+00       0.000000000000e+00       0.000000000000e+00 
  398       2.457739769947e-13       1.207773153816e-15      -9.256828323179e-16       9.005278607466e-16       0.000000000000e+00       0.000000000000e+00       0.000000000000e+00 
  399       2.426453722629e-13       1.215336171501e-15      -1.074765668085e-15       9.007851856199e-16       0.000000000000e+00       0.000000000000e+00       0.000000000000e+00 
  400       2.394481331036e-13       1.223434533367e-15      -1.216020228936e-15       9.009717479222e-16       0.000000000000e+00       0.000000000000e+00       0.000000000000e+00 
  401       2.361864344081e-13       1.232041978859e-15      -1.349441101750e-15       9.010847905098e-16       0.000000000000e+00       0.000000000000e+00       0.000000000000e+00 
  402       2.328645439107e-13       1.241131609024e-15      -1.475024741653e-15       9.011215132591e-16       0.000000000000e+00       0.000000000000e+00       0.000000000000e+00 
  403       2.294868227791e-13       1.250675882305e-15      -1.592769487947e-15       9.010790728176e-16       0.000000000000e+00       0.000000000000e+00       0.000000000000e+00 
  404       2.260577262048e-13       1.260646610335e-15      -1.702675580059e-15       9.009545823546e-16       0.000000000000e+00       0.000000000000e+00       0.000000000000e+00 
  405       2.225818039935e-13       1.271014953735e-15      -1.804745173476e-15       9.007451113128e-16       0.000000000000e+00       0.000000000000e+00       0.000000000000e+00 
  406       2.190637011558e-13       1.281751417904e-15      -1.898982355684e-15       9.004476851586e-16       0.000000000000e+00       0.000000000000e+00       0.000000000000e+00 
  407       2.155081584971e-13       1.292825848818e-15      -1.985393162109e-15       9.000592851337e-16       0.000000000000e+00       0.000000000000e+00       0.000000000000e+00 
  408       2.119200132083e-13       1.304207428823e-15      -2.063985592057e-15       8.995768480059e-16       0.000000000000e+00       0.000000000000e+00       0.000000000000e+00 
  409       2.083041994563e-13       1.315864672430e-15      -2.134769624655e-15       8.989972658198e-16       0.000000000000e+00       0.000000000000e+00       0.000000000000e+00 
  410       2.046657489739e-13       1.327765422109e-15      -2.197757234785e-15       8.983173856484e-16       0.000000000000e+00       0.000000000000e+00       0.000000000000e+00 
  411       2.010097916510e-13       1.339876844086e-15      -2.252962409032e-15       8.975340093435e-16       0.000000000000e+00       0.000000000000e+00       0.000000000000e+00 
  412       1.973415561242e-13       1.352165424137e-15      -2.300401161615e-15       8.966438932872e-16       0.000000000000e+00       0.000000000000e+00       0.000000000000e+00 
  413       1.936663703677e-13       1.364596963380e-15      -2.340091550333e-15       8.956437481427e-16       0.000000000000e+00       0.000000000000e+00       0.000000000000e+00 
  414       1.899896622836e-13       1.377136574076e-15      -2.372053692503e-15       8.945302386049e-16       0.000000000000e+00       0.000000000000e+00       0.000000000000e+00 
  415       1.863169602922e-13       1.389748675416e-15      -2.396309780898e-15       8.932999831524e-16       0.000000000000e+00       0.000000000000e+00       0.000000000000e+00 
  416       1.826538939225e-13       1.402396989324e-15      -2.412884099687e-15       8.919495537975e-16       0.000000000000e+00       0.000000000000e+00       0.000000000000e+00 
  417       1.790061944024e-13       1.415044536244e-15      -2.421803040376e-15       8.904754758377e-16       0.000000000000e+00       0.000000000000e+00       0.000000000000e+00 
  418       1.753796952495e-13       1.427653630940e-15      -2.423095117749e-15       8.888742276065e-16       0.000000000000e+00       0.000000000000e+00       0.000000000000e+00 
  419       1.717803328612e-13       1.440185878292e-15      -2.416790985802e-15       8.871422402249e-16       0.000000000000e+00       0.000000000000e+00       0.000000000000e+00 
  420       1.682141471051e-13       1.452602169083e-15      -2.402923453689e-15       8.852758973515e-16       0.000000000000e+00       0.000000000000e+00       0.000000000000e+00 
  421       1.646872819095e-13       1.464862675804e-15      -2.381527501659e-15       8.832715349344e-16       0.000000000000e+00       0.000000000000e+00       0.000000000000e+00 
  422       1.612059858538e-13       1.476926848441e-15      -2.352640296993e-15       8.811254409617e-16       0.000000000000e+00       0.000000000000e+00       0.000000000000e+00 
  423       1.577766127588e-13       1.488753410274e-15      -2.316301209948e-15       8.788338552126e-16       0.000000000000e+00       0.000000000000e+00       0.000000000000e+00 
  424       1.544056222772e-13       1.500300353671e-15      -2.272551829696e-15       8.763929690085e-16       0.000000000000e+00       0.000000000000e+00       0.000000000000e+00 
  425       1.510995804841e-13       1.511524935880e-15      -2.221435980261e-15       8.737989249640e-16       0.000000000000e+00       0.000000000000e+00       0.000000000000e+00 
  426       1.478651604672e-13       1.522383674828e-15      -2.162999736459e-15       8.710478167377e-16       0.000000000000e+00       0.000000000000e+00       0.000000000000e+00 
  427       1.447080164133e-13       1.532839110558e-15      -2.097315610167e-15       8.681369007563e-16       0.000000000000e+00       0.000000000000e+00       0.000000000000e+00 
  428       1.416293624768e-13       1.542880351462e-15      -2.024555982922e-15       8.650682772976e-16       0.000000000000e+00       0.000000000000e+00       0.000000000000e+00 
  429       1.386292786790e-13       1.552503218799e-15      -1.944922202957e-15       8.618453341545e-16       0.000000000000e+00       0.000000000000e+00       0.000000000000e+00 
  430       1.357078267474e-13       1.561703544442e-15      -1.858620672318e-15       8.584715465229e-16       0.000000000000e+00       0.000000000000e+00       0.000000000000e+00 
  431       1.328650499661e-13       1.570477171122e-15      -1.765862878669e-15       8.549504775483e-16       0.000000000000e+00       0.000000000000e+00       0.000000000000e+00 
  432       1.301009730267e-13       1.578819952658e-15      -1.666865427104e-15       8.512857788723e-16       0.000000000000e+00       0.000000000000e+00       0.000000000000e+00 
  433       1.274156018789e-13       1.586727754198e-15      -1.561850071957e-15       8.474811911801e-16       0.000000000000e+00       0.000000000000e+00       0.000000000000e+00 
  434       1.248089235814e-13       1.594196452456e-15      -1.451043748612e-15       8.435405447465e-16       0.000000000000e+00       0.000000000000e+00       0.000000000000e+00 
  435       1.222809061523e-13       1.601221935948e-15      -1.334678605316e-15       8.394677599834e-16       0.000000000000e+00       0.000000000000e+00       0.000000000000e+00 
  436       1.198314984204e-13       1.607800105231e-15      -1.212992034984e-15       8.352668479862e-16       0.000000000000e+00       0.000000000000e+00       0.000000000000e+00 
  437       1.174606298751e-13       1.613926873139e-15      -1.086226707013e-15       8.309419110807e-16       0.000000000000e+00       0.000000000000e+00       0.000000000000e+00 
  438       1.151682105180e-13       1.619598165019e-15      -9.546305990902e-16       8.264971433699e-16       0.000000000000e+00       0.000000000000e+00       0.000000000000e+00 
  439       1.129541307129e-13       1.624809918972e-15      -8.184570290058e-16       8.219368312807e-16       0.000000000000e+00       0.000000000000e+00       0.000000000000e+00 
  440       1.108182610371e-13       1.629558086086e-15      -6.779646864602e-16       8.172653541111e-16       0.000000000000e+00       0.000000000000e+00       0.000000000000e+00 
  441       1.087604521316e-13       1.633838630678e-15      -5.334176648761e-16       8.124871845763e-16       0.000000000000e+00       0.000000000000e+00       0.000000000000e+00 
  442       1.067805345522e-13       1.637647530525e-15      -3.850854932077e-16       8.076068893563e-16       0.000000000000e+00       0.000000000000e+00       0.000000000000e+00 
  443       1.048783186203e-13       1.640980777107e-15      -2.332431677516e-16       8.026291296421e-16       0.000000000000e+00       0.000000000000e+00       0.000000000000e+00 
  444       1.030535942730e-13       1.643834375841e-15      -7.817118395665e-17       7.975586616828e-16       0.000000000000e+00       0.000000000000e+00       0.000000000000e+00 
  445       1.013061309147e-13       1.646204346320e-15       7.984443176584e-17       7.924003373322e-16       0.000000000000e+00       0.000000000000e+00       0.000000000000e+00 
  446       9.963567726715e-14       1.648086722548e-15       2.405120902318e-16       7.871591045959e-16       0.000000000000e+00       0.000000000000e+00       0.000000000000e+00 
  447       9.804196122039e-14       1.649477553181e-15       4.035346076745e-16       7.818400081777e-16       0.000000000000e+00       0.000000000000e+00       0.000000000000e+00 
  448       9.652468968357e-14       1.650372901760e-15       5.686091739337e-16       7.764481900268e-16       0.000000000000e+00       0.000000000000e+00       0.000000000000e+00 
  449       9.508354843558e-14       1.650768846950e-15       7.354273206461e-16       7.709888898843e-16       0.000000000000e+00       0.000000000000e+00       0.000000000000e+00 
  450       9.371820197576e-14       1.650661482779e-15       9.036748894351e-16       7.654674458304e-16       0.000000000000e+00       0.000000000000e+00       0.000000000000e+00 
  451       9.242829337469e-14       1.650046918872e-15       1.073032000100e-15       7.598892948305e-16       0.000000000000e+00       0.000000000000e+00       0.000000000000e+00 
  452       9.121344412485e-14       1.648921280691e-15       1.243173018807e-15       7.542599732827e-16       0.000000000000e+00       0.000000000000e+00       0.000000000000e+00 
  453       9.007325399139e-14       1.647280709772e-15       1.413766526277e-15       7.485851175643e-16       0.000000000000e+00       0.000000000000e+00       0.000000000000e+00 
  454       8.900730086282e-14       1.645121363958e-15       1.584475285977e-15       7.428704645787e-16       0.000000000000e+00       0.000000000000e+00       0.000000000000e+00 
  455       8.801514060177e-14       1.642439417643e-15       1.754956212311e-15       7.371218523019e-16       0.000000000000e+00       0.000000000000e+00       0.000000000000e+00 
  456       8.709630689568e-14       1.639231062005e-15       1.924860338806e-15       7.313452203298e-16       0.000000000000e+00       0.000000000000e+00       0.000000000000e+00 
  457       8.625031110756e-14       1.635492505243e-15       2.093832786305e-15       7.255466104246e-16       0.000000000000e+00       0.000000000000e+00       0.000000000000e+00 
  458       8.547664212667e-14       1.631219972816e-15       2.261512731158e-15       7.197321670617e-16       0.000000000000e+00       0.000000000000e+00       0.000000000000e+00 
  459       8.477476621929e-14       1.626409707679e-15       2.427533373407e-15       7.139081379766e-16       0.000000000000e+00       0.000000000000e+00       0.000000000000e+00 
  460       8.414412687942e-14       1.621057970523e-15       2.591521904979e-15       7.080808747118e-16       0.000000000000e+00       0.000000000000e+00       0.000000000000e+00 
  461       8.358414467950e-14       1.615161040008e-15       2.753099477875e-15       7.022568331632e-16       0.000000000000e+00       0.000000000000e+00       0.000000000000e+00 
  462       8.309421712114e-14       1.608715213003e-15       2.911881172363e-15       6.964425741272e-16       0.000000000000e+00       0.000000000000e+00       0.000000000000e+00 
  463       8.267371848586e-14       1.601716804822e-15       3.067475965162e-15       6.906447638475e-16       0.000000000000e+00       0.000000000000e+00       0.000000000000e+00 
  464       8.232199968580e-14       1.594162149461e-15       3.219486697636e-15       6.848701745620e-16       0.000000000000e+00       0.000000000000e+00       0.000000000000e+00 
  465       8.203838811444e-14       1.586047599840e-15       3.367510043982e-15       6.791256850491e-16       0.000000000000e+00       0.000000000000e+00       0.000000000000e+00 
  466       8.182200282746e-14       1.577372659659e-15       3.511201903255e-15       6.734174058396e-16       0.000000000000e+00       0.000000000000e+00       0.000000000000e+00 
  467       8.167119404318e-14       1.568149486051e-15       3.650475885382e-15       6.677480237018e-16       0.000000000000e+00       0.000000000000e+00       0.000000000000e+00 
  468       8.158408586115e-14       1.558393683876e-15       3.785310955119e-15       6.621193753826e-16       0.000000000000e+00       0.000000000000e+00       0.000000000000e+00 
  469       8.155875910075e-14       1.548121202851e-15       3.915686572254e-15       6.565333155183e-16       0.000000000000e+00       0.000000000000e+00       0.000000000000e+00 
  470       8.159325105020e-14       1.537348339513e-15       4.041582695880e-15       6.509917166979e-16       0.000000000000e+00       0.000000000000e+00       0.000000000000e+00 
  471       8.168555521538e-14       1.526091739189e-15       4.162979788652e-15       6.454964695279e-16       0.000000000000e+00       0.000000000000e+00       0.000000000000e+00 
  472       8.183362106873e-14       1.514368397952e-15       4.279858821057e-15       6.400494826961e-16       0.000000000000e+00       0.000000000000e+00       0.000000000000e+00 
  473       8.203535379818e-14       1.502195664590e-15       4.392201275679e-15       6.346526830359e-16       0.000000000000e+00       0.000000000000e+00       0.000000000000e+00 
  474       8.228861405603e-14       1.489591242571e-15       4.499989151464e-15       6.293080155902e-16       0.000000000000e+00       0.000000000000e+00       0.000000000000e+00 
  475       8.259121770782e-14       1.476573192002e-15       4.603204967983e-15       6.240174436757e-16       0.000000000000e+00       0.000000000000e+00       0.000000000000e+00 
  476       8.294093558127e-14       1.463159931598e-15       4.701831769704e-15       6.187829489471e-16       0.000000000000e+00       0.000000000000e+00       0.000000000000e+00 
  477       8.333549321514e-14       1.449370240644e-15       4.795853130250e-15       6.136065314610e-16       0.000000000000e+00       0.000000000000e+00       0.000000000000e+00 
  478       8.377257060812e-14       1.435223260960e-15       4.885253156669e-15       6.084902097403e-16       0.000000000000e+00       0.000000000000e+00       0.000000000000e+00 
  479       8.424980196775e-14       1.420738498861e-15       4.970016493700e-15       6.034360208380e-16       0.000000000000e+00       0.000000000000e+00       0.000000000000e+00 
  480       8.476477545933e-14       1.405935827130e-15       5.050128328035e-15       5.984460204016e-16       0.000000000000e+00       0.000000000000e+00       0.000000000000e+00 
  481       8.531503295474e-14       1.390835486971e-15       5.125574392585e-15       5.935222827373e-16       0.000000000000e+00       0.000000000000e+00       0.000000000000e+00 
  482       8.589806978142e-14       1.375458089982e-15       5.196340970751e-15       5.886669008736e-16       0.000000000000e+00       0.000000000000e+00       0.000000000000e+00 
  483       8.651133447122e-14       1.359824620114e-15       5.262414900680e-15       5.838819866262e-16       0.000000000000e+00       0.000000000000e+00       0.000000000000e+00 
  484       8.715222850930e-14       1.343956435639e-15       5.323783579541e-15       5.791696706614e-16       0.000000000000e+00       0.000000000000e+00       0.000000000000e+00 
  485       8.781810608302e-14       1.327875271107e-15       5.380434967781e-15       5.745321025608e-16       0.000000000000e+00       0.000000000000e+00       0.000000000000e+00 
  486       8.850627383086e-14       1.311603239321e-15       5.432357593398e-15       5.699714508850e-16       0.000000000000e+00       0.000000000000e+00       0.000000000000e+00 
  487       8.921399059129e-14       1.295162833290e-15       5.479540556199e-15       5.654899032381e-16       0.000000000000e+00       0.000000000000e+00       0.000000000000e+00 
  488       8.993846715167e-14       1.278576928199e-15       5.521973532075e-15       5.610896663315e-16       0.000000000000e+00       0.000000000000e+00       0.000000000000e+00 
  489       9.067686599714e-14       1.261868783375e-15       5.559646777256e-15       5.567729660481e-16       0.000000000000e+00       0.000000000000e+00       0.000000000000e+00 
  490       9.142630105954e-14       1.245062044245e-15       5.592551132585e-15       5.525420475068e-16       0.000000000000e+00       0.000000000000e+00       0.000000000000e+00 
  491       9.218383746627e-14       1.228180744303e-15       5.620678027779e-15       5.483991751260e-16       0.000000000000e+00       0.000000000000e+00       0.000000000000e+00 
  492       9.294649128922e-14       1.211249307076e-15       5.644019485696e-15       5.443466326882e-16       0.000000000000e+00       0.000000000000e+00       0.000000000000e+00 
  493       9.371122929362e-14       1.194292548086e-15       5.662568126598e-15       5.403867234040e-16       0.000000000000e+00       0.000000000000e+00       0.000000000000e+00 
  494       9.447496868698e-14       1.177335676814e-15       5.676317172421e-15       5.365217699762e-16       0.000000000000e+00       0.000000000000e+00       0.000000000000e+00 
  495       9.523457686796e-14       1.160404298663e-15       5.685260451038e-15       5.327541146640e-16       0.000000000000e+00       0.000000000000e+00       0.000000000000e+00 
  496       9.598687117528e-14       1.143524416927e-15       5.689392400522e-15       5.290861193470e-16       0.000000000000e+00       0.000000000000e+00       0.000000000000e+00 
  497       9.672861863657e-14       1.126722434748e-15       5.688708073416e-15       5.255201655893e-16       0.000000000000e+00       0.000000000000e+00       0.000000000000e+00 
  498       9.745653571735e-14       1.110025157085e-15       5.683203140996e-15       5.220586547039e-16       0.000000000000e+00       0.000000000000e+00       0.000000000000e+00 
  499       9.816728806983e-14       1.093459792678e-15       5.672873897536e-15       5.187040078166e-16       0.000000000000e+00       0.000000000000e+00       0.000000000000e+00 
  500       9.885749028189e-14       1.077053956009e-15       5.657717264576e-15       5.154586659303e-16       0.000000000000e+00       0.000000000000e+00       0.000000000000e+00 
