# dimensionless [l(l+1)/2pi] C_l's for tensor mode
# for l=2 to 500, i.e. number of multipoles equal to 499
#
# -> if you prefer output in CAMB/HealPix/LensPix units/order, set 'format' to 'camb' in input file
# -> if you don't want to see such a header, set 'headers' to 'no' in input file
# -> for CMB lensing (phi), these are C_l^phi-phi for the lensing potential.
#    Remember the conversion factors:
#    C_l^dd (deflection) = l(l+1) C_l^phi-phi
#    C_l^gg (shear/convergence) = 1/4 (l(l+1))^2 C_l^phi-phi
#
# 1:l     2:TT                     3:EE                     4:TE                     5:BB                     6:phiphi                 7:TPhi                   8:Ephi               
    2       1.426951104527e-10       3.283996339657e-15       1.324455638494e-13       5.557144452709e-15       0.000000000000e+00       0.000000000000e+00       0.000000000000e+00 
    3       1.084123795360e-10       3.842085484942e-15      -5.508912338770e-14       5.966139432352e-15       0.000000000000e+00       0.000000000000e+00       0.000000000000e+00 
    4       9.688920471132e-11       3.835565830887e-15      -1.124951395359e-13       5.524782949593e-15       0.000000000000e+00       0.000000000000e+00       0.000000000000e+00 
    5       9.188941798438e-11       3.329184706307e-15      -1.222231780769e-13       4.605337280424e-15       0.000000000000e+00       0.000000000000e+00       0.000000000000e+00 
    6       8.885760487207e-11       2.590098516276e-15      -1.135992974126e-13       3.545375625589e-15       0.000000000000e+00       0.000000000000e+00       0.000000000000e+00 
    7       8.688969446291e-11       1.856016482362e-15      -9.890427714442e-14       2.572890901429e-15       0.000000000000e+00       0.000000000000e+00       0.000000000000e+00 
    8       8.553274743264e-11       1.271719803914e-15      -8.419532720426e-14       1.802606132000e-15       0.000000000000e+00       0.000000000000e+00       0.000000000000e+00 
    9       8.454093388901e-11       8.890798999911e-16      -7.207969925836e-14       1.264440978911e-15       0.000000000000e+00       0.000000000000e+00       0.000000000000e+00 
   10       8.376893453408e-11       6.949584235392e-16      -6.335054959941e-14       9.377362323642e-16       0.000000000000e+00       0.000000000000e+00       0.000000000000e+00 
   11       8.312803358784e-11       6.446780578165e-16      -5.791444438202e-14       7.791219912235e-16       0.000000000000e+00       0.000000000000e+00       0.000000000000e+00 
   12       8.256372229760e-11       6.882377974053e-16      -5.531336531712e-14       7.410311532670e-16       0.000000000000e+00       0.000000000000e+00       0.000000000000e+00 
   13       8.204136374279e-11       7.844116953547e-16      -5.501780718651e-14       7.824767830554e-16       0.000000000000e+00       0.000000000000e+00       0.000000000000e+00 
   14       8.153800129096e-11       9.064649115848e-16      -5.654991698389e-14       8.720723999527e-16       0.000000000000e+00       0.000000000000e+00       0.000000000000e+00 
   15       8.103842225645e-11       1.039927958645e-15      -5.951225626591e-14       9.888457747837e-16       0.000000000000e+00       0.000000000000e+00       0.000000000000e+00 
   16       8.053289751060e-11       1.178461441040e-15      -6.360847902057e-14       1.120511898538e-15       0.000000000000e+00       0.000000000000e+00       0.000000000000e+00 
   17       8.001546903703e-11       1.321162092814e-15      -6.861600268489e-14       1.259803810100e-15       0.000000000000e+00       0.000000000000e+00       0.000000000000e+00 
   18       7.947689793997e-11       1.468036057301e-15      -7.435725494425e-14       1.403927333115e-15       0.000000000000e+00       0.000000000000e+00       0.000000000000e+00 
   19       7.893318976766e-11       1.619435621568e-15      -8.073972534486e-14       1.551859122480e-15       0.000000000000e+00       0.000000000000e+00       0.000000000000e+00 
   20       7.836480345459e-11       1.775992371453e-15      -8.765300012478e-14       1.702923770282e-15       0.000000000000e+00       0.000000000000e+00       0.000000000000e+00 
   21       7.778175042148e-11       1.937600170438e-15      -9.503807925799e-14       1.857028135349e-15       0.000000000000e+00       0.000000000000e+00       0.000000000000e+00 
   22       7.717861940620e-11       2.103930195731e-15      -1.028361691540e-13       2.014380752680e-15       0.000000000000e+00       0.000000000000e+00       0.000000000000e+00 
   23       7.656265761178e-11       2.274702673686e-15      -1.110053965915e-13       2.174947132217e-15       0.000000000000e+00       0.000000000000e+00       0.000000000000e+00 
   24       7.592798739541e-11       2.449674463230e-15      -1.194999926374e-13       2.338672590395e-15       0.000000000000e+00       0.000000000000e+00       0.000000000000e+00 
   25       7.528046234314e-11       2.628639671730e-15      -1.282817695368e-13       2.505439953325e-15       0.000000000000e+00       0.000000000000e+00       0.000000000000e+00 
   26       7.461698010883e-11       2.811487484247e-15      -1.373109059430e-13       2.675134784292e-15       0.000000000000e+00       0.000000000000e+00       0.000000000000e+00 
   27       7.394000269314e-11       2.998405637673e-15      -1.465595317208e-13       2.847565200264e-15       0.000000000000e+00       0.000000000000e+00       0.000000000000e+00 
   28       7.324569303966e-11       3.189682860415e-15      -1.560011020653e-13       3.022535188430e-15       0.000000000000e+00       0.000000000000e+00       0.000000000000e+00 
   29       7.254175060100e-11       3.385317233903e-15      -1.656105554882e-13       3.199871847560e-15       0.000000000000e+00       0.000000000000e+00       0.000000000000e+00 
   30       7.182907783019e-11       3.585224625429e-15      -1.753607572079e-13       3.379431831300e-15       0.000000000000e+00       0.000000000000e+00       0.000000000000e+00 
   31       7.109976288028e-11       3.789299061302e-15      -1.852231657369e-13       3.561081628362e-15       0.000000000000e+00       0.000000000000e+00       0.000000000000e+00 
   32       7.035888453491e-11       3.997321212112e-15      -1.951756666328e-13       3.744615898720e-15       0.000000000000e+00       0.000000000000e+00       0.000000000000e+00 
   33       6.960867028735e-11       4.209010603707e-15      -2.051975799540e-13       3.929809274432e-15       0.000000000000e+00       0.000000000000e+00       0.000000000000e+00 
   34       6.884541976938e-11       4.424072319910e-15      -2.152681769305e-13       4.116431859317e-15       0.000000000000e+00       0.000000000000e+00       0.000000000000e+00 
   35       6.807238252858e-11       4.642289590565e-15      -2.253685571321e-13       4.304230289892e-15       0.000000000000e+00       0.000000000000e+00       0.000000000000e+00 
   36       6.728992963932e-11       4.863460924838e-15      -2.354804947343e-13       4.492939134899e-15       0.000000000000e+00       0.000000000000e+00       0.000000000000e+00 
   37       6.649468481580e-11       5.087371637113e-15      -2.455855286972e-13       4.682295042078e-15       0.000000000000e+00       0.000000000000e+00       0.000000000000e+00 
   38       6.569078910773e-11       5.313782896003e-15      -2.556633568227e-13       4.872070474266e-15       0.000000000000e+00       0.000000000000e+00       0.000000000000e+00 
   39       6.488138172955e-11       5.542437235748e-15      -2.656929558578e-13       5.062050907994e-15       0.000000000000e+00       0.000000000000e+00       0.000000000000e+00 
   40       6.406497319076e-11       5.773059996677e-15      -2.756530274813e-13       5.252026013108e-15       0.000000000000e+00       0.000000000000e+00       0.000000000000e+00 
   41       6.323772344254e-11       6.005394320310e-15      -2.855257687331e-13       5.441781940193e-15       0.000000000000e+00       0.000000000000e+00       0.000000000000e+00 
   42       6.240231701520e-11       6.239322603607e-15      -2.953096245128e-13       5.631074772943e-15       0.000000000000e+00       0.000000000000e+00       0.000000000000e+00 
   43       6.156117270641e-11       6.474782644260e-15      -3.050107109380e-13       5.819648706936e-15       0.000000000000e+00       0.000000000000e+00       0.000000000000e+00 
   44       6.071365377702e-11       6.711736216027e-15      -3.146396855557e-13       6.007242806566e-15       0.000000000000e+00       0.000000000000e+00       0.000000000000e+00 
   45       5.985771356202e-11       6.950127605084e-15      -3.242048421284e-13       6.193591861479e-15       0.000000000000e+00       0.000000000000e+00       0.000000000000e+00 
   46       5.899609931207e-11       7.189741310365e-15      -3.336882932206e-13       6.378430159532e-15       0.000000000000e+00       0.000000000000e+00       0.000000000000e+00 
   47       5.813151195465e-11       7.430304058236e-15      -3.430631291443e-13       6.561488193321e-15       0.000000000000e+00       0.000000000000e+00       0.000000000000e+00 
   48       5.726466008858e-11       7.671522791680e-15      -3.522998385589e-13       6.742491218558e-15       0.000000000000e+00       0.000000000000e+00       0.000000000000e+00 
   49       5.639408267667e-11       7.913083532787e-15      -3.613661667502e-13       6.921158944125e-15       0.000000000000e+00       0.000000000000e+00       0.000000000000e+00 
   50       5.551750854821e-11       8.154659478455e-15      -3.702296847913e-13       7.097216709918e-15       0.000000000000e+00       0.000000000000e+00       0.000000000000e+00 
   51       5.463678130038e-11       8.395940517132e-15      -3.788666479523e-13       7.270433316374e-15       0.000000000000e+00       0.000000000000e+00       0.000000000000e+00 
   52       5.375396471904e-11       8.636609757810e-15      -3.872552968316e-13       7.440592927584e-15       0.000000000000e+00       0.000000000000e+00       0.000000000000e+00 
   53       5.286982031083e-11       8.876334310735e-15      -3.953733428146e-13       7.607484706154e-15       0.000000000000e+00       0.000000000000e+00       0.000000000000e+00 
   54       5.198370231626e-11       9.114764584406e-15      -4.031979539231e-13       7.770903043858e-15       0.000000000000e+00       0.000000000000e+00       0.000000000000e+00 
   55       5.109448924771e-11       9.351561515599e-15      -4.107082060420e-13       7.930651950923e-15       0.000000000000e+00       0.000000000000e+00       0.000000000000e+00 
   56       5.020389001140e-11       9.586487791417e-15      -4.178931821001e-13       8.086558972350e-15       0.000000000000e+00       0.000000000000e+00       0.000000000000e+00 
   57       4.931377520438e-11       9.819338057388e-15      -4.247458601139e-13       8.238465132718e-15       0.000000000000e+00       0.000000000000e+00       0.000000000000e+00 
   58       4.842514935127e-11       1.004991334681e-14      -4.312609042109e-13       8.386221464587e-15       0.000000000000e+00       0.000000000000e+00       0.000000000000e+00 
   59       4.753808630153e-11       1.027802146603e-14      -4.374347465332e-13       8.529689401177e-15       0.000000000000e+00       0.000000000000e+00       0.000000000000e+00 
   60       4.665166462662e-11       1.050347737978e-14      -4.432656691400e-13       8.668741169051e-15       0.000000000000e+00       0.000000000000e+00       0.000000000000e+00 
   61       4.576475723890e-11       1.072610251885e-14      -4.487525922307e-13       8.803259623702e-15       0.000000000000e+00       0.000000000000e+00       0.000000000000e+00 
   62       4.487875351180e-11       1.094572165007e-14      -4.538909356814e-13       8.933136824834e-15       0.000000000000e+00       0.000000000000e+00       0.000000000000e+00 
   63       4.399533631063e-11       1.116216598433e-14      -4.586759696965e-13       9.058275836653e-15       0.000000000000e+00       0.000000000000e+00       0.000000000000e+00 
   64       4.311564493129e-11       1.137527453623e-14      -4.631040665659e-13       9.178591624317e-15       0.000000000000e+00       0.000000000000e+00       0.000000000000e+00 
   65       4.224023760134e-11       1.158489447524e-14      -4.671727415204e-13       9.294011428945e-15       0.000000000000e+00       0.000000000000e+00       0.000000000000e+00 
   66       4.136905398097e-11       1.179088147679e-14      -4.708806935876e-13       9.404475142620e-15       0.000000000000e+00       0.000000000000e+00       0.000000000000e+00 
   67       4.050137766403e-11       1.199310007337e-14      -4.742278464472e-13       9.509935683395e-15       0.000000000000e+00       0.000000000000e+00       0.000000000000e+00 
   68       3.963642227345e-11       1.219141804194e-14      -4.772148078249e-13       9.610352587782e-15       0.000000000000e+00       0.000000000000e+00       0.000000000000e+00 
   69       3.877531147343e-11       1.238568746077e-14      -4.798410291491e-13       9.705670442321e-15       0.000000000000e+00       0.000000000000e+00       0.000000000000e+00 
   70       3.791943463840e-11       1.257576042734e-14      -4.821063446735e-13       9.795836735276e-15       0.000000000000e+00       0.000000000000e+00       0.000000000000e+00 
   71       3.706983759302e-11       1.276149487739e-14      -4.840115454633e-13       9.880808450392e-15       0.000000000000e+00       0.000000000000e+00       0.000000000000e+00 
   72       3.622720106185e-11       1.294275478353e-14      -4.855584053798e-13       9.960552268434e-15       0.000000000000e+00       0.000000000000e+00       0.000000000000e+00 
   73       3.539181911912e-11       1.311941035384e-14      -4.867497070648e-13       1.003504476873e-14       0.000000000000e+00       0.000000000000e+00       0.000000000000e+00 
   74       3.456357763843e-11       1.329133823039e-14      -4.875892679249e-13       1.010427263069e-14       0.000000000000e+00       0.000000000000e+00       0.000000000000e+00 
   75       3.374193274245e-11       1.345842168789e-14      -4.880819661164e-13       1.016823283540e-14       0.000000000000e+00       0.000000000000e+00       0.000000000000e+00 
   76       3.292632144618e-11       1.362054770443e-14      -4.882331147495e-13       1.022692662382e-14       0.000000000000e+00       0.000000000000e+00       0.000000000000e+00 
   77       3.211752767506e-11       1.377759711834e-14      -4.880463953176e-13       1.028033965425e-14       0.000000000000e+00       0.000000000000e+00       0.000000000000e+00 
   78       3.131652735164e-11       1.392945302885e-14      -4.875255928767e-13       1.032845857584e-14       0.000000000000e+00       0.000000000000e+00       0.000000000000e+00 
   79       3.052406581824e-11       1.407600389687e-14      -4.866752268084e-13       1.037127702321e-14       0.000000000000e+00       0.000000000000e+00       0.000000000000e+00 
   80       2.974064514912e-11       1.421714367950e-14      -4.855005634391e-13       1.040879568993e-14       0.000000000000e+00       0.000000000000e+00       0.000000000000e+00 
   81       2.896651146272e-11       1.435277196437e-14      -4.840076286592e-13       1.044102240208e-14       0.000000000000e+00       0.000000000000e+00       0.000000000000e+00 
   82       2.820164223383e-11       1.448279410420e-14      -4.822032205424e-13       1.046797219171e-14       0.000000000000e+00       0.000000000000e+00       0.000000000000e+00 
   83       2.744573360583e-11       1.460712135112e-14      -4.800949219646e-13       1.048966737042e-14       0.000000000000e+00       0.000000000000e+00       0.000000000000e+00 
   84       2.669847538762e-11       1.472567201576e-14      -4.776905694294e-13       1.050613773870e-14       0.000000000000e+00       0.000000000000e+00       0.000000000000e+00 
   85       2.596045621729e-11       1.483837487030e-14      -4.749965307243e-13       1.051742109292e-14       0.000000000000e+00       0.000000000000e+00       0.000000000000e+00 
   86       2.523238589067e-11       1.494516655867e-14      -4.720191635457e-13       1.052356293760e-14       0.000000000000e+00       0.000000000000e+00       0.000000000000e+00 
   87       2.451481328132e-11       1.504599077158e-14      -4.687653373340e-13       1.052461643166e-14       0.000000000000e+00       0.000000000000e+00       0.000000000000e+00 
   88       2.380811848779e-11       1.514079839820e-14      -4.652424367544e-13       1.052064246425e-14       0.000000000000e+00       0.000000000000e+00       0.000000000000e+00 
   89       2.311250498081e-11       1.522954767781e-14      -4.614583651760e-13       1.051170973055e-14       0.000000000000e+00       0.000000000000e+00       0.000000000000e+00 
   90       2.242799175058e-11       1.531220435148e-14      -4.574215481517e-13       1.049789480753e-14       0.000000000000e+00       0.000000000000e+00       0.000000000000e+00 
   91       2.175440545400e-11       1.538874181372e-14      -4.531409368984e-13       1.047928222980e-14       0.000000000000e+00       0.000000000000e+00       0.000000000000e+00 
   92       2.109137256188e-11       1.545914126412e-14      -4.486260117762e-13       1.045596456538e-14       0.000000000000e+00       0.000000000000e+00       0.000000000000e+00 
   93       2.043854801916e-11       1.552338807731e-14      -4.438862950642e-13       1.042803654876e-14       0.000000000000e+00       0.000000000000e+00       0.000000000000e+00 
   94       1.979635762135e-11       1.558145995863e-14      -4.389297979035e-13       1.039557630600e-14       0.000000000000e+00       0.000000000000e+00       0.000000000000e+00 
   95       1.916535329213e-11       1.563333727922e-14      -4.337643451210e-13       1.035866143288e-14       0.000000000000e+00       0.000000000000e+00       0.000000000000e+00 
   96       1.854598197445e-11       1.567900679738e-14      -4.283980419094e-13       1.031737468039e-14       0.000000000000e+00       0.000000000000e+00       0.000000000000e+00 
   97       1.793858102438e-11       1.571846175836e-14      -4.228392705711e-13       1.027180394890e-14       0.000000000000e+00       0.000000000000e+00       0.000000000000e+00 
   98       1.734337360491e-11       1.575170199412e-14      -4.170966872619e-13       1.022204228243e-14       0.000000000000e+00       0.000000000000e+00       0.000000000000e+00 
   99       1.676046407979e-11       1.577873402306e-14      -4.111792187354e-13       1.016818786285e-14       0.000000000000e+00       0.000000000000e+00       0.000000000000e+00 
  100       1.618983340728e-11       1.579957114977e-14      -4.050960590865e-13       1.011034400410e-14       0.000000000000e+00       0.000000000000e+00       0.000000000000e+00 
  101       1.563133453406e-11       1.581423356482e-14      -3.988566664959e-13       1.004861914646e-14       0.000000000000e+00       0.000000000000e+00       0.000000000000e+00 
  102       1.508468778897e-11       1.582274844443e-14      -3.924707599738e-13       9.983126850702e-15       0.000000000000e+00       0.000000000000e+00       0.000000000000e+00 
  103       1.454947627683e-11       1.582515005029e-14      -3.859483161039e-13       9.913985792380e-15       0.000000000000e+00       0.000000000000e+00       0.000000000000e+00 
  104       1.402532124793e-11       1.582147684877e-14      -3.792991882817e-13       9.841315925701e-15       0.000000000000e+00       0.000000000000e+00       0.000000000000e+00 
  105       1.351244510710e-11       1.581176221042e-14      -3.725319128642e-13       9.765226397536e-15       0.000000000000e+00       0.000000000000e+00       0.000000000000e+00 
  106       1.301117622577e-11       1.579604263426e-14      -3.656547349275e-13       9.685825982412e-15       0.000000000000e+00       0.000000000000e+00       0.000000000000e+00 
  107       1.252177316114e-11       1.577436068222e-14      -3.586759640561e-13       9.603226719741e-15       0.000000000000e+00       0.000000000000e+00       0.000000000000e+00 
  108       1.204442202774e-11       1.574676504623e-14      -3.516039669382e-13       9.517543865960e-15       0.000000000000e+00       0.000000000000e+00       0.000000000000e+00 
  109       1.157923386903e-11       1.571331061513e-14      -3.444471599616e-13       9.428895846656e-15       0.000000000000e+00       0.000000000000e+00       0.000000000000e+00 
  110       1.112624202895e-11       1.567405854175e-14      -3.372140018090e-13       9.337404208708e-15       0.000000000000e+00       0.000000000000e+00       0.000000000000e+00 
  111       1.068539952349e-11       1.562907630985e-14      -3.299129860537e-13       9.243193572415e-15       0.000000000000e+00       0.000000000000e+00       0.000000000000e+00 
  112       1.025657641228e-11       1.557843780112e-14      -3.225526337553e-13       9.146391583628e-15       0.000000000000e+00       0.000000000000e+00       0.000000000000e+00 
  113       9.839557170109e-12       1.552222336221e-14      -3.151414860548e-13       9.047128865889e-15       0.000000000000e+00       0.000000000000e+00       0.000000000000e+00 
  114       9.434038058547e-12       1.546051987170e-14      -3.076880967706e-13       8.945538972559e-15       0.000000000000e+00       0.000000000000e+00       0.000000000000e+00 
  115       9.039624497484e-12       1.539342080712e-14      -3.002010249941e-13       8.841758338952e-15       0.000000000000e+00       0.000000000000e+00       0.000000000000e+00 
  116       8.655954754877e-12       1.532102221686e-14      -2.926886471305e-13       8.735922216513e-15       0.000000000000e+00       0.000000000000e+00       0.000000000000e+00 
  117       8.283093696014e-12       1.524340993732e-14      -2.851585829282e-13       8.628152016875e-15       0.000000000000e+00       0.000000000000e+00       0.000000000000e+00 
  118       7.921182193765e-12       1.516067094018e-14      -2.776181854363e-13       8.518566332025e-15       0.000000000000e+00       0.000000000000e+00       0.000000000000e+00 
  119       7.570313598811e-12       1.507289731886e-14      -2.700747064117e-13       8.407284732099e-15       0.000000000000e+00       0.000000000000e+00       0.000000000000e+00 
  120       7.230532228081e-12       1.498018631931e-14      -2.625352873188e-13       8.294427681987e-15       0.000000000000e+00       0.000000000000e+00       0.000000000000e+00 
  121       6.901831853197e-12       1.488264037080e-14      -2.550069503280e-13       8.180116457945e-15       0.000000000000e+00       0.000000000000e+00       0.000000000000e+00 
  122       6.584154188909e-12       1.478036711669e-14      -2.474965893155e-13       8.064473064196e-15       0.000000000000e+00       0.000000000000e+00       0.000000000000e+00 
  123       6.277387381541e-12       1.467347944527e-14      -2.400109608618e-13       7.947620149541e-15       0.000000000000e+00       0.000000000000e+00       0.000000000000e+00 
  124       5.981364497425e-12       1.456209552047e-14      -2.325566752515e-13       7.829680923970e-15       0.000000000000e+00       0.000000000000e+00       0.000000000000e+00 
  125       5.695862011347e-12       1.444633881272e-14      -2.251401874718e-13       7.710779075261e-15       0.000000000000e+00       0.000000000000e+00       0.000000000000e+00 
  126       5.420598294986e-12       1.432633812971e-14      -2.177677882123e-13       7.591038685597e-15       0.000000000000e+00       0.000000000000e+00       0.000000000000e+00 
  127       5.155232105349e-12       1.420222764719e-14      -2.104455948636e-13       7.470584148167e-15       0.000000000000e+00       0.000000000000e+00       0.000000000000e+00 
  128       4.899361073220e-12       1.407414693975e-14      -2.031795425167e-13       7.349540083774e-15       0.000000000000e+00       0.000000000000e+00       0.000000000000e+00 
  129       4.652616306478e-12       1.394223579379e-14      -1.959753879405e-13       7.228028639049e-15       0.000000000000e+00       0.000000000000e+00       0.000000000000e+00 
  130       4.414961144422e-12       1.380661793775e-14      -1.888387411243e-13       7.106161223093e-15       0.000000000000e+00       0.000000000000e+00       0.000000000000e+00 
  131       4.186422473191e-12       1.366741557691e-14      -1.817750202017e-13       6.984045702520e-15       0.000000000000e+00       0.000000000000e+00       0.000000000000e+00 
  132       3.966996733008e-12       1.352475444481e-14      -1.747894299624e-13       6.861788837471e-15       0.000000000000e+00       0.000000000000e+00       0.000000000000e+00 
  133       3.756649094377e-12       1.337876379664e-14      -1.678869529444e-13       6.739496179483e-15       0.000000000000e+00       0.000000000000e+00       0.000000000000e+00 
  134       3.555312634288e-12       1.322957640273e-14      -1.610723405255e-13       6.617271969365e-15       0.000000000000e+00       0.000000000000e+00       0.000000000000e+00 
  135       3.362887512425e-12       1.307732854198e-14      -1.543501040158e-13       6.495219035066e-15       0.000000000000e+00       0.000000000000e+00       0.000000000000e+00 
  136       3.179240147360e-12       1.292215999532e-14      -1.477245057495e-13       6.373438689547e-15       0.000000000000e+00       0.000000000000e+00       0.000000000000e+00 
  137       3.004202392766e-12       1.276421403918e-14      -1.411995501770e-13       6.252030628651e-15       0.000000000000e+00       0.000000000000e+00       0.000000000000e+00 
  138       2.837570713615e-12       1.260363743893e-14      -1.347789749569e-13       6.131092828978e-15       0.000000000000e+00       0.000000000000e+00       0.000000000000e+00 
  139       2.679105362383e-12       1.244058044230e-14      -1.284662420479e-13       6.010721445750e-15       0.000000000000e+00       0.000000000000e+00       0.000000000000e+00 
  140       2.528529555250e-12       1.227519677292e-14      -1.222645288011e-13       5.891010710690e-15       0.000000000000e+00       0.000000000000e+00       0.000000000000e+00 
  141       2.385528648310e-12       1.210764362366e-14      -1.161767190516e-13       5.772052829885e-15       0.000000000000e+00       0.000000000000e+00       0.000000000000e+00 
  142       2.249749313768e-12       1.193808165018e-14      -1.102053942111e-13       5.653937881665e-15       0.000000000000e+00       0.000000000000e+00       0.000000000000e+00 
  143       2.120798716147e-12       1.176667496433e-14      -1.043528243592e-13       5.536753714468e-15       0.000000000000e+00       0.000000000000e+00       0.000000000000e+00 
  144       1.998317627657e-12       1.159358499521e-14      -9.862121069974e-14       5.420585390767e-15       0.000000000000e+00       0.000000000000e+00       0.000000000000e+00 
  145       1.882209637357e-12       1.141895140400e-14      -9.301345867248e-14       5.305513672653e-15       0.000000000000e+00       0.000000000000e+00       0.000000000000e+00 
  146       1.772433078146e-12       1.124290926636e-14      -8.753246448081e-14       5.191616192110e-15       0.000000000000e+00       0.000000000000e+00       0.000000000000e+00 
  147       1.668928721355e-12       1.106559499451e-14      -8.218086317479e-14       5.078967787754e-15       0.000000000000e+00       0.000000000000e+00       0.000000000000e+00 
  148       1.571619377887e-12       1.088714629542e-14      -7.696102118784e-14       4.967640400084e-15       0.000000000000e+00       0.000000000000e+00       0.000000000000e+00 
  149       1.480409499359e-12       1.070770212898e-14      -7.187502887337e-14       4.857702966755e-15       0.000000000000e+00       0.000000000000e+00       0.000000000000e+00 
  150       1.395184779243e-12       1.052740266630e-14      -6.692469304139e-14       4.749221317834e-15       0.000000000000e+00       0.000000000000e+00       0.000000000000e+00 
  151       1.315811754009e-12       1.034638924781e-14      -6.211152949517e-14       4.642258071064e-15       0.000000000000e+00       0.000000000000e+00       0.000000000000e+00 
  152       1.242137404261e-12       1.016480434157e-14      -5.743675556787e-14       4.536872527127e-15       0.000000000000e+00       0.000000000000e+00       0.000000000000e+00 
  153       1.173988755883e-12       9.982791501395e-15      -5.290128265920e-14       4.433120564904e-15       0.000000000000e+00       0.000000000000e+00       0.000000000000e+00 
  154       1.111172481180e-12       9.800495325129e-15      -4.850570877201e-14       4.331054536743e-15       0.000000000000e+00       0.000000000000e+00       0.000000000000e+00 
  155       1.053474500014e-12       9.618061412815e-15      -4.425031104898e-14       4.230723163713e-15       0.000000000000e+00       0.000000000000e+00       0.000000000000e+00 
  156       1.000659580952e-12       9.435636324922e-15      -4.013503830925e-14       4.132171430873e-15       0.000000000000e+00       0.000000000000e+00       0.000000000000e+00 
  157       9.524709424007e-13       9.253367540547e-15      -3.615950358501e-14       4.035440482533e-15       0.000000000000e+00       0.000000000000e+00       0.000000000000e+00 
  158       9.086298537528e-13       9.071403415628e-15      -3.232297665820e-14       3.940567517513e-15       0.000000000000e+00       0.000000000000e+00       0.000000000000e+00 
  159       8.688352365245e-13       8.889893141152e-15      -2.862437659712e-14       3.847585684410e-15       0.000000000000e+00       0.000000000000e+00       0.000000000000e+00 
  160       8.327632654982e-13       8.708986701362e-15      -2.506226429306e-14       3.756523976857e-15       0.000000000000e+00       0.000000000000e+00       0.000000000000e+00 
  161       8.001191690912e-13       8.528829074662e-15      -2.163530706981e-14       3.667410258918e-15       0.000000000000e+00       0.000000000000e+00       0.000000000000e+00 
  162       7.707986156806e-13       8.349542347730e-15      -1.834373435293e-14       3.580280861823e-15       0.000000000000e+00       0.000000000000e+00       0.000000000000e+00 
  163       7.447399032610e-13       8.171241932478e-15      -1.518799706486e-14       3.495171639675e-15       0.000000000000e+00       0.000000000000e+00       0.000000000000e+00 
  164       7.218728863867e-13       7.994042113362e-15      -1.216830188051e-14       3.412114826037e-15       0.000000000000e+00       0.000000000000e+00       0.000000000000e+00 
  165       7.021188174751e-13       7.818055979103e-15      -9.284605935885e-15       3.331138943589e-15       0.000000000000e+00       0.000000000000e+00       0.000000000000e+00 
  166       6.853901881095e-13       7.643395354412e-15      -6.536611536654e-15       3.252268713794e-15       0.000000000000e+00       0.000000000000e+00       0.000000000000e+00 
  167       6.715905703427e-13       7.470170731706e-15      -3.923760866751e-15       3.175524966562e-15       0.000000000000e+00       0.000000000000e+00       0.000000000000e+00 
  168       6.606144579999e-13       7.298491202830e-15      -1.445230696952e-15       3.100924549913e-15       0.000000000000e+00       0.000000000000e+00       0.000000000000e+00 
  169       6.523471079818e-13       7.128464390781e-15       9.000729065406e-16       3.028480239641e-15       0.000000000000e+00       0.000000000000e+00       0.000000000000e+00 
  170       6.466643815679e-13       6.960196381423e-15       3.113519873506e-15       2.958200648980e-15       0.000000000000e+00       0.000000000000e+00       0.000000000000e+00 
  171       6.434325857198e-13       6.793791655211e-15       5.196761421124e-15       2.890090138261e-15       0.000000000000e+00       0.000000000000e+00       0.000000000000e+00 
  172       6.425083143839e-13       6.629353018910e-15       7.151735345385e-15       2.824148724583e-15       0.000000000000e+00       0.000000000000e+00       0.000000000000e+00 
  173       6.437382897951e-13       6.466981537320e-15       8.980671312507e-15       2.760371991475e-15       0.000000000000e+00       0.000000000000e+00       0.000000000000e+00 
  174       6.469592037795e-13       6.306776464989e-15       1.068609615035e-14       2.698750998554e-15       0.000000000000e+00       0.000000000000e+00       0.000000000000e+00 
  175       6.519975590580e-13       6.148835177941e-15       1.227083913982e-14       2.639272191197e-15       0.000000000000e+00       0.000000000000e+00       0.000000000000e+00 
  176       6.586695105490e-13       5.993253105391e-15       1.373803730630e-14       2.581917310199e-15       0.000000000000e+00       0.000000000000e+00       0.000000000000e+00 
  177       6.667807066719e-13       5.840123661470e-15       1.509114071105e-14       2.526663301439e-15       0.000000000000e+00       0.000000000000e+00       0.000000000000e+00 
  178       6.761261306502e-13       5.689538176943e-15       1.633391774263e-14       2.473482225543e-15       0.000000000000e+00       0.000000000000e+00       0.000000000000e+00 
  179       6.864899418145e-13       5.541585830930e-15       1.747046040831e-14       2.422341167548e-15       0.000000000000e+00       0.000000000000e+00       0.000000000000e+00 
  180       6.976778921668e-13       5.396350695804e-15       1.850456950440e-14       2.373209447133e-15       0.000000000000e+00       0.000000000000e+00       0.000000000000e+00 
  181       7.096177890462e-13       5.253902751833e-15       1.943784442265e-14       2.326081078936e-15       0.000000000000e+00       0.000000000000e+00       0.000000000000e+00 
  182       7.222667319030e-13       5.114306025528e-15       2.027145131370e-14       2.280953928246e-15       0.000000000000e+00       0.000000000000e+00       0.000000000000e+00 
  183       7.355792162195e-13       4.977621333931e-15       2.100673254927e-14       2.237822507884e-15       0.000000000000e+00       0.000000000000e+00       0.000000000000e+00 
  184       7.495070947952e-13       4.843906205703e-15       2.164520972951e-14       2.196677914753e-15       0.000000000000e+00       0.000000000000e+00       0.000000000000e+00 
  185       7.639995390328e-13       4.713214802214e-15       2.218858669035e-14       2.157507766393e-15       0.000000000000e+00       0.000000000000e+00       0.000000000000e+00 
  186       7.790030002239e-13       4.585597838629e-15       2.263875251086e-14       2.120296137535e-15       0.000000000000e+00       0.000000000000e+00       0.000000000000e+00 
  187       7.944611708345e-13       4.461102504997e-15       2.299778452064e-14       2.085023496651e-15       0.000000000000e+00       0.000000000000e+00       0.000000000000e+00 
  188       8.103149457909e-13       4.339772387338e-15       2.326795130712e-14       2.051666642512e-15       0.000000000000e+00       0.000000000000e+00       0.000000000000e+00 
  189       8.265023837655e-13       4.221647388729e-15       2.345171572298e-14       2.020198640739e-15       0.000000000000e+00       0.000000000000e+00       0.000000000000e+00 
  190       8.429586684619e-13       4.106763650396e-15       2.355173789345e-14       1.990588760355e-15       0.000000000000e+00       0.000000000000e+00       0.000000000000e+00 
  191       8.596160699016e-13       3.995153472797e-15       2.357087822372e-14       1.962802410342e-15       0.000000000000e+00       0.000000000000e+00       0.000000000000e+00 
  192       8.764039057089e-13       3.886845236713e-15       2.351220040628e-14       1.936801076192e-15       0.000000000000e+00       0.000000000000e+00       0.000000000000e+00 
  193       8.932485023967e-13       3.781863324336e-15       2.337897442825e-14       1.912542256461e-15       0.000000000000e+00       0.000000000000e+00       0.000000000000e+00 
  194       9.100731566527e-13       3.680228040353e-15       2.317467957877e-14       1.889979399322e-15       0.000000000000e+00       0.000000000000e+00       0.000000000000e+00 
  195       9.267980966247e-13       3.581955533039e-15       2.290300745638e-14       1.869061839120e-15       0.000000000000e+00       0.000000000000e+00       0.000000000000e+00 
  196       9.433404432061e-13       3.487057715340e-15       2.256786497630e-14       1.849734732924e-15       0.000000000000e+00       0.000000000000e+00       0.000000000000e+00 
  197       9.596141713222e-13       3.395542185965e-15       2.217337737789e-14       1.831938997079e-15       0.000000000000e+00       0.000000000000e+00       0.000000000000e+00 
  198       9.755300712155e-13       3.307412150468e-15       2.172389123191e-14       1.815611243764e-15       0.000000000000e+00       0.000000000000e+00       0.000000000000e+00 
  199       9.909957097315e-13       3.222666342344e-15       2.122397744796e-14       1.800683717542e-15       0.000000000000e+00       0.000000000000e+00       0.000000000000e+00 
  200       1.005915391604e-12       3.141298944108e-15       2.067843428179e-14       1.787084231911e-15       0.000000000000e+00       0.000000000000e+00       0.000000000000e+00 
  201       1.020205393057e-12       3.063302717847e-15       2.009165224654e-14       1.774746253083e-15       0.000000000000e+00       0.000000000000e+00       0.000000000000e+00 
  202       1.033840955737e-12       2.988678810160e-15       1.946565203802e-14       1.763640085916e-15       0.000000000000e+00       0.000000000000e+00       0.000000000000e+00 
  203       1.046812578857e-12       2.917427496226e-15       1.880191209278e-14       1.753743795866e-15       0.000000000000e+00       0.000000000000e+00       0.000000000000e+00 
  204       1.059111054974e-12       2.849544964318e-15       1.810199520150e-14       1.745033228740e-15       0.000000000000e+00       0.000000000000e+00       0.000000000000e+00 
  205       1.070727476412e-12       2.785023246375e-15       1.736754963052e-14       1.737481977244e-15       0.000000000000e+00       0.000000000000e+00       0.000000000000e+00 
  206       1.081653241686e-12       2.723850148575e-15       1.660031024321e-14       1.731061347525e-15       0.000000000000e+00       0.000000000000e+00       0.000000000000e+00 
  207       1.091880061925e-12       2.666009181910e-15       1.580209962151e-14       1.725740325716e-15       0.000000000000e+00       0.000000000000e+00       0.000000000000e+00 
  208       1.101399967294e-12       2.611479492757e-15       1.497482918729e-14       1.721485544480e-15       0.000000000000e+00       0.000000000000e+00       0.000000000000e+00 
  209       1.110205313422e-12       2.560235793454e-15       1.412050032388e-14       1.718261249551e-15       0.000000000000e+00       0.000000000000e+00       0.000000000000e+00 
  210       1.118288787819e-12       2.512248292870e-15       1.324120549748e-14       1.716029266283e-15       0.000000000000e+00       0.000000000000e+00       0.000000000000e+00 
  211       1.125643416304e-12       2.467482626982e-15       1.233912937863e-14       1.714748966186e-15       0.000000000000e+00       0.000000000000e+00       0.000000000000e+00 
  212       1.132262569425e-12       2.425899789447e-15       1.141654996367e-14       1.714377233477e-15       0.000000000000e+00       0.000000000000e+00       0.000000000000e+00 
  213       1.138139968885e-12       2.387456062173e-15       1.047583969615e-14       1.714868431622e-15       0.000000000000e+00       0.000000000000e+00       0.000000000000e+00 
  214       1.143269693966e-12       2.352102945897e-15       9.519466588354e-15       1.716174369874e-15       0.000000000000e+00       0.000000000000e+00       0.000000000000e+00 
  215       1.147646187947e-12       2.319787090755e-15       8.549995342682e-15       1.718244269827e-15       0.000000000000e+00       0.000000000000e+00       0.000000000000e+00 
  216       1.151264264535e-12       2.290450226854e-15       7.570088473151e-15       1.721024731950e-15       0.000000000000e+00       0.000000000000e+00       0.000000000000e+00 
  217       1.154119114281e-12       2.264029094852e-15       6.582507426823e-15       1.724459702136e-15       0.000000000000e+00       0.000000000000e+00       0.000000000000e+00 
  218       1.156206311008e-12       2.240455376523e-15       5.590113705273e-15       1.728490438245e-15       0.000000000000e+00       0.000000000000e+00       0.000000000000e+00 
  219       1.157521818234e-12       2.219655625337e-15       4.595869986028e-15       1.733055476647e-15       0.000000000000e+00       0.000000000000e+00       0.000000000000e+00 
  220       1.158061995592e-12       2.201551197029e-15       3.602841244033e-15       1.738090598766e-15       0.000000000000e+00       0.000000000000e+00       0.000000000000e+00 
  221       1.157823605258e-12       2.186058180175e-15       2.614195873094e-15       1.743528797624e-15       0.000000000000e+00       0.000000000000e+00       0.000000000000e+00 
  222       1.156803818370e-12       2.173087326764e-15       1.633206807336e-15       1.749300244384e-15       0.000000000000e+00       0.000000000000e+00       0.000000000000e+00 
  223       1.155000221455e-12       2.162543982772e-15       6.632526426546e-16       1.755332254894e-15       0.000000000000e+00       0.000000000000e+00       0.000000000000e+00 
  224       1.152413062131e-12       2.154339153771e-15      -2.926597677386e-16       1.761559497920e-15       0.000000000000e+00       0.000000000000e+00       0.000000000000e+00 
  225       1.149052133334e-12       2.148423635964e-15      -1.233363950010e-15       1.767955418304e-15       0.000000000000e+00       0.000000000000e+00       0.000000000000e+00 
  226       1.144930344193e-12       2.144755945467e-15      -2.158157438969e-15       1.774502769625e-15       0.000000000000e+00       0.000000000000e+00       0.000000000000e+00 
  227       1.140061532234e-12       2.143291337871e-15      -3.066331758199e-15       1.781183545109e-15       0.000000000000e+00       0.000000000000e+00       0.000000000000e+00 
  228       1.134460475124e-12       2.143981765329e-15      -3.957172437945e-15       1.787978968558e-15       0.000000000000e+00       0.000000000000e+00       0.000000000000e+00 
  229       1.128142902434e-12       2.146775833640e-15      -4.829959033010e-15       1.794869485276e-15       0.000000000000e+00       0.000000000000e+00       0.000000000000e+00 
  230       1.121125507391e-12       2.151618759336e-15      -5.683965140655e-15       1.801834753004e-15       0.000000000000e+00       0.000000000000e+00       0.000000000000e+00 
  231       1.113425958632e-12       2.158452326765e-15      -6.518458418483e-15       1.808853632839e-15       0.000000000000e+00       0.000000000000e+00       0.000000000000e+00 
  232       1.105062911960e-12       2.167214845180e-15      -7.332700602345e-15       1.815904180172e-15       0.000000000000e+00       0.000000000000e+00       0.000000000000e+00 
  233       1.096056022100e-12       2.177841105821e-15      -8.125947524226e-15       1.822963635613e-15       0.000000000000e+00       0.000000000000e+00       0.000000000000e+00 
  234       1.086425954451e-12       2.190262339001e-15      -8.897449130142e-15       1.830008415916e-15       0.000000000000e+00       0.000000000000e+00       0.000000000000e+00 
  235       1.076194396845e-12       2.204406171193e-15      -9.646449498036e-15       1.837014104915e-15       0.000000000000e+00       0.000000000000e+00       0.000000000000e+00 
  236       1.065384071298e-12       2.220196582113e-15      -1.037218685567e-14       1.843955444448e-15       0.000000000000e+00       0.000000000000e+00       0.000000000000e+00 
  237       1.054018745768e-12       2.237553861808e-15      -1.107389359853e-14       1.850806325285e-15       0.000000000000e+00       0.000000000000e+00       0.000000000000e+00 
  238       1.042123245907e-12       2.256394567740e-15      -1.175079630769e-14       1.857539778060e-15       0.000000000000e+00       0.000000000000e+00       0.000000000000e+00 
  239       1.029723466820e-12       2.276631481871e-15      -1.240211576775e-14       1.864127964199e-15       0.000000000000e+00       0.000000000000e+00       0.000000000000e+00 
  240       1.016846384816e-12       2.298173567748e-15      -1.302706698470e-14       1.870542166846e-15       0.000000000000e+00       0.000000000000e+00       0.000000000000e+00 
  241       1.003520069164e-12       2.320925927589e-15      -1.362485920382e-14       1.876752781793e-15       0.000000000000e+00       0.000000000000e+00       0.000000000000e+00 
  242       9.897736938501e-13       2.344789759371e-15      -1.419469592759e-14       1.882729308412e-15       0.000000000000e+00       0.000000000000e+00       0.000000000000e+00 
  243       9.756375493296e-13       2.369662313909e-15      -1.473577493354e-14       1.888440340578e-15       0.000000000000e+00       0.000000000000e+00       0.000000000000e+00 
  244       9.611430542838e-13       2.395436851948e-15      -1.524728829222e-14       1.893853557603e-15       0.000000000000e+00       0.000000000000e+00       0.000000000000e+00 
  245       9.463227673742e-13       2.422002601245e-15      -1.572842238502e-14       1.898935715160e-15       0.000000000000e+00       0.000000000000e+00       0.000000000000e+00 
  246       9.312103989975e-13       2.449244713654e-15      -1.617835792210e-14       1.903652636217e-15       0.000000000000e+00       0.000000000000e+00       0.000000000000e+00 
  247       9.158408230409e-13       2.477044222213e-15      -1.659626996028e-14       1.907969201960e-15       0.000000000000e+00       0.000000000000e+00       0.000000000000e+00 
  248       9.002500886364e-13       2.505277998229e-15      -1.698132792096e-14       1.911849342726e-15       0.000000000000e+00       0.000000000000e+00       0.000000000000e+00 
  249       8.844754319165e-13       2.533818708361e-15      -1.733269560794e-14       1.915256028929e-15       0.000000000000e+00       0.000000000000e+00       0.000000000000e+00 
  250       8.685508596502e-13       2.562551239401e-15      -1.764971513387e-14       1.918157738943e-15       0.000000000000e+00       0.000000000000e+00       0.000000000000e+00 
  251       8.524935932426e-13       2.591423112358e-15      -1.793247043358e-14       1.920548295409e-15       0.000000000000e+00       0.000000000000e+00       0.000000000000e+00 
  252       8.363168650860e-13       2.620396895028e-15      -1.818125631265e-14       1.922428156303e-15       0.000000000000e+00       0.000000000000e+00       0.000000000000e+00 
  253       8.200342795384e-13       2.649433984787e-15      -1.839639783348e-14       1.923798044306e-15       0.000000000000e+00       0.000000000000e+00       0.000000000000e+00 
  254       8.036598162104e-13       2.678494597170e-15      -1.857825068491e-14       1.924658950127e-15       0.000000000000e+00       0.000000000000e+00       0.000000000000e+00 
  255       7.872078332523e-13       2.707537754447e-15      -1.872720155177e-14       1.925012135809e-15       0.000000000000e+00       0.000000000000e+00       0.000000000000e+00 
  256       7.706930706406e-13       2.736521274201e-15      -1.884366848450e-14       1.924859138051e-15       0.000000000000e+00       0.000000000000e+00       0.000000000000e+00 
  257       7.541306534653e-13       2.765401757905e-15      -1.892810126874e-14       1.924201771519e-15       0.000000000000e+00       0.000000000000e+00       0.000000000000e+00 
  258       7.375360952161e-13       2.794134579501e-15      -1.898098179490e-14       1.923042132161e-15       0.000000000000e+00       0.000000000000e+00       0.000000000000e+00 
  259       7.209253010696e-13       2.822673873974e-15      -1.900282442780e-14       1.921382600525e-15       0.000000000000e+00       0.000000000000e+00       0.000000000000e+00 
  260       7.043145711765e-13       2.850972525932e-15      -1.899417637620e-14       1.919225845070e-15       0.000000000000e+00       0.000000000000e+00       0.000000000000e+00 
  261       6.877206039476e-13       2.878982158184e-15      -1.895561806243e-14       1.916574825484e-15       0.000000000000e+00       0.000000000000e+00       0.000000000000e+00 
  262       6.711604993413e-13       2.906653120314e-15      -1.888776349198e-14       1.913432795997e-15       0.000000000000e+00       0.000000000000e+00       0.000000000000e+00 
  263       6.546517621502e-13       2.933934477263e-15      -1.879126062309e-14       1.909803308697e-15       0.000000000000e+00       0.000000000000e+00       0.000000000000e+00 
  264       6.382123052881e-13       2.960773997900e-15      -1.866679173633e-14       1.905690216842e-15       0.000000000000e+00       0.000000000000e+00       0.000000000000e+00 
  265       6.218604530764e-13       2.987118143607e-15      -1.851507380421e-14       1.901097678182e-15       0.000000000000e+00       0.000000000000e+00       0.000000000000e+00 
  266       6.056149445317e-13       3.012912056851e-15      -1.833685886073e-14       1.896030158265e-15       0.000000000000e+00       0.000000000000e+00       0.000000000000e+00 
  267       5.894949366517e-13       3.038099549762e-15      -1.813293437106e-14       1.890492433758e-15       0.000000000000e+00       0.000000000000e+00       0.000000000000e+00 
  268       5.735200077028e-13       3.062623092712e-15      -1.790412360103e-14       1.884489595760e-15       0.000000000000e+00       0.000000000000e+00       0.000000000000e+00 
  269       5.577101605066e-13       3.086423802892e-15      -1.765128598678e-14       1.878027053117e-15       0.000000000000e+00       0.000000000000e+00       0.000000000000e+00 
  270       5.420858257269e-13       3.109441432888e-15      -1.737531750435e-14       1.871110535736e-15       0.000000000000e+00       0.000000000000e+00       0.000000000000e+00 
  271       5.266678651562e-13       3.131614359261e-15      -1.707715103926e-14       1.863746097903e-15       0.000000000000e+00       0.000000000000e+00       0.000000000000e+00 
  272       5.114775750030e-13       3.152879571119e-15      -1.675775675609e-14       1.855940121592e-15       0.000000000000e+00       0.000000000000e+00       0.000000000000e+00 
  273       4.965366891784e-13       3.173172658703e-15      -1.641814246809e-14       1.847699319788e-15       0.000000000000e+00       0.000000000000e+00       0.000000000000e+00 
  274       4.818673825827e-13       3.192427801956e-15      -1.605935400679e-14       1.839030739795e-15       0.000000000000e+00       0.000000000000e+00       0.000000000000e+00 
  275       4.674922743929e-13       3.210577759104e-15      -1.568247559154e-14       1.829941766552e-15       0.000000000000e+00       0.000000000000e+00       0.000000000000e+00 
  276       4.534344313487e-13       3.227553855234e-15      -1.528863019914e-14       1.820440125953e-15       0.000000000000e+00       0.000000000000e+00       0.000000000000e+00 
  277       4.397173710400e-13       3.243285970870e-15      -1.487897993344e-14       1.810533888156e-15       0.000000000000e+00       0.000000000000e+00       0.000000000000e+00 
  278       4.263650651937e-13       3.257702530552e-15      -1.445472639489e-14       1.800231470900e-15       0.000000000000e+00       0.000000000000e+00       0.000000000000e+00 
  279       4.133979090503e-13       3.270743326749e-15      -1.401698721465e-14       1.789541844164e-15       0.000000000000e+00       0.000000000000e+00       0.000000000000e+00 
  280       4.008203915878e-13       3.282398750537e-15      -1.356641781593e-14       1.778475149053e-15       0.000000000000e+00       0.000000000000e+00       0.000000000000e+00 
  281       3.886327929114e-13       3.292672571163e-15      -1.310357077659e-14       1.767042117435e-15       0.000000000000e+00       0.000000000000e+00       0.000000000000e+00 
  282       3.768351577294e-13       3.301569292027e-15      -1.262901807813e-14       1.755253877088e-15       0.000000000000e+00       0.000000000000e+00       0.000000000000e+00 
  283       3.654272924435e-13       3.309094158986e-15      -1.214335128507e-14       1.743121955332e-15       0.000000000000e+00       0.000000000000e+00       0.000000000000e+00 
  284       3.544087622393e-13       3.315253168639e-15      -1.164718172432e-14       1.730658282644e-15       0.000000000000e+00       0.000000000000e+00       0.000000000000e+00 
  285       3.437788881768e-13       3.320053076623e-15      -1.114114066453e-14       1.717875196291e-15       0.000000000000e+00       0.000000000000e+00       0.000000000000e+00 
  286       3.335367442804e-13       3.323501405909e-15      -1.062587949545e-14       1.704785443947e-15       0.000000000000e+00       0.000000000000e+00       0.000000000000e+00 
  287       3.236811546294e-13       3.325606455094e-15      -1.010206990736e-14       1.691402187323e-15       0.000000000000e+00       0.000000000000e+00       0.000000000000e+00 
  288       3.142106904485e-13       3.326377306694e-15      -9.570404070351e-15       1.677739005787e-15       0.000000000000e+00       0.000000000000e+00       0.000000000000e+00 
  289       3.051236671979e-13       3.325823835439e-15      -9.031594813761e-15       1.663809899989e-15       0.000000000000e+00       0.000000000000e+00       0.000000000000e+00 
  290       2.964181416641e-13       3.323956716566e-15      -8.486375805511e-15       1.649629295488e-15       0.000000000000e+00       0.000000000000e+00       0.000000000000e+00 
  291       2.880919090495e-13       3.320787434113e-15      -7.935501731486e-15       1.635212046373e-15       0.000000000000e+00       0.000000000000e+00       0.000000000000e+00 
  292       2.801425000635e-13       3.316328289214e-15      -7.379748474896e-15       1.620573438887e-15       0.000000000000e+00       0.000000000000e+00       0.000000000000e+00 
  293       2.725671780126e-13       3.310592408388e-15      -6.819913295649e-15       1.605729195054e-15       0.000000000000e+00       0.000000000000e+00       0.000000000000e+00 
  294       2.653629358906e-13       3.303593751839e-15      -6.256815009718e-15       1.590695476303e-15       0.000000000000e+00       0.000000000000e+00       0.000000000000e+00 
  295       2.585264934691e-13       3.295347121747e-15      -5.691294168509e-15       1.575488887088e-15       0.000000000000e+00       0.000000000000e+00       0.000000000000e+00 
  296       2.520542943878e-13       3.285868170558e-15      -5.124213238230e-15       1.560126478517e-15       0.000000000000e+00       0.000000000000e+00       0.000000000000e+00 
  297       2.459425032451e-13       3.275173409285e-15      -4.556456779260e-15       1.544625751972e-15       0.000000000000e+00       0.000000000000e+00       0.000000000000e+00 
  298       2.401870026880e-13       3.263280215796e-15      -3.988931625514e-15       1.529004662739e-15       0.000000000000e+00       0.000000000000e+00       0.000000000000e+00 
  299       2.347833905028e-13       3.250206843109e-15      -3.422567063817e-15       1.513281623626e-15       0.000000000000e+00       0.000000000000e+00       0.000000000000e+00 
  300       2.297269767054e-13       3.235972427687e-15      -2.858315013267e-15       1.497475508590e-15       0.000000000000e+00       0.000000000000e+00       0.000000000000e+00 
  301       2.250127806315e-13       3.220596997732e-15      -2.297150204608e-15       1.481605656361e-15       0.000000000000e+00       0.000000000000e+00       0.000000000000e+00 
  302       2.206355280274e-13       3.204101481476e-15      -1.740070359596e-15       1.465691874068e-15       0.000000000000e+00       0.000000000000e+00       0.000000000000e+00 
  303       2.165896481396e-13       3.186507715477e-15      -1.188096370364e-15       1.449754440860e-15       0.000000000000e+00       0.000000000000e+00       0.000000000000e+00 
  304       2.128692708058e-13       3.167838452912e-15      -6.422724787992e-16       1.433814111530e-15       0.000000000000e+00       0.000000000000e+00       0.000000000000e+00 
  305       2.094682235451e-13       3.148117371871e-15      -1.036664559026e-16       1.417892120145e-15       0.000000000000e+00       0.000000000000e+00       0.000000000000e+00 
  306       2.063800286482e-13       3.127369083651e-15       4.266302188378e-16       1.402010183661e-15       0.000000000000e+00       0.000000000000e+00       0.000000000000e+00 
  307       2.035979002679e-13       3.105619141047e-15       9.475021780796e-16       1.386190505555e-15       0.000000000000e+00       0.000000000000e+00       0.000000000000e+00 
  308       2.011147415095e-13       3.082894046650e-15       1.457809987258e-15       1.370455779447e-15       0.000000000000e+00       0.000000000000e+00       0.000000000000e+00 
  309       1.989231415209e-13       3.059221261137e-15       1.956389965218e-15       1.354829192721e-15       0.000000000000e+00       0.000000000000e+00       0.000000000000e+00 
  310       1.970153725832e-13       3.034629211569e-15       2.442054004844e-15       1.339334430155e-15       0.000000000000e+00       0.000000000000e+00       0.000000000000e+00 
  311       1.953833872011e-13       3.009147299678e-15       2.913589393693e-15       1.323995677538e-15       0.000000000000e+00       0.000000000000e+00       0.000000000000e+00 
  312       1.940193510159e-13       2.982805141591e-15       3.369960863038e-15       1.308834166507e-15       0.000000000000e+00       0.000000000000e+00       0.000000000000e+00 
  313       1.929172748430e-13       2.955630230965e-15       3.810927464423e-15       1.293857624408e-15       0.000000000000e+00       0.000000000000e+00       0.000000000000e+00 
  314       1.920714526765e-13       2.927650183624e-15       4.236453965587e-15       1.279070341987e-15       0.000000000000e+00       0.000000000000e+00       0.000000000000e+00 
  315       1.914759304513e-13       2.898893503675e-15       4.646511271431e-15       1.264476587433e-15       0.000000000000e+00       0.000000000000e+00       0.000000000000e+00 
  316       1.911245037921e-13       2.869389590860e-15       5.041076493145e-15       1.250080605744e-15       0.000000000000e+00       0.000000000000e+00       0.000000000000e+00 
  317       1.910107157623e-13       2.839168747904e-15       5.420133017341e-15       1.235886618108e-15       0.000000000000e+00       0.000000000000e+00       0.000000000000e+00 
  318       1.911278546124e-13       2.808262187864e-15       5.783670575183e-15       1.221898821274e-15       0.000000000000e+00       0.000000000000e+00       0.000000000000e+00 
  319       1.914689515293e-13       2.776702041480e-15       6.131685311519e-15       1.208121386925e-15       0.000000000000e+00       0.000000000000e+00       0.000000000000e+00 
  320       1.920267783845e-13       2.744521364521e-15       6.464179854007e-15       1.194558461054e-15       0.000000000000e+00       0.000000000000e+00       0.000000000000e+00 
  321       1.927938454833e-13       2.711754145140e-15       6.781163382251e-15       1.181214163337e-15       0.000000000000e+00       0.000000000000e+00       0.000000000000e+00 
  322       1.937623993136e-13       2.678435311217e-15       7.082651696928e-15       1.168092586507e-15       0.000000000000e+00       0.000000000000e+00       0.000000000000e+00 
  323       1.949244202942e-13       2.644600737710e-15       7.368667288920e-15       1.155197795729e-15       0.000000000000e+00       0.000000000000e+00       0.000000000000e+00 
  324       1.962716205241e-13       2.610287254008e-15       7.639239408443e-15       1.142533827974e-15       0.000000000000e+00       0.000000000000e+00       0.000000000000e+00 
  325       1.977954415310e-13       2.575532651276e-15       7.894404134180e-15       1.130104691390e-15       0.000000000000e+00       0.000000000000e+00       0.000000000000e+00 
  326       1.994870520203e-13       2.540375689806e-15       8.134204442410e-15       1.117914364680e-15       0.000000000000e+00       0.000000000000e+00       0.000000000000e+00 
  327       2.013373456235e-13       2.504856106365e-15       8.358690276137e-15       1.105966796474e-15       0.000000000000e+00       0.000000000000e+00       0.000000000000e+00 
  328       2.033369386473e-13       2.469014621547e-15       8.567918614222e-15       1.094265904703e-15       0.000000000000e+00       0.000000000000e+00       0.000000000000e+00 
  329       2.054761678224e-13       2.432892947120e-15       8.761953540517e-15       1.082815575975e-15       0.000000000000e+00       0.000000000000e+00       0.000000000000e+00 
  330       2.077450880521e-13       2.396533793376e-15       8.940866312988e-15       1.071619664944e-15       0.000000000000e+00       0.000000000000e+00       0.000000000000e+00 
  331       2.101334701609e-13       2.359980876479e-15       9.104735432852e-15       1.060681993691e-15       0.000000000000e+00       0.000000000000e+00       0.000000000000e+00 
  332       2.126307986440e-13       2.323278925815e-15       9.253646713704e-15       1.050006351093e-15       0.000000000000e+00       0.000000000000e+00       0.000000000000e+00 
  333       2.152262694151e-13       2.286473691345e-15       9.387693350650e-15       1.039596492197e-15       0.000000000000e+00       0.000000000000e+00       0.000000000000e+00 
  334       2.179087875559e-13       2.249611950948e-15       9.506975989433e-15       1.029456137598e-15       0.000000000000e+00       0.000000000000e+00       0.000000000000e+00 
  335       2.206669650648e-13       2.212741517773e-15       9.611602795571e-15       1.019588972809e-15       0.000000000000e+00       0.000000000000e+00       0.000000000000e+00 
  336       2.234891186053e-13       2.175911247591e-15       9.701689523479e-15       1.009998647635e-15       0.000000000000e+00       0.000000000000e+00       0.000000000000e+00 
  337       2.263632672551e-13       2.139171046138e-15       9.777359585607e-15       1.000688775553e-15       0.000000000000e+00       0.000000000000e+00       0.000000000000e+00 
  338       2.292771302546e-13       2.102571876472e-15       9.838744121565e-15       9.916629330757e-16       0.000000000000e+00       0.000000000000e+00       0.000000000000e+00 
  339       2.322181247563e-13       2.066165766315e-15       9.885982067256e-15       9.829246591360e-16       0.000000000000e+00       0.000000000000e+00       0.000000000000e+00 
  340       2.351733635726e-13       2.030005815408e-15       9.919220224007e-15       9.744774544540e-16       0.000000000000e+00       0.000000000000e+00       0.000000000000e+00 
  341       2.381296529255e-13       1.994146202857e-15       9.938613327699e-15       9.663247809138e-16       0.000000000000e+00       0.000000000000e+00       0.000000000000e+00 
  342       2.410734901948e-13       1.958642194481e-15       9.944324117895e-15       9.584700609372e-16       0.000000000000e+00       0.000000000000e+00       0.000000000000e+00 
  343       2.439910616672e-13       1.923550150167e-15       9.936523406976e-15       9.509166768573e-16       0.000000000000e+00       0.000000000000e+00       0.000000000000e+00 
  344       2.468682402848e-13       1.888927531213e-15       9.915390149264e-15       9.436679702930e-16       0.000000000000e+00       0.000000000000e+00       0.000000000000e+00 
  345       2.496905833942e-13       1.854832907681e-15       9.881111510160e-15       9.367272415227e-16       0.000000000000e+00       0.000000000000e+00       0.000000000000e+00 
  346       2.524433304950e-13       1.821325965745e-15       9.833882935271e-15       9.300977488583e-16       0.000000000000e+00       0.000000000000e+00       0.000000000000e+00 
  347       2.551114009887e-13       1.788467515041e-15       9.773908219539e-15       9.237827080194e-16       0.000000000000e+00       0.000000000000e+00       0.000000000000e+00 
  348       2.576793919273e-13       1.756319496013e-15       9.701399576374e-15       9.177852915073e-16       0.000000000000e+00       0.000000000000e+00       0.000000000000e+00 
  349       2.601341679270e-13       1.724935119387e-15       9.616588659863e-15       9.121073458700e-16       0.000000000000e+00       0.000000000000e+00       0.000000000000e+00 
  350       2.624727542479e-13       1.694328817464e-15       9.519759995272e-15       9.067454859721e-16       0.000000000000e+00       0.000000000000e+00       0.000000000000e+00 
  351       2.646947671635e-13       1.664505059072e-15       9.411219072551e-15       9.016948372651e-16       0.000000000000e+00       0.000000000000e+00       0.000000000000e+00 
  352       2.667998516735e-13       1.635468102489e-15       9.291281598145e-15       8.969503013789e-16       0.000000000000e+00       0.000000000000e+00       0.000000000000e+00 
  353       2.687876817994e-13       1.607221993093e-15       9.160273574883e-15       8.925065542363e-16       0.000000000000e+00       0.000000000000e+00       0.000000000000e+00 
  354       2.706579608797e-13       1.579770561025e-15       9.018531381868e-15       8.883580441675e-16       0.000000000000e+00       0.000000000000e+00       0.000000000000e+00 
  355       2.724104218651e-13       1.553117418835e-15       8.866401854371e-15       8.844989900247e-16       0.000000000000e+00       0.000000000000e+00       0.000000000000e+00 
  356       2.740448276141e-13       1.527265959146e-15       8.704242363722e-15       8.809233792963e-16       0.000000000000e+00       0.000000000000e+00       0.000000000000e+00 
  357       2.755609711880e-13       1.502219352303e-15       8.532420897195e-15       8.776249662217e-16       0.000000000000e+00       0.000000000000e+00       0.000000000000e+00 
  358       2.769586761465e-13       1.477980544031e-15       8.351316137906e-15       8.745972699052e-16       0.000000000000e+00       0.000000000000e+00       0.000000000000e+00 
  359       2.782377968429e-13       1.454552253087e-15       8.161317544700e-15       8.718335724312e-16       0.000000000000e+00       0.000000000000e+00       0.000000000000e+00 
  360       2.793982187191e-13       1.431936968919e-15       7.962825432042e-15       8.693269169782e-16       0.000000000000e+00       0.000000000000e+00       0.000000000000e+00 
  361       2.804398586017e-13       1.410136949319e-15       7.756251049908e-15       8.670701059335e-16       0.000000000000e+00       0.000000000000e+00       0.000000000000e+00 
  362       2.813626649963e-13       1.389154218078e-15       7.542016663677e-15       8.650556990073e-16       0.000000000000e+00       0.000000000000e+00       0.000000000000e+00 
  363       2.821666183839e-13       1.368990562642e-15       7.320555634019e-15       8.632760113478e-16       0.000000000000e+00       0.000000000000e+00       0.000000000000e+00 
  364       2.828517315152e-13       1.349647531765e-15       7.092312496791e-15       8.617231116550e-16       0.000000000000e+00       0.000000000000e+00       0.000000000000e+00 
  365       2.834180497066e-13       1.331126433167e-15       6.857743042921e-15       8.603888202957e-16       0.000000000000e+00       0.000000000000e+00       0.000000000000e+00 
  366       2.838656511354e-13       1.313428331188e-15       6.617314398304e-15       8.592647074176e-16       0.000000000000e+00       0.000000000000e+00       0.000000000000e+00 
  367       2.841946471348e-13       1.296554044440e-15       6.371505103690e-15       8.583420910640e-16       0.000000000000e+00       0.000000000000e+00       0.000000000000e+00 
  368       2.844051824894e-13       1.280504143468e-15       6.120805194578e-15       8.576120352881e-16       0.000000000000e+00       0.000000000000e+00       0.000000000000e+00 
  369       2.844974357309e-13       1.265278948400e-15       5.865716281102e-15       8.570653482678e-16       0.000000000000e+00       0.000000000000e+00       0.000000000000e+00 
  370       2.844716194328e-13       1.250878526604e-15       5.606751627925e-15       8.566925804197e-16       0.000000000000e+00       0.000000000000e+00       0.000000000000e+00 
  371       2.843279805058e-13       1.237302690343e-15       5.344436234130e-15       8.564840225140e-16       0.000000000000e+00       0.000000000000e+00       0.000000000000e+00 
  372       2.840668004938e-13       1.224550994431e-15       5.079306913111e-15       8.564297037885e-16       0.000000000000e+00       0.000000000000e+00       0.000000000000e+00 
  373       2.836883958682e-13       1.212622733887e-15       4.811912372460e-15       8.565193900636e-16       0.000000000000e+00       0.000000000000e+00       0.000000000000e+00 
  374       2.831931183241e-13       1.201516941589e-15       4.542813293863e-15       8.567425818565e-16       0.000000000000e+00       0.000000000000e+00       0.000000000000e+00 
  375       2.825813550750e-13       1.191232385931e-15       4.272582412987e-15       8.570885124957e-16       0.000000000000e+00       0.000000000000e+00       0.000000000000e+00 
  376       2.818535291486e-13       1.181767568478e-15       4.001804599373e-15       8.575461462353e-16       0.000000000000e+00       0.000000000000e+00       0.000000000000e+00 
  377       2.810100996817e-13       1.173120721620e-15       3.731076936326e-15       8.581041763699e-16       0.000000000000e+00       0.000000000000e+00       0.000000000000e+00 
  378       2.800515622157e-13       1.165289806226e-15       3.461008800806e-15       8.587510233486e-16       0.000000000000e+00       0.000000000000e+00       0.000000000000e+00 
  379       2.789784489920e-13       1.158272509303e-15       3.192221943317e-15       8.594748328897e-16       0.000000000000e+00       0.000000000000e+00       0.000000000000e+00 
  380       2.777913292473e-13       1.152066241648e-15       2.925350567801e-15       8.602634740953e-16       0.000000000000e+00       0.000000000000e+00       0.000000000000e+00 
  381       2.764908095085e-13       1.146668135503e-15       2.661041411527e-15       8.611045375655e-16       0.000000000000e+00       0.000000000000e+00       0.000000000000e+00 
  382       2.750775338887e-13       1.142075042211e-15       2.399953824981e-15       8.619853335131e-16       0.000000000000e+00       0.000000000000e+00       0.000000000000e+00 
  383       2.735521843822e-13       1.138283529871e-15       2.142759851759e-15       8.628928898777e-16       0.000000000000e+00       0.000000000000e+00       0.000000000000e+00 
  384       2.719154811596e-13       1.135289880994e-15       1.890144308457e-15       8.638139504409e-16       0.000000000000e+00       0.000000000000e+00       0.000000000000e+00 
  385       2.701681828633e-13       1.133090090156e-15       1.642804864559e-15       8.647349729399e-16       0.000000000000e+00       0.000000000000e+00       0.000000000000e+00 
  386       2.683110869029e-13       1.131679861653e-15       1.401452122332e-15       8.656421271826e-16       0.000000000000e+00       0.000000000000e+00       0.000000000000e+00 
  387       2.663450297506e-13       1.131054607160e-15       1.166809696715e-15       8.665212931617e-16       0.000000000000e+00       0.000000000000e+00       0.000000000000e+00 
  388       2.642712361238e-13       1.131207237440e-15       9.394940501053e-16       8.673601461286e-16       0.000000000000e+00       0.000000000000e+00       0.000000000000e+00 
  389       2.620923803307e-13       1.132121451204e-15       7.196488783816e-16       8.681545016446e-16       0.000000000000e+00       0.000000000000e+00       0.000000000000e+00 
  390       2.598115652048e-13       1.133778190618e-15       5.072972055992e-16       8.689022041709e-16       0.000000000000e+00       0.000000000000e+00       0.000000000000e+00 
  391       2.574319773732e-13       1.136157820489e-15       3.024603785227e-16       8.696010613147e-16       0.000000000000e+00       0.000000000000e+00       0.000000000000e+00 
  392       2.549568878291e-13       1.139240124163e-15       1.051580509151e-16       8.702488436033e-16       0.000000000000e+00       0.000000000000e+00       0.000000000000e+00 
  393       2.523896525043e-13       1.143004299433e-15      -8.459183217383e-17       8.708432842579e-16       0.000000000000e+00       0.000000000000e+00       0.000000000000e+00 
  394       2.497337128423e-13       1.147428954434e-15      -2.667730501188e-16       8.713820789671e-16       0.000000000000e+00       0.000000000000e+00       0.000000000000e+00 
  395       2.469925963708e-13       1.152492103550e-15      -4.413711224303e-16       8.718628856607e-16       0.000000000000e+00       0.000000000000e+00       0.000000000000e+00 
  396       2.441699172744e-13       1.158171163308e-15      -6.083733244657e-16       8.722833242834e-16       0.000000000000e+00       0.000000000000e+00       0.000000000000e+00 
  397       2.412693769673e-13       1.164442948287e-15      -7.677687031408e-16       8.726409765686e-16       0.000000000000e+00       0.000000000000e+00       0.000000000000e+00 
  398       2.382947646662e-13       1.171283667014e-15      -9.195480926409e-16       8.729333858123e-16       0.000000000000e+00       0.000000000000e+00       0.000000000000e+00 
  399       2.352499579625e-13       1.178668917868e-15      -1.063704130132e-15       8.731580566463e-16       0.000000000000e+00       0.000000000000e+00       0.000000000000e+00 
  400       2.321389233956e-13       1.186573684977e-15      -1.200231271473e-15       8.733124548125e-16       0.000000000000e+00       0.000000000000e+00       0.000000000000e+00 
  401       2.289657170253e-13       1.194972334126e-15      -1.329125806924e-15       8.733940069364e-16       0.000000000000e+00       0.000000000000e+00       0.000000000000e+00 
  402       2.257344850044e-13       1.203838608651e-15      -1.450385876863e-15       8.734001003007e-16       0.000000000000e+00       0.000000000000e+00       0.000000000000e+00 
  403       2.224494641518e-13       1.213145625347e-15      -1.564011487492e-15       8.733280826191e-16       0.000000000000e+00       0.000000000000e+00       0.000000000000e+00 
  404       2.191149825248e-13       1.222865870363e-15      -1.670004526550e-15       8.731752618104e-16       0.000000000000e+00       0.000000000000e+00       0.000000000000e+00 
  405       2.157354599918e-13       1.232971195109e-15      -1.768368779026e-15       8.729389057715e-16       0.000000000000e+00       0.000000000000e+00       0.000000000000e+00 
  406       2.123154088054e-13       1.243432812151e-15      -1.859109942866e-15       8.726162421518e-16       0.000000000000e+00       0.000000000000e+00       0.000000000000e+00 
  407       2.088594341747e-13       1.254221291118e-15      -1.942235644690e-15       8.722044581266e-16       0.000000000000e+00       0.000000000000e+00       0.000000000000e+00 
  408       2.053722348383e-13       1.265306554600e-15      -2.017755455500e-15       8.717007001710e-16       0.000000000000e+00       0.000000000000e+00       0.000000000000e+00 
  409       2.018586036368e-13       1.276657874050e-15      -2.085680906390e-15       8.711020738332e-16       0.000000000000e+00       0.000000000000e+00       0.000000000000e+00 
  410       1.983234280855e-13       1.288243865684e-15      -2.146025504260e-15       8.704056435090e-16       0.000000000000e+00       0.000000000000e+00       0.000000000000e+00 
  411       1.947716909471e-13       1.300032486387e-15      -2.198804747526e-15       8.696084322147e-16       0.000000000000e+00       0.000000000000e+00       0.000000000000e+00 
  412       1.912084708048e-13       1.311991029606e-15      -2.244036141831e-15       8.687074213615e-16       0.000000000000e+00       0.000000000000e+00       0.000000000000e+00 
  413       1.876389426343e-13       1.324086121260e-15      -2.281739215757e-15       8.676995505287e-16       0.000000000000e+00       0.000000000000e+00       0.000000000000e+00 
  414       1.840683783772e-13       1.336283715634e-15      -2.311935536537e-15       8.665817172379e-16       0.000000000000e+00       0.000000000000e+00       0.000000000000e+00 
  415       1.805021475131e-13       1.348549091284e-15      -2.334648725764e-15       8.653507767264e-16       0.000000000000e+00       0.000000000000e+00       0.000000000000e+00 
  416       1.769457176327e-13       1.360846846940e-15      -2.349904475104e-15       8.640035417210e-16       0.000000000000e+00       0.000000000000e+00       0.000000000000e+00 
  417       1.734046550105e-13       1.373140897401e-15      -2.357730562007e-15       8.625367822117e-16       0.000000000000e+00       0.000000000000e+00       0.000000000000e+00 
  418       1.698846251772e-13       1.385394469442e-15      -2.358156865418e-15       8.609472252257e-16       0.000000000000e+00       0.000000000000e+00       0.000000000000e+00 
  419       1.663913934928e-13       1.397570097713e-15      -2.351215381488e-15       8.592315546007e-16       0.000000000000e+00       0.000000000000e+00       0.000000000000e+00 
  420       1.629308257188e-13       1.409629620641e-15      -2.336940239287e-15       8.573864107590e-16       0.000000000000e+00       0.000000000000e+00       0.000000000000e+00 
  421       1.595088885914e-13       1.421534176330e-15      -2.315367716512e-15       8.554083904811e-16       0.000000000000e+00       0.000000000000e+00       0.000000000000e+00 
  422       1.561316503941e-13       1.433244198461e-15      -2.286536255202e-15       8.532940466792e-16       0.000000000000e+00       0.000000000000e+00       0.000000000000e+00 
  423       1.528052815302e-13       1.444719412198e-15      -2.250486477446e-15       8.510398881712e-16       0.000000000000e+00       0.000000000000e+00       0.000000000000e+00 
  424       1.495360550954e-13       1.455918830086e-15      -2.207261201097e-15       8.486423794546e-16       0.000000000000e+00       0.000000000000e+00       0.000000000000e+00 
  425       1.463303474510e-13       1.466800747950e-15      -2.156905455482e-15       8.460979404798e-16       0.000000000000e+00       0.000000000000e+00       0.000000000000e+00 
  426       1.431946387963e-13       1.477322740801e-15      -2.099466497113e-15       8.434029464239e-16       0.000000000000e+00       0.000000000000e+00       0.000000000000e+00 
  427       1.401344170901e-13       1.487448286532e-15      -2.035016864423e-15       8.405548655411e-16       0.000000000000e+00       0.000000000000e+00       0.000000000000e+00 
  428       1.371508475783e-13       1.497166893568e-15      -1.963724373845e-15       8.375557158096e-16       0.000000000000e+00       0.000000000000e+00       0.000000000000e+00 
  429       1.342439910840e-13       1.506474649932e-15      -1.885784536004e-15       8.344087254407e-16       0.000000000000e+00       0.000000000000e+00       0.000000000000e+00 
  430       1.314138902741e-13       1.515367657579e-15      -1.801397762607e-15       8.311172059472e-16       0.000000000000e+00       0.000000000000e+00       0.000000000000e+00 
  431       1.286605695117e-13       1.523842032639e-15      -1.710769397272e-15       8.276845526646e-16       0.000000000000e+00       0.000000000000e+00       0.000000000000e+00 
  432       1.259840347094e-13       1.531893905677e-15      -1.614109746373e-15       8.241142452718e-16       0.000000000000e+00       0.000000000000e+00       0.000000000000e+00 
  433       1.233842731810e-13       1.539519421943e-15      -1.511634109877e-15       8.204098483125e-16       0.000000000000e+00       0.000000000000e+00       0.000000000000e+00 
  434       1.208612534949e-13       1.546714741628e-15      -1.403562812183e-15       8.165750117158e-16       0.000000000000e+00       0.000000000000e+00       0.000000000000e+00 
  435       1.184149253263e-13       1.553476040112e-15      -1.290121232962e-15       8.126134713175e-16       0.000000000000e+00       0.000000000000e+00       0.000000000000e+00 
  436       1.160452193099e-13       1.559799508223e-15      -1.171539837995e-15       8.085290493808e-16       0.000000000000e+00       0.000000000000e+00       0.000000000000e+00 
  437       1.137520468929e-13       1.565681352485e-15      -1.048054210012e-15       8.043256551178e-16       0.000000000000e+00       0.000000000000e+00       0.000000000000e+00 
  438       1.115353001868e-13       1.571117795376e-15      -9.199050795310e-16       8.000072852100e-16       0.000000000000e+00       0.000000000000e+00       0.000000000000e+00 
  439       1.093948518210e-13       1.576105075577e-15      -7.873383556988e-16       7.955780243296e-16       0.000000000000e+00       0.000000000000e+00       0.000000000000e+00 
  440       1.073305547947e-13       1.580639448227e-15      -6.506051571273e-16       7.910420456602e-16       0.000000000000e+00       0.000000000000e+00       0.000000000000e+00 
  441       1.053422423298e-13       1.584717185175e-15      -5.099618427341e-16       7.864036114184e-16       0.000000000000e+00       0.000000000000e+00       0.000000000000e+00 
  442       1.034297277238e-13       1.588334575236e-15      -3.656700425810e-16       7.816670733741e-16       0.000000000000e+00       0.000000000000e+00       0.000000000000e+00 
  443       1.015928042018e-13       1.591487924441e-15      -2.179966887133e-16       7.768368733720e-16       0.000000000000e+00       0.000000000000e+00       0.000000000000e+00 
  444       9.983124476957e-14       1.594173556290e-15      -6.721404599867e-17       7.719175438523e-16       0.000000000000e+00       0.000000000000e+00       0.000000000000e+00 
  445       9.814480206621e-14       1.596387812009e-15       8.640025703400e-17       7.669137083720e-16       0.000000000000e+00       0.000000000000e+00       0.000000000000e+00 
  446       9.653320821654e-14       1.598127050798e-15       2.425631973553e-16       7.618300821256e-16       0.000000000000e+00       0.000000000000e+00       0.000000000000e+00 
  447       9.499617468385e-14       1.599387650087e-15       4.009863265966e-16       7.566714724664e-16       0.000000000000e+00       0.000000000000e+00       0.000000000000e+00 
  448       9.353339212255e-14       1.600166005790e-15       5.613757402107e-16       7.514427794272e-16       0.000000000000e+00       0.000000000000e+00       0.000000000000e+00 
  449       9.214453023073e-14       1.600458532556e-15       7.234320466332e-16       7.461489962415e-16       0.000000000000e+00       0.000000000000e+00       0.000000000000e+00 
  450       9.082923760282e-14       1.600261664022e-15       8.868503364432e-16       7.407952098646e-16       0.000000000000e+00       0.000000000000e+00       0.000000000000e+00 
  451       8.958714158224e-14       1.599571853069e-15       1.051320151524e-15       7.353866014943e-16       0.000000000000e+00       0.000000000000e+00       0.000000000000e+00 
  452       8.841784811399e-14       1.598385572072e-15       1.216525454226e-15       7.299284470922e-16       0.000000000000e+00       0.000000000000e+00       0.000000000000e+00 
  453       8.732094159729e-14       1.596699313153e-15       1.382144596524e-15       7.244261179045e-16       0.000000000000e+00       0.000000000000e+00       0.000000000000e+00 
  454       8.629598473822e-14       1.594509588438e-15       1.547850289182e-15       7.188850809830e-16       0.000000000000e+00       0.000000000000e+00       0.000000000000e+00 
  455       8.534251840234e-14       1.591812930305e-15       1.713309570912e-15       7.133108997065e-16       0.000000000000e+00       0.000000000000e+00       0.000000000000e+00 
  456       8.446006146729e-14       1.588605891643e-15       1.878183777536e-15       7.077092343012e-16       0.000000000000e+00       0.000000000000e+00       0.000000000000e+00 
  457       8.364811067547e-14       1.584885046098e-15       2.042128511146e-15       7.020858423620e-16       0.000000000000e+00       0.000000000000e+00       0.000000000000e+00 
  458       8.290614048663e-14       1.580646988331e-15       2.204793609265e-15       6.964465793737e-16       0.000000000000e+00       0.000000000000e+00       0.000000000000e+00 
  459       8.223360293051e-14       1.575888334273e-15       2.365823114010e-15       6.907973992318e-16       0.000000000000e+00       0.000000000000e+00       0.000000000000e+00 
  460       8.162992745946e-14       1.570605721370e-15       2.524855241252e-15       6.851443547633e-16       0.000000000000e+00       0.000000000000e+00       0.000000000000e+00 
  461       8.109452080107e-14       1.564795808845e-15       2.681522349773e-15       6.794935982481e-16       0.000000000000e+00       0.000000000000e+00       0.000000000000e+00 
  462       8.062676681082e-14       1.558455277945e-15       2.835450910435e-15       6.738513819399e-16       0.000000000000e+00       0.000000000000e+00       0.000000000000e+00 
  463       8.022602632466e-14       1.551580832200e-15       2.986261475334e-15       6.682240585868e-16       0.000000000000e+00       0.000000000000e+00       0.000000000000e+00 
  464       7.989163701168e-14       1.544169197669e-15       3.133568646963e-15       6.626180819529e-16       0.000000000000e+00       0.000000000000e+00       0.000000000000e+00 
  465       7.962291322673e-14       1.536217123197e-15       3.276981047376e-15       6.570400073392e-16       0.000000000000e+00       0.000000000000e+00       0.000000000000e+00 
  466       7.941897324204e-14       1.527724366317e-15       3.416164877878e-15       6.514956724636e-16       0.000000000000e+00       0.000000000000e+00       0.000000000000e+00 
  467       7.927821531009e-14       1.518702752947e-15       3.551036843151e-15       6.459877109192e-16       0.000000000000e+00       0.000000000000e+00       0.000000000000e+00 
  468       7.919882496417e-14       1.509167400849e-15       3.681577185491e-15       6.405179621642e-16       0.000000000000e+00       0.000000000000e+00       0.000000000000e+00 
  469       7.917894591991e-14       1.499133761417e-15       3.807766642581e-15       6.350882842181e-16       0.000000000000e+00       0.000000000000e+00       0.000000000000e+00 
  470       7.921667983265e-14       1.488617621585e-15       3.929586451723e-15       6.297005537312e-16       0.000000000000e+00       0.000000000000e+00       0.000000000000e+00 
  471       7.931008605494e-14       1.477635105724e-15       4.047018354062e-15       6.243566660533e-16       0.000000000000e+00       0.000000000000e+00       0.000000000000e+00 
  472       7.945718139394e-14       1.466202677538e-15       4.160044598809e-15       6.190585353029e-16       0.000000000000e+00       0.000000000000e+00       0.000000000000e+00 
  473       7.965593986889e-14       1.454337141969e-15       4.268647947470e-15       6.138080944361e-16       0.000000000000e+00       0.000000000000e+00       0.000000000000e+00 
  474       7.990429246853e-14       1.442055647092e-15       4.372811678073e-15       6.086072953160e-16       0.000000000000e+00       0.000000000000e+00       0.000000000000e+00 
  475       8.020012690856e-14       1.429375686017e-15       4.472519589387e-15       6.034581087812e-16       0.000000000000e+00       0.000000000000e+00       0.000000000000e+00 
  476       8.054128738907e-14       1.416315098786e-15       4.567756005157e-15       5.983625247154e-16       0.000000000000e+00       0.000000000000e+00       0.000000000000e+00 
  477       8.092557435198e-14       1.402892074276e-15       4.658505778322e-15       5.933225521160e-16       0.000000000000e+00       0.000000000000e+00       0.000000000000e+00 
  478       8.135074423850e-14       1.389125152096e-15       4.744754295244e-15       5.883402191634e-16       0.000000000000e+00       0.000000000000e+00       0.000000000000e+00 
  479       8.181450924656e-14       1.375033224486e-15       4.826487479936e-15       5.834175732900e-16       0.000000000000e+00       0.000000000000e+00       0.000000000000e+00 
  480       8.231453708822e-14       1.360635538219e-15       4.903691798283e-15       5.785566812492e-16       0.000000000000e+00       0.000000000000e+00       0.000000000000e+00 
  481       8.284845074718e-14       1.345951696497e-15       4.976354262270e-15       5.737596291843e-16       0.000000000000e+00       0.000000000000e+00       0.000000000000e+00 
  482       8.341382823616e-14       1.331001660853e-15       5.044462434209e-15       5.690285226979e-16       0.000000000000e+00       0.000000000000e+00       0.000000000000e+00 
  483       8.400820235438e-14       1.315805753050e-15       5.108004430964e-15       5.643654869206e-16       0.000000000000e+00       0.000000000000e+00       0.000000000000e+00 
  484       8.462906044499e-14       1.300384656980e-15       5.166968928174e-15       5.597726665804e-16       0.000000000000e+00       0.000000000000e+00       0.000000000000e+00 
  485       8.527384415248e-14       1.284759420565e-15       5.221345164484e-15       5.552522260712e-16       0.000000000000e+00       0.000000000000e+00       0.000000000000e+00 
  486       8.593994918019e-14       1.268951457652e-15       5.271122945765e-15       5.508063495225e-16       0.000000000000e+00       0.000000000000e+00       0.000000000000e+00 
  487       8.662472504770e-14       1.252982549918e-15       5.316292649346e-15       5.464372408678e-16       0.000000000000e+00       0.000000000000e+00       0.000000000000e+00 
  488       8.732547484826e-14       1.236874848766e-15       5.356845228233e-15       5.421471239143e-16       0.000000000000e+00       0.000000000000e+00       0.000000000000e+00 
  489       8.803945500628e-14       1.220650877225e-15       5.392772215341e-15       5.379382424113e-16       0.000000000000e+00       0.000000000000e+00       0.000000000000e+00 
  490       8.876387503476e-14       1.204333531852e-15       5.424065727714e-15       5.338128601196e-16       0.000000000000e+00       0.000000000000e+00       0.000000000000e+00 
  491       8.949589729268e-14       1.187946084627e-15       5.450718470757e-15       5.297732608807e-16       0.000000000000e+00       0.000000000000e+00       0.000000000000e+00 
  492       9.023263674253e-14       1.171512184855e-15       5.472723742455e-15       5.258217486854e-16       0.000000000000e+00       0.000000000000e+00       0.000000000000e+00 
  493       9.097116070766e-14       1.155055861067e-15       5.490075437605e-15       5.219606477432e-16       0.000000000000e+00       0.000000000000e+00       0.000000000000e+00 
  494       9.170848862979e-14       1.138601522916e-15       5.502768052037e-15       5.181923025511e-16       0.000000000000e+00       0.000000000000e+00       0.000000000000e+00 
  495       9.244159182642e-14       1.122173963079e-15       5.510796686843e-15       5.145190779628e-16       0.000000000000e+00       0.000000000000e+00       0.000000000000e+00 
  496       9.316739324828e-14       1.105798359154e-15       5.514157052601e-15       5.109433592579e-16       0.000000000000e+00       0.000000000000e+00       0.000000000000e+00 
  497       9.388276723677e-14       1.089500275563e-15       5.512845473600e-15       5.074675522104e-16       0.000000000000e+00       0.000000000000e+00       0.000000000000e+00 
  498       9.458453928139e-14       1.073305665448e-15       5.506858892070e-15       5.040940831584e-16       0.000000000000e+00       0.000000000000e+00       0.000000000000e+00 
  499       9.526948577721e-14       1.057240872574e-15       5.496194872401e-15       5.008253990726e-16       0.000000000000e+00       0.000000000000e+00       0.000000000000e+00 
  500       9.593433378230e-14       1.041332633223e-15       5.480851605376e-15       4.976639676257e-16       0.000000000000e+00       0.000000000000e+00       0.000000000000e+00 
