# Matter power spectrum P(k) at redshift z=0
# for k=1.03892e-05 to 104.924 h/Mpc,
# number of wavenumbers equal to 622
#    1:k (h/Mpc)              2:P (Mpc/h)^3        
       1.038922642939e-05       5.116730804492e+01 
       2.321812845909e-05       1.108985084195e+02 
       3.609173376214e-05       1.695112981813e+02 
       4.904439972694e-05       2.276638165639e+02 
       6.211104704304e-05       2.857256818074e+02 
       7.532746857735e-05       3.439709421843e+02 
       8.873064804492e-05       4.026320527389e+02 
       1.023590926816e-04       4.619218462471e+02 
       1.162531841578e-04       5.220447482678e+02 
       1.304555520066e-04       5.832034997809e+02 
       1.450114738458e-04       6.456037733382e+02 
       1.599693066204e-04       7.094577387459e+02 
       1.753809529236e-04       7.749870530313e+02 
       1.913023661048e-04       8.424255818021e+02 
       2.077940972509e-04       9.120219826920e+02 
       2.249218861034e-04       9.840422348972e+02 
       2.427572963948e-04       1.058772183972e+03 
       2.613783937365e-04       1.136520077543e+03 
       2.808704608154e-04       1.217619114084e+03 
       3.013267399410e-04       1.302429949918e+03 
       3.228491865615e-04       1.391343071371e+03 
       3.455492088576e-04       1.484780959890e+03 
       3.695483575494e-04       1.583199852454e+03 
       3.949789163640e-04       1.687090895883e+03 
       4.219843271948e-04       1.796980416103e+03 
       4.507193653102e-04       1.913428956459e+03 
       4.813499602484e-04       2.037028665997e+03 
       5.140525396193e-04       2.168398563538e+03 
       5.490127597171e-04       2.308177203378e+03 
       5.864234841229e-04       2.457012233323e+03 
       6.264818863382e-04       2.615546506484e+03 
       6.693855925968e-04       2.784400583198e+03 
       7.153278528514e-04       2.964151738365e+03 
       7.644918338936e-04       3.155310178803e+03 
       8.170442633386e-04       3.358293504288e+03 
       8.731288006756e-04       3.573401247576e+03 
       9.328596442615e-04       3.800791595433e+03 
       9.963159659543e-04       4.040462712044e+03 
       1.063537764581e-03       4.292241005950e+03 
       1.134523626239e-03       4.555778077268e+03 
       1.209230679194e-03       4.830557151336e+03 
       1.287576767919e-03       5.115908807285e+03 
       1.369444599257e-03       5.411056373516e+03 
       1.454687391959e-03       5.715124850364e+03 
       1.543135431684e-03       6.027115399310e+03 
       1.634602912099e-03       6.346022466121e+03 
       1.728894515478e-03       6.670830463670e+03 
       1.825811320550e-03       7.000538150092e+03 
       1.925155782887e-03       7.334178264480e+03 
       2.026735681319e-03       7.670832475140e+03 
       2.130367042364e-03       8.009641675246e+03 
       2.235876135455e-03       8.349812309439e+03 
       2.343100676636e-03       8.690618983188e+03 
       2.451890394377e-03       9.031404339121e+03 
       2.562107107073e-03       9.371577920366e+03 
       2.673624445823e-03       9.710611622547e+03 
       2.786327334635e-03       1.004803707182e+04 
       2.900111317649e-03       1.038343962325e+04 
       3.014881802039e-03       1.071645646633e+04 
       3.130553267074e-03       1.104676764517e+04 
       3.247048475047e-03       1.137409616196e+04 
       3.364297708069e-03       1.169819938070e+04 
       3.482238045924e-03       1.201886921627e+04 
       3.600812693636e-03       1.233592555479e+04 
       3.719970362791e-03       1.264921356972e+04 
       3.839664707406e-03       1.295860188981e+04 
       3.959853813072e-03       1.326398167930e+04 
       4.080499736700e-03       1.356525858592e+04 
       4.201568093487e-03       1.386235649652e+04 
       4.323027687306e-03       1.415521338997e+04 
       4.444850180647e-03       1.444377878092e+04 
       4.567009800288e-03       1.472801534109e+04 
       4.689483075068e-03       1.500789379106e+04 
       4.812248602367e-03       1.528339595803e+04 
       4.935286840186e-03       1.555451048778e+04 
       5.058579921982e-03       1.582123096339e+04 
       5.182111491712e-03       1.608355647836e+04 
       5.305866556801e-03       1.634149592995e+04 
       5.429831356981e-03       1.659506295530e+04 
       5.553993247203e-03       1.684426480759e+04 
       5.678340593007e-03       1.708912475646e+04 
       5.802862676925e-03       1.732966283026e+04 
       5.927549614682e-03       1.756591025771e+04 
       6.052392280055e-03       1.779788181807e+04 
       6.177382237451e-03       1.802559090897e+04 
       6.302511681309e-03       1.824908418625e+04 
       6.427773381594e-03       1.846846532140e+04 
       6.553160634691e-03       1.868361236865e+04 
       6.678667219123e-03       1.889457386781e+04 
       6.804287355565e-03       1.910153691024e+04 
       6.930015670697e-03       1.930445788586e+04 
       7.055847164480e-03       1.950337394926e+04 
       7.181777180500e-03       1.969832230943e+04 
       7.307801379070e-03       1.988933055549e+04 
       7.433915712780e-03       2.007645426799e+04 
       7.560116404275e-03       2.025972632261e+04 
       7.686399926014e-03       2.043918168731e+04 
       7.812762981825e-03       2.061485875450e+04 
       7.939202490069e-03       2.078679679366e+04 
       8.065715568266e-03       2.095503747813e+04 
       8.192299519033e-03       2.111961800285e+04 
       8.318951817208e-03       2.128057769288e+04 
       8.445670098062e-03       2.143794931045e+04 
       8.572452146474e-03       2.159177736904e+04 
       8.699295887004e-03       2.174210530407e+04 
       8.826199374763e-03       2.188896468598e+04 
       8.953160787016e-03       2.203239332273e+04 
       9.080178415459e-03       2.217243342612e+04 
       9.207250659091e-03       2.230912011356e+04 
       9.334376017655e-03       2.244249269106e+04 
       9.461553085572e-03       2.257258659564e+04 
       9.588780546346e-03       2.269943710897e+04 
       9.716057167395e-03       2.282308498926e+04 
       9.843381795262e-03       2.294356346165e+04 
       9.970753351189e-03       2.306091429890e+04 
       1.009817082702e-02       2.317516464341e+04 
       1.022563328138e-02       2.328635243332e+04 
       1.035313983621e-02       2.339451552501e+04 
       1.048068967341e-02       2.349967288389e+04 
       1.060828203188e-02       2.360189187387e+04 
       1.073591620467e-02       2.370120086588e+04 
       1.086359153639e-02       2.379759524050e+04 
       1.099130742072e-02       2.389115034855e+04 
       1.111906329821e-02       2.398187827897e+04 
       1.124685865418e-02       2.406979432703e+04 
       1.137469301670e-02       2.415497840034e+04 
       1.150256595483e-02       2.423743495696e+04 
       1.163047707693e-02       2.431719857717e+04 
       1.175842602905e-02       2.439429473705e+04 
       1.188641249350e-02       2.446876741487e+04 
       1.201443618746e-02       2.454064199248e+04 
       1.214249686173e-02       2.460992984132e+04 
       1.227059429957e-02       2.467670041228e+04 
       1.239872831558e-02       2.474097462690e+04 
       1.252689875467e-02       2.480275180821e+04 
       1.265510549116e-02       2.486209807642e+04 
       1.278334842789e-02       2.491901546652e+04 
       1.291162749538e-02       2.497354227300e+04 
       1.303994265110e-02       2.502571609131e+04 
       1.316829387881e-02       2.507556240576e+04 
       1.329668118784e-02       2.512310034605e+04 
       1.342510461258e-02       2.516835136208e+04 
       1.355356421189e-02       2.521138872677e+04 
       1.368206006859e-02       2.525217900802e+04 
       1.381059228906e-02       2.529079203774e+04 
       1.393916100277e-02       2.532724371030e+04 
       1.406776636193e-02       2.536154974301e+04 
       1.419640854111e-02       2.539375127660e+04 
       1.432508773700e-02       2.542387126169e+04 
       1.445380416806e-02       2.545192831377e+04 
       1.458255807434e-02       2.547795740235e+04 
       1.471134971720e-02       2.550197972046e+04 
       1.484017937920e-02       2.552401620295e+04 
       1.496904736387e-02       2.554411068321e+04 
       1.509795399561e-02       2.556226984144e+04 
       1.522689961960e-02       2.557851631445e+04 
       1.535588460169e-02       2.559289527665e+04 
       1.548490932832e-02       2.560540931040e+04 
       1.561397420656e-02       2.561610129508e+04 
       1.574307966400e-02       2.562499812315e+04 
       1.587222614882e-02       2.563208755458e+04 
       1.600141412980e-02       2.563743781600e+04 
       1.613064409636e-02       2.564103149648e+04 
       1.625991655862e-02       2.564294638813e+04 
       1.638923204749e-02       2.564314849068e+04 
       1.651859111480e-02       2.564170011679e+04 
       1.664799433338e-02       2.563860892237e+04 
       1.677744229721e-02       2.563389519725e+04 
       1.690693562161e-02       2.562759974120e+04 
       1.703647494338e-02       2.561969473037e+04 
       1.716606092099e-02       2.561025571721e+04 
       1.729569423481e-02       2.559929588844e+04 
       1.742537558732e-02       2.558681567793e+04 
       1.755510570338e-02       2.557286854809e+04 
       1.768488533045e-02       2.555742812137e+04 
       1.781471523888e-02       2.554057425173e+04 
       1.794459622222e-02       2.552227064805e+04 
       1.807452909752e-02       2.550260327926e+04 
       1.820451470563e-02       2.548151335351e+04 
       1.833455391158e-02       2.545911814475e+04 
       1.846464760492e-02       2.543534106108e+04 
       1.859479670009e-02       2.541026996031e+04 
       1.872500213684e-02       2.538389419259e+04 
       1.885526488061e-02       2.535621143427e+04 
       1.898558592297e-02       2.532733066051e+04 
       1.911596628205e-02       2.529717325091e+04 
       1.924640700304e-02       2.526579786957e+04 
       1.937690915863e-02       2.523324140176e+04 
       1.950747384953e-02       2.519948869109e+04 
       1.963810220498e-02       2.516460879571e+04 
       1.976879538329e-02       2.512856912673e+04 
       1.989955457238e-02       2.509140286097e+04 
       2.003038099040e-02       2.505313956182e+04 
       2.016127588626e-02       2.501378941938e+04 
       2.029224054028e-02       2.497336756134e+04 
       2.042327626483e-02       2.493189752728e+04 
       2.055438440499e-02       2.488940230425e+04 
       2.068556633919e-02       2.484591568290e+04 
       2.081682347996e-02       2.480141260331e+04 
       2.094815727463e-02       2.475594820679e+04 
       2.107956920606e-02       2.470952822996e+04 
       2.121106079346e-02       2.466213474669e+04 
       2.134263359313e-02       2.461386376317e+04 
       2.147428919931e-02       2.456464379560e+04 
       2.160602924503e-02       2.451455883140e+04 
       2.173785540298e-02       2.446358139390e+04 
       2.186976938640e-02       2.441180880362e+04 
       2.200177295002e-02       2.435913662895e+04 
       2.213386789100e-02       2.430565769527e+04 
       2.226605604995e-02       2.425137785317e+04 
       2.239833931193e-02       2.419632331147e+04 
       2.253071960749e-02       2.414043707322e+04 
       2.266319891380e-02       2.408388168508e+04 
       2.279577925570e-02       2.402654814601e+04 
       2.292846270690e-02       2.396843952173e+04 
       2.306125139117e-02       2.390968023633e+04 
       2.319414748354e-02       2.385017427017e+04 
       2.332715321158e-02       2.379003885491e+04 
       2.346027085672e-02       2.372918262822e+04 
       2.359350275556e-02       2.366770608911e+04 
       2.372685130130e-02       2.360560599478e+04 
       2.386031894514e-02       2.354277989475e+04 
       2.399390819777e-02       2.347944398644e+04 
       2.412762163093e-02       2.341552526955e+04 
       2.426146187892e-02       2.335099759760e+04 
       2.439543164029e-02       2.328587788730e+04 
       2.452953367946e-02       2.322025535226e+04 
       2.466377082853e-02       2.315405417230e+04 
       2.479814598899e-02       2.308736197350e+04 
       2.493266213362e-02       2.302007583228e+04 
       2.506732230841e-02       2.295239492135e+04 
       2.520212963448e-02       2.288420599066e+04 
       2.533708731018e-02       2.281548700956e+04 
       2.547219861317e-02       2.274633283974e+04 
       2.560746690259e-02       2.267675322690e+04 
       2.574289562134e-02       2.260672639594e+04 
       2.587848829840e-02       2.253623576127e+04 
       2.601424855124e-02       2.246539928934e+04 
       2.615018008833e-02       2.239409917010e+04 
       2.628628671169e-02       2.232255010767e+04 
       2.642257231958e-02       2.225042043651e+04 
       2.655904090928e-02       2.217805911383e+04 
       2.669569657994e-02       2.210526296986e+04 
       2.683254353554e-02       2.203213972974e+04 
       2.696958608796e-02       2.195875086128e+04 
       2.710682866020e-02       2.188490086360e+04 
       2.724427578962e-02       2.181090132822e+04 
       2.738193213142e-02       2.173657413169e+04 
       2.751980246214e-02       2.166187847196e+04 
       2.765789168337e-02       2.158695168010e+04 
       2.779620482556e-02       2.151172974960e+04 
       2.793474705194e-02       2.143625092617e+04 
       2.807352366270e-02       2.136058661648e+04 
       2.821254009921e-02       2.128462999797e+04 
       2.835180194845e-02       2.120842588475e+04 
       2.849131494763e-02       2.113203535463e+04 
       2.863108498899e-02       2.105545650079e+04 
       2.877111812472e-02       2.097853594535e+04 
       2.891142057220e-02       2.090153213529e+04 
       2.905199871931e-02       2.082434152887e+04 
       2.919285913007e-02       2.074695466200e+04 
       2.933400855045e-02       2.066945625803e+04 
       2.947545391441e-02       2.059168706602e+04 
       2.961720235026e-02       2.051380929299e+04 
       2.975926118717e-02       2.043582855356e+04 
       2.990163796208e-02       2.035768725215e+04 
       3.004434042682e-02       2.027939939095e+04 
       3.018737655555e-02       2.020100386097e+04 
       3.033075455253e-02       2.012246792452e+04 
       3.047448286026e-02       2.004383020867e+04 
       3.061857016788e-02       1.996509232148e+04 
       3.076302542009e-02       1.988629166277e+04 
       3.090785782629e-02       1.980738348112e+04 
       3.105307687032e-02       1.972835212749e+04 
       3.119869232049e-02       1.964928836193e+04 
       3.134471424015e-02       1.957018943601e+04 
       3.149115299874e-02       1.949096710450e+04 
       3.163801928332e-02       1.941168431447e+04 
       3.178532411072e-02       1.933237637422e+04 
       3.193307884017e-02       1.925303502944e+04 
       3.208129518661e-02       1.917366678638e+04 
       3.222998523465e-02       1.909414695751e+04 
       3.237916145315e-02       1.901471200663e+04 
       3.252883671060e-02       1.893522935885e+04 
       3.267902429120e-02       1.885572057839e+04 
       3.282973791180e-02       1.877616662074e+04 
       3.298099173971e-02       1.869658714641e+04 
       3.313280041138e-02       1.861703810994e+04 
       3.328517905210e-02       1.853759198149e+04 
       3.343814329670e-02       1.845791138337e+04 
       3.359170931139e-02       1.837840599516e+04 
       3.374589381675e-02       1.829884721589e+04 
       3.390071411198e-02       1.821927664264e+04 
       3.405618810047e-02       1.813980496799e+04 
       3.421233431678e-02       1.806025829814e+04 
       3.436917195518e-02       1.798075219752e+04 
       3.452672089976e-02       1.790120166285e+04 
       3.468500175632e-02       1.782183210066e+04 
       3.484403588603e-02       1.774242759760e+04 
       3.500384544118e-02       1.766298612239e+04 
       3.516445340293e-02       1.758362883776e+04 
       3.532588362145e-02       1.750429727105e+04 
       3.548816085839e-02       1.742498119874e+04 
       3.565131083206e-02       1.734569434969e+04 
       3.581536026536e-02       1.726649270100e+04 
       3.598033693675e-02       1.718729040236e+04 
       3.614626973450e-02       1.710814425850e+04 
       3.631318871440e-02       1.702905911602e+04 
       3.648112516130e-02       1.694994746194e+04 
       3.665011165467e-02       1.687086363227e+04 
       3.682018213864e-02       1.679182604020e+04 
       3.699137199672e-02       1.671290870251e+04 
       3.716371813175e-02       1.663398922275e+04 
       3.733725905139e-02       1.655507896251e+04 
       3.751203495968e-02       1.647621464401e+04 
       3.768808785517e-02       1.639736414358e+04 
       3.786546163621e-02       1.631852525281e+04 
       3.804420221400e-02       1.623973695747e+04 
       3.822435763412e-02       1.616102570015e+04 
       3.840597820729e-02       1.608228872763e+04 
       3.858911665022e-02       1.600358698617e+04 
       3.877382823744e-02       1.592487568449e+04 
       3.896017096531e-02       1.584620517257e+04 
       3.914820572912e-02       1.576751289568e+04 
       3.933799651479e-02       1.568888229251e+04 
       3.952961060649e-02       1.561019013444e+04 
       3.972311881184e-02       1.553159020860e+04 
       3.991859570646e-02       1.545290799672e+04 
       4.011611989981e-02       1.537420878051e+04 
       4.031577432478e-02       1.529549251351e+04 
       4.051764655330e-02       1.521679595749e+04 
       4.072182914103e-02       1.513802437736e+04 
       4.092842000428e-02       1.505920871989e+04 
       4.113752283270e-02       1.498038281381e+04 
       4.134924754215e-02       1.490145198644e+04 
       4.156371077201e-02       1.482248111892e+04 
       4.178103643268e-02       1.474343168553e+04 
       4.200135630908e-02       1.466428850571e+04 
       4.222481072715e-02       1.458505630759e+04 
       4.245154929133e-02       1.450571818253e+04 
       4.268173170212e-02       1.442632091263e+04 
       4.291552866430e-02       1.434664626849e+04 
       4.315312289772e-02       1.426686647107e+04 
       4.339471026507e-02       1.418696453244e+04 
       4.364050103247e-02       1.410681560915e+04 
       4.389072128219e-02       1.402648783170e+04 
       4.414561449945e-02       1.394594815636e+04 
       4.440544335924e-02       1.386518973809e+04 
       4.467049174356e-02       1.378414365256e+04 
       4.494106702499e-02       1.370282975573e+04 
       4.521750265889e-02       1.362120684490e+04 
       4.550016113459e-02       1.353915174009e+04 
       4.578943734550e-02       1.345682879736e+04 
       4.608576244960e-02       1.337404881033e+04 
       4.638960830631e-02       1.329089180670e+04 
       4.670149259324e-02       1.320719457132e+04 
       4.702198472785e-02       1.312296294658e+04 
       4.735171274612e-02       1.303820111501e+04 
       4.769137132355e-02       1.295279719008e+04 
       4.804173116565e-02       1.286670937314e+04 
       4.840365004720e-02       1.277988806665e+04 
       4.877808584554e-02       1.269225786389e+04 
       4.916611199626e-02       1.260374687087e+04 
       4.956893590514e-02       1.251426991453e+04 
       4.998792098423e-02       1.242369362441e+04 
       5.042461315084e-02       1.233195599522e+04 
       5.088077284597e-02       1.223888726818e+04 
       5.135841390588e-02       1.214434478846e+04 
       5.185985097268e-02       1.204818254185e+04 
       5.238775757251e-02       1.195017915698e+04 
       5.294523753990e-02       1.185011136505e+04 
       5.353591313136e-02       1.174768259358e+04 
       5.416403393891e-02       1.164253725284e+04 
       5.483461152136e-02       1.153420613608e+04 
       5.555358534914e-02       1.142224189906e+04 
       5.632802581481e-02       1.130596168843e+04 
       5.716637887099e-02       1.118453664699e+04 
       5.807875266862e-02       1.105683485175e+04 
       5.907723625763e-02       1.092145761405e+04 
       6.017621843407e-02       1.077650547663e+04 
       6.139263231739e-02       1.061954443441e+04 
       6.274597681226e-02       1.044717480230e+04 
       6.425785303435e-02       1.025513306312e+04 
       6.595062403837e-02       1.003797699129e+04 
       6.784476184349e-02       9.788995050078e+03 
       6.995472178243e-02       9.501248600854e+03 
       7.228405531365e-02       9.168699060641e+03 
       7.482177445369e-02       8.788513546624e+03 
       7.754252339652e-02       8.363393501079e+03 
       8.041144658632e-02       7.902710674711e+03 
       8.339154302514e-02       7.421537279173e+03 
       8.644988656118e-02       6.938146232232e+03 
       8.956066710664e-02       6.470761448874e+03 
       9.270538144214e-02       6.035076136180e+03 
       9.587154477471e-02       5.642550788375e+03 
       9.905106129801e-02       5.299630004080e+03 
       1.022388126709e-01       5.008274467476e+03 
       1.054316138810e-01       4.766295784168e+03 
       1.086275022458e-01       4.568322478479e+03 
       1.118252754596e-01       4.406701865203e+03 
       1.150241995918e-01       4.272423689845e+03 
       1.182238275066e-01       4.155985327999e+03 
       1.214238870508e-01       4.048202026247e+03 
       1.246242126085e-01       3.941032173787e+03 
       1.278247033504e-01       3.828138035268e+03 
       1.310252978217e-01       3.705427633292e+03 
       1.342259584932e-01       3.571242899067e+03 
       1.374266623763e-01       3.426161055264e+03 
       1.406273953242e-01       3.272752444629e+03 
       1.438281485712e-01       3.114894751825e+03 
       1.470289166315e-01       2.957163640643e+03 
       1.502296960226e-01       2.804164170597e+03 
       1.534304844897e-01       2.659994174840e+03 
       1.566312805340e-01       2.527845871986e+03 
       1.598320831255e-01       2.409881902755e+03 
       1.630328915276e-01       2.306958623268e+03 
       1.662337051901e-01       2.218883374691e+03 
       1.694345236836e-01       2.144478897936e+03 
       1.726353466587e-01       2.081772756399e+03 
       1.758361738207e-01       2.028285827424e+03 
       1.790370049142e-01       1.981298461836e+03 
       1.822378397126e-01       1.938139656804e+03 
       1.854386780118e-01       1.896654053495e+03 
       1.886395196254e-01       1.854164641348e+03 
       1.918403643822e-01       1.809024595585e+03 
       1.950412121240e-01       1.760280745435e+03 
       1.982420627033e-01       1.707720245135e+03 
       2.014429159831e-01       1.651801501804e+03 
       2.046437718350e-01       1.593553809946e+03 
       2.078446301391e-01       1.534294679361e+03 
       2.110454907826e-01       1.475491829412e+03 
       2.142463536600e-01       1.418479423337e+03 
       2.174472186716e-01       1.364386691330e+03 
       2.206480857239e-01       1.314099764821e+03 
       2.238489547288e-01       1.268122664602e+03 
       2.270498256030e-01       1.226759255810e+03 
       2.302506982680e-01       1.189987586715e+03 
       2.334515726498e-01       1.157520783788e+03 
       2.366524486781e-01       1.128809538458e+03 
       2.398533262865e-01       1.103140864291e+03 
       2.430542054123e-01       1.079693603556e+03 
       2.462550859960e-01       1.057602318338e+03 
       2.494559679809e-01       1.036058987281e+03 
       2.526568513136e-01       1.014435217357e+03 
       2.558577359431e-01       9.922569028779e+02 
       2.590586218210e-01       9.692688486152e+02 
       2.622595089015e-01       9.453795309041e+02 
       2.654603971406e-01       9.206618322106e+02 
       2.686612864968e-01       8.953231997091e+02 
       2.718621769304e-01       8.697060609622e+02 
       2.750630684036e-01       8.441652253332e+02 
       2.782639608802e-01       8.191558363347e+02 
       2.814648543258e-01       7.950681721388e+02 
       2.846657487076e-01       7.722426432915e+02 
       2.878666439942e-01       7.509079361048e+02 
       2.910675401555e-01       7.311570094467e+02 
       2.942684371629e-01       7.129971020641e+02 
       2.974693349888e-01       6.963097408938e+02 
       3.006702336071e-01       6.809335304590e+02 
       3.038711329925e-01       6.666341677426e+02 
       3.070720331209e-01       6.531927732527e+02 
       3.102729339693e-01       6.403696452422e+02 
       3.134738355154e-01       6.279313295543e+02 
       3.166747377380e-01       6.156733780203e+02 
       3.198756406167e-01       6.034192419863e+02 
       3.230765441318e-01       5.910541899896e+02 
       3.262774482646e-01       5.785242849786e+02 
       3.294783529970e-01       5.658434407884e+02 
       3.326792583116e-01       5.530714543044e+02 
       3.358801641916e-01       5.403123777527e+02 
       3.390810706209e-01       5.276778042157e+02 
       3.422819775842e-01       5.152826925191e+02 
       3.454828850664e-01       5.032277321655e+02 
       3.486837930533e-01       4.915957524707e+02 
       3.518847015309e-01       4.804598100400e+02 
       3.550856104860e-01       4.698665399004e+02 
       3.582865199057e-01       4.598412875022e+02 
       3.614874297775e-01       4.503688229438e+02 
       3.646883400897e-01       4.414187119377e+02 
       3.678892508305e-01       4.329252465289e+02 
       3.710901619889e-01       4.248064709719e+02 
       3.742910735541e-01       4.169774200107e+02 
       3.774919855157e-01       4.093599912887e+02 
       3.806928978636e-01       4.018920424627e+02 
       3.838938105883e-01       3.945245785735e+02 
       3.870947236802e-01       3.872296474163e+02 
       3.902956371303e-01       3.799881694081e+02 
       3.934965509299e-01       3.727931916153e+02 
       3.966974650704e-01       3.656452524093e+02 
       3.998983795436e-01       3.585566177484e+02 
       4.030992943416e-01       3.515525047109e+02 
       4.063002094566e-01       3.446649166800e+02 
       4.095011248813e-01       3.379274990060e+02 
       4.127020406083e-01       3.313658046974e+02 
       4.159029566306e-01       3.250109407183e+02 
       4.191038729415e-01       3.188684456883e+02 
       4.223047895344e-01       3.129400064571e+02 
       4.255057064029e-01       3.072210703935e+02 
       4.287066235407e-01       3.017010955642e+02 
       4.319075409420e-01       2.963721271855e+02 
       4.351084586007e-01       2.912220095892e+02 
       4.383093765114e-01       2.862356257026e+02 
       4.415102946685e-01       2.813908558623e+02 
       4.447112130665e-01       2.766682299544e+02 
       4.479121317005e-01       2.720447840813e+02 
       4.511130505653e-01       2.674998957360e+02 
       4.543139696560e-01       2.630199899782e+02 
       4.575148889678e-01       2.585992343507e+02 
       4.607158084962e-01       2.542349093258e+02 
       4.639167282367e-01       2.499328385328e+02 
       4.671176481848e-01       2.456952039395e+02 
       4.703185683363e-01       2.415260430449e+02 
       4.735194886871e-01       2.374289863380e+02 
       4.767204092332e-01       2.334090922186e+02 
       4.799213299706e-01       2.294744162158e+02 
       4.831222508955e-01       2.256332645648e+02 
       4.863231720042e-01       2.218935813673e+02 
       4.895240932930e-01       2.182602759948e+02 
       4.927250147586e-01       2.147316697040e+02 
       4.959259363973e-01       2.113047937357e+02 
       4.991268582060e-01       2.079697542548e+02 
       5.023277801812e-01       2.047182485684e+02 
       5.055287023199e-01       2.015414178756e+02 
       5.087296246190e-01       1.984330512951e+02 
       5.119305470754e-01       1.953886340061e+02 
       5.151314696862e-01       1.924031174250e+02 
       5.183323924486e-01       1.894712228219e+02 
       5.215333153596e-01       1.865880386160e+02 
       5.247342384167e-01       1.837490472770e+02 
       5.279351616170e-01       1.809506966919e+02 
       5.311360849582e-01       1.781943485882e+02 
       5.343370084375e-01       1.754828280374e+02 
       5.375379320525e-01       1.728198691916e+02 
       5.407388558009e-01       1.702092710499e+02 
       5.439397796802e-01       1.676521220422e+02 
       5.471407036881e-01       1.651485859791e+02 
       5.503416278224e-01       1.626967146739e+02 
       5.535425520809e-01       1.602950378635e+02 
       5.567434764615e-01       1.579428205721e+02 
       5.599444009620e-01       1.556409007601e+02 
       5.631453255804e-01       1.533886618700e+02 
       5.663462503146e-01       1.511861025155e+02 
       5.695471751628e-01       1.490306900537e+02 
       5.727481001230e-01       1.469191589090e+02 
       5.759490251934e-01       1.448456515668e+02 
       5.791499503720e-01       1.428107793504e+02 
       5.823508756572e-01       1.408091282148e+02 
       5.855518010472e-01       1.388412338812e+02 
       5.887527265401e-01       1.369076553560e+02 
       5.919536521345e-01       1.350084765235e+02 
       5.951545778286e-01       1.331409457223e+02 
       5.983555036209e-01       1.313061344501e+02 
       6.015564295096e-01       1.295002291263e+02 
       6.047573554935e-01       1.277228216468e+02 
       6.079582815708e-01       1.259746614445e+02 
       6.111592077402e-01       1.242563198636e+02 
       6.143601340002e-01       1.225687081701e+02 
       6.175610603493e-01       1.209157958851e+02 
       6.207619867863e-01       1.192935983317e+02 
       6.239629133098e-01       1.177022428350e+02 
       6.271638399183e-01       1.161393509248e+02 
       6.303647666107e-01       1.146038278387e+02 
       6.335656933856e-01       1.130948376601e+02 
       6.367666202419e-01       1.116124828005e+02 
       6.399675471782e-01       1.101570307940e+02 
       6.431684741934e-01       1.087275429700e+02 
       6.463694012863e-01       1.073246231464e+02 
       6.495703284558e-01       1.059443473197e+02 
       6.527712557006e-01       1.045857680654e+02 
       6.559721830198e-01       1.032477796836e+02 
       6.591731104123e-01       1.019300416111e+02 
       6.623740378769e-01       1.006330799926e+02 
       6.655749654126e-01       9.935756730656e+01 
       6.687758930185e-01       9.810385580730e+01 
       6.719768206934e-01       9.687134331022e+01 
       6.751777484365e-01       9.565930385188e+01 
       6.783786762467e-01       9.446501187127e+01 
       6.815796041230e-01       9.328969182207e+01 
       6.847805320647e-01       9.213271927416e+01 
       6.879814600707e-01       9.099431922158e+01 
       6.911823881402e-01       8.987560390162e+01 
       6.943833162723e-01       8.877641233054e+01 
       6.975842444660e-01       8.769591916417e+01 
       7.007851727207e-01       8.663314664298e+01 
       7.039861010353e-01       8.558627532182e+01 
       7.071870294092e-01       8.455528371797e+01 
       7.103879578415e-01       8.354042786265e+01 
       7.135888863315e-01       8.254036970247e+01 
       7.167898148783e-01       8.155667207275e+01 
       7.199907434812e-01       8.058899148182e+01 
       7.231916721394e-01       7.963691844234e+01 
       7.263926008523e-01       7.869906691234e+01 
       7.295935296190e-01       7.777510982075e+01 
       7.327944584389e-01       7.686341767767e+01 
       7.359953873114e-01       7.596520492987e+01 
       7.391963162356e-01       7.508040635169e+01 
       7.423972452110e-01       7.420953416153e+01 
       7.455981742368e-01       7.335297561321e+01 
       7.487991033125e-01       7.250971670226e+01 
       8.175393302960e-01       5.707683827026e+01 
       9.166195684583e-01       4.155042575247e+01 
       1.073647767312e+00       2.650606463536e+01 
       1.322926368989e+00       1.436365031626e+01 
       1.662966716654e+00       7.158122100690e+00 
       2.093505716456e+00       3.456320843186e+00 
       2.635567386141e+00       1.622860776829e+00 
       3.317982756830e+00       7.403058371419e-01 
       4.177092808468e+00       3.277317103043e-01 
       5.258648284003e+00       1.406424268595e-01 
       6.620245956419e+00       5.843967032374e-02 
       8.334395866863e+00       2.349219303398e-02 
       1.049238274875e+01       9.132122827826e-03 
       1.320912727267e+01       3.434367358120e-03 
       1.662930599118e+01       1.251662630871e-03 
       2.093505589280e+01       4.436859029296e-04 
       2.635567386078e+01       1.539013107268e-04 
       3.317982756830e+01       5.271245766241e-05 
       4.177092808468e+01       1.803050752817e-05 
       5.258648284003e+01       6.238962048330e-06 
       6.620245956419e+01       2.207036344600e-06 
       8.334395866863e+01       8.023991307479e-07 
       1.049238274875e+02       2.989287751210e-07 
