# Matter power spectrum P(k) at redshift z=0
# for k=1.05281e-05 to 106.946 h/Mpc,
# number of wavenumbers equal to 622
#    1:k (h/Mpc)              2:P (Mpc/h)^3        
       1.052807963578e-05       4.927701342191e+01 
       2.352713877128e-05       1.067958505592e+02 
       3.657270395910e-05       1.632429736902e+02 
       4.970052343139e-05       2.192558757864e+02 
       6.294694706346e-05       2.751943292338e+02 
       7.634925644306e-05       3.313262392316e+02 
       8.994600567360e-05       3.878796844848e+02 
       1.037773775211e-04       4.450641528150e+02 
       1.178855595494e-04       5.030814192376e+02 
       1.323151449221e-04       5.621321013518e+02 
       1.471135625522e-04       6.224202069493e+02 
       1.623315412098e-04       6.841566539765e+02 
       1.780236119899e-04       7.475622685720e+02 
       1.942486531248e-04       8.128705129868e+02 
       2.110704803784e-04       8.803301117685e+02 
       2.285584850483e-04       9.502076055440e+02 
       2.467883197222e-04       1.022789955984e+03 
       2.658426291575e-04       1.098387123674e+03 
       2.858118196580e-04       1.177334654699e+03 
       3.067948547504e-04       1.259996225387e+03 
       3.289000573938e-04       1.346766022670e+03 
       3.522458889436e-04       1.438070879867e+03 
       3.769616622471e-04       1.534371934902e+03 
       4.031881303182e-04       1.636165631406e+03 
       4.310778731430e-04       1.743983705915e+03 
       4.607953840079e-04       1.858391782432e+03 
       4.925167350372e-04       1.979986156952e+03 
       5.264286824636e-04       2.109388257199e+03 
       5.627270604340e-04       2.247236203647e+03 
       6.016143146715e-04       2.394173131221e+03 
       6.432960524117e-04       2.550831791456e+03 
       6.879765412181e-04       2.717815517080e+03 
       7.358531826733e-04       2.895675764108e+03 
       7.871101174963e-04       3.084887124677e+03 
       8.419112759710e-04       3.285821289783e+03 
       9.003933482234e-04       3.498721805081e+03 
       9.626592773655e-04       3.723682216440e+03 
       1.028772934362e-03       3.960629995042e+03 
       1.098755583872e-03       4.209318357271e+03 
       1.172584584722e-03       4.469327625258e+03 
       1.250194508415e-03       4.740076205388e+03 
       1.331480555359e-03       5.020840590233e+03 
       1.416303868000e-03       5.310819123804e+03 
       1.504498142286e-03       5.609084771581e+03 
       1.595876857627e-03       5.914643015203e+03 
       1.690240480427e-03       6.226495696173e+03 
       1.787383118814e-03       6.543648290064e+03 
       1.887098274083e-03       6.865131753013e+03 
       1.989183506405e-03       7.190019845414e+03 
       2.093443979114e-03       7.517441038299e+03 
       2.199694952594e-03       7.846586689000e+03 
       2.307763363477e-03       8.176715159718e+03 
       2.417488653685e-03       8.507152542817e+03 
       2.528723016384e-03       8.837291773311e+03 
       2.641331212050e-03       9.166589871357e+03 
       2.755190085468e-03       9.494563835030e+03 
       2.870187889577e-03       9.820786514165e+03 
       2.986223498027e-03       1.014488276603e+04 
       3.103205567240e-03       1.046652197991e+04 
       3.221051691227e-03       1.078541806155e+04 
       3.339687578590e-03       1.110132152099e+04 
       3.459046270523e-03       1.141401601061e+04 
       3.579067410833e-03       1.172331549478e+04 
       3.699696573416e-03       1.202905937898e+04 
       3.820884648717e-03       1.233111209566e+04 
       3.942587288154e-03       1.262935682222e+04 
       4.064764403838e-03       1.292369815064e+04 
       4.187379719976e-03       1.321405346194e+04 
       4.310400371864e-03       1.350035725402e+04 
       4.433796548217e-03       1.378255533072e+04 
       4.557541172652e-03       1.406060549196e+04 
       4.681609620309e-03       1.433447667068e+04 
       4.805979465866e-03       1.460411937468e+04 
       4.930630259525e-03       1.486956242596e+04 
       5.055543327810e-03       1.513077021306e+04 
       5.180701596388e-03       1.538773289098e+04 
       5.306089432377e-03       1.564052594722e+04 
       5.431692503891e-03       1.588910894155e+04 
       5.557497654851e-03       1.613348191595e+04 
       5.683492793264e-03       1.637366446770e+04 
       5.809666791453e-03       1.660966665995e+04 
       5.936009396828e-03       1.684151574828e+04 
       6.062511152017e-03       1.706923411592e+04 
       6.189163323278e-03       1.729285202122e+04 
       6.315957836252e-03       1.751239826123e+04 
       6.442887218245e-03       1.772790244144e+04 
       6.569944546297e-03       1.793939899051e+04 
       6.697123400411e-03       1.814689289919e+04 
       6.824417821363e-03       1.835047628847e+04 
       6.951822272614e-03       1.855011640105e+04 
       7.079331605863e-03       1.874592193170e+04 
       7.206941029872e-03       1.893784034110e+04 
       7.334646082201e-03       1.912597665280e+04 
       7.462442603569e-03       1.931035963750e+04 
       7.590326714554e-03       1.949098378367e+04 
       7.718294794396e-03       1.966796317793e+04 
       7.846343461705e-03       1.984123321726e+04 
       7.974469556861e-03       2.001091416454e+04 
       8.102670125961e-03       2.017703294502e+04 
       8.230942406143e-03       2.033958513711e+04 
       8.359283812172e-03       2.049862617387e+04 
       8.487691924149e-03       2.065420215775e+04 
       8.616164476255e-03       2.080634136519e+04 
       8.744699346420e-03       2.095503663364e+04 
       8.873294546837e-03       2.110046155038e+04 
       9.001948215243e-03       2.124247270240e+04 
       9.130658606899e-03       2.138124934521e+04 
       9.259424087209e-03       2.151675942725e+04 
       9.388243124907e-03       2.164904533499e+04 
       9.517114285788e-03       2.177818971308e+04 
       9.646036226911e-03       2.190416680019e+04 
       9.775007691250e-03       2.202701222744e+04 
       9.904027502745e-03       2.214683626752e+04 
       1.003309456173e-02       2.226359999542e+04 
       1.016220784070e-02       2.237734249240e+04 
       1.029136638038e-02       2.248814070583e+04 
       1.042056928610e-02       2.259604027442e+04 
       1.054981572441e-02       2.270092020669e+04 
       1.067910492000e-02       2.280299046093e+04 
       1.080843615271e-02       2.290221942215e+04 
       1.093780875492e-02       2.299865082967e+04 
       1.106722210901e-02       2.309225929503e+04 
       1.119667564505e-02       2.318321347213e+04 
       1.132616883861e-02       2.327140548999e+04 
       1.145570120876e-02       2.335693203322e+04 
       1.158527231624e-02       2.343979796873e+04 
       1.171488176167e-02       2.352006545801e+04 
       1.184452918396e-02       2.359775886823e+04 
       1.197421425880e-02       2.367287097918e+04 
       1.210393669726e-02       2.374545206899e+04 
       1.223369624451e-02       2.381556577896e+04 
       1.236349267858e-02       2.388318811913e+04 
       1.249332580927e-02       2.394846477540e+04 
       1.262319547707e-02       2.401117314226e+04 
       1.275310155224e-02       2.407156881079e+04 
       1.288304393385e-02       2.412965531523e+04 
       1.301302254903e-02       2.418538051439e+04 
       1.314303735211e-02       2.423879147316e+04 
       1.327308832397e-02       2.428995186799e+04 
       1.340317547138e-02       2.433888026176e+04 
       1.353329882634e-02       2.438559529809e+04 
       1.366345844560e-02       2.443011774024e+04 
       1.379365441007e-02       2.447248726421e+04 
       1.392388682441e-02       2.451273666888e+04 
       1.405415581658e-02       2.455084873125e+04 
       1.418446153744e-02       2.458689958383e+04 
       1.431480416042e-02       2.462087244789e+04 
       1.444518388118e-02       2.465281478755e+04 
       1.457560091735e-02       2.468277750838e+04 
       1.470605550826e-02       2.471076840568e+04 
       1.483654791471e-02       2.473675686812e+04 
       1.496707841883e-02       2.476086862123e+04 
       1.509764732382e-02       2.478303779859e+04 
       1.522825495392e-02       2.480329812885e+04 
       1.535890165420e-02       2.482176844053e+04 
       1.548958779054e-02       2.483836458114e+04 
       1.562031374954e-02       2.485316940283e+04 
       1.575107993846e-02       2.486618577105e+04 
       1.588188678525e-02       2.487743297182e+04 
       1.601273473850e-02       2.488693344156e+04 
       1.614362426748e-02       2.489474503298e+04 
       1.627455586219e-02       2.490084104334e+04 
       1.640553003342e-02       2.490525558025e+04 
       1.653654731284e-02       2.490803521716e+04 
       1.666760825308e-02       2.490920302670e+04 
       1.679871342786e-02       2.490874377869e+04 
       1.692986343213e-02       2.490671096932e+04 
       1.706105888222e-02       2.490310954233e+04 
       1.719230041601e-02       2.489797357880e+04 
       1.732358869314e-02       2.489133489434e+04 
       1.745492439519e-02       2.488316963745e+04 
       1.758630822591e-02       2.487354500611e+04 
       1.771774091148e-02       2.486247160505e+04 
       1.784922320075e-02       2.484996489585e+04 
       1.798075586552e-02       2.483603116392e+04 
       1.811233970081e-02       2.482072688032e+04 
       1.824397552522e-02       2.480402661713e+04 
       1.837566418119e-02       2.478599229608e+04 
       1.850740653539e-02       2.476662334550e+04 
       1.863920347907e-02       2.474593785145e+04 
       1.877105592840e-02       2.472395822459e+04 
       1.890296482491e-02       2.470070795812e+04 
       1.903493113585e-02       2.467621540648e+04 
       1.916695585466e-02       2.465047396039e+04 
       1.929904000140e-02       2.462354678023e+04 
       1.943118462320e-02       2.459538152342e+04 
       1.956339079474e-02       2.456605199145e+04 
       1.969565961876e-02       2.453558142053e+04 
       1.982799222657e-02       2.450398144354e+04 
       1.996038977859e-02       2.447124614343e+04 
       2.009285346489e-02       2.443741566668e+04 
       2.022538450578e-02       2.440246230962e+04 
       2.035798415238e-02       2.436646805264e+04 
       2.049065368728e-02       2.432942757002e+04 
       2.062339442512e-02       2.429135227825e+04 
       2.075620771328e-02       2.425237180972e+04 
       2.088909493254e-02       2.421216852324e+04 
       2.102205749780e-02       2.417112717393e+04 
       2.115509685878e-02       2.412911459180e+04 
       2.128821450077e-02       2.408614592010e+04 
       2.142141194544e-02       2.404225701766e+04 
       2.155469075155e-02       2.399744096399e+04 
       2.168805251584e-02       2.395180184175e+04 
       2.182149887387e-02       2.390516139763e+04 
       2.195503150086e-02       2.385772443531e+04 
       2.208865211260e-02       2.380942411147e+04 
       2.222236246639e-02       2.376037854608e+04 
       2.235616436199e-02       2.371043966548e+04 
       2.249005964261e-02       2.365972497294e+04 
       2.262405019591e-02       2.360822507134e+04 
       2.275813795508e-02       2.355589882133e+04 
       2.289232489987e-02       2.350286158394e+04 
       2.302661305778e-02       2.344917987791e+04 
       2.316100450515e-02       2.339461487542e+04 
       2.329550136835e-02       2.333943101450e+04 
       2.343010582505e-02       2.328364149108e+04 
       2.356482010544e-02       2.322697233500e+04 
       2.369964649352e-02       2.316982820702e+04 
       2.383458732851e-02       2.311186288466e+04 
       2.396964500615e-02       2.305336967646e+04 
       2.410482198019e-02       2.299429338666e+04 
       2.424012076385e-02       2.293448711489e+04 
       2.437554393133e-02       2.287422569148e+04 
       2.451109411939e-02       2.281330500858e+04 
       2.464677402898e-02       2.275182269312e+04 
       2.478258642689e-02       2.268975998414e+04 
       2.491853414750e-02       2.262724823378e+04 
       2.505462009456e-02       2.256408691028e+04 
       2.519084724304e-02       2.250048249130e+04 
       2.532721864101e-02       2.243638608786e+04 
       2.546373741164e-02       2.237172942369e+04 
       2.560040675519e-02       2.230668780038e+04 
       2.573722995118e-02       2.224116486679e+04 
       2.587421036047e-02       2.217517116569e+04 
       2.601135142760e-02       2.210876416012e+04 
       2.614865668303e-02       2.204186143023e+04 
       2.628612974560e-02       2.197458658177e+04 
       2.642377432498e-02       2.190693305627e+04 
       2.656159422425e-02       2.183878766313e+04 
       2.669959334255e-02       2.177042201070e+04 
       2.683777567787e-02       2.170154682028e+04 
       2.697614532985e-02       2.163236544307e+04 
       2.711470650275e-02       2.156280632517e+04 
       2.725346350851e-02       2.149292964854e+04 
       2.739242076994e-02       2.142277218149e+04 
       2.753158282394e-02       2.135224863525e+04 
       2.767095432496e-02       2.128137049366e+04 
       2.781054004850e-02       2.121030256670e+04 
       2.795034489477e-02       2.113885589563e+04 
       2.809037389249e-02       2.106716968270e+04 
       2.823063220280e-02       2.099526077203e+04 
       2.837112512338e-02       2.092303367648e+04 
       2.851185809267e-02       2.085053017837e+04 
       2.865283669427e-02       2.077781642280e+04 
       2.879406666152e-02       2.070486703293e+04 
       2.893555388224e-02       2.063173175515e+04 
       2.907730440370e-02       2.055835850736e+04 
       2.921932443769e-02       2.048478228864e+04 
       2.936162036594e-02       2.041097914402e+04 
       2.950419874559e-02       2.033702975396e+04 
       2.964706631503e-02       2.026285606555e+04 
       2.979022999988e-02       2.018858273706e+04 
       2.993369691926e-02       2.011407275693e+04 
       3.007747439231e-02       2.003941770747e+04 
       3.022156994498e-02       1.996465560075e+04 
       3.036599131712e-02       1.988974660446e+04 
       3.051074646987e-02       1.981464005670e+04 
       3.065584359332e-02       1.973946423204e+04 
       3.080129111460e-02       1.966416616223e+04 
       3.094709770622e-02       1.958872204110e+04 
       3.109327229483e-02       1.951326856382e+04 
       3.123982407039e-02       1.943759719489e+04 
       3.138676249569e-02       1.936186428970e+04 
       3.153409731637e-02       1.928609858768e+04 
       3.168183857133e-02       1.921015613205e+04 
       3.182999660368e-02       1.913421211298e+04 
       3.197858207216e-02       1.905812281148e+04 
       3.212760596310e-02       1.898197468753e+04 
       3.227707960298e-02       1.890582737080e+04 
       3.242701467157e-02       1.882965160286e+04 
       3.257742321567e-02       1.875342988626e+04 
       3.272831766358e-02       1.867705110385e+04 
       3.287971084027e-02       1.860077111675e+04 
       3.303161598327e-02       1.852434694103e+04 
       3.318404675938e-02       1.844788098896e+04 
       3.333701728224e-02       1.837144696922e+04 
       3.349054213081e-02       1.829496161790e+04 
       3.364463636875e-02       1.821851297202e+04 
       3.379931556487e-02       1.814198288590e+04 
       3.395459581468e-02       1.806545846013e+04 
       3.411049376300e-02       1.798902045167e+04 
       3.426702662790e-02       1.791249184125e+04 
       3.442421222585e-02       1.783592205958e+04 
       3.458206899836e-02       1.775940989377e+04 
       3.474061604002e-02       1.768286879181e+04 
       3.489987312815e-02       1.760636098586e+04 
       3.505986075418e-02       1.752989540100e+04 
       3.522060015677e-02       1.745342346093e+04 
       3.538211335696e-02       1.737688791238e+04 
       3.554442319525e-02       1.730045662931e+04 
       3.570755337109e-02       1.722402448172e+04 
       3.587152848455e-02       1.714759069758e+04 
       3.603637408072e-02       1.707126222933e+04 
       3.620211669673e-02       1.699484195471e+04 
       3.636878391178e-02       1.691839234169e+04 
       3.653640440034e-02       1.684216675423e+04 
       3.670500798871e-02       1.676584096564e+04 
       3.687462571538e-02       1.668955675138e+04 
       3.704528989521e-02       1.661323607632e+04 
       3.721703418802e-02       1.653700667424e+04 
       3.738989367174e-02       1.646080926225e+04 
       3.756390492062e-02       1.638461890809e+04 
       3.773910608882e-02       1.630847816823e+04 
       3.791553699991e-02       1.623229261472e+04 
       3.809323924274e-02       1.615618178035e+04 
       3.827225627425e-02       1.608008195068e+04 
       3.845263352981e-02       1.600391718958e+04 
       3.863441854176e-02       1.592785534341e+04 
       3.881766106688e-02       1.585175122481e+04 
       3.900241322368e-02       1.577572084643e+04 
       3.918872964022e-02       1.569965189992e+04 
       3.937666761377e-02       1.562362516160e+04 
       3.956628728303e-02       1.554755749621e+04 
       3.975765181456e-02       1.547149858017e+04 
       3.995082760442e-02       1.539541391016e+04 
       4.014588449686e-02       1.531936988849e+04 
       4.034289602152e-02       1.524323269978e+04 
       4.054193965128e-02       1.516711019542e+04 
       4.074309708274e-02       1.509099467196e+04 
       4.094645454185e-02       1.501474238575e+04 
       4.115210311733e-02       1.493851114711e+04 
       4.136013912504e-02       1.486224934133e+04 
       4.157066450664e-02       1.478587096373e+04 
       4.178378726659e-02       1.470945054319e+04 
       4.199962195174e-02       1.463299477219e+04 
       4.221829017879e-02       1.455642845380e+04 
       4.243992121517e-02       1.447970125609e+04 
       4.266465261996e-02       1.440294898116e+04 
       4.289263095237e-02       1.432607748654e+04 
       4.312401255639e-02       1.424903846099e+04 
       4.335896443142e-02       1.417186130947e+04 
       4.359766520032e-02       1.409455069720e+04 
       4.384030618811e-02       1.401703577780e+04 
       4.408709262643e-02       1.393933877788e+04 
       4.433824500167e-02       1.386150662282e+04 
       4.459400056723e-02       1.378333007289e+04 
       4.485461504426e-02       1.370497991288e+04 
       4.512036453906e-02       1.362630423341e+04 
       4.539154771049e-02       1.354738768474e+04 
       4.566848822681e-02       1.346817087124e+04 
       4.595153755833e-02       1.338857201965e+04 
       4.624107816139e-02       1.330862393595e+04 
       4.653752711965e-02       1.322828411645e+04 
       4.684134032173e-02       1.314745764157e+04 
       4.715301727024e-02       1.306619075938e+04 
       4.747310663700e-02       1.298442143616e+04 
       4.780221270340e-02       1.290208074925e+04 
       4.814100285503e-02       1.281913498097e+04 
       4.849021633749e-02       1.273548519481e+04 
       4.885067452707e-02       1.265115070927e+04 
       4.922329302914e-02       1.256602774984e+04 
       4.960909599182e-02       1.248004780578e+04 
       5.000923311649e-02       1.239308379277e+04 
       5.042499996672e-02       1.230509989276e+04 
       5.085786232947e-02       1.221600125441e+04 
       5.130948557676e-02       1.212557544651e+04 
       5.178177022358e-02       1.203379283622e+04 
       5.227689519273e-02       1.194043953126e+04 
       5.279737069573e-02       1.184526223132e+04 
       5.334610313742e-02       1.174821643843e+04 
       5.392647506411e-02       1.164885238691e+04 
       5.454244390215e-02       1.154697520946e+04 
       5.519866404304e-02       1.144219752801e+04 
       5.590063761873e-02       1.133396173773e+04 
       5.665489981573e-02       1.122176035020e+04 
       5.746924423008e-02       1.110482306605e+04 
       5.835299139430e-02       1.098228088848e+04 
       5.931729693214e-02       1.085284276507e+04 
       6.037548061659e-02       1.071488245875e+04 
       6.154332677937e-02       1.056635747344e+04 
       6.283924951609e-02       1.040445187424e+04 
       6.428412200760e-02       1.022550332024e+04 
       6.590044046093e-02       1.002473652802e+04 
       6.771038241880e-02       9.796334797417e+03 
       6.973239084979e-02       9.533613982903e+03 
       7.197645781100e-02       9.230062573485e+03 
       7.443944874826e-02       8.881139499610e+03 
       7.710297451492e-02       8.486532890155e+03 
       7.993590854309e-02       8.051966480020e+03 
       8.290096096843e-02       7.589470793875e+03 
       8.596199960688e-02       7.115475656843e+03 
       8.908891415961e-02       6.648042453268e+03 
       9.225917682311e-02       6.203854791428e+03 
       9.545714480531e-02       5.796240360619e+03 
       9.867248349194e-02       5.434071102497e+03 
       1.018985813824e-01       5.121406248060e+03 
       1.051312939058e-01       4.858181179426e+03 
       1.083680555199e-01       4.640710075268e+03 
       1.116072903370e-01       4.462604727953e+03 
       1.148480348489e-01       4.315711844147e+03 
       1.180897015493e-01       4.191027838091e+03 
       1.213319327186e-01       4.079392566046e+03 
       1.245745106753e-01       3.972337744826e+03 
       1.278173029422e-01       3.862820894264e+03 
       1.310602288371e-01       3.745767782815e+03 
       1.343032391516e-01       3.618302328458e+03 
       1.375463038023e-01       3.479933748619e+03 
       1.407894043308e-01       3.332193089171e+03 
       1.440325293496e-01       3.178246388255e+03 
       1.472756717767e-01       3.022234678705e+03 
       1.505188271565e-01       2.868656898227e+03 
       1.537619926395e-01       2.721779587297e+03 
       1.570051663624e-01       2.585172280145e+03 
       1.602483470701e-01       2.461475531000e+03 
       1.634915338867e-01       2.352165532554e+03 
       1.667347261744e-01       2.257527569267e+03 
       1.699779234482e-01       2.176875436039e+03 
       1.732211253224e-01       2.108707930204e+03 
       1.764643314786e-01       2.050816110665e+03 
       1.797075416448e-01       2.000629582953e+03 
       1.829507555826e-01       1.955471809319e+03 
       1.861939730793e-01       1.913115935039e+03 
       1.894371939418e-01       1.871042870353e+03 
       1.926804179937e-01       1.827243455364e+03 
       1.959236450720e-01       1.780373185940e+03 
       1.991668750259e-01       1.729890130022e+03 
       2.024101077147e-01       1.675902752359e+03 
       2.056533430074e-01       1.619161533780e+03 
       2.088965807814e-01       1.560797449640e+03 
       2.121398209217e-01       1.502211320202e+03 
       2.153830633205e-01       1.444766506285e+03 
       2.186263078764e-01       1.389661480587e+03 
       2.218695544940e-01       1.337923068528e+03 
       2.251128030837e-01       1.290163519244e+03 
       2.283560535607e-01       1.246827029088e+03 
       2.315993058452e-01       1.208002430990e+03 
       2.348425598618e-01       1.173558624802e+03 
       2.380858155393e-01       1.143040286267e+03 
       2.413290728101e-01       1.115888042302e+03 
       2.445723316106e-01       1.091328627920e+03 
       2.478155918802e-01       1.068516094332e+03 
       2.510588535617e-01       1.046639348722e+03 
       2.543021166007e-01       1.025007416772e+03 
       2.575453809456e-01       1.003073872758e+03 
       2.607886465474e-01       9.804728905424e+02 
       2.640319133594e-01       9.570440479705e+02 
       2.672751813374e-01       9.327804847098e+02 
       2.705184504392e-01       9.078351981653e+02 
       2.737617206245e-01       8.824579206344e+02 
       2.770049918551e-01       8.570021927007e+02 
       2.802482640946e-01       8.318589114468e+02 
       2.834915373080e-01       8.074429527988e+02 
       2.867348114622e-01       7.841116545197e+02 
       2.899780865254e-01       7.621427743531e+02 
       2.932213624673e-01       7.416861013524e+02 
       2.964646392588e-01       7.228164051393e+02 
       2.997079168724e-01       7.054497648882e+02 
       3.029511952813e-01       6.894567835418e+02 
       3.061944744602e-01       6.746288144883e+02 
       3.094377543848e-01       6.607532445079e+02 
       3.126810350318e-01       6.476023615426e+02 
       3.159243163787e-01       6.349455978372e+02 
       3.191675984041e-01       6.225701184562e+02 
       3.224108810876e-01       6.102920139695e+02 
       3.256541644092e-01       5.979667592066e+02 
       3.288974483501e-01       5.855113688545e+02 
       3.321407328919e-01       5.729049960444e+02 
       3.353840180173e-01       5.601870232670e+02 
       3.386273037092e-01       5.474381750789e+02 
       3.418705899516e-01       5.347655692570e+02 
       3.451138767289e-01       5.222810923918e+02 
       3.483571640260e-01       5.100901354833e+02 
       3.516004518285e-01       4.982850832723e+02 
       3.548437401224e-01       4.869362749570e+02 
       3.580870288944e-01       4.761004187003e+02 
       3.613303181315e-01       4.658100207188e+02 
       3.645736078213e-01       4.560723534227e+02 
       3.678168979516e-01       4.468690545971e+02 
       3.710601885110e-01       4.381489897756e+02 
       3.743034794883e-01       4.298397601415e+02 
       3.775467708725e-01       4.218593494575e+02 
       3.807900626533e-01       4.141253706826e+02 
       3.840333548205e-01       4.065691779941e+02 
       3.872766473645e-01       3.991364974123e+02 
       3.905199402758e-01       3.917909701512e+02 
       3.937632335453e-01       3.845117221497e+02 
       3.970065271641e-01       3.772839057541e+02 
       4.002498211238e-01       3.701070472768e+02 
       4.034931154161e-01       3.629871968765e+02 
       4.067364100329e-01       3.559424378632e+02 
       4.099797049667e-01       3.489994317514e+02 
       4.132230002098e-01       3.421905567639e+02 
       4.164662957551e-01       3.355471513126e+02 
       4.197095915954e-01       3.290957202327e+02 
       4.229528877240e-01       3.228524493243e+02 
       4.261961841343e-01       3.168221370794e+02 
       4.294394808199e-01       3.110015567881e+02 
       4.326827777745e-01       3.053829053462e+02 
       4.359260749921e-01       2.999563965402e+02 
       4.391693724669e-01       2.947116415713e+02 
       4.424126701932e-01       2.896349011443e+02 
       4.456559681655e-01       2.847103427594e+02 
       4.488992663785e-01       2.799187757032e+02 
       4.521425648268e-01       2.752368293906e+02 
       4.553858635056e-01       2.706441710416e+02 
       4.586291624099e-01       2.661221214257e+02 
       4.618724615348e-01       2.616628512070e+02 
       4.651157608759e-01       2.572624633763e+02 
       4.683590604286e-01       2.529224667365e+02 
       4.716023601884e-01       2.486467896282e+02 
       4.748456601512e-01       2.444389642512e+02 
       4.780889603128e-01       2.403029701990e+02 
       4.813322606691e-01       2.362423700731e+02 
       4.845755612164e-01       2.322631806790e+02 
       4.878188619506e-01       2.283730248842e+02 
       4.910621628681e-01       2.245792360899e+02 
       4.943054639653e-01       2.208883322093e+02 
       4.975487652387e-01       2.173029866195e+02 
       5.007920666848e-01       2.138206916995e+02 
       5.040353683003e-01       2.104347554680e+02 
       5.072786700819e-01       2.071361184882e+02 
       5.105219720264e-01       2.039159628936e+02 
       5.137652741308e-01       2.007664902544e+02 
       5.170085763921e-01       1.976827539677e+02 
       5.202518788072e-01       1.946601075447e+02 
       5.234951813734e-01       1.916939896436e+02 
       5.267384840877e-01       1.887795839155e+02 
       5.299817869476e-01       1.859119775385e+02 
       5.332250899503e-01       1.830873381585e+02 
       5.364683930932e-01       1.803045591433e+02 
       5.397116963739e-01       1.775650420810e+02 
       5.429549997897e-01       1.748722230889e+02 
       5.461983033384e-01       1.722298655269e+02 
       5.494416070175e-01       1.696408843929e+02 
       5.526849108247e-01       1.671061382946e+02 
       5.559282147579e-01       1.646239558078e+02 
       5.591715188147e-01       1.621929177047e+02 
       5.624148229931e-01       1.598116432258e+02 
       5.656581272909e-01       1.574796775153e+02 
       5.689014317062e-01       1.551972351064e+02 
       5.721447362368e-01       1.529643673552e+02 
       5.753880408809e-01       1.507796075049e+02 
       5.786313456366e-01       1.486406294511e+02 
       5.818746505019e-01       1.465430393254e+02 
       5.851179554750e-01       1.444835350388e+02 
       5.883612605542e-01       1.424592825904e+02 
       5.916045657377e-01       1.404689308990e+02 
       5.948478710237e-01       1.385123469902e+02 
       5.980911764107e-01       1.365899449732e+02 
       6.013344818970e-01       1.347012468157e+02 
       6.045777874809e-01       1.328451162186e+02 
       6.078210931609e-01       1.310196593275e+02 
       6.110643989356e-01       1.292235463301e+02 
       6.143077048032e-01       1.274560903279e+02 
       6.175510107625e-01       1.257181187125e+02 
       6.207943168120e-01       1.240108698200e+02 
       6.240376229502e-01       1.223356439976e+02 
       6.272809291757e-01       1.206927337978e+02 
       6.305242354873e-01       1.190814231544e+02 
       6.337675418836e-01       1.174998002483e+02 
       6.370108483633e-01       1.159463794600e+02 
       6.402541549251e-01       1.144196980100e+02 
       6.434974615678e-01       1.129194317363e+02 
       6.467407682901e-01       1.114456964826e+02 
       6.499840750909e-01       1.099985911852e+02 
       6.532273819691e-01       1.085774580543e+02 
       6.564706889233e-01       1.071808635539e+02 
       6.597139959526e-01       1.058072054813e+02 
       6.629573030558e-01       1.044546511885e+02 
       6.662006102319e-01       1.031224284890e+02 
       6.694439174797e-01       1.018106747138e+02 
       6.726872247982e-01       1.005199137129e+02 
       6.759305321865e-01       9.925079526414e+01 
       6.791738396435e-01       9.800311029432e+01 
       6.824171471682e-01       9.677649631818e+01 
       6.856604547597e-01       9.556961337387e+01 
       6.889037624170e-01       9.438126548026e+01 
       6.921470701391e-01       9.321122569055e+01 
       6.953903779253e-01       9.205973814255e+01 
       6.986336857746e-01       9.092697891153e+01 
       7.018769936861e-01       8.981399686007e+01 
       7.051203016589e-01       8.872002117343e+01 
       7.083636096922e-01       8.764448357485e+01 
       7.116069177853e-01       8.658600541624e+01 
       7.148502259372e-01       8.554340453182e+01 
       7.180935341471e-01       8.451656634429e+01 
       7.213368424143e-01       8.350515770471e+01 
       7.245801507381e-01       8.250959787552e+01 
       7.278234591176e-01       8.153024193951e+01 
       7.310667675521e-01       8.056643392749e+01 
       7.343100760409e-01       7.961780588342e+01 
       7.375533845832e-01       7.868331200506e+01 
       7.407966931784e-01       7.776214005614e+01 
       7.440400018258e-01       7.685400773071e+01 
       7.472833105247e-01       7.595884887001e+01 
       7.505266192743e-01       7.507748735594e+01 
       7.537699280742e-01       7.421002654988e+01 
       7.570132369235e-01       7.335637454528e+01 
       7.602565458217e-01       7.251602258750e+01 
       8.304829827412e-01       5.702038538616e+01 
       9.319606604773e-01       4.142342159608e+01 
       1.093097956108e+00       2.633570116510e+01 
       1.348248179181e+00       1.423576652292e+01 
       1.695016652404e+00       7.094636187161e+00 
       2.133858948982e+00       3.427010030274e+00 
       2.686369119258e+00       1.609742924804e+00 
       3.381938349629e+00       7.346135911575e-01 
       4.257608129469e+00       3.253428704493e-01 
       5.360011067650e+00       1.396683001116e-01 
       6.747854140563e+00       5.805877662933e-02 
       8.495045052635e+00       2.334766127331e-02 
       1.069462809110e+01       9.079583341773e-03 
       1.346373907357e+01       3.415583562763e-03 
       1.694984325749e+01       1.245043159500e-03 
       2.133858840278e+01       4.415108728911e-04 
       2.686369119207e+01       1.531644696375e-04 
       3.381938349629e+01       5.245283709768e-05 
       4.257608129469e+01       1.794097328615e-05 
       5.360011067650e+01       6.205110422351e-06 
       6.747854140563e+01       2.193963657833e-06 
       8.495045052635e+01       7.968666499502e-07 
       1.069462809110e+02       2.965129528834e-07 
