# Matter power spectrum P(k) at redshift z=0
# for k=1.05281e-05 to 106.946 h/Mpc,
# number of wavenumbers equal to 622
#    1:k (h/Mpc)              2:P (Mpc/h)^3        
       1.052807963578e-05       4.927702987593e+01 
       2.352713877128e-05       1.067958588554e+02 
       3.657270395910e-05       1.632429715669e+02 
       4.970052343139e-05       2.192558777540e+02 
       6.294694706346e-05       2.751943301450e+02 
       7.634925644306e-05       3.313262388996e+02 
       8.994600567360e-05       3.878796842710e+02 
       1.037773775211e-04       4.450641529960e+02 
       1.178855595494e-04       5.030814193487e+02 
       1.323151449221e-04       5.621321013205e+02 
       1.471135625522e-04       6.224202070778e+02 
       1.623315412098e-04       6.841566543268e+02 
       1.780236119899e-04       7.475622681587e+02 
       1.942486531248e-04       8.128705145752e+02 
       2.110704803784e-04       8.803301111819e+02 
       2.285584850483e-04       9.502076065815e+02 
       2.467883197222e-04       1.022789957976e+03 
       2.658426291575e-04       1.098387124251e+03 
       2.858118196580e-04       1.177334654853e+03 
       3.067948547504e-04       1.259996226459e+03 
       3.289000573938e-04       1.346766024985e+03 
       3.522458889436e-04       1.438070882090e+03 
       3.769616622471e-04       1.534371935980e+03 
       4.031881303182e-04       1.636165635390e+03 
       4.310778731430e-04       1.743983709614e+03 
       4.607953840079e-04       1.858391785736e+03 
       4.925167350372e-04       1.979986163233e+03 
       5.264286824636e-04       2.109388267233e+03 
       5.627270604340e-04       2.247236218722e+03 
       6.016143146715e-04       2.394173144547e+03 
       6.432960524117e-04       2.550831812193e+03 
       6.879765412181e-04       2.717815545151e+03 
       7.358531826733e-04       2.895675810312e+03 
       7.871101174963e-04       3.084887185505e+03 
       8.419112759710e-04       3.285821371798e+03 
       9.003933482234e-04       3.498721916974e+03 
       9.626592773655e-04       3.723682368113e+03 
       1.028772934362e-03       3.960630203318e+03 
       1.098755583872e-03       4.209318642731e+03 
       1.172584584722e-03       4.469328006340e+03 
       1.250194508415e-03       4.740076721237e+03 
       1.331480555359e-03       5.020841255691e+03 
       1.416303868000e-03       5.310820039727e+03 
       1.504498142286e-03       5.609086025672e+03 
       1.595876857627e-03       5.914644690268e+03 
       1.690240480427e-03       6.226497914661e+03 
       1.787383118814e-03       6.543651151832e+03 
       1.887098274083e-03       6.865135445584e+03 
       1.989183506405e-03       7.190024544055e+03 
       2.093443979114e-03       7.517447009555e+03 
       2.199694952594e-03       7.846594094421e+03 
       2.307763363477e-03       8.176724453186e+03 
       2.417488653685e-03       8.507164060909e+03 
       2.528723016384e-03       8.837305960188e+03 
       2.641331212050e-03       9.166606992329e+03 
       2.755190085468e-03       9.494584281419e+03 
       2.870187889577e-03       9.820811171349e+03 
       2.986223498027e-03       1.014491141285e+04 
       3.103205567240e-03       1.046655713222e+04 
       3.221051691227e-03       1.078545888389e+04 
       3.339687578590e-03       1.110136892368e+04 
       3.459046270523e-03       1.141407138923e+04 
       3.579067410833e-03       1.172337966220e+04 
       3.699696573416e-03       1.202913305458e+04 
       3.820884648717e-03       1.233119616867e+04 
       3.942587288154e-03       1.262945313689e+04 
       4.064764403838e-03       1.292380766601e+04 
       4.187379719976e-03       1.321417836966e+04 
       4.310400371864e-03       1.350049764713e+04 
       4.433796548217e-03       1.378271278848e+04 
       4.557541172652e-03       1.406078270126e+04 
       4.681609620309e-03       1.433467456511e+04 
       4.805979465866e-03       1.460433926335e+04 
       4.930630259525e-03       1.486980948869e+04 
       5.055543327810e-03       1.513104886894e+04 
       5.180701596388e-03       1.538806467562e+04 
       5.306089432377e-03       1.564089013130e+04 
       5.431692503891e-03       1.588949488033e+04 
       5.557497654851e-03       1.613389622408e+04 
       5.683492793264e-03       1.637410393806e+04 
       5.809666791453e-03       1.661014020814e+04 
       5.936009396828e-03       1.684202309507e+04 
       6.062511152017e-03       1.706978513008e+04 
       6.189163323278e-03       1.729344723408e+04 
       6.315957836252e-03       1.751304602722e+04 
       6.442887218245e-03       1.772860290679e+04 
       6.569944546297e-03       1.794014429470e+04 
       6.697123400411e-03       1.814772424789e+04 
       6.824417821363e-03       1.835134257986e+04 
       6.951822272614e-03       1.855108688552e+04 
       7.079331605863e-03       1.874694242784e+04 
       7.206941029872e-03       1.893895465189e+04 
       7.334646082201e-03       1.912718423318e+04 
       7.462442603569e-03       1.931162560833e+04 
       7.590326714554e-03       1.949235321005e+04 
       7.718294794396e-03       1.966939378176e+04 
       7.846343461705e-03       1.984276000592e+04 
       7.974469556861e-03       2.001255136683e+04 
       8.102670125961e-03       2.017874783017e+04 
       8.230942406143e-03       2.034139811302e+04 
       8.359283812172e-03       2.050051594032e+04 
       8.487691924149e-03       2.065620724812e+04 
       8.616164476255e-03       2.080844286521e+04 
       8.744699346420e-03       2.095731617749e+04 
       8.873294546837e-03       2.110281977793e+04 
       9.001948215243e-03       2.124499780348e+04 
       9.130658606899e-03       2.138390911092e+04 
       9.259424087209e-03       2.151959239447e+04 
       9.388243124907e-03       2.165205491786e+04 
       9.517114285788e-03       2.178133030854e+04 
       9.646036226911e-03       2.190747314277e+04 
       9.775007691250e-03       2.203045748598e+04 
       9.904027502745e-03       2.215042278457e+04 
       1.003309456173e-02       2.226735064014e+04 
       1.016220784070e-02       2.238128596366e+04 
       1.029136638038e-02       2.249225906369e+04 
       1.042056928610e-02       2.260027555221e+04 
       1.054981572441e-02       2.270541851143e+04 
       1.067910492000e-02       2.280774596580e+04 
       1.080843615271e-02       2.290712936802e+04 
       1.093780875492e-02       2.300376097141e+04 
       1.106722210901e-02       2.309762614078e+04 
       1.119667564505e-02       2.318874353914e+04 
       1.132616883861e-02       2.327719035752e+04 
       1.145570120876e-02       2.336294674988e+04 
       1.158527231624e-02       2.344605235202e+04 
       1.171488176167e-02       2.352657174696e+04 
       1.184452918396e-02       2.360452603644e+04 
       1.197421425880e-02       2.367989303866e+04 
       1.210393669726e-02       2.375274296542e+04 
       1.223369624451e-02       2.382313093247e+04 
       1.236349267858e-02       2.389103379619e+04 
       1.249332580927e-02       2.395652519408e+04 
       1.262319547707e-02       2.401958743915e+04 
       1.275310155224e-02       2.408029622506e+04 
       1.288304393385e-02       2.413867184416e+04 
       1.301302254903e-02       2.419472282019e+04 
       1.314303735211e-02       2.424843978577e+04 
       1.327308832397e-02       2.429994157511e+04 
       1.340317547138e-02       2.434919372654e+04 
       1.353329882634e-02       2.439625472538e+04 
       1.366345844560e-02       2.444111658459e+04 
       1.379365441007e-02       2.448385973029e+04 
       1.392388682441e-02       2.452444375641e+04 
       1.405415581658e-02       2.456293937918e+04 
       1.418446153744e-02       2.459933634634e+04 
       1.431480416042e-02       2.463374196806e+04 
       1.444518388118e-02       2.466605273791e+04 
       1.457560091735e-02       2.469641368368e+04 
       1.470605550826e-02       2.472479802997e+04 
       1.483654791471e-02       2.475121757514e+04 
       1.496707841883e-02       2.477571424593e+04 
       1.509764732382e-02       2.479831929874e+04 
       1.522825495392e-02       2.481906682903e+04 
       1.535890165420e-02       2.483796057065e+04 
       1.548958779054e-02       2.485499522878e+04 
       1.562031374954e-02       2.487027344371e+04 
       1.575107993846e-02       2.488374687369e+04 
       1.588188678525e-02       2.489545985478e+04 
       1.601273473850e-02       2.490543927855e+04 
       1.614362426748e-02       2.491373308956e+04 
       1.627455586219e-02       2.492031915909e+04 
       1.640553003342e-02       2.492525776748e+04 
       1.653654731284e-02       2.492854808887e+04 
       1.666760825308e-02       2.493022952499e+04 
       1.679871342786e-02       2.493029142137e+04 
       1.692986343213e-02       2.492879829347e+04 
       1.706105888222e-02       2.492574855665e+04 
       1.719230041601e-02       2.492113308017e+04 
       1.732358869314e-02       2.491505322487e+04 
       1.745492439519e-02       2.490748885065e+04 
       1.758630822591e-02       2.489843151076e+04 
       1.771774091148e-02       2.488793670449e+04 
       1.784922320075e-02       2.487598925923e+04 
       1.798075586552e-02       2.486267567446e+04 
       1.811233970081e-02       2.484797149883e+04 
       1.824397552522e-02       2.483189446621e+04 
       1.837566418119e-02       2.481446638613e+04 
       1.850740653539e-02       2.479574244948e+04 
       1.863920347907e-02       2.477568361068e+04 
       1.877105592840e-02       2.475435844544e+04 
       1.890296482491e-02       2.473177026805e+04 
       1.903493113585e-02       2.470792819768e+04 
       1.916695585466e-02       2.468286667893e+04 
       1.929904000140e-02       2.465659069173e+04 
       1.943118462320e-02       2.462911876027e+04 
       1.956339079474e-02       2.460050125016e+04 
       1.969565961876e-02       2.457072548862e+04 
       1.982799222657e-02       2.453980983202e+04 
       1.996038977859e-02       2.450778800164e+04 
       2.009285346489e-02       2.447465815295e+04 
       2.022538450578e-02       2.444047640265e+04 
       2.035798415238e-02       2.440521172454e+04 
       2.049065368728e-02       2.436890135501e+04 
       2.062339442512e-02       2.433160827470e+04 
       2.075620771328e-02       2.429330583811e+04 
       2.088909493254e-02       2.425396675211e+04 
       2.102205749780e-02       2.421370074837e+04 
       2.115509685878e-02       2.417243920530e+04 
       2.128821450077e-02       2.413028027488e+04 
       2.142141194544e-02       2.408717915179e+04 
       2.155469075155e-02       2.404317878240e+04 
       2.168805251584e-02       2.399829428353e+04 
       2.182149887387e-02       2.395254403337e+04 
       2.195503150086e-02       2.390590692048e+04 
       2.208865211260e-02       2.385847165349e+04 
       2.222236246639e-02       2.381025133049e+04 
       2.235616436199e-02       2.376114852679e+04 
       2.249005964261e-02       2.371125394272e+04 
       2.262405019591e-02       2.366064283002e+04 
       2.275813795508e-02       2.360923491021e+04 
       2.289232489987e-02       2.355706576471e+04 
       2.302661305778e-02       2.350421921990e+04 
       2.316100450515e-02       2.345062305176e+04 
       2.329550136835e-02       2.339635805620e+04 
       2.343010582505e-02       2.334136382739e+04 
       2.356482010544e-02       2.328574856287e+04 
       2.369964649352e-02       2.322944242279e+04 
       2.383458732851e-02       2.317250077111e+04 
       2.396964500615e-02       2.311493303583e+04 
       2.410482198019e-02       2.305678313697e+04 
       2.424012076385e-02       2.299793782632e+04 
       2.437554393133e-02       2.293859890911e+04 
       2.451109411939e-02       2.287869550020e+04 
       2.464677402898e-02       2.281818104835e+04 
       2.478258642689e-02       2.275708188510e+04 
       2.491853414750e-02       2.269553623303e+04 
       2.505462009456e-02       2.263349328329e+04 
       2.519084724304e-02       2.257088077413e+04 
       2.532721864101e-02       2.250782348394e+04 
       2.546373741164e-02       2.244413623093e+04 
       2.560040675519e-02       2.238012878895e+04 
       2.573722995118e-02       2.231561766747e+04 
       2.587421036047e-02       2.225063361444e+04 
       2.601135142760e-02       2.218535913845e+04 
       2.614865668303e-02       2.211945167448e+04 
       2.628612974560e-02       2.205327432973e+04 
       2.642377432498e-02       2.198662997217e+04 
       2.656159422425e-02       2.191961337008e+04 
       2.669959334255e-02       2.185230472155e+04 
       2.683777567787e-02       2.178453077648e+04 
       2.697614532985e-02       2.171644375545e+04 
       2.711470650275e-02       2.164802408439e+04 
       2.725346350851e-02       2.157928817235e+04 
       2.739242076994e-02       2.151022484843e+04 
       2.753158282394e-02       2.144074397447e+04 
       2.767095432496e-02       2.137104346196e+04 
       2.781054004850e-02       2.130109507721e+04 
       2.795034489477e-02       2.123079654672e+04 
       2.809037389249e-02       2.116028868947e+04 
       2.823063220280e-02       2.108946845863e+04 
       2.837112512338e-02       2.101839711501e+04 
       2.851185809267e-02       2.094710024103e+04 
       2.865283669427e-02       2.087555581655e+04 
       2.879406666152e-02       2.080381588915e+04 
       2.893555388224e-02       2.073188699047e+04 
       2.907730440370e-02       2.065963040299e+04 
       2.921932443769e-02       2.058729036794e+04 
       2.936162036594e-02       2.051478880860e+04 
       2.950419874559e-02       2.044195169253e+04 
       2.964706631503e-02       2.036900317351e+04 
       2.979022999988e-02       2.029596010247e+04 
       2.993369691926e-02       2.022274186784e+04 
       3.007747439231e-02       2.014931114617e+04 
       3.022156994498e-02       2.007577120869e+04 
       3.036599131712e-02       2.000208413150e+04 
       3.051074646987e-02       1.992830189756e+04 
       3.065584359332e-02       1.985439705149e+04 
       3.080129111460e-02       1.978035391204e+04 
       3.094709770622e-02       1.970621747551e+04 
       3.109327229483e-02       1.963197186446e+04 
       3.123982407039e-02       1.955765271490e+04 
       3.138676249569e-02       1.948320247595e+04 
       3.153409731637e-02       1.940868769085e+04 
       3.168183857133e-02       1.933415028077e+04 
       3.182999660368e-02       1.925951315835e+04 
       3.197858207216e-02       1.918474503469e+04 
       3.212760596310e-02       1.911006575991e+04 
       3.227707960298e-02       1.903519551185e+04 
       3.242701467157e-02       1.896026603254e+04 
       3.257742321567e-02       1.888542410763e+04 
       3.272831766358e-02       1.881042874491e+04 
       3.287971084027e-02       1.873547052711e+04 
       3.303161598327e-02       1.866041290995e+04 
       3.318404675938e-02       1.858545721131e+04 
       3.333701728224e-02       1.851030773873e+04 
       3.349054213081e-02       1.843528077757e+04 
       3.364463636875e-02       1.836023865871e+04 
       3.379931556487e-02       1.828516621867e+04 
       3.395459581468e-02       1.821004618907e+04 
       3.411049376300e-02       1.813498546620e+04 
       3.426702662790e-02       1.805984729158e+04 
       3.442421222585e-02       1.798482805263e+04 
       3.458206899836e-02       1.790975467928e+04 
       3.474061604002e-02       1.783467904672e+04 
       3.489987312815e-02       1.775963088679e+04 
       3.505986075418e-02       1.768464552514e+04 
       3.522060015677e-02       1.760961362921e+04 
       3.538211335696e-02       1.753466506127e+04 
       3.554442319525e-02       1.745973023704e+04 
       3.570755337109e-02       1.738481214917e+04 
       3.587152848455e-02       1.730994885924e+04 
       3.603637408072e-02       1.723503936013e+04 
       3.620211669673e-02       1.716017627006e+04 
       3.636878391178e-02       1.708533860285e+04 
       3.653640440034e-02       1.701063176411e+04 
       3.670500798871e-02       1.693593502130e+04 
       3.687462571538e-02       1.686117789184e+04 
       3.704528989521e-02       1.678650846514e+04 
       3.721703418802e-02       1.671191231190e+04 
       3.738989367174e-02       1.663726387162e+04 
       3.756390492062e-02       1.656272835065e+04 
       3.773910608882e-02       1.648817023741e+04 
       3.791553699991e-02       1.641368084869e+04 
       3.809323924274e-02       1.633923664528e+04 
       3.827225627425e-02       1.626473619326e+04 
       3.845263352981e-02       1.619034145117e+04 
       3.863441854176e-02       1.611595277614e+04 
       3.881766106688e-02       1.604161128746e+04 
       3.900241322368e-02       1.596728095605e+04 
       3.918872964022e-02       1.589293397739e+04 
       3.937666761377e-02       1.581868795240e+04 
       3.956628728303e-02       1.574435178754e+04 
       3.975765181456e-02       1.567007883279e+04 
       3.995082760442e-02       1.559584071442e+04 
       4.014588449686e-02       1.552156472409e+04 
       4.034289602152e-02       1.544727858166e+04 
       4.054193965128e-02       1.537302138583e+04 
       4.074309708274e-02       1.529871270926e+04 
       4.094645454185e-02       1.522443988531e+04 
       4.115210311733e-02       1.515010390160e+04 
       4.136013912504e-02       1.507575276633e+04 
       4.157066450664e-02       1.500136614198e+04 
       4.178378726659e-02       1.492690526987e+04 
       4.199962195174e-02       1.485241796436e+04 
       4.221829017879e-02       1.477786976280e+04 
       4.243992121517e-02       1.470321947851e+04 
       4.266465261996e-02       1.462852020874e+04 
       4.289263095237e-02       1.455371554359e+04 
       4.312401255639e-02       1.447879011065e+04 
       4.335896443142e-02       1.440382275543e+04 
       4.359766520032e-02       1.432869021136e+04 
       4.384030618811e-02       1.425335836753e+04 
       4.408709262643e-02       1.417789746416e+04 
       4.433824500167e-02       1.410227671956e+04 
       4.459400056723e-02       1.402650782796e+04 
       4.485461504426e-02       1.395044437034e+04 
       4.512036453906e-02       1.387421218378e+04 
       4.539154771049e-02       1.379773514913e+04 
       4.566848822681e-02       1.372095337678e+04 
       4.595153755833e-02       1.364386795719e+04 
       4.624107816139e-02       1.356653706212e+04 
       4.653752711965e-02       1.348877108882e+04 
       4.684134032173e-02       1.341070188180e+04 
       4.715301727024e-02       1.333212801302e+04 
       4.747310663700e-02       1.325313413239e+04 
       4.780221270340e-02       1.317367184442e+04 
       4.814100285503e-02       1.309362883478e+04 
       4.849021633749e-02       1.301300152933e+04 
       4.885067452707e-02       1.293175675616e+04 
       4.922329302914e-02       1.284978726324e+04 
       4.960909599182e-02       1.276704536084e+04 
       5.000923311649e-02       1.268344404178e+04 
       5.042499996672e-02       1.259890345276e+04 
       5.085786232947e-02       1.251332311223e+04 
       5.130948557676e-02       1.242661829211e+04 
       5.178177022358e-02       1.233861511836e+04 
       5.227689519273e-02       1.224916696390e+04 
       5.279737069573e-02       1.215811795105e+04 
       5.334610313742e-02       1.206526839922e+04 
       5.392647506411e-02       1.197032036566e+04 
       5.454244390215e-02       1.187304482583e+04 
       5.519866404304e-02       1.177302125647e+04 
       5.590063761873e-02       1.166979504859e+04 
       5.665489981573e-02       1.156282193017e+04 
       5.746924423008e-02       1.145137526720e+04 
       5.835299139430e-02       1.133446579630e+04 
       5.931729693214e-02       1.121094579404e+04 
       6.037548061659e-02       1.107913345063e+04 
       6.154332677937e-02       1.093696761438e+04 
       6.283924951609e-02       1.078153205517e+04 
       6.428412200760e-02       1.060904891018e+04 
       6.590044046093e-02       1.041459406835e+04 
       6.771038241880e-02       1.019203268949e+04 
       6.973239084979e-02       9.934364332645e+03 
       7.197645781100e-02       9.634583992369e+03 
       7.443944874826e-02       9.287750315777e+03 
       7.710297451492e-02       8.893293989579e+03 
       7.993590854309e-02       8.456931420447e+03 
       8.290096096843e-02       7.990872480599e+03 
       8.596199960688e-02       7.512221045757e+03 
       8.908891415961e-02       7.039577337176e+03 
       9.225917682311e-02       6.590452060486e+03 
       9.545714480531e-02       6.178622421311e+03 
       9.867248349194e-02       5.813424123007e+03 
       1.018985813824e-01       5.499233276509e+03 
       1.051312939058e-01       5.235882425867e+03 
       1.083680555199e-01       5.019573985996e+03 
       1.116072903370e-01       4.843639999857e+03 
       1.148480348489e-01       4.699455972957e+03 
       1.180897015493e-01       4.577557976974e+03 
       1.213319327186e-01       4.468206673400e+03 
       1.245745106753e-01       4.362489609298e+03 
       1.278173029422e-01       4.252969415982e+03 
       1.310602288371e-01       4.134305966837e+03 
       1.343032391516e-01       4.003571667142e+03 
       1.375463038023e-01       3.860335841501e+03 
       1.407894043308e-01       3.706372012487e+03 
       1.440325293496e-01       3.545193349293e+03 
       1.472756717767e-01       3.381370264879e+03 
       1.505188271565e-01       3.219789577659e+03 
       1.537619926395e-01       3.065090343667e+03 
       1.570051663624e-01       2.921291765011e+03 
       1.602483470701e-01       2.791209454231e+03 
       1.634915338867e-01       2.676445392282e+03 
       1.667347261744e-01       2.577384397257e+03 
       1.699779234482e-01       2.493270341939e+03 
       1.732211253224e-01       2.422460296526e+03 
       1.764643314786e-01       2.362597669867e+03 
       1.797075416448e-01       2.310717466109e+03 
       1.829507555826e-01       2.264080810841e+03 
       1.861939730793e-01       2.220040874921e+03 
       1.894371939418e-01       2.176000054376e+03 
       1.926804179937e-01       2.129654868909e+03 
       1.959236450720e-01       2.079624573241e+03 
       1.991668750259e-01       2.025294691355e+03 
       2.024101077147e-01       1.966838160263e+03 
       2.056533430074e-01       1.905104148448e+03 
       2.088965807814e-01       1.841408257149e+03 
       2.121398209217e-01       1.777309006090e+03 
       2.153830633205e-01       1.714361517897e+03 
       2.186263078764e-01       1.653944838916e+03 
       2.218695544940e-01       1.597128730147e+03 
       2.251128030837e-01       1.544748639239e+03 
       2.283560535607e-01       1.497162387258e+03 
       2.315993058452e-01       1.454606084143e+03 
       2.348425598618e-01       1.416811070228e+03 
       2.380858155393e-01       1.383391383814e+03 
       2.413290728101e-01       1.353637531506e+03 
       2.445723316106e-01       1.326678659672e+03 
       2.478155918802e-01       1.301589312593e+03 
       2.510588535617e-01       1.277424178853e+03 
       2.543021166007e-01       1.253403436443e+03 
       2.575453809456e-01       1.228915982055e+03 
       2.607886465474e-01       1.203567976875e+03 
       2.640319133594e-01       1.177174940506e+03 
       2.672751813374e-01       1.149742999557e+03 
       2.705184504392e-01       1.121446536711e+03 
       2.737617206245e-01       1.092588761025e+03 
       2.770049918551e-01       1.063582622162e+03 
       2.802482640946e-01       1.034892272986e+03 
       2.834915373080e-01       1.006986514344e+03 
       2.867348114622e-01       9.802881756315e+02 
       2.899780865254e-01       9.551153536926e+02 
       2.932213624673e-01       9.316627777526e+02 
       2.964646392588e-01       9.099735135856e+02 
       2.997079168724e-01       8.900049156733e+02 
       3.029511952813e-01       8.715670500698e+02 
       3.061944744602e-01       8.544448502673e+02 
       3.094377543848e-01       8.383841279767e+02 
       3.126810350318e-01       8.231118001108e+02 
       3.159243163787e-01       8.083739280878e+02 
       3.191675984041e-01       7.939124604468e+02 
       3.224108810876e-01       7.795181062815e+02 
       3.256541644092e-01       7.650307924834e+02 
       3.288974483501e-01       7.503537080999e+02 
       3.321407328919e-01       7.354667262268e+02 
       3.353840180173e-01       7.204179809890e+02 
       3.386273037092e-01       7.053059613739e+02 
       3.418705899516e-01       6.902580070490e+02 
       3.451138767289e-01       6.754104483014e+02 
       3.483571640260e-01       6.608857882324e+02 
       3.516004518285e-01       6.467974500417e+02 
       3.548437401224e-01       6.332305026078e+02 
       3.580870288944e-01       6.202495423859e+02 
       3.613303181315e-01       6.078969837498e+02 
       3.645736078213e-01       5.961840340628e+02 
       3.678168979516e-01       5.850825951231e+02 
       3.710601885110e-01       5.745340386991e+02 
       3.743034794883e-01       5.644565735981e+02 
       3.775467708725e-01       5.547514339820e+02 
       3.807900626533e-01       5.453216671200e+02 
       3.840333548205e-01       5.360860394786e+02 
       3.872766473645e-01       5.269824489020e+02 
       3.905199402758e-01       5.179648223182e+02 
       3.937632335453e-01       5.090111784391e+02 
       3.970065271641e-01       5.001063239042e+02 
       4.002498211238e-01       4.912495260431e+02 
       4.034931154161e-01       4.824506741057e+02 
       4.067364100329e-01       4.737310614888e+02 
       4.099797049667e-01       4.651246731757e+02 
       4.132230002098e-01       4.566725489312e+02 
       4.164662957551e-01       4.484085488675e+02 
       4.197095915954e-01       4.403691706909e+02 
       4.229528877240e-01       4.325715126008e+02 
       4.261961841343e-01       4.250233454759e+02 
       4.294394808199e-01       4.177204184829e+02 
       4.326827777745e-01       4.106553933524e+02 
       4.359260749921e-01       4.038136573159e+02 
       4.391693724669e-01       3.971857421575e+02 
       4.424126701932e-01       3.907541590535e+02 
       4.456559681655e-01       3.845008036289e+02 
       4.488992663785e-01       3.783999673942e+02 
       4.521425648268e-01       3.724264209140e+02 
       4.553858635056e-01       3.665551958814e+02 
       4.586291624099e-01       3.607663651595e+02 
       4.618724615348e-01       3.550474508414e+02 
       4.651157608759e-01       3.493959240618e+02 
       4.683590604286e-01       3.438143990289e+02 
       4.716023601884e-01       3.383067648556e+02 
       4.748456601512e-01       3.328783940400e+02 
       4.780889603128e-01       3.275335132704e+02 
       4.813322606691e-01       3.222789523604e+02 
       4.845755612164e-01       3.171216401132e+02 
       4.878188619506e-01       3.120690846957e+02 
       4.910621628681e-01       3.071333741327e+02 
       4.943054639653e-01       3.023202539208e+02 
       4.975487652387e-01       2.976351410606e+02 
       5.007920666848e-01       2.930723349199e+02 
       5.040353683003e-01       2.886270039261e+02 
       5.072786700819e-01       2.842864239488e+02 
       5.105219720264e-01       2.800394133716e+02 
       5.137652741308e-01       2.758786203297e+02 
       5.170085763921e-01       2.717970719546e+02 
       5.202518788072e-01       2.677884047986e+02 
       5.234951813734e-01       2.638479359453e+02 
       5.267384840877e-01       2.599696139239e+02 
       5.299817869476e-01       2.561483626243e+02 
       5.332250899503e-01       2.523783682149e+02 
       5.364683930932e-01       2.486600981105e+02 
       5.397116963739e-01       2.449944153748e+02 
       5.429549997897e-01       2.413861522821e+02 
       5.461983033384e-01       2.378401527349e+02 
       5.494416070175e-01       2.343590940102e+02 
       5.526849108247e-01       2.309449518001e+02 
       5.559282147579e-01       2.275953282272e+02 
       5.591715188147e-01       2.243094720895e+02 
       5.624148229931e-01       2.210854747294e+02 
       5.656581272909e-01       2.179223419885e+02 
       5.689014317062e-01       2.148205747550e+02 
       5.721447362368e-01       2.117796994743e+02 
       5.753880408809e-01       2.087996687411e+02 
       5.786313456366e-01       2.058766777803e+02 
       5.818746505019e-01       2.030042636133e+02 
       5.851179554750e-01       2.001792552668e+02 
       5.883612605542e-01       1.974001251199e+02 
       5.916045657377e-01       1.946623327253e+02 
       5.948478710237e-01       1.919677743355e+02 
       5.980911764107e-01       1.893159520234e+02 
       6.013344818970e-01       1.867065746486e+02 
       6.045777874809e-01       1.841381540773e+02 
       6.078210931609e-01       1.816088951221e+02 
       6.110643989356e-01       1.791178173746e+02 
       6.143077048032e-01       1.766620994345e+02 
       6.175510107625e-01       1.742445179094e+02 
       6.207943168120e-01       1.718665176933e+02 
       6.240376229502e-01       1.695298022211e+02 
       6.272809291757e-01       1.672330854537e+02 
       6.305242354873e-01       1.649766561902e+02 
       6.337675418836e-01       1.627593125658e+02 
       6.370108483633e-01       1.605776019129e+02 
       6.402541549251e-01       1.584303603059e+02 
       6.434974615678e-01       1.563177243278e+02 
       6.467407682901e-01       1.542386854453e+02 
       6.499840750909e-01       1.521941779138e+02 
       6.532273819691e-01       1.501834371465e+02 
       6.564706889233e-01       1.482052820820e+02 
       6.597139959526e-01       1.462549929485e+02 
       6.629573030558e-01       1.443333613122e+02 
       6.662006102319e-01       1.424388833105e+02 
       6.694439174797e-01       1.405714289178e+02 
       6.726872247982e-01       1.387312765213e+02 
       6.759305321865e-01       1.369201299966e+02 
       6.791738396435e-01       1.351356285525e+02 
       6.824171471682e-01       1.333794141820e+02 
       6.856604547597e-01       1.316491250716e+02 
       6.889037624170e-01       1.299441447676e+02 
       6.921470701391e-01       1.282633450185e+02 
       6.953903779253e-01       1.266064636097e+02 
       6.986336857746e-01       1.249752253035e+02 
       7.018769936861e-01       1.233696577236e+02 
       7.051203016589e-01       1.217891948769e+02 
       7.083636096922e-01       1.202337081494e+02 
       7.116069177853e-01       1.187004082426e+02 
       7.148502259372e-01       1.171894908286e+02 
       7.180935341471e-01       1.156990050882e+02 
       7.213368424143e-01       1.142299361984e+02 
       7.245801507381e-01       1.127815202278e+02 
       7.278234591176e-01       1.113552798739e+02 
       7.310667675521e-01       1.099497636519e+02 
       7.343100760409e-01       1.085655765720e+02 
       7.375533845832e-01       1.072000509719e+02 
       7.407966931784e-01       1.058516200983e+02 
       7.440400018258e-01       1.045215005810e+02 
       7.472833105247e-01       1.032098064061e+02 
       7.505266192743e-01       1.019161229513e+02 
       7.537699280742e-01       1.006424640012e+02 
       7.570132369235e-01       9.938708138022e+01 
       7.602565458217e-01       9.814939567525e+01 
       8.304829827412e-01       7.510992140351e+01 
       9.319606604773e-01       5.149619368796e+01 
       1.093097956108e+00       2.846646173815e+01 
       1.348248179181e+00       1.074196596635e+01 
       1.695016652404e+00       2.231366417337e+00 
       2.133858948982e+00       4.608084924179e-02 
       2.686369119258e+00       2.541671392300e-01 
       3.381938349629e+00       4.529493426753e-01 
       4.257608129469e+00       1.909097146173e-01 
       5.360011067650e+00       7.188080597771e-03 
       6.747854140563e+00       9.724263692083e-03 
       8.495045052635e+00       3.686997310220e-03 
       1.069462809110e+01       1.752325477946e-04 
       1.346373907357e+01       7.646330743719e-05 
       1.694984325749e+01       1.207594456557e-05 
       2.133858840278e+01       4.425518557478e-07 
       2.686369119207e+01       1.895471413081e-08 
       3.381938349629e+01       1.782081372657e-08 
       4.257608129469e+01       6.982848349256e-07 
       5.360011067650e+01       1.143374447294e-06 
       6.747854140563e+01       2.402669322503e-08 
       8.495045052635e+01       2.612398103953e-07 
       1.069462809110e+02       8.954876865642e-07 
