# Matter power spectrum P(k) at redshift z=0
# for k=1.03892e-05 to 100.018 h/Mpc,
# number of wavenumbers equal to 811
#    1:k (h/Mpc)              2:P (Mpc/h)^3        
       1.038922642939e-05       5.116730619998e+01 
       2.321812845909e-05       1.108985041097e+02 
       3.609173376214e-05       1.695112885672e+02 
       4.904439972694e-05       2.276638177403e+02 
       6.211104704304e-05       2.857256836202e+02 
       7.532746857735e-05       3.439709422173e+02 
       8.873064804492e-05       4.026320526695e+02 
       1.023590926816e-04       4.619218460480e+02 
       1.162531841578e-04       5.220447480856e+02 
       1.304555520066e-04       5.832034994775e+02 
       1.450114738458e-04       6.456037738960e+02 
       1.599693066204e-04       7.094577388766e+02 
       1.753809529236e-04       7.749870535660e+02 
       1.913023661048e-04       8.424255828373e+02 
       2.077940972509e-04       9.120219817406e+02 
       2.249218861034e-04       9.840422355772e+02 
       2.427572963948e-04       1.058772184233e+03 
       2.613783937365e-04       1.136520078112e+03 
       2.808704608154e-04       1.217619115972e+03 
       3.013267399410e-04       1.302429949563e+03 
       3.228491865615e-04       1.391343071645e+03 
       3.455492088576e-04       1.484780959588e+03 
       3.695483575494e-04       1.583199853469e+03 
       3.949789163640e-04       1.687090900192e+03 
       4.219843271948e-04       1.796980418840e+03 
       4.507193653102e-04       1.913428959704e+03 
       4.813499602484e-04       2.037028670514e+03 
       5.140525396193e-04       2.168398571546e+03 
       5.490127597171e-04       2.308177216293e+03 
       5.864234841229e-04       2.457012251886e+03 
       6.264818863382e-04       2.615546528197e+03 
       6.693855925968e-04       2.784400613169e+03 
       7.153278528514e-04       2.964151780429e+03 
       7.644918338936e-04       3.155310236656e+03 
       8.170442633386e-04       3.358293581665e+03 
       8.731288006756e-04       3.573401354990e+03 
       9.328596442615e-04       3.800791740611e+03 
       9.963159659543e-04       4.040462909825e+03 
       1.063537764581e-03       4.292241280239e+03 
       1.134523626239e-03       4.555778436307e+03 
       1.209230679194e-03       4.830557628311e+03 
       1.287576767919e-03       5.115909449950e+03 
       1.369444599257e-03       5.411057239995e+03 
       1.454687391959e-03       5.715126037661e+03 
       1.543135431684e-03       6.027116963366e+03 
       1.634602912099e-03       6.346024548991e+03 
       1.728894515478e-03       6.670833155071e+03 
       1.825811320550e-03       7.000541656457e+03 
       1.925155782887e-03       7.334182735525e+03 
       2.026735681319e-03       7.670838187131e+03 
       2.130367042364e-03       8.009648883430e+03 
       2.235876135455e-03       8.349821231527e+03 
       2.343100676636e-03       8.690629978206e+03 
       2.451890394377e-03       9.031417985501e+03 
       2.562107107073e-03       9.371594295299e+03 
       2.673624445823e-03       9.710631389701e+03 
       2.786327334635e-03       1.004806067130e+04 
       2.900111317649e-03       1.038346812254e+04 
       3.014881802039e-03       1.071649023078e+04 
       3.130553267074e-03       1.104680707146e+04 
       3.247048475047e-03       1.137414264440e+04 
       3.364297708069e-03       1.169825343608e+04 
       3.482238045924e-03       1.201893200722e+04 
       3.600812693636e-03       1.233599792264e+04 
       3.719970362791e-03       1.264929653610e+04 
       3.839664707406e-03       1.295869763251e+04 
       3.959853813072e-03       1.326408946103e+04 
       4.080499736700e-03       1.356538134754e+04 
       4.201568093487e-03       1.386249508555e+04 
       4.323027687306e-03       1.415536899837e+04 
       4.444850180647e-03       1.444395372906e+04 
       4.567009800288e-03       1.472821144709e+04 
       4.689483075068e-03       1.500811142678e+04 
       4.812248602367e-03       1.528363779651e+04 
       4.935286840186e-03       1.555477925054e+04 
       5.058579921982e-03       1.582152696296e+04 
       5.182111491712e-03       1.608388421614e+04 
       5.305866556801e-03       1.634185649355e+04 
       5.429831356981e-03       1.659545682867e+04 
       5.553993247203e-03       1.684469669290e+04 
       5.678340593007e-03       1.708959501752e+04 
       5.802862676925e-03       1.733017648307e+04 
       5.927549614682e-03       1.756646904136e+04 
       6.052392280055e-03       1.779848207478e+04 
       6.177382237451e-03       1.802623691676e+04 
       6.302511681309e-03       1.824978785303e+04 
       6.427773381594e-03       1.846914512909e+04 
       6.553160634691e-03       1.868435887319e+04 
       6.678667219123e-03       1.889546609955e+04 
       6.804287355565e-03       1.910249628120e+04 
       6.930015670697e-03       1.930548750317e+04 
       7.055847164480e-03       1.950447564055e+04 
       7.181777180500e-03       1.969950027377e+04 
       7.307801379070e-03       1.989059456497e+04 
       7.433915712780e-03       2.007780418024e+04 
       7.560116404275e-03       2.026115780323e+04 
       7.686399926014e-03       2.044070686271e+04 
       7.812762981825e-03       2.061648046019e+04 
       7.939202490069e-03       2.078852109419e+04 
       8.065715568266e-03       2.095687035277e+04 
       8.192299519033e-03       2.112156002358e+04 
       8.318951817208e-03       2.128262961906e+04 
       8.445670098062e-03       2.144012208178e+04 
       8.572452146474e-03       2.159407533261e+04 
       8.699295887004e-03       2.174453028428e+04 
       8.826199374763e-03       2.189152144391e+04 
       8.953160787016e-03       2.203508682258e+04 
       9.080178415459e-03       2.217526876820e+04 
       9.207250659091e-03       2.231210679588e+04 
       9.334376017655e-03       2.244563112414e+04 
       9.461553085572e-03       2.257588311816e+04 
       9.588780546346e-03       2.270289894113e+04 
       9.716057167395e-03       2.282671398655e+04 
       9.843381795262e-03       2.294737194470e+04 
       9.970753351189e-03       2.306489796855e+04 
       1.009817082702e-02       2.317933645308e+04 
       1.022563328138e-02       2.329072065827e+04 
       1.035313983621e-02       2.339907328660e+04 
       1.048068967341e-02       2.350443537879e+04 
       1.060828203188e-02       2.360686197441e+04 
       1.073591620467e-02       2.370639030334e+04 
       1.086359153639e-02       2.380300548311e+04 
       1.099130742072e-02       2.389678075551e+04 
       1.111906329821e-02       2.398774689960e+04 
       1.124685865418e-02       2.407590816329e+04 
       1.137469301670e-02       2.416133860915e+04 
       1.150256595483e-02       2.424404499621e+04 
       1.163047707693e-02       2.432406617230e+04 
       1.175842602905e-02       2.440142705908e+04 
       1.188641249350e-02       2.447617167085e+04 
       1.201443618746e-02       2.454831797042e+04 
       1.214249686173e-02       2.461790573504e+04 
       1.227059429957e-02       2.468496239529e+04 
       1.239872831558e-02       2.474954138198e+04 
       1.252689875467e-02       2.481161702533e+04 
       1.265510549116e-02       2.487126869775e+04 
       1.278334842789e-02       2.492850841006e+04 
       1.291162749538e-02       2.498337136805e+04 
       1.303994265110e-02       2.503588117895e+04 
       1.316829387881e-02       2.508605810211e+04 
       1.329668118784e-02       2.513395161067e+04 
       1.342510461258e-02       2.517956760327e+04 
       1.355356421189e-02       2.522295786348e+04 
       1.368206006859e-02       2.526411607108e+04 
       1.381059228906e-02       2.530311259336e+04 
       1.393916100277e-02       2.533993843949e+04 
       1.406776636193e-02       2.537463900092e+04 
       1.419640854111e-02       2.540724290456e+04 
       1.432508773700e-02       2.543777519902e+04 
       1.445380416806e-02       2.546625003805e+04 
       1.458255807434e-02       2.549269101125e+04 
       1.471134971720e-02       2.551714197698e+04 
       1.484017937920e-02       2.553962118415e+04 
       1.496904736387e-02       2.556015230312e+04 
       1.509795399561e-02       2.557877202016e+04 
       1.522689961960e-02       2.559548401426e+04 
       1.535588460169e-02       2.561032753602e+04 
       1.548490932832e-02       2.562332261535e+04 
       1.561397420656e-02       2.563449737409e+04 
       1.574307966400e-02       2.564388074017e+04 
       1.587222614882e-02       2.565148098098e+04 
       1.600141412980e-02       2.565733866478e+04 
       1.613064409636e-02       2.566145219009e+04 
       1.625991655862e-02       2.566387363802e+04 
       1.638923204749e-02       2.566461602835e+04 
       1.651859111480e-02       2.566369314554e+04 
       1.664799433338e-02       2.566115882596e+04 
       1.677744229721e-02       2.565700104721e+04 
       1.690693562161e-02       2.565127922100e+04 
       1.703647494338e-02       2.564394467937e+04 
       1.716606092099e-02       2.563508004980e+04 
       1.729569423481e-02       2.562470808280e+04 
       1.742537558732e-02       2.561282427387e+04 
       1.755510570338e-02       2.559947126354e+04 
       1.768488533045e-02       2.558466111244e+04 
       1.781471523888e-02       2.556841131878e+04 
       1.794459622222e-02       2.555075106763e+04 
       1.807452909752e-02       2.553170511739e+04 
       1.820451470563e-02       2.551127554432e+04 
       1.833455391158e-02       2.548948672114e+04 
       1.846464760492e-02       2.546640457744e+04 
       1.859479670009e-02       2.544198656214e+04 
       1.872500213684e-02       2.541630957713e+04 
       1.885526488061e-02       2.538933548783e+04 
       1.898558592297e-02       2.536109102517e+04 
       1.911596628205e-02       2.533165117926e+04 
       1.924640700304e-02       2.530098784631e+04 
       1.937690915863e-02       2.526913746219e+04 
       1.950747384953e-02       2.523614602077e+04 
       1.963810220498e-02       2.520196656788e+04 
       1.976879538329e-02       2.516667060988e+04 
       1.989955457238e-02       2.513025513851e+04 
       2.003038099040e-02       2.509272429797e+04 
       2.016127588626e-02       2.505414778133e+04 
       2.029224054028e-02       2.501452742533e+04 
       2.042327626483e-02       2.497382308555e+04 
       2.055438440499e-02       2.493209292963e+04 
       2.068556633919e-02       2.488941819104e+04 
       2.081682347996e-02       2.484573906823e+04 
       2.094815727463e-02       2.480107166205e+04 
       2.107956920606e-02       2.475545300739e+04 
       2.121106079346e-02       2.470891665704e+04 
       2.134263359313e-02       2.466146722530e+04 
       2.147428919931e-02       2.461309754877e+04 
       2.160602924503e-02       2.456388715464e+04 
       2.173785540298e-02       2.451375730568e+04 
       2.186976938640e-02       2.446282079645e+04 
       2.200177295002e-02       2.441100746396e+04 
       2.213386789100e-02       2.435840716361e+04 
       2.226605604995e-02       2.430505905258e+04 
       2.239833931193e-02       2.425083826720e+04 
       2.253071960749e-02       2.419593629370e+04 
       2.266319891380e-02       2.414016258922e+04 
       2.279577925570e-02       2.408382629765e+04 
       2.292846270690e-02       2.402665140551e+04 
       2.306125139117e-02       2.396884303678e+04 
       2.319414748354e-02       2.391028755286e+04 
       2.332715321158e-02       2.385104124291e+04 
       2.346027085672e-02       2.379115707865e+04 
       2.359350275556e-02       2.373063673012e+04 
       2.372685130130e-02       2.366948203819e+04 
       2.386031894514e-02       2.360772401788e+04 
       2.399390819777e-02       2.354533188598e+04 
       2.412762163093e-02       2.348242619053e+04 
       2.426146187892e-02       2.341890161713e+04 
       2.439543164029e-02       2.335483637169e+04 
       2.452953367946e-02       2.329014573481e+04 
       2.466377082853e-02       2.322498758680e+04 
       2.479814598899e-02       2.315929728872e+04 
       2.493266213362e-02       2.309317011526e+04 
       2.506732230841e-02       2.302647104679e+04 
       2.520212963448e-02       2.295929394463e+04 
       2.533708731018e-02       2.289166034996e+04 
       2.547219861317e-02       2.282354781387e+04 
       2.560746690259e-02       2.275501857205e+04 
       2.574289562134e-02       2.268610501629e+04 
       2.587848829840e-02       2.261673000459e+04 
       2.601424855124e-02       2.254694113708e+04 
       2.615018008833e-02       2.247675435837e+04 
       2.628628671169e-02       2.240622092037e+04 
       2.642257231958e-02       2.233527726861e+04 
       2.655904090928e-02       2.226398030699e+04 
       2.669569657994e-02       2.219236835414e+04 
       2.683254353554e-02       2.212044989131e+04 
       2.696958608796e-02       2.204810040337e+04 
       2.710682866020e-02       2.197551576176e+04 
       2.724427578962e-02       2.190264791316e+04 
       2.738193213142e-02       2.182941937380e+04 
       2.751980246214e-02       2.175594422268e+04 
       2.765789168337e-02       2.168219298261e+04 
       2.779620482556e-02       2.160814680804e+04 
       2.793474705194e-02       2.153392084829e+04 
       2.807352366270e-02       2.145936184713e+04 
       2.821254009921e-02       2.138460591103e+04 
       2.835180194845e-02       2.130962959402e+04 
       2.849131494763e-02       2.123445602189e+04 
       2.863108498899e-02       2.115907937437e+04 
       2.877111812472e-02       2.108342767184e+04 
       2.891142057220e-02       2.100765068683e+04 
       2.905199871931e-02       2.093168158568e+04 
       2.919285913007e-02       2.085554936558e+04 
       2.933400855045e-02       2.077927806553e+04 
       2.947545391441e-02       2.070282683136e+04 
       2.961720235026e-02       2.062619229382e+04 
       2.975926118717e-02       2.054948799854e+04 
       2.990163796208e-02       2.047262311364e+04 
       3.004434042682e-02       2.039560095419e+04 
       3.018737655555e-02       2.031848935573e+04 
       3.033075455253e-02       2.024131641146e+04 
       3.047448286026e-02       2.016396682978e+04 
       3.061857016788e-02       2.008654612623e+04 
       3.076302542009e-02       2.000909901240e+04 
       3.090785782629e-02       1.993144119975e+04 
       3.105307687032e-02       1.985380769372e+04 
       3.119869232049e-02       1.977605753643e+04 
       3.134471424015e-02       1.969829886573e+04 
       3.149115299874e-02       1.962041885042e+04 
       3.163801928332e-02       1.954251104872e+04 
       3.178532411072e-02       1.946459749776e+04 
       3.193307884017e-02       1.938661891810e+04 
       3.208129518661e-02       1.930866916438e+04 
       3.222998523465e-02       1.923056866286e+04 
       3.237916145315e-02       1.915247094776e+04 
       3.252883671060e-02       1.907434012356e+04 
       3.267902429120e-02       1.899631341479e+04 
       3.282973791180e-02       1.891817597410e+04 
       3.298099173971e-02       1.884010074096e+04 
       3.313280041138e-02       1.876193351519e+04 
       3.328517905210e-02       1.868382890482e+04 
       3.343814329670e-02       1.860568517522e+04 
       3.359170931139e-02       1.852757793213e+04 
       3.374589381675e-02       1.844951017734e+04 
       3.390071411198e-02       1.837144998990e+04 
       3.405618810047e-02       1.829345937502e+04 
       3.421233431678e-02       1.821546579492e+04 
       3.436917195518e-02       1.813744315563e+04 
       3.452672089976e-02       1.805942145744e+04 
       3.468500175632e-02       1.798150240599e+04 
       3.484403588603e-02       1.790361313284e+04 
       3.500384544118e-02       1.782575067242e+04 
       3.516445340293e-02       1.774792611628e+04 
       3.532588362145e-02       1.767016073334e+04 
       3.548816085839e-02       1.759238769595e+04 
       3.565131083206e-02       1.751474071735e+04 
       3.581536026536e-02       1.743709440655e+04 
       3.598033693675e-02       1.735943357473e+04 
       3.614626973450e-02       1.728189933498e+04 
       3.631318871440e-02       1.720433446318e+04 
       3.648112516130e-02       1.712692546095e+04 
       3.665011165467e-02       1.704947122553e+04 
       3.682018213864e-02       1.697215285124e+04 
       3.699137199672e-02       1.689481429302e+04 
       3.716371813175e-02       1.681750670463e+04 
       3.733725905139e-02       1.674031507133e+04 
       3.751203495968e-02       1.666312839907e+04 
       3.768808785517e-02       1.658595876475e+04 
       3.786546163621e-02       1.650888730919e+04 
       3.804420221400e-02       1.643183795099e+04 
       3.822435763412e-02       1.635483461766e+04 
       3.840597820729e-02       1.627785274359e+04 
       3.858911665022e-02       1.620095855010e+04 
       3.877382823744e-02       1.612400515540e+04 
       3.896017096531e-02       1.604712899178e+04 
       3.914820572912e-02       1.597028770729e+04 
       3.933799651479e-02       1.589346738605e+04 
       3.952961060649e-02       1.581666855466e+04 
       3.972311881184e-02       1.573986082986e+04 
       3.991859570646e-02       1.566306082626e+04 
       4.011611989981e-02       1.558625993452e+04 
       4.031577432478e-02       1.550951081620e+04 
       4.051764655330e-02       1.543274009229e+04 
       4.072182914103e-02       1.535589938903e+04 
       4.092842000428e-02       1.527908629656e+04 
       4.113752283270e-02       1.520223455031e+04 
       4.134924754215e-02       1.512535737530e+04 
       4.156371077201e-02       1.504839742386e+04 
       4.178103643268e-02       1.497144338121e+04 
       4.200135630908e-02       1.489434567087e+04 
       4.222481072715e-02       1.481726843466e+04 
       4.245154929133e-02       1.474007338226e+04 
       4.268173170212e-02       1.466278420132e+04 
       4.291552866430e-02       1.458537705188e+04 
       4.315312289772e-02       1.450784663009e+04 
       4.339471026507e-02       1.443016323846e+04 
       4.364050103247e-02       1.435235736104e+04 
       4.389072128219e-02       1.427438197838e+04 
       4.414561449945e-02       1.419626549356e+04 
       4.440544335924e-02       1.411788669611e+04 
       4.467049174356e-02       1.403928395596e+04 
       4.494106702499e-02       1.396042179017e+04 
       4.521750265889e-02       1.388138263366e+04 
       4.550016113459e-02       1.380197221302e+04 
       4.578943734550e-02       1.372229723718e+04 
       4.608576244960e-02       1.364221821823e+04 
       4.638960830631e-02       1.356173883040e+04 
       4.670149259324e-02       1.348086504168e+04 
       4.702198472785e-02       1.339952599377e+04 
       4.735171274612e-02       1.331774565385e+04 
       4.769137132355e-02       1.323530873458e+04 
       4.804173116565e-02       1.315236606831e+04 
       4.840365004720e-02       1.306867288300e+04 
       4.877808584554e-02       1.298433060879e+04 
       4.916611199626e-02       1.289920698219e+04 
       4.956893590514e-02       1.281312943788e+04 
       4.998792098423e-02       1.272614427506e+04 
       5.042461315084e-02       1.263807211656e+04 
       5.088077284597e-02       1.254879317669e+04 
       5.135841390588e-02       1.245820333411e+04 
       5.185985097268e-02       1.236614381591e+04 
       5.238775757251e-02       1.227235905322e+04 
       5.294523753990e-02       1.217669295520e+04 
       5.353591313136e-02       1.207880656583e+04 
       5.416403393891e-02       1.197844980616e+04 
       5.483461152136e-02       1.187510633869e+04 
       5.555358534914e-02       1.176834871357e+04 
       5.632802581481e-02       1.165750850871e+04 
       5.716637887099e-02       1.154174758835e+04 
       5.807875266862e-02       1.141994822106e+04 
       5.907723625763e-02       1.129072303160e+04 
       6.017621843407e-02       1.115215332222e+04 
       6.139263231739e-02       1.100167854676e+04 
       6.274597681226e-02       1.083591494464e+04 
       6.425785303435e-02       1.065037855429e+04 
       6.595062403837e-02       1.043934235033e+04 
       6.784476184349e-02       1.019586877505e+04 
       6.995472178243e-02       9.912554644538e+03 
       7.228405531365e-02       9.582863326066e+03 
       7.482177445369e-02       9.203630328329e+03 
       7.754252339652e-02       8.777392245705e+03 
       8.041144658632e-02       8.313609589847e+03 
       8.339154302514e-02       7.827870453974e+03 
       8.644988656118e-02       7.339056775749e+03 
       8.956066710664e-02       6.866139932528e+03 
       9.270538144214e-02       6.425479007673e+03 
       9.587154477471e-02       6.029022454406e+03 
       9.905106129801e-02       5.683626188601e+03 
       1.022388126709e-01       5.391270636367e+03 
       1.054316138810e-01       5.149795757670e+03 
       1.086275022458e-01       4.953489313688e+03 
       1.118252754596e-01       4.794376472745e+03 
       1.150241995918e-01       4.662949039109e+03 
       1.182238275066e-01       4.549139787706e+03 
       1.214238870508e-01       4.443278372668e+03 
       1.246242126085e-01       4.336787049657e+03 
       1.278247033504e-01       4.223061932762e+03 
       1.310252978217e-01       4.097805020943e+03 
       1.342259584932e-01       3.959361108879e+03 
       1.374266623763e-01       3.808514657528e+03 
       1.406273953242e-01       3.648102043912e+03 
       1.438281485712e-01       3.482410512491e+03 
       1.470289166315e-01       3.316447399403e+03 
       1.502296960226e-01       3.155264589199e+03 
       1.534304844897e-01       3.003323732977e+03 
       1.566312805340e-01       2.864151941869e+03 
       1.598320831255e-01       2.740056793135e+03 
       1.630328915276e-01       2.632083549052e+03 
       1.662337051901e-01       2.539991864025e+03 
       1.694345236836e-01       2.462503013261e+03 
       1.726353466587e-01       2.397473074773e+03 
       1.758361738207e-01       2.342192459129e+03 
       1.790370049142e-01       2.293648245907e+03 
       1.822378397126e-01       2.248935740200e+03 
       1.854386780118e-01       2.205657029153e+03 
       1.886395196254e-01       2.160902440603e+03 
       1.918403643822e-01       2.112891549409e+03 
       1.950412121240e-01       2.060583958096e+03 
       1.982420627033e-01       2.003770991434e+03 
       2.014429159831e-01       1.943001525270e+03 
       2.046437718350e-01       1.879460333052e+03 
       2.078446301391e-01       1.814652043146e+03 
       2.110454907826e-01       1.750209693779e+03 
       2.142463536600e-01       1.687630626371e+03 
       2.174472186716e-01       1.628218098392e+03 
       2.206480857239e-01       1.572962330007e+03 
       2.238489547288e-01       1.522476682319e+03 
       2.270498256030e-01       1.477052480342e+03 
       2.302506982680e-01       1.436699096459e+03 
       2.334515726498e-01       1.401082517197e+03 
       2.366524486781e-01       1.369599219172e+03 
       2.398533262865e-01       1.341423219827e+03 
       2.430542054123e-01       1.315657423778e+03 
       2.462550859960e-01       1.291264439087e+03 
       2.494559679809e-01       1.267380396476e+03 
       2.526568513136e-01       1.243281673759e+03 
       2.558577359431e-01       1.218447742712e+03 
       2.590586218210e-01       1.192571961312e+03 
       2.622595089015e-01       1.165571503248e+03 
       2.654603971406e-01       1.137537703476e+03 
       2.686612864968e-01       1.108731675840e+03 
       2.718621769304e-01       1.079527782760e+03 
       2.750630684036e-01       1.050378434866e+03 
       2.782639608802e-01       1.021785109799e+03 
       2.814648543258e-01       9.942129509630e+02 
       2.846657487076e-01       9.680434672973e+02 
       2.878666439942e-01       9.435546236751e+02 
       2.910675401555e-01       9.208663104881e+02 
       2.942684371629e-01       8.999608169179e+02 
       2.974693349888e-01       8.807384848401e+02 
       3.006702336071e-01       8.629681449309e+02 
       3.038711329925e-01       8.464193492923e+02 
       3.070720331209e-01       8.308167300265e+02 
       3.102729339693e-01       8.158840654685e+02 
       3.134738355154e-01       8.013552038594e+02 
       3.166747377380e-01       7.869871691147e+02 
       3.198756406167e-01       7.725824251270e+02 
       3.230765441318e-01       7.580096906602e+02 
       3.262774482646e-01       7.432094031732e+02 
       3.294783529970e-01       7.281984417682e+02 
       3.326792583116e-01       7.130526222340e+02 
       3.358801641916e-01       6.978917717806e+02 
       3.390810706209e-01       6.828626725547e+02 
       3.422819775842e-01       6.680887666773e+02 
       3.454828850664e-01       6.536964974328e+02 
       3.486837930533e-01       6.397878411464e+02 
       3.518847015309e-01       6.264447377073e+02 
       3.550856104860e-01       6.137254853507e+02 
       3.582865199057e-01       6.016585400622e+02 
       3.614874297775e-01       5.902332310172e+02 
       3.646883400897e-01       5.794073746779e+02 
       3.678892508305e-01       5.691099747209e+02 
       3.710901619889e-01       5.592348727481e+02 
       3.742910735541e-01       5.496869843606e+02 
       3.774919855157e-01       5.403738758399e+02 
       3.806928978636e-01       5.312198214421e+02 
       3.838938105883e-01       5.221718692625e+02 
       3.870947236802e-01       5.131949973998e+02 
       3.902956371303e-01       5.042697655488e+02 
       3.934965509299e-01       4.953795868263e+02 
       3.966974650704e-01       4.865415214376e+02 
       3.998983795436e-01       4.777618350893e+02 
       4.030992943416e-01       4.690731350663e+02 
       4.063002094566e-01       4.605136868631e+02 
       4.095011248813e-01       4.521304870687e+02 
       4.127020406083e-01       4.439555012419e+02 
       4.159029566306e-01       4.360166193462e+02 
       4.191038729415e-01       4.283260174916e+02 
       4.223047895344e-01       4.208875150386e+02 
       4.255057064029e-01       4.136925785818e+02 
       4.287066235407e-01       4.067327510685e+02 
       4.319075409420e-01       3.999964855224e+02 
       4.351084586007e-01       3.934684011317e+02 
       4.383093765114e-01       3.871319678210e+02 
       4.415102946685e-01       3.809633517284e+02 
       4.447112130665e-01       3.749346031254e+02 
       4.479121317005e-01       3.690214126338e+02 
       4.511130505653e-01       3.631968307434e+02 
       4.543139696560e-01       3.574463432730e+02 
       4.575148889678e-01       3.517613482882e+02 
       4.607158084962e-01       3.461450873363e+02 
       4.639167282367e-01       3.405986197406e+02 
       4.671176481848e-01       3.351277140292e+02 
       4.703185683363e-01       3.297357114264e+02 
       4.735194886871e-01       3.244273763472e+02 
       4.767204092332e-01       3.192165520804e+02 
       4.799213299706e-01       3.141042630939e+02 
       4.831222508955e-01       3.091047752025e+02 
       4.863231720042e-01       3.042255906141e+02 
       4.895240932930e-01       2.994738371915e+02 
       4.927250147586e-01       2.948499478317e+02 
       4.959259363973e-01       2.903480412140e+02 
       4.991268582060e-01       2.859563039863e+02 
       5.023277801812e-01       2.816650485954e+02 
       5.055287023199e-01       2.774667581356e+02 
       5.087296246190e-01       2.733475528403e+02 
       5.119305470754e-01       2.693069713460e+02 
       5.151314696862e-01       2.653333850790e+02 
       5.183323924486e-01       2.614313057715e+02 
       5.215333153596e-01       2.575862843375e+02 
       5.247342384167e-01       2.537910516678e+02 
       5.279351616170e-01       2.500485189742e+02 
       5.311360849582e-01       2.463575459204e+02 
       5.343370084375e-01       2.427205592280e+02 
       5.375379320525e-01       2.391440120380e+02 
       5.407388558009e-01       2.356306816168e+02 
       5.439397796802e-01       2.321840028748e+02 
       5.471407036881e-01       2.288032609343e+02 
       5.503416278224e-01       2.254860024540e+02 
       5.535425520809e-01       2.222312188224e+02 
       5.567434764615e-01       2.190381243701e+02 
       5.599444009620e-01       2.159070269367e+02 
       5.631453255804e-01       2.128386592285e+02 
       5.663462503146e-01       2.098316186011e+02 
       5.695471751628e-01       2.068829612158e+02 
       5.727481001230e-01       2.039880690884e+02 
       5.759490251934e-01       2.011447495458e+02 
       5.791499503720e-01       1.983440129272e+02 
       5.823508756572e-01       1.955885780695e+02 
       5.855518010472e-01       1.928755020722e+02 
       5.887527265401e-01       1.902056072895e+02 
       5.919536521345e-01       1.875784288010e+02 
       5.951545778286e-01       1.849922905431e+02 
       5.983555036209e-01       1.824461132237e+02 
       6.015564295096e-01       1.799376344759e+02 
       6.047573554935e-01       1.774657526954e+02 
       6.079582815708e-01       1.750308718414e+02 
       6.111592077402e-01       1.726353002464e+02 
       6.143601340002e-01       1.702791763743e+02 
       6.175610603493e-01       1.679652138314e+02 
       6.207619867863e-01       1.656915706595e+02 
       6.239629133098e-01       1.634572536459e+02 
       6.271638399183e-01       1.612600710453e+02 
       6.303647666107e-01       1.590979528300e+02 
       6.335656933856e-01       1.569710161024e+02 
       6.367666202419e-01       1.548776091868e+02 
       6.399675471782e-01       1.528187056375e+02 
       6.431684741934e-01       1.507947032709e+02 
       6.463694012863e-01       1.488030946774e+02 
       6.495703284558e-01       1.468420481139e+02 
       6.527712557006e-01       1.449094067984e+02 
       6.559721830198e-01       1.430037667947e+02 
       6.591731104123e-01       1.411252196469e+02 
       6.623740378769e-01       1.392746798447e+02 
       6.655749654126e-01       1.374509401226e+02 
       6.687758930185e-01       1.356558325535e+02 
       6.719768206934e-01       1.338890984609e+02 
       6.751777484365e-01       1.321484113282e+02 
       6.783786762467e-01       1.304331018679e+02 
       6.815796041230e-01       1.287431620308e+02 
       6.847805320647e-01       1.270771851153e+02 
       6.879814600707e-01       1.254344852657e+02 
       6.911823881402e-01       1.238195680979e+02 
       6.943833162723e-01       1.222290040260e+02 
       6.975842444660e-01       1.206645744498e+02 
       7.007851727207e-01       1.191230179624e+02 
       7.039861010353e-01       1.176035846445e+02 
       7.071870294092e-01       1.161037929185e+02 
       7.103879578415e-01       1.146274207135e+02 
       7.135888863315e-01       1.131709704218e+02 
       7.167898148783e-01       1.117363026828e+02 
       7.199907434812e-01       1.103241691108e+02 
       7.231916721394e-01       1.089313338370e+02 
       7.263926008523e-01       1.075584031052e+02 
       7.295935296190e-01       1.062039302443e+02 
       7.327944584389e-01       1.048682573944e+02 
       7.359953873114e-01       1.035495693073e+02 
       7.391963162356e-01       1.022493924088e+02 
       7.423972452110e-01       1.009684196778e+02 
       7.455981742368e-01       9.970671035965e+01 
       7.487991033125e-01       9.846231812810e+01 
       7.677992948426e-01       9.142015496213e+01 
       7.870826812370e-01       8.484288145516e+01 
       8.066631169511e-01       7.868989136358e+01 
       8.265559073733e-01       7.292835169156e+01 
       8.467775908917e-01       6.753492465108e+01 
       8.673457173685e-01       6.248279086142e+01 
       8.882786305468e-01       5.774987156526e+01 
       9.095952607777e-01       5.331448201729e+01 
       9.313149332739e-01       4.915620961989e+01 
       9.534571959311e-01       4.525850823589e+01 
       9.760416696361e-01       4.160581948282e+01 
       9.990879229335e-01       3.818348916977e+01 
       1.022615371943e+00       3.497908694289e+01 
       1.046643205536e+00       3.198071410375e+01 
       1.071190334959e+00       2.917668838627e+01 
       1.096275366430e+00       2.655694586565e+01 
       1.121916594591e+00       2.411203415352e+01 
       1.148132014308e+00       2.183414022202e+01 
       1.174939347923e+00       1.971441043164e+01 
       1.202356084946e+00       1.774543185452e+01 
       1.230399531104e+00       1.591996576879e+01 
       1.259086863777e+00       1.423027329180e+01 
       1.288435191096e+00       1.267033214985e+01 
       1.318461612268e+00       1.123309553861e+01 
       1.349183277083e+00       9.913045426681e+00 
       1.380617443012e+00       8.704120517600e+00 
       1.412781528692e+00       7.601312940607e+00 
       1.445693163038e+00       6.597745574194e+00 
       1.479370229577e+00       5.688648927886e+00 
       1.513830905931e+00       4.868763016645e+00 
       1.549093698600e+00       4.132708511755e+00 
       1.585177473417e+00       3.475982240987e+00 
       1.622101482134e+00       2.892371453226e+00 
       1.659885385687e+00       2.378413789877e+00 
       1.698549274693e+00       1.929116206249e+00 
       1.738113687717e+00       1.539284304374e+00 
       1.778599627801e+00       1.204940727008e+00 
       1.820028577699e+00       9.216619455289e-01 
       1.862422514186e+00       6.850377781658e-01 
       1.905803921743e+00       4.909931436908e-01 
       1.950195805867e+00       3.354627431364e-01 
       1.995621706207e+00       2.145296539381e-01 
       2.042105709649e+00       1.243268305785e-01 
       2.089672463487e+00       6.136964994049e-02 
       2.138347188734e+00       2.203302034182e-02 
       2.188155693647e+00       3.003082336461e-03 
       2.239124387506e+00       1.097299448313e-03 
       2.291280294668e+00       1.331000121397e-02 
       2.344651068927e+00       3.679535480993e-02 
       2.399265008196e+00       6.895843057362e-02 
       2.455151069521e+00       1.073229622769e-01 
       2.512338884436e+00       1.496857642601e-01 
       2.570858774679e+00       1.940067239211e-01 
       2.630741768274e+00       2.384664196206e-01 
       2.692019615975e+00       2.816028267124e-01 
       2.754724808110e+00       3.219057731943e-01 
       2.818890591801e+00       3.582972414478e-01 
       2.884550988596e+00       3.899130293236e-01 
       2.951740812507e+00       4.160449125763e-01 
       3.020495688467e+00       4.360119453904e-01 
       3.090852071223e+00       4.499969806951e-01 
       3.162847264659e+00       4.575010204236e-01 
       3.236519441580e+00       4.586977008768e-01 
       3.311907663949e+00       4.538761956443e-01 
       3.389051903600e+00       4.433863760615e-01 
       3.467993063429e+00       4.277482244469e-01 
       3.548772999085e+00       4.075605542587e-01 
       3.631434541159e+00       3.835018549193e-01 
       3.716021517895e+00       3.563427248852e-01 
       3.802578778426e+00       3.267959018032e-01 
       3.891152216559e+00       2.956899857368e-01 
       3.981788795102e+00       2.637802307521e-01 
       4.074536570770e+00       2.317841569014e-01 
       4.169444719661e+00       2.004149728885e-01 
       4.266563563331e+00       1.702204650553e-01 
       4.365944595477e+00       1.418275297501e-01 
       4.467640509238e+00       1.155603106155e-01 
       4.571705225133e+00       9.190248858596e-02 
       4.678193919651e+00       7.097001459148e-02 
       4.787163054510e+00       5.291929199433e-02 
       4.898670406585e+00       3.780180980920e-02 
       5.012775098552e+00       2.555427136615e-02 
       5.129537630227e+00       1.602419507243e-02 
       5.249019910652e+00       9.010450688910e-03 
       5.371285290913e+00       4.233468081745e-03 
       5.496398597731e+00       1.388731119607e-03 
       5.624426167840e+00       1.365842092577e-04 
       5.755435883152e+00       1.325135477923e-04 
       5.889497206750e+00       1.037570722029e-03 
       6.026681219725e+00       2.532141418144e-03 
       6.167060658854e+00       4.326124064344e-03 
       6.310709955176e+00       6.174176147732e-03 
       6.457705273448e+00       7.879662855426e-03 
       6.608124552534e+00       9.285709092300e-03 
       6.762047546726e+00       1.029469426675e-02 
       6.919555868034e+00       1.085605316951e-02 
       7.080733029454e+00       1.096345139631e-02 
       7.245664489252e+00       1.064602794307e-02 
       7.414437696269e+00       9.964520188154e-03 
       7.587142136294e+00       8.996119803488e-03 
       7.763869379508e+00       7.834624127423e-03 
       7.944713129033e+00       6.564947831631e-03 
       8.129769270621e+00       5.284459451569e-03 
       8.319135923486e+00       4.065146219544e-03 
       8.512913492334e+00       2.964726361916e-03 
       8.711204720597e+00       2.026915926483e-03 
       8.914114744910e+00       1.275802823490e-03 
       9.121751150853e+00       7.148563408843e-04 
       9.334224029997e+00       3.327326157649e-04 
       9.551646038275e+00       1.088313911428e-04 
       9.774132455713e+00       1.199176057290e-05 
       1.000180124755e+01       7.765721048004e-06 
       1.023477312681e+01       6.160258699247e-05 
       1.047317161825e+01       1.439335831785e-04 
       1.071712312390e+01       2.290880163531e-04 
       1.096675699010e+01       2.995086066450e-04 
       1.122220557602e+01       3.437374364543e-04 
       1.148360432387e+01       3.580223187275e-04 
       1.175109183074e+01       3.437362424982e-04 
       1.202480992205e+01       3.070665150167e-04 
       1.230490372674e+01       2.556969572967e-04 
       1.259152175426e+01       1.979851345397e-04 
       1.288481597329e+01       1.404327217115e-04 
       1.318494189229e+01       9.103204906931e-05 
       1.349205864201e+01       5.192626156209e-05 
       1.380632905981e+01       2.429421312787e-05 
       1.412791977603e+01       8.109799627343e-06 
       1.445700130231e+01       1.034514108713e-06 
       1.479374812205e+01       2.872244988659e-07 
       1.513833878286e+01       3.214617474983e-06 
       1.549095599127e+01       7.270395567857e-06 
       1.585178670960e+01       1.046539621348e-05 
       1.622102225506e+01       1.285965978683e-05 
       1.659885840123e+01       1.286058935370e-05 
       1.698549548184e+01       1.120070444854e-05 
       1.738113849699e+01       9.126927268365e-06 
       1.778599722183e+01       6.219724597162e-06 
       1.820028631782e+01       3.986792661639e-06 
       1.862422544653e+01       1.780472462727e-06 
       1.905803938609e+01       7.643979225036e-07 
       1.950195815040e+01       3.870319654976e-08 
       1.995621711105e+01       1.602289306496e-08 
       2.042105712218e+01       2.173974855707e-07 
       2.089672464809e+01       4.199159395681e-07 
       2.138347189401e+01       8.939023691363e-07 
       2.188155693977e+01       6.238078796920e-07 
       2.239124387666e+01       5.180679332806e-07 
       2.291280294744e+01       4.438979889009e-07 
       2.344651068962e+01       4.168579059043e-07 
       2.399265008212e+01       6.533629341295e-08 
       2.455151069528e+01       1.906935867081e-07 
       2.512338884439e+01       8.823472260961e-08 
       2.570858774681e+01       2.350124102508e-08 
       2.630741768274e+01       6.838869133850e-08 
       2.692019615975e+01       7.799832653397e-08 
       2.754724808110e+01       9.720051019173e-09 
       2.818890591801e+01       1.560614169432e-08 
       2.884550988596e+01       7.705923529713e-10 
       2.951740812507e+01       2.103368443015e-08 
       3.020495688467e+01       8.409281249667e-08 
       3.090852071223e+01       2.041195894373e-08 
       3.162847264659e+01       2.780820291719e-07 
       3.236519441580e+01       4.832691780394e-12 
       3.311907663949e+01       5.192790997315e-07 
       3.389051903600e+01       7.793000730893e-08 
       3.467993063429e+01       8.529921404341e-08 
       3.548772999085e+01       2.083322977890e-07 
       3.631434541159e+01       4.824540821322e-07 
       3.716021517895e+01       4.851137898865e-07 
       3.802578778426e+01       7.407762806971e-07 
       3.891152216559e+01       8.086627253850e-07 
       3.981788795102e+01       1.274764574475e-06 
       4.074536570770e+01       4.408254203336e-07 
       4.169444719661e+01       3.828923446000e-07 
       4.266563563331e+01       1.087537320908e-08 
       4.365944595477e+01       1.524247753221e-08 
       4.467640509238e+01       2.176671583316e-06 
       4.571705225133e+01       7.975788817579e-07 
       4.678193919651e+01       1.383305574162e-08 
       4.787163054510e+01       3.734878546289e-07 
       4.898670406585e+01       1.202312976701e-06 
       5.012775098552e+01       2.626894443880e-11 
       5.129537630227e+01       1.695493272648e-05 
       5.249019910652e+01       1.147302784769e-06 
       5.371285290913e+01       2.784008319043e-06 
       5.496398597731e+01       8.441568733113e-08 
       5.624426167840e+01       4.339836916972e-06 
       5.755435883152e+01       1.801202035380e-06 
       5.889497206750e+01       6.778889254301e-06 
       6.026681219725e+01       6.816890317341e-06 
       6.167060658854e+01       1.383904061584e-06 
       6.310709955176e+01       1.157051115043e-09 
       6.457705273448e+01       8.663340837248e-06 
       6.608124552534e+01       1.095096525931e-06 
       6.762047546726e+01       5.461325691267e-06 
       6.919555868034e+01       1.736201877154e-08 
       7.080733029454e+01       1.378126856750e-05 
       7.245664489252e+01       2.703577551460e-08 
       7.414437696269e+01       8.428696331051e-06 
       7.587142136294e+01       2.821102152817e-07 
       7.763869379508e+01       4.731822131865e-07 
       7.944713129033e+01       1.786051330568e-06 
       8.129769270621e+01       4.800325129767e-07 
       8.319135923485e+01       7.570236408052e-08 
       8.512913492334e+01       1.202633655391e-07 
       8.711204720597e+01       1.193465316698e-07 
       8.914114744910e+01       7.986244708002e-07 
       9.121751150853e+01       4.699810178837e-07 
       9.334224029997e+01       1.313948077127e-09 
       9.551646038275e+01       9.449043368982e-09 
       9.774132455713e+01       1.224014798641e-06 
       1.000180124755e+02       1.897587631272e-06 
