# dimensionless [l(l+1)/2pi] C_l's for tensor mode
# for l=2 to 500, i.e. number of multipoles equal to 499
#
# -> if you prefer output in CAMB/HealPix/LensPix units/order, set 'format' to 'camb' in input file
# -> if you don't want to see such a header, set 'headers' to 'no' in input file
# -> for CMB lensing (phi), these are C_l^phi-phi for the lensing potential.
#    Remember the conversion factors:
#    C_l^dd (deflection) = l(l+1) C_l^phi-phi
#    C_l^gg (shear/convergence) = 1/4 (l(l+1))^2 C_l^phi-phi
#
# 1:l     2:TT                     3:EE                     4:TE                     5:BB                     6:phiphi                 7:TPhi                   8:Ephi               
    2       1.419682437510e-10       2.686460068388e-15       1.661972761957e-13       4.801532469386e-15       0.000000000000e+00       0.000000000000e+00       0.000000000000e+00 
    3       1.089248011339e-10       2.843744833191e-15      -8.079261874010e-15       4.836400782299e-15       0.000000000000e+00       0.000000000000e+00       0.000000000000e+00 
    4       9.768596593421e-11       2.609797863228e-15      -6.058841146722e-14       4.206585881554e-15       0.000000000000e+00       0.000000000000e+00       0.000000000000e+00 
    5       9.297670394674e-11       2.086011769929e-15      -7.148923381217e-14       3.295429736118e-15       0.000000000000e+00       0.000000000000e+00       0.000000000000e+00 
    6       9.019561841791e-11       1.503435475750e-15      -6.796759737463e-14       2.391294571565e-15       0.000000000000e+00       0.000000000000e+00       0.000000000000e+00 
    7       8.843593041436e-11       1.023522283055e-15      -6.030760278459e-14       1.653091767417e-15       0.000000000000e+00       0.000000000000e+00       0.000000000000e+00 
    8       8.724625419230e-11       7.121197805546e-16      -5.304586920276e-14       1.133970702114e-15       0.000000000000e+00       0.000000000000e+00       0.000000000000e+00 
    9       8.638130443664e-11       5.640861368571e-16      -4.786815912367e-14       8.220849764821e-16       0.000000000000e+00       0.000000000000e+00       0.000000000000e+00 
   10       8.569950174858e-11       5.398849890262e-16      -4.510568493393e-14       6.755209050740e-16       0.000000000000e+00       0.000000000000e+00       0.000000000000e+00 
   11       8.511796859727e-11       5.940709377886e-16      -4.453382624453e-14       6.461125929804e-16       0.000000000000e+00       0.000000000000e+00       0.000000000000e+00 
   12       8.458860841042e-11       6.908876536423e-16      -4.576362360473e-14       6.918629486124e-16       0.000000000000e+00       0.000000000000e+00       0.000000000000e+00 
   13       8.408285271538e-11       8.079829114511e-16      -4.840737720627e-14       7.820402370177e-16       0.000000000000e+00       0.000000000000e+00       0.000000000000e+00 
   14       8.358293919820e-11       9.347530192487e-16      -5.215801981477e-14       8.964532684281e-16       0.000000000000e+00       0.000000000000e+00       0.000000000000e+00 
   15       8.307775539399e-11       1.067182767723e-15      -5.679678827020e-14       1.023904090121e-15       0.000000000000e+00       0.000000000000e+00       0.000000000000e+00 
   16       8.256068982579e-11       1.204517006046e-15      -6.216624322261e-14       1.158890172830e-15       0.000000000000e+00       0.000000000000e+00       0.000000000000e+00 
   17       8.202813928685e-11       1.347502850544e-15      -6.815323539233e-14       1.298638511958e-15       0.000000000000e+00       0.000000000000e+00       0.000000000000e+00 
   18       8.147239072641e-11       1.495984287899e-15      -7.468198250459e-14       1.442810239292e-15       0.000000000000e+00       0.000000000000e+00       0.000000000000e+00 
   19       8.091073724116e-11       1.649835459490e-15      -8.170516721774e-14       1.591189394009e-15       0.000000000000e+00       0.000000000000e+00       0.000000000000e+00 
   20       8.032391082342e-11       1.809112213262e-15      -8.916020622150e-14       1.743537556648e-15       0.000000000000e+00       0.000000000000e+00       0.000000000000e+00 
   21       7.972246024531e-11       1.973611728759e-15      -9.701390714472e-14       1.899754511117e-15       0.000000000000e+00       0.000000000000e+00       0.000000000000e+00 
   22       7.910094299690e-11       2.143081243406e-15      -1.052324423307e-13       2.059855672408e-15       0.000000000000e+00       0.000000000000e+00       0.000000000000e+00 
   23       7.846680604009e-11       2.317378285388e-15      -1.137821797379e-13       2.223743143304e-15       0.000000000000e+00       0.000000000000e+00       0.000000000000e+00 
   24       7.781397663476e-11       2.496430749461e-15      -1.226240024450e-13       2.391310226762e-15       0.000000000000e+00       0.000000000000e+00       0.000000000000e+00 
   25       7.714837455815e-11       2.680180509195e-15      -1.317277179633e-13       2.562364896479e-15       0.000000000000e+00       0.000000000000e+00       0.000000000000e+00 
   26       7.646670501492e-11       2.868624462060e-15      -1.410631324699e-13       2.736694892984e-15       0.000000000000e+00       0.000000000000e+00       0.000000000000e+00 
   27       7.577141492401e-11       3.061864921414e-15      -1.506044895949e-13       2.914044580830e-15       0.000000000000e+00       0.000000000000e+00       0.000000000000e+00 
   28       7.505849527315e-11       3.260014263999e-15      -1.603260646069e-13       3.094156501976e-15       0.000000000000e+00       0.000000000000e+00       0.000000000000e+00 
   29       7.433579563663e-11       3.462894087729e-15      -1.702048043996e-13       3.276811193468e-15       0.000000000000e+00       0.000000000000e+00       0.000000000000e+00 
   30       7.360419684328e-11       3.670205101342e-15      -1.802171004221e-13       3.461814561471e-15       0.000000000000e+00       0.000000000000e+00       0.000000000000e+00 
   31       7.285553998836e-11       3.881616266257e-15      -1.903385487385e-13       3.648977562527e-15       0.000000000000e+00       0.000000000000e+00       0.000000000000e+00 
   32       7.209501851916e-11       4.096835486854e-15      -2.005479442283e-13       3.838061328949e-15       0.000000000000e+00       0.000000000000e+00       0.000000000000e+00 
   33       7.132491338349e-11       4.315560481557e-15      -2.108247739912e-13       4.028811846267e-15       0.000000000000e+00       0.000000000000e+00       0.000000000000e+00 
   34       7.054142936262e-11       4.537483525937e-15      -2.211486906911e-13       4.220979191023e-15       0.000000000000e+00       0.000000000000e+00       0.000000000000e+00 
   35       6.974789734588e-11       4.762379693358e-15      -2.315011865654e-13       4.414335692816e-15       0.000000000000e+00       0.000000000000e+00       0.000000000000e+00 
   36       6.894469856474e-11       4.990048642162e-15      -2.418646033705e-13       4.608664498883e-15       0.000000000000e+00       0.000000000000e+00       0.000000000000e+00 
   37       6.812837354625e-11       5.220296110356e-15      -2.522210814958e-13       4.803744877985e-15       0.000000000000e+00       0.000000000000e+00       0.000000000000e+00 
   38       6.730316918449e-11       5.452949690969e-15      -2.625502277414e-13       4.999317001379e-15       0.000000000000e+00       0.000000000000e+00       0.000000000000e+00 
   39       6.647230612679e-11       5.687848928745e-15      -2.728307307189e-13       5.195105152856e-15       0.000000000000e+00       0.000000000000e+00       0.000000000000e+00 
   40       6.563426107078e-11       5.924841766851e-15      -2.830410000545e-13       5.390826490009e-15       0.000000000000e+00       0.000000000000e+00       0.000000000000e+00 
   41       6.478510196497e-11       6.163779461551e-15      -2.931629729050e-13       5.586198134371e-15       0.000000000000e+00       0.000000000000e+00       0.000000000000e+00 
   42       6.392758528643e-11       6.404498077642e-15      -3.031949911334e-13       5.780962468917e-15       0.000000000000e+00       0.000000000000e+00       0.000000000000e+00 
   43       6.306419584955e-11       6.646831849699e-15      -3.131431389730e-13       5.974869199708e-15       0.000000000000e+00       0.000000000000e+00       0.000000000000e+00 
   44       6.219428723308e-11       6.890618405720e-15      -3.230180812664e-13       6.167668458735e-15       0.000000000000e+00       0.000000000000e+00       0.000000000000e+00 
   45       6.131576749790e-11       7.135686818071e-15      -3.328279794491e-13       6.359106570093e-15       0.000000000000e+00       0.000000000000e+00       0.000000000000e+00 
   46       6.043145456874e-11       7.381817183642e-15      -3.425540703706e-13       6.548911834688e-15       0.000000000000e+00       0.000000000000e+00       0.000000000000e+00 
   47       5.954411754517e-11       7.628769185561e-15      -3.521682511096e-13       6.736804498927e-15       0.000000000000e+00       0.000000000000e+00       0.000000000000e+00 
   48       5.865448300012e-11       7.876292577471e-15      -3.616396556162e-13       6.922500385709e-15       0.000000000000e+00       0.000000000000e+00       0.000000000000e+00 
   49       5.776105321529e-11       8.124126620473e-15      -3.709345041373e-13       7.105710652375e-15       0.000000000000e+00       0.000000000000e+00       0.000000000000e+00 
   50       5.686150008881e-11       8.371992234436e-15      -3.800189108198e-13       7.286154559728e-15       0.000000000000e+00       0.000000000000e+00       0.000000000000e+00 
   51       5.595771460267e-11       8.619567246626e-15      -3.888685542896e-13       7.463602426746e-15       0.000000000000e+00       0.000000000000e+00       0.000000000000e+00 
   52       5.505181378482e-11       8.866503451319e-15      -3.974613717647e-13       7.637843917035e-15       0.000000000000e+00       0.000000000000e+00       0.000000000000e+00 
   53       5.414457976788e-11       9.112432423826e-15      -4.057748192035e-13       7.808676408269e-15       0.000000000000e+00       0.000000000000e+00       0.000000000000e+00 
   54       5.323535217380e-11       9.356964614584e-15      -4.137858599394e-13       7.975905362418e-15       0.000000000000e+00       0.000000000000e+00       0.000000000000e+00 
   55       5.232298282903e-11       9.599726448087e-15      -4.214734012817e-13       8.139346590068e-15       0.000000000000e+00       0.000000000000e+00       0.000000000000e+00 
   56       5.140922418255e-11       9.840484487446e-15      -4.288263391903e-13       8.298832853899e-15       0.000000000000e+00       0.000000000000e+00       0.000000000000e+00 
   57       5.049599414690e-11       1.007905052820e-14      -4.358374921617e-13       8.454209554144e-15       0.000000000000e+00       0.000000000000e+00       0.000000000000e+00 
   58       4.958432273274e-11       1.031524685824e-14      -4.425014105361e-13       8.605333412603e-15       0.000000000000e+00       0.000000000000e+00       0.000000000000e+00 
   59       4.867428582298e-11       1.054890683260e-14      -4.488144605056e-13       8.752072916667e-15       0.000000000000e+00       0.000000000000e+00       0.000000000000e+00 
   60       4.776493894695e-11       1.077987544824e-14      -4.547749081236e-13       8.894308763353e-15       0.000000000000e+00       0.000000000000e+00       0.000000000000e+00 
   61       4.685512683221e-11       1.100800121943e-14      -4.603816782301e-13       9.031931778385e-15       0.000000000000e+00       0.000000000000e+00       0.000000000000e+00 
   62       4.594627422372e-11       1.123310837229e-14      -4.656301156450e-13       9.164835123106e-15       0.000000000000e+00       0.000000000000e+00       0.000000000000e+00 
   63       4.504010682592e-11       1.145501940062e-14      -4.705154172747e-13       9.292921118304e-15       0.000000000000e+00       0.000000000000e+00       0.000000000000e+00 
   64       4.413779312568e-11       1.167356350742e-14      -4.750339143724e-13       9.416103971506e-15       0.000000000000e+00       0.000000000000e+00       0.000000000000e+00 
   65       4.323990595420e-11       1.188857690372e-14      -4.791831145035e-13       9.534310140891e-15       0.000000000000e+00       0.000000000000e+00       0.000000000000e+00 
   66       4.234638404897e-11       1.209990310729e-14      -4.829617435105e-13       9.647478699207e-15       0.000000000000e+00       0.000000000000e+00       0.000000000000e+00 
   67       4.145649361565e-11       1.230739324148e-14      -4.863697874782e-13       9.755561697685e-15       0.000000000000e+00       0.000000000000e+00       0.000000000000e+00 
   68       4.056942909260e-11       1.251090094572e-14      -4.894079328581e-13       9.858515801331e-15       0.000000000000e+00       0.000000000000e+00       0.000000000000e+00 
   69       3.968634272107e-11       1.271026524189e-14      -4.920756613020e-13       9.956274413165e-15       0.000000000000e+00       0.000000000000e+00       0.000000000000e+00 
   70       3.880865905706e-11       1.290532471702e-14      -4.943728424059e-13       1.004877052942e-14       0.000000000000e+00       0.000000000000e+00       0.000000000000e+00 
   71       3.793745046133e-11       1.309592276240e-14      -4.963003274903e-13       1.013594510656e-14       0.000000000000e+00       0.000000000000e+00       0.000000000000e+00 
   72       3.707341500916e-11       1.328190773454e-14      -4.978599761737e-13       1.021774720194e-14       0.000000000000e+00       0.000000000000e+00       0.000000000000e+00 
   73       3.621685440020e-11       1.346313311619e-14      -4.990546829448e-13       1.029413411452e-14       0.000000000000e+00       0.000000000000e+00       0.000000000000e+00 
   74       3.536765186832e-11       1.363945767722e-14      -4.998884037354e-13       1.036507152547e-14       0.000000000000e+00       0.000000000000e+00       0.000000000000e+00 
   75       3.452525009133e-11       1.381074563565e-14      -5.003661824934e-13       1.043053363893e-14       0.000000000000e+00       0.000000000000e+00       0.000000000000e+00 
   76       3.368907209547e-11       1.397686809541e-14      -5.004935131413e-13       1.049050315210e-14       0.000000000000e+00       0.000000000000e+00       0.000000000000e+00 
   77       3.285992141098e-11       1.413770730658e-14      -5.002742323879e-13       1.054497084836e-14       0.000000000000e+00       0.000000000000e+00       0.000000000000e+00 
   78       3.203879829445e-11       1.429315347804e-14      -4.997122891527e-13       1.059393618519e-14       0.000000000000e+00       0.000000000000e+00       0.000000000000e+00 
   79       3.122646658931e-11       1.444310375376e-14      -4.988123878263e-13       1.063740759312e-14       0.000000000000e+00       0.000000000000e+00       0.000000000000e+00 
   80       3.042344071965e-11       1.458746239992e-14      -4.975800012146e-13       1.067540261286e-14       0.000000000000e+00       0.000000000000e+00       0.000000000000e+00 
   81       2.962997268395e-11       1.472614099205e-14      -4.960213834831e-13       1.070794803254e-14       0.000000000000e+00       0.000000000000e+00       0.000000000000e+00 
   82       2.884603904888e-11       1.485905860221e-14      -4.941435831015e-13       1.073508002482e-14       0.000000000000e+00       0.000000000000e+00       0.000000000000e+00 
   83       2.807132794306e-11       1.498614198608e-14      -4.919544557874e-13       1.075684428412e-14       0.000000000000e+00       0.000000000000e+00       0.000000000000e+00 
   84       2.730552094551e-11       1.510732283728e-14      -4.894621087349e-13       1.077329121753e-14       0.000000000000e+00       0.000000000000e+00       0.000000000000e+00 
   85       2.654922093382e-11       1.522252861710e-14      -4.866730990809e-13       1.078446030111e-14       0.000000000000e+00       0.000000000000e+00       0.000000000000e+00 
   86       2.580315492245e-11       1.533169054057e-14      -4.835939591270e-13       1.079039336964e-14       0.000000000000e+00       0.000000000000e+00       0.000000000000e+00 
   87       2.506788491286e-11       1.543474651001e-14      -4.802317418375e-13       1.079113938553e-14       0.000000000000e+00       0.000000000000e+00       0.000000000000e+00 
   88       2.434379984350e-11       1.553164125291e-14      -4.765940242264e-13       1.078675449293e-14       0.000000000000e+00       0.000000000000e+00       0.000000000000e+00 
   89       2.363110753979e-11       1.562232645975e-14      -4.726889107425e-13       1.077730207169e-14       0.000000000000e+00       0.000000000000e+00       0.000000000000e+00 
   90       2.292982666412e-11       1.570676092189e-14      -4.685250366562e-13       1.076285279150e-14       0.000000000000e+00       0.000000000000e+00       0.000000000000e+00 
   91       2.223977866584e-11       1.578491066942e-14      -4.641115714453e-13       1.074348466587e-14       0.000000000000e+00       0.000000000000e+00       0.000000000000e+00 
   92       2.156057973125e-11       1.585674910900e-14      -4.594582221811e-13       1.071928310621e-14       0.000000000000e+00       0.000000000000e+00       0.000000000000e+00 
   93       2.089187523683e-11       1.592225487625e-14      -4.545747444712e-13       1.069033698074e-14       0.000000000000e+00       0.000000000000e+00       0.000000000000e+00 
   94       2.023410092999e-11       1.598140472402e-14      -4.494693837958e-13       1.065672599581e-14       0.000000000000e+00       0.000000000000e+00       0.000000000000e+00 
   95       1.958782187899e-11       1.603417981443e-14      -4.441502049176e-13       1.061853150783e-14       0.000000000000e+00       0.000000000000e+00       0.000000000000e+00 
   96       1.895349551230e-11       1.608056801407e-14      -4.386255601098e-13       1.057584034851e-14       0.000000000000e+00       0.000000000000e+00       0.000000000000e+00 
   97       1.833146689738e-11       1.612056400053e-14      -4.329040857819e-13       1.052874482408e-14       0.000000000000e+00       0.000000000000e+00       0.000000000000e+00 
   98       1.772196401944e-11       1.615416936882e-14      -4.269946991061e-13       1.047734271451e-14       0.000000000000e+00       0.000000000000e+00       0.000000000000e+00 
   99       1.712509306030e-11       1.618139273791e-14      -4.209065946440e-13       1.042173727269e-14       0.000000000000e+00       0.000000000000e+00       0.000000000000e+00 
  100       1.654083367711e-11       1.620224985719e-14      -4.146492409728e-13       1.036203722365e-14       0.000000000000e+00       0.000000000000e+00       0.000000000000e+00 
  101       1.596903428121e-11       1.621676371296e-14      -4.082323773117e-13       1.029835676379e-14       0.000000000000e+00       0.000000000000e+00       0.000000000000e+00 
  102       1.540940731685e-11       1.622496463490e-14      -4.016660101481e-13       1.023081556005e-14       0.000000000000e+00       0.000000000000e+00       0.000000000000e+00 
  103       1.486152454005e-11       1.622689040258e-14      -3.949604098645e-13       1.015953874916e-14       0.000000000000e+00       0.000000000000e+00       0.000000000000e+00 
  104       1.432499677671e-11       1.622258284352e-14      -3.881257146410e-13       1.008465238844e-14       0.000000000000e+00       0.000000000000e+00       0.000000000000e+00 
  105       1.380005102099e-11       1.621207687478e-14      -3.811706884928e-13       1.000626911030e-14       0.000000000000e+00       0.000000000000e+00       0.000000000000e+00 
  106       1.328702285575e-11       1.619541017266e-14      -3.741037883917e-13       9.924500519395e-15       0.000000000000e+00       0.000000000000e+00       0.000000000000e+00 
  107       1.278617627324e-11       1.617262661607e-14      -3.669335344108e-13       9.839461517764e-15       0.000000000000e+00       0.000000000000e+00       0.000000000000e+00 
  108       1.229770098111e-11       1.614377635439e-14      -3.596685020355e-13       9.751270254068e-15       0.000000000000e+00       0.000000000000e+00       0.000000000000e+00 
  109       1.182170970846e-11       1.610891587547e-14      -3.523173144742e-13       9.660048072806e-15       0.000000000000e+00       0.000000000000e+00       0.000000000000e+00 
  110       1.135823551188e-11       1.606810807351e-14      -3.448886349689e-13       9.565919463551e-15       0.000000000000e+00       0.000000000000e+00       0.000000000000e+00 
  111       1.090722908150e-11       1.602142231702e-14      -3.373911591063e-13       9.469012010170e-15       0.000000000000e+00       0.000000000000e+00       0.000000000000e+00 
  112       1.046855604699e-11       1.596893451674e-14      -3.298336071280e-13       9.369456340052e-15       0.000000000000e+00       0.000000000000e+00       0.000000000000e+00 
  113       1.004199428363e-11       1.591072719356e-14      -3.222247162419e-13       9.267386073338e-15       0.000000000000e+00       0.000000000000e+00       0.000000000000e+00 
  114       9.627231218348e-12       1.584688954646e-14      -3.145732329324e-13       9.162937772143e-15       0.000000000000e+00       0.000000000000e+00       0.000000000000e+00 
  115       9.223861135732e-12       1.577751752045e-14      -3.068879052713e-13       9.056250889783e-15       0.000000000000e+00       0.000000000000e+00       0.000000000000e+00 
  116       8.831512036878e-12       1.570270977809e-14      -2.991773000195e-13       8.947463762289e-15       0.000000000000e+00       0.000000000000e+00       0.000000000000e+00 
  117       8.450249473112e-12       1.562255491320e-14      -2.914492451422e-13       8.836701138595e-15       0.000000000000e+00       0.000000000000e+00       0.000000000000e+00 
  118       8.080216980505e-12       1.553714280292e-14      -2.837113047594e-13       8.724085031850e-15       0.000000000000e+00       0.000000000000e+00       0.000000000000e+00 
  119       7.721509388662e-12       1.544656859637e-14      -2.759709391523e-13       8.609738456648e-15       0.000000000000e+00       0.000000000000e+00       0.000000000000e+00 
  120       7.374171272234e-12       1.535093274633e-14      -2.682354955247e-13       8.493785343256e-15       0.000000000000e+00       0.000000000000e+00       0.000000000000e+00 
  121       7.038195402419e-12       1.525034104101e-14      -2.605121987648e-13       8.376350451855e-15       0.000000000000e+00       0.000000000000e+00       0.000000000000e+00 
  122       6.713521198480e-12       1.514490463569e-14      -2.528081422069e-13       8.257559286767e-15       0.000000000000e+00       0.000000000000e+00       0.000000000000e+00 
  123       6.400033179245e-12       1.503474008450e-14      -2.451302783928e-13       8.137538010690e-15       0.000000000000e+00       0.000000000000e+00       0.000000000000e+00 
  124       6.097559414623e-12       1.491996937207e-14      -2.374854098333e-13       8.016413358935e-15       0.000000000000e+00       0.000000000000e+00       0.000000000000e+00 
  125       5.805869977109e-12       1.480071994529e-14      -2.298801797700e-13       7.894312553654e-15       0.000000000000e+00       0.000000000000e+00       0.000000000000e+00 
  126       5.524675393291e-12       1.467712474498e-14      -2.223210629370e-13       7.771363218078e-15       0.000000000000e+00       0.000000000000e+00       0.000000000000e+00 
  127       5.253625095365e-12       1.454932223765e-14      -2.148143563221e-13       7.647693290748e-15       0.000000000000e+00       0.000000000000e+00       0.000000000000e+00 
  128       4.992305872636e-12       1.441745644716e-14      -2.073661699286e-13       7.523430939750e-15       0.000000000000e+00       0.000000000000e+00       0.000000000000e+00 
  129       4.740338825829e-12       1.428167156566e-14      -1.999824230108e-13       7.398701749043e-15       0.000000000000e+00       0.000000000000e+00       0.000000000000e+00 
  130       4.497685544382e-12       1.414209505064e-14      -1.926688519349e-13       7.273620110642e-15       0.000000000000e+00       0.000000000000e+00       0.000000000000e+00 
  131       4.264372747203e-12       1.399885272485e-14      -1.854309857259e-13       7.148296721670e-15       0.000000000000e+00       0.000000000000e+00       0.000000000000e+00 
  132       4.040395955343e-12       1.385207402395e-14      -1.782741315622e-13       7.022841123368e-15       0.000000000000e+00       0.000000000000e+00       0.000000000000e+00 
  133       3.825718648351e-12       1.370189198938e-14      -1.712033655762e-13       6.897361595806e-15       0.000000000000e+00       0.000000000000e+00       0.000000000000e+00 
  134       3.620271420634e-12       1.354844326132e-14      -1.642235236555e-13       6.771965052599e-15       0.000000000000e+00       0.000000000000e+00       0.000000000000e+00 
  135       3.423951137818e-12       1.339186807156e-14      -1.573391922432e-13       6.646756935618e-15       0.000000000000e+00       0.000000000000e+00       0.000000000000e+00 
  136       3.236620093102e-12       1.323231023647e-14      -1.505546991388e-13       6.521841109707e-15       0.000000000000e+00       0.000000000000e+00       0.000000000000e+00 
  137       3.058105163624e-12       1.306991714991e-14      -1.438741042992e-13       6.397319757394e-15       0.000000000000e+00       0.000000000000e+00       0.000000000000e+00 
  138       2.888196966812e-12       1.290483977612e-14      -1.373011906390e-13       6.273293273603e-15       0.000000000000e+00       0.000000000000e+00       0.000000000000e+00 
  139       2.726649016747e-12       1.273723264269e-14      -1.308394548318e-13       6.149860160372e-15       0.000000000000e+00       0.000000000000e+00       0.000000000000e+00 
  140       2.573176880524e-12       1.256725383346e-14      -1.244920981104e-13       6.027116921564e-15       0.000000000000e+00       0.000000000000e+00       0.000000000000e+00 
  141       2.427457334604e-12       1.239506498143e-14      -1.182620170681e-13       5.905157957582e-15       0.000000000000e+00       0.000000000000e+00       0.000000000000e+00 
  142       2.289127521179e-12       1.222083126169e-14      -1.121517944590e-13       5.784075460080e-15       0.000000000000e+00       0.000000000000e+00       0.000000000000e+00 
  143       2.157784104528e-12       1.204472138436e-14      -1.061636899991e-13       5.663959306678e-15       0.000000000000e+00       0.000000000000e+00       0.000000000000e+00 
  144       2.033058248185e-12       1.186690129232e-14      -1.002999018368e-13       5.544896518269e-15       0.000000000000e+00       0.000000000000e+00       0.000000000000e+00 
  145       1.914850658255e-12       1.168751456928e-14      -9.456339943869e-14       5.426969792899e-15       0.000000000000e+00       0.000000000000e+00       0.000000000000e+00 
  146       1.803118216375e-12       1.150670007775e-14      -8.895715571030e-14       5.310258626528e-15       0.000000000000e+00       0.000000000000e+00       0.000000000000e+00 
  147       1.697799835357e-12       1.132459803791e-14      -8.348387612297e-14       5.194839630615e-15       0.000000000000e+00       0.000000000000e+00       0.000000000000e+00 
  148       1.598816051304e-12       1.114134998436e-14      -7.814599107038e-14       5.080786424316e-15       0.000000000000e+00       0.000000000000e+00       0.000000000000e+00 
  149       1.506068615716e-12       1.095709872285e-14      -7.294564822483e-14       4.968169526687e-15       0.000000000000e+00       0.000000000000e+00       0.000000000000e+00 
  150       1.419440087603e-12       1.077198828703e-14      -6.788470489356e-14       4.857056248878e-15       0.000000000000e+00       0.000000000000e+00       0.000000000000e+00 
  151       1.338793425597e-12       1.058616389517e-14      -6.296472037510e-14       4.747510586339e-15       0.000000000000e+00       0.000000000000e+00       0.000000000000e+00 
  152       1.263971580058e-12       1.039977190695e-14      -5.818694831559e-14       4.639593111015e-15       0.000000000000e+00       0.000000000000e+00       0.000000000000e+00 
  153       1.194797085189e-12       1.021295978016e-14      -5.355232906513e-14       4.533360863550e-15       0.000000000000e+00       0.000000000000e+00       0.000000000000e+00 
  154       1.131071651144e-12       1.002587602745e-14      -4.906148203410e-14       4.428867245482e-15       0.000000000000e+00       0.000000000000e+00       0.000000000000e+00 
  155       1.072575756140e-12       9.838670173092e-15      -4.471469804948e-14       4.326161911447e-15       0.000000000000e+00       0.000000000000e+00       0.000000000000e+00 
  156       1.019068238567e-12       9.651492709710e-15      -4.051193171124e-14       4.225290661376e-15       0.000000000000e+00       0.000000000000e+00       0.000000000000e+00 
  157       9.702858890964e-13       9.464495055018e-15      -3.645279374858e-14       4.126295332697e-15       0.000000000000e+00       0.000000000000e+00       0.000000000000e+00 
  158       9.259430427963e-13       9.277829508572e-15      -3.253654337636e-14       4.029213692532e-15       0.000000000000e+00       0.000000000000e+00       0.000000000000e+00 
  159       8.857311712381e-13       9.091649208511e-15      -2.876208065138e-14       3.934079329899e-15       0.000000000000e+00       0.000000000000e+00       0.000000000000e+00 
  160       8.493184746086e-13       8.906108088294e-15      -2.512793882870e-14       3.840921547911e-15       0.000000000000e+00       0.000000000000e+00       0.000000000000e+00 
  161       8.164028983475e-13       8.721354913627e-15      -2.163275388210e-14       3.749768508373e-15       0.000000000000e+00       0.000000000000e+00       0.000000000000e+00 
  162       7.868773081102e-13       8.537514891431e-15      -1.827673577264e-14       3.660657204386e-15       0.000000000000e+00       0.000000000000e+00       0.000000000000e+00 
  163       7.606782101279e-13       8.354706344257e-15      -1.506031328573e-14       3.573624167731e-15       0.000000000000e+00       0.000000000000e+00       0.000000000000e+00 
  164       7.377334796177e-13       8.173046413909e-15      -1.198366316404e-14       3.488702203691e-15       0.000000000000e+00       0.000000000000e+00       0.000000000000e+00 
  165       7.179621986933e-13       7.992650990941e-15      -9.046704659147e-15       3.405920298213e-15       0.000000000000e+00       0.000000000000e+00       0.000000000000e+00 
  166       7.012744942745e-13       7.813634644173e-15      -6.249094083301e-15       3.325303525073e-15       0.000000000000e+00       0.000000000000e+00       0.000000000000e+00 
  167       6.875713759972e-13       7.636110550190e-15      -3.590219361086e-15       3.246872953043e-15       0.000000000000e+00       0.000000000000e+00       0.000000000000e+00 
  168       6.767445741243e-13       7.460190422852e-15      -1.069194581146e-15       3.170645553049e-15       0.000000000000e+00       0.000000000000e+00       0.000000000000e+00 
  169       6.686763774547e-13       7.285984442800e-15       1.315145452118e-15       3.096634105336e-15       0.000000000000e+00       0.000000000000e+00       0.000000000000e+00 
  170       6.632394712343e-13       7.113601186962e-15       3.564250666838e-15       3.024847106635e-15       0.000000000000e+00       0.000000000000e+00       0.000000000000e+00 
  171       6.602967750655e-13       6.943147558059e-15       5.679861171978e-15       2.955288677323e-15       0.000000000000e+00       0.000000000000e+00       0.000000000000e+00 
  172       6.597012808176e-13       6.774728714114e-15       7.664012705625e-15       2.887958468589e-15       0.000000000000e+00       0.000000000000e+00       0.000000000000e+00 
  173       6.612958905367e-13       6.608447997953e-15       9.519042083288e-15       2.822851569595e-15       0.000000000000e+00       0.000000000000e+00       0.000000000000e+00 
  174       6.649132543559e-13       6.444406866720e-15       1.124759264619e-14       2.759958414643e-15       0.000000000000e+00       0.000000000000e+00       0.000000000000e+00 
  175       6.703756084055e-13       6.282704821374e-15       1.285261970956e-14       2.699264690336e-15       0.000000000000e+00       0.000000000000e+00       0.000000000000e+00 
  176       6.774946127226e-13       6.123439336201e-15       1.433739601093e-14       2.640751242742e-15       0.000000000000e+00       0.000000000000e+00       0.000000000000e+00 
  177       6.860711891619e-13       5.966705788321e-15       1.570551715845e-14       2.584393984559e-15       0.000000000000e+00       0.000000000000e+00       0.000000000000e+00 
  178       6.958953593051e-13       5.812597387191e-15       1.696090707914e-14       2.530163802276e-15       0.000000000000e+00       0.000000000000e+00       0.000000000000e+00 
  179       7.067460823714e-13       5.661205104114e-15       1.810782346721e-14       2.478026463341e-15       0.000000000000e+00       0.000000000000e+00       0.000000000000e+00 
  180       7.184244629247e-13       5.512614682443e-15       1.915021655526e-14       2.427950052742e-15       0.000000000000e+00       0.000000000000e+00       0.000000000000e+00 
  181       7.308566643788e-13       5.366897549693e-15       2.008973704877e-14       2.379928137725e-15       0.000000000000e+00       0.000000000000e+00       0.000000000000e+00 
  182       7.439988836828e-13       5.224119045995e-15       2.092757993971e-14       2.333958270411e-15       0.000000000000e+00       0.000000000000e+00       0.000000000000e+00 
  183       7.578046777487e-13       5.084341197818e-15       2.166511999857e-14       2.290034559204e-15       0.000000000000e+00       0.000000000000e+00       0.000000000000e+00 
  184       7.722249242705e-13       4.947622636724e-15       2.230391484079e-14       2.248147603686e-15       0.000000000000e+00       0.000000000000e+00       0.000000000000e+00 
  185       7.872077825434e-13       4.814018518117e-15       2.284570799319e-14       2.208284429514e-15       0.000000000000e+00       0.000000000000e+00       0.000000000000e+00 
  186       8.026986542828e-13       4.683580440001e-15       2.329243196040e-14       2.170428423319e-15       0.000000000000e+00       0.000000000000e+00       0.000000000000e+00 
  187       8.186401444432e-13       4.556356361736e-15       2.364621129126e-14       2.134559267596e-15       0.000000000000e+00       0.000000000000e+00       0.000000000000e+00 
  188       8.349720220377e-13       4.432390522786e-15       2.390936564528e-14       2.100652875607e-15       0.000000000000e+00       0.000000000000e+00       0.000000000000e+00 
  189       8.516311809569e-13       4.311723361477e-15       2.408441285906e-14       2.068681326274e-15       0.000000000000e+00       0.000000000000e+00       0.000000000000e+00 
  190       8.685516007880e-13       4.194391433749e-15       2.417407201270e-14       2.038612799076e-15       0.000000000000e+00       0.000000000000e+00       0.000000000000e+00 
  191       8.856643076337e-13       4.080427331913e-15       2.418126649625e-14       2.010411508943e-15       0.000000000000e+00       0.000000000000e+00       0.000000000000e+00 
  192       9.028973349316e-13       3.969859603401e-15       2.410912707610e-14       1.984037641156e-15       0.000000000000e+00       0.000000000000e+00       0.000000000000e+00 
  193       9.201756842734e-13       3.862712669523e-15       2.396099496146e-14       1.959447286243e-15       0.000000000000e+00       0.000000000000e+00       0.000000000000e+00 
  194       9.374212862236e-13       3.759006744219e-15       2.374042487076e-14       1.936592374871e-15       0.000000000000e+00       0.000000000000e+00       0.000000000000e+00 
  195       9.545529611387e-13       3.658757752815e-15       2.345118809805e-14       1.915420612747e-15       0.000000000000e+00       0.000000000000e+00       0.000000000000e+00 
  196       9.714863799866e-13       3.561977250775e-15       2.309727557947e-14       1.895875415512e-15       0.000000000000e+00       0.000000000000e+00       0.000000000000e+00 
  197       9.881340251654e-13       3.468672342456e-15       2.268290095967e-14       1.877895843640e-15       0.000000000000e+00       0.000000000000e+00       0.000000000000e+00 
  198       1.004405151322e-12       3.378845599860e-15       2.221250365820e-14       1.861416537329e-15       0.000000000000e+00       0.000000000000e+00       0.000000000000e+00 
  199       1.020205746174e-12       3.292494981392e-15       2.169075193600e-14       1.846367651401e-15       0.000000000000e+00       0.000000000000e+00       0.000000000000e+00 
  200       1.035438491323e-12       3.209613750611e-15       2.112254596176e-14       1.832674790200e-15       0.000000000000e+00       0.000000000000e+00       0.000000000000e+00 
  201       1.050018270282e-12       3.130193747249e-15       2.051237129432e-14       1.820269392313e-15       0.000000000000e+00       0.000000000000e+00       0.000000000000e+00 
  202       1.063920008478e-12       3.054235629614e-15       1.986230148866e-14       1.809120846777e-15       0.000000000000e+00       0.000000000000e+00       0.000000000000e+00 
  203       1.077134178932e-12       2.981739207982e-15       1.917385856128e-14       1.799206548089e-15       0.000000000000e+00       0.000000000000e+00       0.000000000000e+00 
  204       1.089651568922e-12       2.912700087213e-15       1.844865088984e-14       1.790501618571e-15       0.000000000000e+00       0.000000000000e+00       0.000000000000e+00 
  205       1.101463286753e-12       2.847109595409e-15       1.768837435968e-14       1.782978874151e-15       0.000000000000e+00       0.000000000000e+00       0.000000000000e+00 
  206       1.112560768528e-12       2.784954712580e-15       1.689481351043e-14       1.776608790144e-15       0.000000000000e+00       0.000000000000e+00       0.000000000000e+00 
  207       1.122935784915e-12       2.726217999302e-15       1.606984268253e-14       1.771359467030e-15       0.000000000000e+00       0.000000000000e+00       0.000000000000e+00 
  208       1.132580447919e-12       2.670877525380e-15       1.521542716385e-14       1.767196596242e-15       0.000000000000e+00       0.000000000000e+00       0.000000000000e+00 
  209       1.141487217645e-12       2.618906798509e-15       1.433362433623e-14       1.764083425940e-15       0.000000000000e+00       0.000000000000e+00       0.000000000000e+00 
  210       1.149648909077e-12       2.570274692938e-15       1.342658482205e-14       1.761980726795e-15       0.000000000000e+00       0.000000000000e+00       0.000000000000e+00 
  211       1.157058698836e-12       2.524945378128e-15       1.249655363081e-14       1.760846757771e-15       0.000000000000e+00       0.000000000000e+00       0.000000000000e+00 
  212       1.163710131959e-12       2.482878247416e-15       1.154587130567e-14       1.760637231902e-15       0.000000000000e+00       0.000000000000e+00       0.000000000000e+00 
  213       1.169597128662e-12       2.444027846678e-15       1.057697507007e-14       1.761305282079e-15       0.000000000000e+00       0.000000000000e+00       0.000000000000e+00 
  214       1.174713991110e-12       2.408343802985e-15       9.592399974255e-15       1.762801426825e-15       0.000000000000e+00       0.000000000000e+00       0.000000000000e+00 
  215       1.179055410190e-12       2.375770753271e-15       8.594780041847e-15       1.765073536079e-15       0.000000000000e+00       0.000000000000e+00       0.000000000000e+00 
  216       1.182616472275e-12       2.346248272993e-15       7.586849416440e-15       1.768066796977e-15       0.000000000000e+00       0.000000000000e+00       0.000000000000e+00 
  217       1.185392665995e-12       2.319710804789e-15       6.571443508144e-15       1.771723679633e-15       0.000000000000e+00       0.000000000000e+00       0.000000000000e+00 
  218       1.187379889009e-12       2.296087587146e-15       5.551500140167e-15       1.775983902919e-15       0.000000000000e+00       0.000000000000e+00       0.000000000000e+00 
  219       1.188574454769e-12       2.275302583054e-15       4.530060695375e-15       1.780784400244e-15       0.000000000000e+00       0.000000000000e+00       0.000000000000e+00 
  220       1.188973099295e-12       2.257274408674e-15       3.510271262867e-15       1.786059285343e-15       0.000000000000e+00       0.000000000000e+00       0.000000000000e+00 
  221       1.188572987938e-12       2.241916261997e-15       2.495383784540e-15       1.791739818047e-15       0.000000000000e+00       0.000000000000e+00       0.000000000000e+00 
  222       1.187371722155e-12       2.229135851506e-15       1.488757201659e-15       1.797754370071e-15       0.000000000000e+00       0.000000000000e+00       0.000000000000e+00 
  223       1.185367346273e-12       2.218835324838e-15       4.938586014281e-16       1.804028390795e-15       0.000000000000e+00       0.000000000000e+00       0.000000000000e+00 
  224       1.182560580097e-12       2.210922704468e-15      -4.862278746415e-16       1.810494884887e-15       0.000000000000e+00       0.000000000000e+00       0.000000000000e+00 
  225       1.178961662177e-12       2.205347159372e-15      -1.450311758611e-15       1.817126664463e-15       0.000000000000e+00       0.000000000000e+00       0.000000000000e+00 
  226       1.174583959679e-12       2.202065863326e-15      -2.397680452138e-15       1.823906104581e-15       0.000000000000e+00       0.000000000000e+00       0.000000000000e+00 
  227       1.169441794103e-12       2.201032648053e-15      -3.327615745074e-15       1.830814808663e-15       0.000000000000e+00       0.000000000000e+00       0.000000000000e+00 
  228       1.163550453352e-12       2.202197959284e-15      -4.239393840895e-15       1.837833599305e-15       0.000000000000e+00       0.000000000000e+00       0.000000000000e+00 
  229       1.156926203798e-12       2.205508812815e-15      -5.132285382126e-15       1.844942509087e-15       0.000000000000e+00       0.000000000000e+00       0.000000000000e+00 
  230       1.149586302355e-12       2.210908750568e-15      -6.005555475771e-15       1.852120771379e-15       0.000000000000e+00       0.000000000000e+00       0.000000000000e+00 
  231       1.141549008543e-12       2.218337796651e-15      -6.858463718735e-15       1.859346811156e-15       0.000000000000e+00       0.000000000000e+00       0.000000000000e+00 
  232       1.132833596561e-12       2.227732413415e-15      -7.690264223257e-15       1.866598235801e-15       0.000000000000e+00       0.000000000000e+00       0.000000000000e+00 
  233       1.123460367352e-12       2.239025457516e-15      -8.500205642331e-15       1.873851825919e-15       0.000000000000e+00       0.000000000000e+00       0.000000000000e+00 
  234       1.113450660675e-12       2.252146135971e-15      -9.287531195139e-15       1.881083526141e-15       0.000000000000e+00       0.000000000000e+00       0.000000000000e+00 
  235       1.102826867172e-12       2.267019962222e-15      -1.005147869247e-14       1.888268435939e-15       0.000000000000e+00       0.000000000000e+00       0.000000000000e+00 
  236       1.091612440437e-12       2.283568712191e-15      -1.079128056217e-14       1.895380800432e-15       0.000000000000e+00       0.000000000000e+00       0.000000000000e+00 
  237       1.079831909086e-12       2.301710380340e-15      -1.150616387452e-14       1.902394001194e-15       0.000000000000e+00       0.000000000000e+00       0.000000000000e+00 
  238       1.067510888823e-12       2.321359135734e-15      -1.219535036772e-14       1.909280547066e-15       0.000000000000e+00       0.000000000000e+00       0.000000000000e+00 
  239       1.054676094511e-12       2.342425278095e-15      -1.285805647328e-14       1.916012064965e-15       0.000000000000e+00       0.000000000000e+00       0.000000000000e+00 
  240       1.041355352241e-12       2.364815193864e-15      -1.349349334146e-14       1.922559290690e-15       0.000000000000e+00       0.000000000000e+00       0.000000000000e+00 
  241       1.027577611400e-12       2.388431312263e-15      -1.410086686670e-14       1.928892059734e-15       0.000000000000e+00       0.000000000000e+00       0.000000000000e+00 
  242       1.013372956738e-12       2.413172061348e-15      -1.467937771303e-14       1.934979298093e-15       0.000000000000e+00       0.000000000000e+00       0.000000000000e+00 
  243       9.987726204399e-13       2.438931824075e-15      -1.522822133951e-14       1.940789013074e-15       0.000000000000e+00       0.000000000000e+00       0.000000000000e+00 
  244       9.838089941931e-13       2.465600894353e-15      -1.574658802567e-14       1.946288284105e-15       0.000000000000e+00       0.000000000000e+00       0.000000000000e+00 
  245       9.685156412553e-13       2.493065433110e-15      -1.623366289690e-14       1.951443253545e-15       0.000000000000e+00       0.000000000000e+00       0.000000000000e+00 
  246       9.529273085243e-13       2.521207424346e-15      -1.668862594993e-14       1.956219117489e-15       0.000000000000e+00       0.000000000000e+00       0.000000000000e+00 
  247       9.370799386063e-13       2.549904631196e-15      -1.711065207818e-14       1.960580116584e-15       0.000000000000e+00       0.000000000000e+00       0.000000000000e+00 
  248       9.210106818850e-13       2.579030551990e-15      -1.749891109729e-14       1.964489526833e-15       0.000000000000e+00       0.000000000000e+00       0.000000000000e+00 
  249       9.047579085901e-13       2.608454376309e-15      -1.785256777045e-14       1.967909650406e-15       0.000000000000e+00       0.000000000000e+00       0.000000000000e+00 
  250       8.883566452000e-13       2.638057883327e-15      -1.817096749490e-14       1.970808419676e-15       0.000000000000e+00       0.000000000000e+00       0.000000000000e+00 
  251       8.718245666698e-13       2.667787309020e-15      -1.845420519263e-14       1.973179650963e-15       0.000000000000e+00       0.000000000000e+00       0.000000000000e+00 
  252       8.551752190860e-13       2.697604387497e-15      -1.870258930664e-14       1.975023942027e-15       0.000000000000e+00       0.000000000000e+00       0.000000000000e+00 
  253       8.384225258780e-13       2.727469666635e-15      -1.891645947321e-14       1.976342167479e-15       0.000000000000e+00       0.000000000000e+00       0.000000000000e+00 
  254       8.215807911367e-13       2.757342496536e-15      -1.909618690238e-14       1.977135482233e-15       0.000000000000e+00       0.000000000000e+00       0.000000000000e+00 
  255       8.046647029324e-13       2.787181017988e-15      -1.924217475841e-14       1.977405324965e-15       0.000000000000e+00       0.000000000000e+00       0.000000000000e+00 
  256       7.876893366342e-13       2.816942150924e-15      -1.935485854028e-14       1.977153421566e-15       0.000000000000e+00       0.000000000000e+00       0.000000000000e+00 
  257       7.706701582275e-13       2.846581582878e-15      -1.943470646214e-14       1.976381788602e-15       0.000000000000e+00       0.000000000000e+00       0.000000000000e+00 
  258       7.536230276334e-13       2.876053757448e-15      -1.948221983381e-14       1.975092736766e-15       0.000000000000e+00       0.000000000000e+00       0.000000000000e+00 
  259       7.365642020266e-13       2.905311862751e-15      -1.949793344127e-14       1.973288874337e-15       0.000000000000e+00       0.000000000000e+00       0.000000000000e+00 
  260       7.195103391539e-13       2.934307819886e-15      -1.948241592706e-14       1.970973110632e-15       0.000000000000e+00       0.000000000000e+00       0.000000000000e+00 
  261       7.024785006531e-13       2.962992271389e-15      -1.943627017086e-14       1.968148659468e-15       0.000000000000e+00       0.000000000000e+00       0.000000000000e+00 
  262       6.854861553709e-13       2.991314569694e-15      -1.936013366989e-14       1.964819042613e-15       0.000000000000e+00       0.000000000000e+00       0.000000000000e+00 
  263       6.685511826821e-13       3.019222765592e-15      -1.925467891941e-14       1.960988093243e-15       0.000000000000e+00       0.000000000000e+00       0.000000000000e+00 
  264       6.516918758073e-13       3.046663596689e-15      -1.912061379321e-14       1.956659959400e-15       0.000000000000e+00       0.000000000000e+00       0.000000000000e+00 
  265       6.349269451320e-13       3.073582475865e-15      -1.895868192405e-14       1.951839107446e-15       0.000000000000e+00       0.000000000000e+00       0.000000000000e+00 
  266       6.182755215248e-13       3.099923479734e-15      -1.876966308418e-14       1.946530325520e-15       0.000000000000e+00       0.000000000000e+00       0.000000000000e+00 
  267       6.017571596560e-13       3.125629337101e-15      -1.855437356579e-14       1.940738726992e-15       0.000000000000e+00       0.000000000000e+00       0.000000000000e+00 
  268       5.853918413158e-13       3.150641417423e-15      -1.831366656149e-14       1.934469753923e-15       0.000000000000e+00       0.000000000000e+00       0.000000000000e+00 
  269       5.691999787333e-13       3.174899719266e-15      -1.804843254478e-14       1.927729180517e-15       0.000000000000e+00       0.000000000000e+00       0.000000000000e+00 
  270       5.532024178946e-13       3.198342858767e-15      -1.775959965053e-14       1.920523116578e-15       0.000000000000e+00       0.000000000000e+00       0.000000000000e+00 
  271       5.374204418612e-13       3.220908058087e-15      -1.744813405547e-14       1.912858010968e-15       0.000000000000e+00       0.000000000000e+00       0.000000000000e+00 
  272       5.218757740890e-13       3.242531133877e-15      -1.711504035866e-14       1.904740655061e-15       0.000000000000e+00       0.000000000000e+00       0.000000000000e+00 
  273       5.065905817461e-13       3.263146485732e-15      -1.676136196194e-14       1.896178186199e-15       0.000000000000e+00       0.000000000000e+00       0.000000000000e+00 
  274       4.915874790320e-13       3.282687084652e-15      -1.638818145044e-14       1.887178091149e-15       0.000000000000e+00       0.000000000000e+00       0.000000000000e+00 
  275       4.768895304953e-13       3.301084461499e-15      -1.599662097304e-14       1.877748209558e-15       0.000000000000e+00       0.000000000000e+00       0.000000000000e+00 
  276       4.625202543530e-13       3.318268695459e-15      -1.558784262284e-14       1.867896737411e-15       0.000000000000e+00       0.000000000000e+00       0.000000000000e+00 
  277       4.485036258083e-13       3.334168402499e-15      -1.516304881767e-14       1.857632230482e-15       0.000000000000e+00       0.000000000000e+00       0.000000000000e+00 
  278       4.348640803696e-13       3.348710723825e-15      -1.472348268051e-14       1.846963607797e-15       0.000000000000e+00       0.000000000000e+00       0.000000000000e+00 
  279       4.216223907403e-13       3.361834432163e-15      -1.427029959946e-14       1.835900321193e-15       0.000000000000e+00       0.000000000000e+00       0.000000000000e+00 
  280       4.087830542111e-13       3.373530025955e-15      -1.380417375898e-14       1.824452866625e-15       0.000000000000e+00       0.000000000000e+00       0.000000000000e+00 
  281       3.963462582897e-13       3.383801689908e-15      -1.332567196477e-14       1.812632306087e-15       0.000000000000e+00       0.000000000000e+00       0.000000000000e+00 
  282       3.843119452655e-13       3.392654372847e-15      -1.283538080987e-14       1.800450107575e-15       0.000000000000e+00       0.000000000000e+00       0.000000000000e+00 
  283       3.726798091893e-13       3.400093796318e-15      -1.233390685733e-14       1.787918148808e-15       0.000000000000e+00       0.000000000000e+00       0.000000000000e+00 
  284       3.614492928535e-13       3.406126463202e-15      -1.182187682274e-14       1.775048720934e-15       0.000000000000e+00       0.000000000000e+00       0.000000000000e+00 
  285       3.506195847720e-13       3.410759666323e-15      -1.129993775685e-14       1.761854532238e-15       0.000000000000e+00       0.000000000000e+00       0.000000000000e+00 
  286       3.401896161598e-13       3.414001497058e-15      -1.076875722819e-14       1.748348711862e-15       0.000000000000e+00       0.000000000000e+00       0.000000000000e+00 
  287       3.301580579131e-13       3.415860853944e-15      -1.022902350561e-14       1.734544813508e-15       0.000000000000e+00       0.000000000000e+00       0.000000000000e+00 
  288       3.205233175890e-13       3.416347451288e-15      -9.681445740913e-15       1.720456819154e-15       0.000000000000e+00       0.000000000000e+00       0.000000000000e+00 
  289       3.112835363859e-13       3.415471827777e-15      -9.126754151457e-15       1.706099142760e-15       0.000000000000e+00       0.000000000000e+00       0.000000000000e+00 
  290       3.024365861225e-13       3.413245355088e-15      -8.565700202721e-15       1.691486633987e-15       0.000000000000e+00       0.000000000000e+00       0.000000000000e+00 
  291       2.939800662185e-13       3.409680246493e-15      -7.999056790915e-15       1.676634581900e-15       0.000000000000e+00       0.000000000000e+00       0.000000000000e+00 
  292       2.859113006740e-13       3.404789565475e-15      -7.427618425578e-15       1.661558718686e-15       0.000000000000e+00       0.000000000000e+00       0.000000000000e+00 
  293       2.782273350498e-13       3.398587234329e-15      -6.852201412164e-15       1.646275223358e-15       0.000000000000e+00       0.000000000000e+00       0.000000000000e+00 
  294       2.709249334468e-13       3.391088042778e-15      -6.273644034646e-15       1.630800725473e-15       0.000000000000e+00       0.000000000000e+00       0.000000000000e+00 
  295       2.640005754862e-13       3.382307656579e-15      -5.692806738104e-15       1.615152308840e-15       0.000000000000e+00       0.000000000000e+00       0.000000000000e+00 
  296       2.574504532894e-13       3.372262626132e-15      -5.110572311322e-15       1.599347515231e-15       0.000000000000e+00       0.000000000000e+00       0.000000000000e+00 
  297       2.512704684576e-13       3.360970395091e-15      -4.527846069387e-15       1.583404348091e-15       0.000000000000e+00       0.000000000000e+00       0.000000000000e+00 
  298       2.454562290520e-13       3.348449308971e-15      -3.945556036277e-15       1.567341276253e-15       0.000000000000e+00       0.000000000000e+00       0.000000000000e+00 
  299       2.400030465736e-13       3.334718623758e-15      -3.364653127461e-15       1.551177237645e-15       0.000000000000e+00       0.000000000000e+00       0.000000000000e+00 
  300       2.349059329431e-13       3.319798514521e-15      -2.786111332491e-15       1.534931643004e-15       0.000000000000e+00       0.000000000000e+00       0.000000000000e+00 
  301       2.301595974805e-13       3.303710084014e-15      -2.210927897601e-15       1.518624379586e-15       0.000000000000e+00       0.000000000000e+00       0.000000000000e+00 
  302       2.257584438855e-13       3.286475371293e-15      -1.640123508296e-15       1.502275814877e-15       0.000000000000e+00       0.000000000000e+00       0.000000000000e+00 
  303       2.216965672169e-13       3.268117360322e-15      -1.074742471953e-15       1.485906800304e-15       0.000000000000e+00       0.000000000000e+00       0.000000000000e+00 
  304       2.179677508729e-13       3.248659988579e-15      -5.158529004108e-16       1.469538674946e-15       0.000000000000e+00       0.000000000000e+00       0.000000000000e+00 
  305       2.145654635706e-13       3.228128155672e-15       3.545310743103e-17       1.453193269248e-15       0.000000000000e+00       0.000000000000e+00       0.000000000000e+00 
  306       2.114828563261e-13       3.206547731942e-15       5.780592830195e-16       1.436892908728e-15       0.000000000000e+00       0.000000000000e+00       0.000000000000e+00 
  307       2.087127594343e-13       3.183945567075e-15       1.110825005553e-15       1.420660417690e-15       0.000000000000e+00       0.000000000000e+00       0.000000000000e+00 
  308       2.062476794491e-13       3.160349498710e-15       1.632585119384e-15       1.404519122935e-15       0.000000000000e+00       0.000000000000e+00       0.000000000000e+00 
  309       2.040797961627e-13       3.135788361050e-15       2.142149751430e-15       1.388492857473e-15       0.000000000000e+00       0.000000000000e+00       0.000000000000e+00 
  310       2.022009595859e-13       3.110291993471e-15       2.638304128570e-15       1.372605964233e-15       0.000000000000e+00       0.000000000000e+00       0.000000000000e+00 
  311       2.006026869281e-13       3.083891249126e-15       3.119808395058e-15       1.356883299774e-15       0.000000000000e+00       0.000000000000e+00       0.000000000000e+00 
  312       1.992767476354e-13       3.056617109622e-15       3.585604828122e-15       1.341346668683e-15       0.000000000000e+00       0.000000000000e+00       0.000000000000e+00 
  313       1.982169547040e-13       3.028497965953e-15       4.035450485778e-15       1.326003936295e-15       0.000000000000e+00       0.000000000000e+00       0.000000000000e+00 
  314       1.974174505836e-13       2.999562228218e-15       4.469313556978e-15       1.310859418056e-15       0.000000000000e+00       0.000000000000e+00       0.000000000000e+00 
  315       1.968721243237e-13       2.969839215666e-15       4.887168681870e-15       1.295917402623e-15       0.000000000000e+00       0.000000000000e+00       0.000000000000e+00 
  316       1.965746092769e-13       2.939359164207e-15       5.288997024058e-15       1.281182151184e-15       0.000000000000e+00       0.000000000000e+00       0.000000000000e+00 
  317       1.965182808005e-13       2.908153233925e-15       5.674786342861e-15       1.266657896789e-15       0.000000000000e+00       0.000000000000e+00       0.000000000000e+00 
  318       1.966962539597e-13       2.876253516584e-15       6.044531065564e-15       1.252348843672e-15       0.000000000000e+00       0.000000000000e+00       0.000000000000e+00 
  319       1.971013812299e-13       2.843693043143e-15       6.398232359678e-15       1.238259166579e-15       0.000000000000e+00       0.000000000000e+00       0.000000000000e+00 
  320       1.977262501988e-13       2.810505791264e-15       6.735898205197e-15       1.224393010087e-15       0.000000000000e+00       0.000000000000e+00       0.000000000000e+00 
  321       1.985631812696e-13       2.776726692824e-15       7.057543466853e-15       1.210754487937e-15       0.000000000000e+00       0.000000000000e+00       0.000000000000e+00 
  322       1.996042253629e-13       2.742391641424e-15       7.363189966373e-15       1.197347682353e-15       0.000000000000e+00       0.000000000000e+00       0.000000000000e+00 
  323       2.008411616195e-13       2.707537499904e-15       7.652866554737e-15       1.184176643371e-15       0.000000000000e+00       0.000000000000e+00       0.000000000000e+00 
  324       2.022654951026e-13       2.672202107848e-15       7.926609184433e-15       1.171245388162e-15       0.000000000000e+00       0.000000000000e+00       0.000000000000e+00 
  325       2.038684545009e-13       2.636424289098e-15       8.184460981714e-15       1.158557900359e-15       0.000000000000e+00       0.000000000000e+00       0.000000000000e+00 
  326       2.056409898302e-13       2.600243859264e-15       8.426472318854e-15       1.146118129379e-15       0.000000000000e+00       0.000000000000e+00       0.000000000000e+00 
  327       2.075737701369e-13       2.563701633237e-15       8.652700886407e-15       1.133929989753e-15       0.000000000000e+00       0.000000000000e+00       0.000000000000e+00 
  328       2.096571811995e-13       2.526839432693e-15       8.863211765460e-15       1.121997360445e-15       0.000000000000e+00       0.000000000000e+00       0.000000000000e+00 
  329       2.118813232318e-13       2.489700093613e-15       9.058077499894e-15       1.110324084184e-15       0.000000000000e+00       0.000000000000e+00       0.000000000000e+00 
  330       2.142360085853e-13       2.452327473785e-15       9.237378168636e-15       1.098913966782e-15       0.000000000000e+00       0.000000000000e+00       0.000000000000e+00 
  331       2.167107594513e-13       2.414766460320e-15       9.401201457919e-15       1.087770776467e-15       0.000000000000e+00       0.000000000000e+00       0.000000000000e+00 
  332       2.192948055638e-13       2.377062977161e-15       9.549642733537e-15       1.076898243201e-15       0.000000000000e+00       0.000000000000e+00       0.000000000000e+00 
  333       2.219770819019e-13       2.339263992596e-15       9.682805113103e-15       1.066300058009e-15       0.000000000000e+00       0.000000000000e+00       0.000000000000e+00 
  334       2.247462263920e-13       2.301417526762e-15       9.800799538301e-15       1.055979872303e-15       0.000000000000e+00       0.000000000000e+00       0.000000000000e+00 
  335       2.275905776107e-13       2.263572659164e-15       9.903744847152e-15       1.045941297209e-15       0.000000000000e+00       0.000000000000e+00       0.000000000000e+00 
  336       2.304981724873e-13       2.225779536181e-15       9.991767846261e-15       1.036187902888e-15       0.000000000000e+00       0.000000000000e+00       0.000000000000e+00 
  337       2.334567440057e-13       2.188089378576e-15       1.006500338308e-14       1.026723217866e-15       0.000000000000e+00       0.000000000000e+00       0.000000000000e+00 
  338       2.364537189077e-13       2.150554489012e-15       1.012359441815e-14       1.017550728356e-15       0.000000000000e+00       0.000000000000e+00       0.000000000000e+00 
  339       2.394762153950e-13       2.113228259556e-15       1.016769209740e-14       1.008673877585e-15       0.000000000000e+00       0.000000000000e+00       0.000000000000e+00 
  340       2.425110408318e-13       2.076165179192e-15       1.019745582433e-14       1.000096065116e-15       0.000000000000e+00       0.000000000000e+00       0.000000000000e+00 
  341       2.455446894471e-13       2.039420841336e-15       1.021305333236e-14       9.918206461792e-16       0.000000000000e+00       0.000000000000e+00       0.000000000000e+00 
  342       2.485633400376e-13       2.003051951339e-15       1.021466075699e-14       9.838509309899e-16       0.000000000000e+00       0.000000000000e+00       0.000000000000e+00 
  343       2.515528536701e-13       1.967116334004e-15       1.020246270813e-14       9.761901840788e-16       0.000000000000e+00       0.000000000000e+00       0.000000000000e+00 
  344       2.544987713836e-13       1.931672941095e-15       1.017665234234e-14       9.688416236152e-16       0.000000000000e+00       0.000000000000e+00       0.000000000000e+00 
  345       2.573863118922e-13       1.896781858845e-15       1.013743143505e-14       9.618084207325e-16       0.000000000000e+00       0.000000000000e+00       0.000000000000e+00 
  346       2.602003692876e-13       1.862504315471e-15       1.008501045287e-14       9.550936988532e-16       0.000000000000e+00       0.000000000000e+00       0.000000000000e+00 
  347       2.629255107411e-13       1.828902688682e-15       1.001960862580e-14       9.487005330145e-16       0.000000000000e+00       0.000000000000e+00       0.000000000000e+00 
  348       2.655459742069e-13       1.796040513188e-15       9.941454019512e-15       9.426319491927e-16       0.000000000000e+00       0.000000000000e+00       0.000000000000e+00 
  349       2.680483267410e-13       1.763972323929e-15       9.850793164422e-15       9.368896438503e-16       0.000000000000e+00       0.000000000000e+00       0.000000000000e+00 
  350       2.704295660330e-13       1.732712704744e-15       9.747920236472e-15       9.314700852519e-16       0.000000000000e+00       0.000000000000e+00       0.000000000000e+00 
  351       2.726893508916e-13       1.702265968769e-15       9.633149229945e-15       9.263682488851e-16       0.000000000000e+00       0.000000000000e+00       0.000000000000e+00 
  352       2.748273713074e-13       1.672636204253e-15       9.506804591366e-15       9.215788807019e-16       0.000000000000e+00       0.000000000000e+00       0.000000000000e+00 
  353       2.768433487694e-13       1.643827272083e-15       9.369221301144e-15       9.170964951870e-16       0.000000000000e+00       0.000000000000e+00       0.000000000000e+00 
  354       2.787370365809e-13       1.615842803312e-15       9.220744955222e-15       9.129153734253e-16       0.000000000000e+00       0.000000000000e+00       0.000000000000e+00 
  355       2.805082201759e-13       1.588686196680e-15       9.061731846716e-15       9.090295611703e-16       0.000000000000e+00       0.000000000000e+00       0.000000000000e+00 
  356       2.821567174356e-13       1.562360616142e-15       8.892549047568e-15       9.054328669114e-16       0.000000000000e+00       0.000000000000e+00       0.000000000000e+00 
  357       2.836823790044e-13       1.536868988393e-15       8.713574490183e-15       9.021188599422e-16       0.000000000000e+00       0.000000000000e+00       0.000000000000e+00 
  358       2.850850886062e-13       1.512214000391e-15       8.525197049079e-15       8.990808684285e-16       0.000000000000e+00       0.000000000000e+00       0.000000000000e+00 
  359       2.863647633609e-13       1.488398096886e-15       8.327816622534e-15       8.963119774757e-16       0.000000000000e+00       0.000000000000e+00       0.000000000000e+00 
  360       2.875213541004e-13       1.465423477944e-15       8.121844214224e-15       8.938050271974e-16       0.000000000000e+00       0.000000000000e+00       0.000000000000e+00 
  361       2.885548456852e-13       1.443292096471e-15       7.907702014876e-15       8.915526107827e-16       0.000000000000e+00       0.000000000000e+00       0.000000000000e+00 
  362       2.894652573204e-13       1.422005655738e-15       7.685823483909e-15       8.895470725644e-16       0.000000000000e+00       0.000000000000e+00       0.000000000000e+00 
  363       2.902526428721e-13       1.401565606910e-15       7.456653431080e-15       8.877805060869e-16       0.000000000000e+00       0.000000000000e+00       0.000000000000e+00 
  364       2.909170911837e-13       1.381973146566e-15       7.220648098129e-15       8.862447521739e-16       0.000000000000e+00       0.000000000000e+00       0.000000000000e+00 
  365       2.914587263921e-13       1.363229214229e-15       6.978275240424e-15       8.849313969966e-16       0.000000000000e+00       0.000000000000e+00       0.000000000000e+00 
  366       2.918777082439e-13       1.345334489889e-15       6.730014208609e-15       8.838317701414e-16       0.000000000000e+00       0.000000000000e+00       0.000000000000e+00 
  367       2.921742324122e-13       1.328289391528e-15       6.476356030245e-15       8.829369426781e-16       0.000000000000e+00       0.000000000000e+00       0.000000000000e+00 
  368       2.923485308121e-13       1.312094072647e-15       6.217803491457e-15       8.822377252271e-16       0.000000000000e+00       0.000000000000e+00       0.000000000000e+00 
  369       2.924008719176e-13       1.296748419789e-15       5.954871218581e-15       8.817246660283e-16       0.000000000000e+00       0.000000000000e+00       0.000000000000e+00 
  370       2.923315610775e-13       1.282252050067e-15       5.688085759804e-15       8.813880490082e-16       0.000000000000e+00       0.000000000000e+00       0.000000000000e+00 
  371       2.921409408318e-13       1.268604308688e-15       5.417985666818e-15       8.812178918481e-16       0.000000000000e+00       0.000000000000e+00       0.000000000000e+00 
  372       2.918293912283e-13       1.255804266475e-15       5.145121576456e-15       8.812039440521e-16       0.000000000000e+00       0.000000000000e+00       0.000000000000e+00 
  373       2.913973301384e-13       1.243850717400e-15       4.870056292342e-15       8.813356850148e-16       0.000000000000e+00       0.000000000000e+00       0.000000000000e+00 
  374       2.908452135734e-13       1.232742176103e-15       4.593364866535e-15       8.816023220894e-16       0.000000000000e+00       0.000000000000e+00       0.000000000000e+00 
  375       2.901735360013e-13       1.222476875417e-15       4.315634681177e-15       8.819927886556e-16       0.000000000000e+00       0.000000000000e+00       0.000000000000e+00 
  376       2.893828306624e-13       1.213052763899e-15       4.037465530133e-15       8.824957421871e-16       0.000000000000e+00       0.000000000000e+00       0.000000000000e+00 
  377       2.884736698863e-13       1.204467503350e-15       3.759469700639e-15       8.830995623202e-16       0.000000000000e+00       0.000000000000e+00       0.000000000000e+00 
  378       2.874466654074e-13       1.196718466342e-15       3.482272054950e-15       8.837923489212e-16       0.000000000000e+00       0.000000000000e+00       0.000000000000e+00 
  379       2.863024686818e-13       1.189802733743e-15       3.206510111979e-15       8.845619201543e-16       0.000000000000e+00       0.000000000000e+00       0.000000000000e+00 
  380       2.850417712034e-13       1.183717092244e-15       2.932834128949e-15       8.853958105498e-16       0.000000000000e+00       0.000000000000e+00       0.000000000000e+00 
  381       2.836653048199e-13       1.178458031881e-15       2.661907183030e-15       8.862812690718e-16       0.000000000000e+00       0.000000000000e+00       0.000000000000e+00 
  382       2.821738420496e-13       1.174021743565e-15       2.394405252995e-15       8.872052571863e-16       0.000000000000e+00       0.000000000000e+00       0.000000000000e+00 
  383       2.805681963973e-13       1.170404116601e-15       2.131017300854e-15       8.881544469287e-16       0.000000000000e+00       0.000000000000e+00       0.000000000000e+00 
  384       2.788492226705e-13       1.167600736221e-15       1.872445353507e-15       8.891152189721e-16       0.000000000000e+00       0.000000000000e+00       0.000000000000e+00 
  385       2.770178172961e-13       1.165606881102e-15       1.619404584387e-15       8.900736606952e-16       0.000000000000e+00       0.000000000000e+00       0.000000000000e+00 
  386       2.750749186363e-13       1.164417520896e-15       1.372623395103e-15       8.910155642498e-16       0.000000000000e+00       0.000000000000e+00       0.000000000000e+00 
  387       2.730215073051e-13       1.164027313753e-15       1.132843497089e-15       8.919264246293e-16       0.000000000000e+00       0.000000000000e+00       0.000000000000e+00 
  388       2.708589427307e-13       1.164428440421e-15       9.006962607316e-16       8.927935875184e-16       0.000000000000e+00       0.000000000000e+00       0.000000000000e+00 
  389       2.685899860756e-13       1.165604022280e-15       6.763264970987e-16       8.936127853595e-16       0.000000000000e+00       0.000000000000e+00       0.000000000000e+00 
  390       2.662178162004e-13       1.167534452244e-15       4.597547637126e-16       8.943818419812e-16       0.000000000000e+00       0.000000000000e+00       0.000000000000e+00 
  391       2.637456974542e-13       1.170199531782e-15       2.509998096590e-16       8.950985446704e-16       0.000000000000e+00       0.000000000000e+00       0.000000000000e+00 
  392       2.611769802585e-13       1.173578466718e-15       5.007855885785e-17       8.957606439494e-16       0.000000000000e+00       0.000000000000e+00       0.000000000000e+00 
  393       2.585151016903e-13       1.177649863038e-15      -1.429939066658e-16       8.963658533528e-16       0.000000000000e+00       0.000000000000e+00       0.000000000000e+00 
  394       2.557635860663e-13       1.182391722697e-15      -3.282043635120e-16       8.969118492051e-16       0.000000000000e+00       0.000000000000e+00       0.000000000000e+00 
  395       2.529260455260e-13       1.187781439419e-15      -5.055414636349e-16       8.973962703972e-16       0.000000000000e+00       0.000000000000e+00       0.000000000000e+00 
  396       2.500061806157e-13       1.193795794511e-15      -6.749957510726e-16       8.978167181640e-16       0.000000000000e+00       0.000000000000e+00       0.000000000000e+00 
  397       2.470077808719e-13       1.200410952658e-15      -8.365596786769e-16       8.981707558613e-16       0.000000000000e+00       0.000000000000e+00       0.000000000000e+00 
  398       2.439347254051e-13       1.207602457737e-15      -9.902276248424e-16       8.984559087429e-16       0.000000000000e+00       0.000000000000e+00       0.000000000000e+00 
  399       2.407909834832e-13       1.215345228618e-15      -1.135995910237e-15       8.986696637377e-16       0.000000000000e+00       0.000000000000e+00       0.000000000000e+00 
  400       2.375806151153e-13       1.223613554967e-15      -1.273862814529e-15       8.988094692271e-16       0.000000000000e+00       0.000000000000e+00       0.000000000000e+00 
  401       2.343077716350e-13       1.232381093058e-15      -1.403828593120e-15       8.988727348216e-16       0.000000000000e+00       0.000000000000e+00       0.000000000000e+00 
  402       2.309766962846e-13       1.241620861572e-15      -1.525895493874e-15       8.988568311383e-16       0.000000000000e+00       0.000000000000e+00       0.000000000000e+00 
  403       2.275917247982e-13       1.251305237406e-15      -1.640067773843e-15       8.987590895779e-16       0.000000000000e+00       0.000000000000e+00       0.000000000000e+00 
  404       2.241572859855e-13       1.261405951475e-15      -1.746351716002e-15       8.985768021018e-16       0.000000000000e+00       0.000000000000e+00       0.000000000000e+00 
  405       2.206779023153e-13       1.271894084520e-15      -1.844755645975e-15       8.983072210092e-16       0.000000000000e+00       0.000000000000e+00       0.000000000000e+00 
  406       2.171581904994e-13       1.282740062915e-15      -1.935289948765e-15       8.979475587144e-16       0.000000000000e+00       0.000000000000e+00       0.000000000000e+00 
  407       2.136028620759e-13       1.293913654464e-15      -2.017967085486e-15       8.974949875235e-16       0.000000000000e+00       0.000000000000e+00       0.000000000000e+00 
  408       2.100167239930e-13       1.305383964218e-15      -2.092801610089e-15       8.969466394119e-16       0.000000000000e+00       0.000000000000e+00       0.000000000000e+00 
  409       2.064046791927e-13       1.317119430270e-15      -2.159810186093e-15       8.962996058012e-16       0.000000000000e+00       0.000000000000e+00       0.000000000000e+00 
  410       2.027717271940e-13       1.329087819565e-15      -2.219011603318e-15       8.955509373365e-16       0.000000000000e+00       0.000000000000e+00       0.000000000000e+00 
  411       1.991229646771e-13       1.341256223706e-15      -2.270426794608e-15       8.946976436632e-16       0.000000000000e+00       0.000000000000e+00       0.000000000000e+00 
  412       1.954635860665e-13       1.353591054758e-15      -2.314078852566e-15       8.937366932045e-16       0.000000000000e+00       0.000000000000e+00       0.000000000000e+00 
  413       1.917988841150e-13       1.366058041051e-15      -2.349993046281e-15       8.926650129381e-16       0.000000000000e+00       0.000000000000e+00       0.000000000000e+00 
  414       1.881342504869e-13       1.378622222990e-15      -2.378196838058e-15       8.914794881739e-16       0.000000000000e+00       0.000000000000e+00       0.000000000000e+00 
  415       1.844751763422e-13       1.391247948855e-15      -2.398719900149e-15       8.901769623302e-16       0.000000000000e+00       0.000000000000e+00       0.000000000000e+00 
  416       1.808272529196e-13       1.403898870612e-15      -2.411594131479e-15       8.887542367119e-16       0.000000000000e+00       0.000000000000e+00       0.000000000000e+00 
  417       1.771961721207e-13       1.416537939712e-15      -2.416853674379e-15       8.872080702867e-16       0.000000000000e+00       0.000000000000e+00       0.000000000000e+00 
  418       1.735877270929e-13       1.429127402901e-15      -2.414534931316e-15       8.855351794627e-16       0.000000000000e+00       0.000000000000e+00       0.000000000000e+00 
  419       1.700078128139e-13       1.441628798024e-15      -2.404676581620e-15       8.837322378654e-16       0.000000000000e+00       0.000000000000e+00       0.000000000000e+00 
  420       1.664624266745e-13       1.454002949830e-15      -2.387319598213e-15       8.817958761147e-16       0.000000000000e+00       0.000000000000e+00       0.000000000000e+00 
  421       1.629576690628e-13       1.466209965775e-15      -2.362507264342e-15       8.797226816023e-16       0.000000000000e+00       0.000000000000e+00       0.000000000000e+00 
  422       1.594997439473e-13       1.478209231833e-15      -2.330285190307e-15       8.775091982684e-16       0.000000000000e+00       0.000000000000e+00       0.000000000000e+00 
  423       1.560949594611e-13       1.489959408294e-15      -2.290701330190e-15       8.751519263791e-16       0.000000000000e+00       0.000000000000e+00       0.000000000000e+00 
  424       1.527497284851e-13       1.501418425575e-15      -2.243805998583e-15       8.726473223036e-16       0.000000000000e+00       0.000000000000e+00       0.000000000000e+00 
  425       1.494705692317e-13       1.512543480024e-15      -2.189651887321e-15       8.699917982910e-16       0.000000000000e+00       0.000000000000e+00       0.000000000000e+00 
  426       1.462641058285e-13       1.523291029722e-15      -2.128294082212e-15       8.671817222476e-16       0.000000000000e+00       0.000000000000e+00       0.000000000000e+00 
  427       1.431359443506e-13       1.533623623057e-15      -2.059812668994e-15       8.642145784172e-16       0.000000000000e+00       0.000000000000e+00       0.000000000000e+00 
  428       1.400872576130e-13       1.543530648847e-15      -1.984381364205e-15       8.610924933679e-16       0.000000000000e+00       0.000000000000e+00       0.000000000000e+00 
  429       1.371180853342e-13       1.553008283926e-15      -1.902201252145e-15       8.578188295270e-16       0.000000000000e+00       0.000000000000e+00       0.000000000000e+00 
  430       1.342284480355e-13       1.562052724449e-15      -1.813478438074e-15       8.543970356544e-16       0.000000000000e+00       0.000000000000e+00       0.000000000000e+00 
  431       1.314183468860e-13       1.570660186187e-15      -1.718424079773e-15       8.508306473820e-16       0.000000000000e+00       0.000000000000e+00       0.000000000000e+00 
  432       1.286877635478e-13       1.578826904819e-15      -1.617254419108e-15       8.471232877526e-16       0.000000000000e+00       0.000000000000e+00       0.000000000000e+00 
  433       1.260366600213e-13       1.586549136220e-15      -1.510190813590e-15       8.432786677597e-16       0.000000000000e+00       0.000000000000e+00       0.000000000000e+00 
  434       1.234649784903e-13       1.593823156758e-15      -1.397459767935e-15       8.393005868867e-16       0.000000000000e+00       0.000000000000e+00       0.000000000000e+00 
  435       1.209726411675e-13       1.600645263582e-15      -1.279292965631e-15       8.351929336465e-16       0.000000000000e+00       0.000000000000e+00       0.000000000000e+00 
  436       1.185595501395e-13       1.607011774915e-15      -1.155927300496e-15       8.309596861205e-16       0.000000000000e+00       0.000000000000e+00       0.000000000000e+00 
  437       1.162255872120e-13       1.612919030345e-15      -1.027604908243e-15       8.266049124982e-16       0.000000000000e+00       0.000000000000e+00       0.000000000000e+00 
  438       1.139706137550e-13       1.618363391119e-15      -8.945731980387e-16       8.221327716166e-16       0.000000000000e+00       0.000000000000e+00       0.000000000000e+00 
  439       1.117944705482e-13       1.623341240430e-15      -7.570848840663e-16       8.175475134997e-16       0.000000000000e+00       0.000000000000e+00       0.000000000000e+00 
  440       1.096969776263e-13       1.627848983716e-15      -6.153980170897e-16       8.128534798973e-16       0.000000000000e+00       0.000000000000e+00       0.000000000000e+00 
  441       1.076779341237e-13       1.631883048944e-15      -4.697760160131e-16       8.080551048253e-16       0.000000000000e+00       0.000000000000e+00       0.000000000000e+00 
  442       1.057371181204e-13       1.635439886907e-15      -3.204876994440e-16       8.031569151040e-16       0.000000000000e+00       0.000000000000e+00       0.000000000000e+00 
  443       1.038742864866e-13       1.638515971513e-15      -1.678073172550e-16       7.981635308985e-16       0.000000000000e+00       0.000000000000e+00       0.000000000000e+00 
  444       1.020891747283e-13       1.641107800079e-15      -1.201458214536e-17       7.930796662575e-16       0.000000000000e+00       0.000000000000e+00       0.000000000000e+00 
  445       1.003814968327e-13       1.643211893621e-15       1.466052987964e-16       7.879101296525e-16       0.000000000000e+00       0.000000000000e+00       0.000000000000e+00 
  446       9.875094511272e-14       1.644824797145e-15       3.077615925311e-16       7.826598245178e-16       0.000000000000e+00       0.000000000000e+00       0.000000000000e+00 
  447       9.719719005296e-14       1.645943079942e-15       4.711580085065e-16       7.773337497895e-16       0.000000000000e+00       0.000000000000e+00       0.000000000000e+00 
  448       9.571988015451e-14       1.646563335876e-15       6.364926670957e-16       7.719370004447e-16       0.000000000000e+00       0.000000000000e+00       0.000000000000e+00 
  449       9.431864178027e-14       1.646682183678e-15       8.034580680350e-16       7.664747680413e-16       0.000000000000e+00       0.000000000000e+00       0.000000000000e+00 
  450       9.299307900022e-14       1.646296267237e-15       9.717410588619e-16       7.609523412571e-16       0.000000000000e+00       0.000000000000e+00       0.000000000000e+00 
  451       9.174277343657e-14       1.645402255893e-15       1.141022803353e-15       7.553751064292e-16       0.000000000000e+00       0.000000000000e+00       0.000000000000e+00 
  452       9.056728410903e-14       1.643996844727e-15       1.310978749963e-15       7.497485480935e-16       0.000000000000e+00       0.000000000000e+00       0.000000000000e+00 
  453       8.946614728000e-14       1.642076754852e-15       1.481278600262e-15       7.440782495240e-16       0.000000000000e+00       0.000000000000e+00       0.000000000000e+00 
  454       8.843887629980e-14       1.639638733708e-15       1.651586277371e-15       7.383698932720e-16       0.000000000000e+00       0.000000000000e+00       0.000000000000e+00 
  455       8.748496145192e-14       1.636679555350e-15       1.821559894407e-15       7.326292617059e-16       0.000000000000e+00       0.000000000000e+00       0.000000000000e+00 
  456       8.660386979820e-14       1.633196020744e-15       1.990851722912e-15       7.268622375501e-16       0.000000000000e+00       0.000000000000e+00       0.000000000000e+00 
  457       8.579504502407e-14       1.629184958054e-15       2.159108161299e-15       7.210748044249e-16       0.000000000000e+00       0.000000000000e+00       0.000000000000e+00 
  458       8.505790728377e-14       1.624643222938e-15       2.325969703284e-15       7.152730473851e-16       0.000000000000e+00       0.000000000000e+00       0.000000000000e+00 
  459       8.439185304558e-14       1.619567698836e-15       2.491070906328e-15       7.094631534604e-16       0.000000000000e+00       0.000000000000e+00       0.000000000000e+00 
  460       8.379625493702e-14       1.613955297265e-15       2.654040360074e-15       7.036514121938e-16       0.000000000000e+00       0.000000000000e+00       0.000000000000e+00 
  461       8.327046159009e-14       1.607802958108e-15       2.814500654784e-15       6.978442161815e-16       0.000000000000e+00       0.000000000000e+00       0.000000000000e+00 
  462       8.281379748650e-14       1.601107649907e-15       2.972068349778e-15       6.920480616125e-16       0.000000000000e+00       0.000000000000e+00       0.000000000000e+00 
  463       8.242556280284e-14       1.593866370156e-15       3.126353941872e-15       6.862695488072e-16       0.000000000000e+00       0.000000000000e+00       0.000000000000e+00 
  464       8.210503325588e-14       1.586076145591e-15       3.276961833815e-15       6.805153827575e-16       0.000000000000e+00       0.000000000000e+00       0.000000000000e+00 
  465       8.185145994773e-14       1.577734032482e-15       3.423490302728e-15       6.747923736659e-16       0.000000000000e+00       0.000000000000e+00       0.000000000000e+00 
  466       8.166389787097e-14       1.568840132967e-15       3.565597133740e-15       6.691065706205e-16       0.000000000000e+00       0.000000000000e+00       0.000000000000e+00 
  467       8.154068585067e-14       1.559406747026e-15       3.703198838609e-15       6.634606317785e-16       0.000000000000e+00       0.000000000000e+00       0.000000000000e+00 
  468       8.147995007228e-14       1.549449506618e-15       3.836277590419e-15       6.578563731965e-16       0.000000000000e+00       0.000000000000e+00       0.000000000000e+00 
  469       8.147977370644e-14       1.538984387394e-15       3.964816124863e-15       6.522956283394e-16       0.000000000000e+00       0.000000000000e+00       0.000000000000e+00 
  470       8.153819665975e-14       1.528027710656e-15       4.088797744900e-15       6.467802481415e-16       0.000000000000e+00       0.000000000000e+00       0.000000000000e+00 
  471       8.165321532549e-14       1.516596145312e-15       4.208206325392e-15       6.413121010683e-16       0.000000000000e+00       0.000000000000e+00       0.000000000000e+00 
  472       8.182278233440e-14       1.504706709825e-15       4.323026317755e-15       6.358930731773e-16       0.000000000000e+00       0.000000000000e+00       0.000000000000e+00 
  473       8.204480630536e-14       1.492376774177e-15       4.433242754606e-15       6.305250681798e-16       0.000000000000e+00       0.000000000000e+00       0.000000000000e+00 
  474       8.231715159619e-14       1.479624061815e-15       4.538841254411e-15       6.252100075021e-16       0.000000000000e+00       0.000000000000e+00       0.000000000000e+00 
  475       8.263763805438e-14       1.466466651612e-15       4.639808026129e-15       6.199498303471e-16       0.000000000000e+00       0.000000000000e+00       0.000000000000e+00 
  476       8.300404076779e-14       1.452922979819e-15       4.736129873858e-15       6.147464937552e-16       0.000000000000e+00       0.000000000000e+00       0.000000000000e+00 
  477       8.341408981545e-14       1.439011842020e-15       4.827794201488e-15       6.096019726662e-16       0.000000000000e+00       0.000000000000e+00       0.000000000000e+00 
  478       8.386547001826e-14       1.424752395088e-15       4.914789017339e-15       6.045182599804e-16       0.000000000000e+00       0.000000000000e+00       0.000000000000e+00 
  479       8.435582068975e-14       1.410164159139e-15       4.997102938815e-15       5.994973666200e-16       0.000000000000e+00       0.000000000000e+00       0.000000000000e+00 
  480       8.488273538682e-14       1.395267019485e-15       5.074725197048e-15       5.945413215905e-16       0.000000000000e+00       0.000000000000e+00       0.000000000000e+00 
  481       8.544376166049e-14       1.380081228593e-15       5.147645641545e-15       5.896521720419e-16       0.000000000000e+00       0.000000000000e+00       0.000000000000e+00 
  482       8.603640080662e-14       1.364627408036e-15       5.215854744835e-15       5.848319833305e-16       0.000000000000e+00       0.000000000000e+00       0.000000000000e+00 
  483       8.665810761667e-14       1.348926550451e-15       5.279343607113e-15       5.800828390800e-16       0.000000000000e+00       0.000000000000e+00       0.000000000000e+00 
  484       8.730629012843e-14       1.333000021491e-15       5.338103960894e-15       5.754068412426e-16       0.000000000000e+00       0.000000000000e+00       0.000000000000e+00 
  485       8.797830937678e-14       1.316869561781e-15       5.392128175652e-15       5.708061101611e-16       0.000000000000e+00       0.000000000000e+00       0.000000000000e+00 
  486       8.867147914440e-14       1.300557288873e-15       5.441409262470e-15       5.662827846294e-16       0.000000000000e+00       0.000000000000e+00       0.000000000000e+00 
  487       8.938306571256e-14       1.284085699201e-15       5.485940878688e-15       5.618390219546e-16       0.000000000000e+00       0.000000000000e+00       0.000000000000e+00 
  488       9.011028761182e-14       1.267477670036e-15       5.525717332549e-15       5.574769980179e-16       0.000000000000e+00       0.000000000000e+00       0.000000000000e+00 
  489       9.085031537277e-14       1.250756461437e-15       5.560733587843e-15       5.531989073365e-16       0.000000000000e+00       0.000000000000e+00       0.000000000000e+00 
  490       9.160027127682e-14       1.233945718214e-15       5.590985268560e-15       5.490069631242e-16       0.000000000000e+00       0.000000000000e+00       0.000000000000e+00 
  491       9.235722910688e-14       1.217069471875e-15       5.616468663529e-15       5.449033973535e-16       0.000000000000e+00       0.000000000000e+00       0.000000000000e+00 
  492       9.311821389815e-14       1.200152142584e-15       5.637180731072e-15       5.408904608166e-16       0.000000000000e+00       0.000000000000e+00       0.000000000000e+00 
  493       9.388020168883e-14       1.183218541116e-15       5.653119103646e-15       5.369704231867e-16       0.000000000000e+00       0.000000000000e+00       0.000000000000e+00 
  494       9.464011927090e-14       1.166293870812e-15       5.664282092492e-15       5.331455730799e-16       0.000000000000e+00       0.000000000000e+00       0.000000000000e+00 
  495       9.539484394080e-14       1.149403729533e-15       5.670668692280e-15       5.294182181160e-16       0.000000000000e+00       0.000000000000e+00       0.000000000000e+00 
  496       9.614120325025e-14       1.132574111614e-15       5.672278585760e-15       5.257906849799e-16       0.000000000000e+00       0.000000000000e+00       0.000000000000e+00 
  497       9.687597475690e-14       1.115831409821e-15       5.669112148404e-15       5.222653194834e-16       0.000000000000e+00       0.000000000000e+00       0.000000000000e+00 
  498       9.759588577518e-14       1.099202417305e-15       5.661170453053e-15       5.188444866263e-16       0.000000000000e+00       0.000000000000e+00       0.000000000000e+00 
  499       9.829761312695e-14       1.082714329556e-15       5.648455274569e-15       5.155305706578e-16       0.000000000000e+00       0.000000000000e+00       0.000000000000e+00 
  500       9.897778289228e-14       1.066394746359e-15       5.630969094475e-15       5.123259751378e-16       0.000000000000e+00       0.000000000000e+00       0.000000000000e+00 
