# dimensionless [l(l+1)/2pi] C_l's for tensor mode
# for l=2 to 500, i.e. number of multipoles equal to 499
#
# -> if you prefer output in CAMB/HealPix/LensPix units/order, set 'format' to 'camb' in input file
# -> if you don't want to see such a header, set 'headers' to 'no' in input file
# -> for CMB lensing (phi), these are C_l^phi-phi for the lensing potential.
#    Remember the conversion factors:
#    C_l^dd (deflection) = l(l+1) C_l^phi-phi
#    C_l^gg (shear/convergence) = 1/4 (l(l+1))^2 C_l^phi-phi
#
# 1:l     2:TT                     3:EE                     4:TE                     5:BB                     6:phiphi                 7:TPhi                   8:Ephi               
    2       1.426951104529e-10       3.283996339447e-15       1.324455635925e-13       5.557144452650e-15       0.000000000000e+00       0.000000000000e+00       0.000000000000e+00 
    3       1.084123795385e-10       3.842085484717e-15      -5.508912348281e-14       5.966139432208e-15       0.000000000000e+00       0.000000000000e+00       0.000000000000e+00 
    4       9.688920471095e-11       3.835565830807e-15      -1.124951395546e-13       5.524782949222e-15       0.000000000000e+00       0.000000000000e+00       0.000000000000e+00 
    5       9.188941796554e-11       3.329184706195e-15      -1.222231782674e-13       4.605337280183e-15       0.000000000000e+00       0.000000000000e+00       0.000000000000e+00 
    6       8.885760485798e-11       2.590098516123e-15      -1.135992975397e-13       3.545375625521e-15       0.000000000000e+00       0.000000000000e+00       0.000000000000e+00 
    7       8.688969446420e-11       1.856016482258e-15      -9.890427717103e-14       2.572890901389e-15       0.000000000000e+00       0.000000000000e+00       0.000000000000e+00 
    8       8.553274743703e-11       1.271719803864e-15      -8.419532722879e-14       1.802606131957e-15       0.000000000000e+00       0.000000000000e+00       0.000000000000e+00 
    9       8.454093389041e-11       8.890798999826e-16      -7.207969925179e-14       1.264440978863e-15       0.000000000000e+00       0.000000000000e+00       0.000000000000e+00 
   10       8.376893453435e-11       6.949584235297e-16      -6.335054961071e-14       9.377362323386e-16       0.000000000000e+00       0.000000000000e+00       0.000000000000e+00 
   11       8.312803358857e-11       6.446780577986e-16      -5.791444435475e-14       7.791219912151e-16       0.000000000000e+00       0.000000000000e+00       0.000000000000e+00 
   12       8.256372229938e-11       6.882377974094e-16      -5.531336532363e-14       7.410311532447e-16       0.000000000000e+00       0.000000000000e+00       0.000000000000e+00 
   13       8.204136374409e-11       7.844116953449e-16      -5.501780721687e-14       7.824767830590e-16       0.000000000000e+00       0.000000000000e+00       0.000000000000e+00 
   14       8.153800129170e-11       9.064649115906e-16      -5.654991696022e-14       8.720723999540e-16       0.000000000000e+00       0.000000000000e+00       0.000000000000e+00 
   15       8.103842225697e-11       1.039927958658e-15      -5.951225632796e-14       9.888457747845e-16       0.000000000000e+00       0.000000000000e+00       0.000000000000e+00 
   16       8.053289751008e-11       1.178461441041e-15      -6.360847904107e-14       1.120511898538e-15       0.000000000000e+00       0.000000000000e+00       0.000000000000e+00 
   17       8.001546903723e-11       1.321162092792e-15      -6.861600268349e-14       1.259803810101e-15       0.000000000000e+00       0.000000000000e+00       0.000000000000e+00 
   18       7.947689793947e-11       1.468036057279e-15      -7.435725494295e-14       1.403927333105e-15       0.000000000000e+00       0.000000000000e+00       0.000000000000e+00 
   19       7.893318976587e-11       1.619435621558e-15      -8.073972534522e-14       1.551859122460e-15       0.000000000000e+00       0.000000000000e+00       0.000000000000e+00 
   20       7.836480345351e-11       1.775992371439e-15      -8.765300012658e-14       1.702923770271e-15       0.000000000000e+00       0.000000000000e+00       0.000000000000e+00 
   21       7.778175042163e-11       1.937600170414e-15      -9.503807923675e-14       1.857028135351e-15       0.000000000000e+00       0.000000000000e+00       0.000000000000e+00 
   22       7.717861940570e-11       2.103930195711e-15      -1.028361690688e-13       2.014380752680e-15       0.000000000000e+00       0.000000000000e+00       0.000000000000e+00 
   23       7.656265761067e-11       2.274702673677e-15      -1.110053964813e-13       2.174947132206e-15       0.000000000000e+00       0.000000000000e+00       0.000000000000e+00 
   24       7.592798739638e-11       2.449674463219e-15      -1.194999926278e-13       2.338672590377e-15       0.000000000000e+00       0.000000000000e+00       0.000000000000e+00 
   25       7.528046234613e-11       2.628639671712e-15      -1.282817696442e-13       2.505439953307e-15       0.000000000000e+00       0.000000000000e+00       0.000000000000e+00 
   26       7.461698010998e-11       2.811487484231e-15      -1.373109060335e-13       2.675134784275e-15       0.000000000000e+00       0.000000000000e+00       0.000000000000e+00 
   27       7.394000269098e-11       2.998405637663e-15      -1.465595317250e-13       2.847565200251e-15       0.000000000000e+00       0.000000000000e+00       0.000000000000e+00 
   28       7.324569303675e-11       3.189682860403e-15      -1.560011020381e-13       3.022535188423e-15       0.000000000000e+00       0.000000000000e+00       0.000000000000e+00 
   29       7.254175059967e-11       3.385317233887e-15      -1.656105554868e-13       3.199871847558e-15       0.000000000000e+00       0.000000000000e+00       0.000000000000e+00 
   30       7.182907783094e-11       3.585224625412e-15      -1.753607572473e-13       3.379431831301e-15       0.000000000000e+00       0.000000000000e+00       0.000000000000e+00 
   31       7.109976288171e-11       3.789299061297e-15      -1.852231657892e-13       3.561081628361e-15       0.000000000000e+00       0.000000000000e+00       0.000000000000e+00 
   32       7.035888453576e-11       3.997321212126e-15      -1.951756666720e-13       3.744615898713e-15       0.000000000000e+00       0.000000000000e+00       0.000000000000e+00 
   33       6.960867028729e-11       4.209010603734e-15      -2.051975799729e-13       3.929809274424e-15       0.000000000000e+00       0.000000000000e+00       0.000000000000e+00 
   34       6.884541976897e-11       4.424072319935e-15      -2.152681769406e-13       4.116431859321e-15       0.000000000000e+00       0.000000000000e+00       0.000000000000e+00 
   35       6.807238252834e-11       4.642289590574e-15      -2.253685571446e-13       4.304230289916e-15       0.000000000000e+00       0.000000000000e+00       0.000000000000e+00 
   36       6.728992963937e-11       4.863460924824e-15      -2.354804947534e-13       4.492939134946e-15       0.000000000000e+00       0.000000000000e+00       0.000000000000e+00 
   37       6.649468481594e-11       5.087371637078e-15      -2.455855287203e-13       4.682295042145e-15       0.000000000000e+00       0.000000000000e+00       0.000000000000e+00 
   38       6.569078910771e-11       5.313782895951e-15      -2.556633568461e-13       4.872070474344e-15       0.000000000000e+00       0.000000000000e+00       0.000000000000e+00 
   39       6.488138172923e-11       5.542437235685e-15      -2.656929558786e-13       5.062050908074e-15       0.000000000000e+00       0.000000000000e+00       0.000000000000e+00 
   40       6.406497319014e-11       5.773059996612e-15      -2.756530274979e-13       5.252026013177e-15       0.000000000000e+00       0.000000000000e+00       0.000000000000e+00 
   41       6.323772344172e-11       6.005394320254e-15      -2.855257687452e-13       5.441781940235e-15       0.000000000000e+00       0.000000000000e+00       0.000000000000e+00 
   42       6.240231701432e-11       6.239322603567e-15      -2.953096245218e-13       5.631074772948e-15       0.000000000000e+00       0.000000000000e+00       0.000000000000e+00 
   43       6.156117270562e-11       6.474782644238e-15      -3.050107109474e-13       5.819648706903e-15       0.000000000000e+00       0.000000000000e+00       0.000000000000e+00 
   44       6.071365377647e-11       6.711736216016e-15      -3.146396855714e-13       6.007242806506e-15       0.000000000000e+00       0.000000000000e+00       0.000000000000e+00 
   45       5.985771356183e-11       6.950127605073e-15      -3.242048421581e-13       6.193591861413e-15       0.000000000000e+00       0.000000000000e+00       0.000000000000e+00 
   46       5.899609931232e-11       7.189741310341e-15      -3.336882932704e-13       6.378430159479e-15       0.000000000000e+00       0.000000000000e+00       0.000000000000e+00 
   47       5.813151195537e-11       7.430304058189e-15      -3.430631292170e-13       6.561488193297e-15       0.000000000000e+00       0.000000000000e+00       0.000000000000e+00 
   48       5.726466008969e-11       7.671522791605e-15      -3.522998386540e-13       6.742491218574e-15       0.000000000000e+00       0.000000000000e+00       0.000000000000e+00 
   49       5.639408267800e-11       7.913083532682e-15      -3.613661668625e-13       6.921158944183e-15       0.000000000000e+00       0.000000000000e+00       0.000000000000e+00 
   50       5.551750854952e-11       8.154659478322e-15      -3.702296849119e-13       7.097216710014e-15       0.000000000000e+00       0.000000000000e+00       0.000000000000e+00 
   51       5.463678130145e-11       8.395940516977e-15      -3.788666480728e-13       7.270433316501e-15       0.000000000000e+00       0.000000000000e+00       0.000000000000e+00 
   52       5.375396471974e-11       8.636609757642e-15      -3.872552969457e-13       7.440592927731e-15       0.000000000000e+00       0.000000000000e+00       0.000000000000e+00 
   53       5.286982031111e-11       8.876334310568e-15      -3.953733429184e-13       7.607484706306e-15       0.000000000000e+00       0.000000000000e+00       0.000000000000e+00 
   54       5.198370231618e-11       9.114764584259e-15      -4.031979540157e-13       7.770903043995e-15       0.000000000000e+00       0.000000000000e+00       0.000000000000e+00 
   55       5.109448924742e-11       9.351561515492e-15      -4.107082061250e-13       7.930651951023e-15       0.000000000000e+00       0.000000000000e+00       0.000000000000e+00 
   56       5.020389001106e-11       9.586487791370e-15      -4.178931821759e-13       8.086558972392e-15       0.000000000000e+00       0.000000000000e+00       0.000000000000e+00 
   57       4.931377520410e-11       9.819338057414e-15      -4.247458601848e-13       8.238465132689e-15       0.000000000000e+00       0.000000000000e+00       0.000000000000e+00 
   58       4.842514935113e-11       1.004991334691e-14      -4.312609042793e-13       8.386221464477e-15       0.000000000000e+00       0.000000000000e+00       0.000000000000e+00 
   59       4.753808630156e-11       1.027802146622e-14      -4.374347466012e-13       8.529689400984e-15       0.000000000000e+00       0.000000000000e+00       0.000000000000e+00 
   60       4.665166462682e-11       1.050347738004e-14      -4.432656692099e-13       8.668741168781e-15       0.000000000000e+00       0.000000000000e+00       0.000000000000e+00 
   61       4.576475723919e-11       1.072610251916e-14      -4.487525923045e-13       8.803259623370e-15       0.000000000000e+00       0.000000000000e+00       0.000000000000e+00 
   62       4.487875351213e-11       1.094572165042e-14      -4.538909357608e-13       8.933136824454e-15       0.000000000000e+00       0.000000000000e+00       0.000000000000e+00 
   63       4.399533631094e-11       1.116216598469e-14      -4.586759697830e-13       9.058275836241e-15       0.000000000000e+00       0.000000000000e+00       0.000000000000e+00 
   64       4.311564493156e-11       1.137527453660e-14      -4.631040666607e-13       9.178591623888e-15       0.000000000000e+00       0.000000000000e+00       0.000000000000e+00 
   65       4.224023760156e-11       1.158489447560e-14      -4.671727416244e-13       9.294011428515e-15       0.000000000000e+00       0.000000000000e+00       0.000000000000e+00 
   66       4.136905398115e-11       1.179088147712e-14      -4.708806937011e-13       9.404475142204e-15       0.000000000000e+00       0.000000000000e+00       0.000000000000e+00 
   67       4.050137766421e-11       1.199310007367e-14      -4.742278465699e-13       9.509935683007e-15       0.000000000000e+00       0.000000000000e+00       0.000000000000e+00 
   68       3.963642227369e-11       1.219141804219e-14      -4.772148079564e-13       9.610352587435e-15       0.000000000000e+00       0.000000000000e+00       0.000000000000e+00 
   69       3.877531147379e-11       1.238568746097e-14      -4.798410292888e-13       9.705670442027e-15       0.000000000000e+00       0.000000000000e+00       0.000000000000e+00 
   70       3.791943463894e-11       1.257576042748e-14      -4.821063448209e-13       9.795836735043e-15       0.000000000000e+00       0.000000000000e+00       0.000000000000e+00 
   71       3.706983759377e-11       1.276149487747e-14      -4.840115456181e-13       9.880808450225e-15       0.000000000000e+00       0.000000000000e+00       0.000000000000e+00 
   72       3.622720106286e-11       1.294275478356e-14      -4.855584055419e-13       9.960552268333e-15       0.000000000000e+00       0.000000000000e+00       0.000000000000e+00 
   73       3.539181912040e-11       1.311941035381e-14      -4.867497072342e-13       1.003504476869e-14       0.000000000000e+00       0.000000000000e+00       0.000000000000e+00 
   74       3.456357763997e-11       1.329133823032e-14      -4.875892681020e-13       1.010427263071e-14       0.000000000000e+00       0.000000000000e+00       0.000000000000e+00 
   75       3.374193274426e-11       1.345842168778e-14      -4.880819663017e-13       1.016823283545e-14       0.000000000000e+00       0.000000000000e+00       0.000000000000e+00 
   76       3.292632144823e-11       1.362054770431e-14      -4.882331149436e-13       1.022692662390e-14       0.000000000000e+00       0.000000000000e+00       0.000000000000e+00 
   77       3.211752767730e-11       1.377759711822e-14      -4.880463955204e-13       1.028033965433e-14       0.000000000000e+00       0.000000000000e+00       0.000000000000e+00 
   78       3.131652735402e-11       1.392945302874e-14      -4.875255930870e-13       1.032845857591e-14       0.000000000000e+00       0.000000000000e+00       0.000000000000e+00 
   79       3.052406582070e-11       1.407600389680e-14      -4.866752270241e-13       1.037127702325e-14       0.000000000000e+00       0.000000000000e+00       0.000000000000e+00 
   80       2.974064515159e-11       1.421714367946e-14      -4.855005636568e-13       1.040879568994e-14       0.000000000000e+00       0.000000000000e+00       0.000000000000e+00 
   81       2.896651146512e-11       1.435277196438e-14      -4.840076288742e-13       1.044102240204e-14       0.000000000000e+00       0.000000000000e+00       0.000000000000e+00 
   82       2.820164223606e-11       1.448279410425e-14      -4.822032207485e-13       1.046797219163e-14       0.000000000000e+00       0.000000000000e+00       0.000000000000e+00 
   83       2.744573360777e-11       1.460712135123e-14      -4.800949221543e-13       1.048966737028e-14       0.000000000000e+00       0.000000000000e+00       0.000000000000e+00 
   84       2.669847538915e-11       1.472567201592e-14      -4.776905695939e-13       1.050613773851e-14       0.000000000000e+00       0.000000000000e+00       0.000000000000e+00 
   85       2.596045621830e-11       1.483837487051e-14      -4.749965308563e-13       1.051742109268e-14       0.000000000000e+00       0.000000000000e+00       0.000000000000e+00 
   86       2.523238589109e-11       1.494516655892e-14      -4.720191636398e-13       1.052356293731e-14       0.000000000000e+00       0.000000000000e+00       0.000000000000e+00 
   87       2.451481328109e-11       1.504599077187e-14      -4.687653373872e-13       1.052461643133e-14       0.000000000000e+00       0.000000000000e+00       0.000000000000e+00 
   88       2.380811848688e-11       1.514079839853e-14      -4.652424367660e-13       1.052064246389e-14       0.000000000000e+00       0.000000000000e+00       0.000000000000e+00 
   89       2.311250497922e-11       1.522954767817e-14      -4.614583651483e-13       1.051170973015e-14       0.000000000000e+00       0.000000000000e+00       0.000000000000e+00 
   90       2.242799174837e-11       1.531220435188e-14      -4.574215480898e-13       1.049789480711e-14       0.000000000000e+00       0.000000000000e+00       0.000000000000e+00 
   91       2.175440545123e-11       1.538874181414e-14      -4.531409368108e-13       1.047928222935e-14       0.000000000000e+00       0.000000000000e+00       0.000000000000e+00 
   92       2.109137255868e-11       1.545914126456e-14      -4.486260116748e-13       1.045596456492e-14       0.000000000000e+00       0.000000000000e+00       0.000000000000e+00 
   93       2.043854801570e-11       1.552338807775e-14      -4.438862949637e-13       1.042803654829e-14       0.000000000000e+00       0.000000000000e+00       0.000000000000e+00 
   94       1.979635761778e-11       1.558145995908e-14      -4.389297978181e-13       1.039557630552e-14       0.000000000000e+00       0.000000000000e+00       0.000000000000e+00 
   95       1.916535328858e-11       1.563333727967e-14      -4.337643450632e-13       1.035866143241e-14       0.000000000000e+00       0.000000000000e+00       0.000000000000e+00 
   96       1.854598197104e-11       1.567900679782e-14      -4.283980418899e-13       1.031737467992e-14       0.000000000000e+00       0.000000000000e+00       0.000000000000e+00 
   97       1.793858102121e-11       1.571846175879e-14      -4.228392705983e-13       1.027180394845e-14       0.000000000000e+00       0.000000000000e+00       0.000000000000e+00 
   98       1.734337360205e-11       1.575170199453e-14      -4.170966873421e-13       1.022204228200e-14       0.000000000000e+00       0.000000000000e+00       0.000000000000e+00 
   99       1.676046407728e-11       1.577873402345e-14      -4.111792188723e-13       1.016818786243e-14       0.000000000000e+00       0.000000000000e+00       0.000000000000e+00 
  100       1.618983340516e-11       1.579957115015e-14      -4.050960592812e-13       1.011034400371e-14       0.000000000000e+00       0.000000000000e+00       0.000000000000e+00 
  101       1.563133453231e-11       1.581423356517e-14      -3.988566667466e-13       1.004861914610e-14       0.000000000000e+00       0.000000000000e+00       0.000000000000e+00 
  102       1.508468778754e-11       1.582274844475e-14      -3.924707602753e-13       9.983126850367e-15       0.000000000000e+00       0.000000000000e+00       0.000000000000e+00 
  103       1.454947627566e-11       1.582515005060e-14      -3.859483164478e-13       9.913985792072e-15       0.000000000000e+00       0.000000000000e+00       0.000000000000e+00 
  104       1.402532124689e-11       1.582147684905e-14      -3.792991886565e-13       9.841315925419e-15       0.000000000000e+00       0.000000000000e+00       0.000000000000e+00 
  105       1.351244510609e-11       1.581176221068e-14      -3.725319132586e-13       9.765226397279e-15       0.000000000000e+00       0.000000000000e+00       0.000000000000e+00 
  106       1.301117622467e-11       1.579604263450e-14      -3.656547353309e-13       9.685825982176e-15       0.000000000000e+00       0.000000000000e+00       0.000000000000e+00 
  107       1.252177315984e-11       1.577436068245e-14      -3.586759644588e-13       9.603226719526e-15       0.000000000000e+00       0.000000000000e+00       0.000000000000e+00 
  108       1.204442202613e-11       1.574676504644e-14      -3.516039673316e-13       9.517543865761e-15       0.000000000000e+00       0.000000000000e+00       0.000000000000e+00 
  109       1.157923386701e-11       1.571331061533e-14      -3.444471603382e-13       9.428895846470e-15       0.000000000000e+00       0.000000000000e+00       0.000000000000e+00 
  110       1.112624202641e-11       1.567405854195e-14      -3.372140021625e-13       9.337404208532e-15       0.000000000000e+00       0.000000000000e+00       0.000000000000e+00 
  111       1.068539952033e-11       1.562907631004e-14      -3.299129863793e-13       9.243193572243e-15       0.000000000000e+00       0.000000000000e+00       0.000000000000e+00 
  112       1.025657640839e-11       1.557843780131e-14      -3.225526340494e-13       9.146391583456e-15       0.000000000000e+00       0.000000000000e+00       0.000000000000e+00 
  113       9.839557165408e-12       1.552222336242e-14      -3.151414863155e-13       9.047128865711e-15       0.000000000000e+00       0.000000000000e+00       0.000000000000e+00 
  114       9.434038052942e-12       1.546051987193e-14      -3.076880969978e-13       8.945538972367e-15       0.000000000000e+00       0.000000000000e+00       0.000000000000e+00 
  115       9.039624490892e-12       1.539342080736e-14      -3.002010251893e-13       8.841758338741e-15       0.000000000000e+00       0.000000000000e+00       0.000000000000e+00 
  116       8.655954747220e-12       1.532102221714e-14      -2.926886472970e-13       8.735922216275e-15       0.000000000000e+00       0.000000000000e+00       0.000000000000e+00 
  117       8.283093687220e-12       1.524340993764e-14      -2.851585830693e-13       8.628152016602e-15       0.000000000000e+00       0.000000000000e+00       0.000000000000e+00 
  118       7.921182183769e-12       1.516067094054e-14      -2.776181855548e-13       8.518566331712e-15       0.000000000000e+00       0.000000000000e+00       0.000000000000e+00 
  119       7.570313587552e-12       1.507289731927e-14      -2.700747065103e-13       8.407284731740e-15       0.000000000000e+00       0.000000000000e+00       0.000000000000e+00 
  120       7.230532215508e-12       1.498018631978e-14      -2.625352873997e-13       8.294427681580e-15       0.000000000000e+00       0.000000000000e+00       0.000000000000e+00 
  121       6.901831839265e-12       1.488264037132e-14      -2.550069503931e-13       8.180116457485e-15       0.000000000000e+00       0.000000000000e+00       0.000000000000e+00 
  122       6.584154173582e-12       1.478036711728e-14      -2.474965893660e-13       8.064473063682e-15       0.000000000000e+00       0.000000000000e+00       0.000000000000e+00 
  123       6.277387364790e-12       1.467347944592e-14      -2.400109608987e-13       7.947620148974e-15       0.000000000000e+00       0.000000000000e+00       0.000000000000e+00 
  124       5.981364479233e-12       1.456209552118e-14      -2.325566752750e-13       7.829680923350e-15       0.000000000000e+00       0.000000000000e+00       0.000000000000e+00 
  125       5.695861991707e-12       1.444633881348e-14      -2.251401874817e-13       7.710779074592e-15       0.000000000000e+00       0.000000000000e+00       0.000000000000e+00 
  126       5.420598273899e-12       1.432633813053e-14      -2.177677882078e-13       7.591038684882e-15       0.000000000000e+00       0.000000000000e+00       0.000000000000e+00 
  127       5.155232082829e-12       1.420222764806e-14      -2.104455948433e-13       7.470584147412e-15       0.000000000000e+00       0.000000000000e+00       0.000000000000e+00 
  128       4.899361049294e-12       1.407414694066e-14      -2.031795424786e-13       7.349540082988e-15       0.000000000000e+00       0.000000000000e+00       0.000000000000e+00 
  129       4.652616281181e-12       1.394223579473e-14      -1.959753878818e-13       7.228028638240e-15       0.000000000000e+00       0.000000000000e+00       0.000000000000e+00 
  130       4.414961117790e-12       1.380661793871e-14      -1.888387410423e-13       7.106161222271e-15       0.000000000000e+00       0.000000000000e+00       0.000000000000e+00 
  131       4.186422445262e-12       1.366741557789e-14      -1.817750200942e-13       6.984045701694e-15       0.000000000000e+00       0.000000000000e+00       0.000000000000e+00 
  132       3.966996703815e-12       1.352475444579e-14      -1.747894298275e-13       6.861788836648e-15       0.000000000000e+00       0.000000000000e+00       0.000000000000e+00 
  133       3.756649063951e-12       1.337876379762e-14      -1.678869527802e-13       6.739496178671e-15       0.000000000000e+00       0.000000000000e+00       0.000000000000e+00 
  134       3.555312602661e-12       1.322957640370e-14      -1.610723403306e-13       6.617271968572e-15       0.000000000000e+00       0.000000000000e+00       0.000000000000e+00 
  135       3.362887479623e-12       1.307732854294e-14      -1.543501037892e-13       6.495219034298e-15       0.000000000000e+00       0.000000000000e+00       0.000000000000e+00 
  136       3.179240113410e-12       1.292215999626e-14      -1.477245054905e-13       6.373438688809e-15       0.000000000000e+00       0.000000000000e+00       0.000000000000e+00 
  137       3.004202357690e-12       1.276421404010e-14      -1.411995498854e-13       6.252030627948e-15       0.000000000000e+00       0.000000000000e+00       0.000000000000e+00 
  138       2.837570677432e-12       1.260363743982e-14      -1.347789746327e-13       6.131092828313e-15       0.000000000000e+00       0.000000000000e+00       0.000000000000e+00 
  139       2.679105325109e-12       1.244058044317e-14      -1.284662416917e-13       6.010721445127e-15       0.000000000000e+00       0.000000000000e+00       0.000000000000e+00 
  140       2.528529516898e-12       1.227519677375e-14      -1.222645284140e-13       5.891010710109e-15       0.000000000000e+00       0.000000000000e+00       0.000000000000e+00 
  141       2.385528608889e-12       1.210764362446e-14      -1.161767186351e-13       5.772052829349e-15       0.000000000000e+00       0.000000000000e+00       0.000000000000e+00 
  142       2.249749273283e-12       1.193808165095e-14      -1.102053937672e-13       5.653937881173e-15       0.000000000000e+00       0.000000000000e+00       0.000000000000e+00 
  143       2.120798674599e-12       1.176667496508e-14      -1.043528238905e-13       5.536753714019e-15       0.000000000000e+00       0.000000000000e+00       0.000000000000e+00 
  144       1.998317585043e-12       1.159358499593e-14      -9.862121020933e-14       5.420585390357e-15       0.000000000000e+00       0.000000000000e+00       0.000000000000e+00 
  145       1.882209593685e-12       1.141895140469e-14      -9.301345816369e-14       5.305513672280e-15       0.000000000000e+00       0.000000000000e+00       0.000000000000e+00 
  146       1.772433033436e-12       1.124290926703e-14      -8.753246395716e-14       5.191616191773e-15       0.000000000000e+00       0.000000000000e+00       0.000000000000e+00 
  147       1.668928675638e-12       1.106559499517e-14      -8.218086264000e-14       5.078967787448e-15       0.000000000000e+00       0.000000000000e+00       0.000000000000e+00 
  148       1.571619331207e-12       1.088714629606e-14      -7.696102064582e-14       4.967640399809e-15       0.000000000000e+00       0.000000000000e+00       0.000000000000e+00 
  149       1.480409451775e-12       1.070770212961e-14      -7.187502832824e-14       4.857702966508e-15       0.000000000000e+00       0.000000000000e+00       0.000000000000e+00 
  150       1.395184730828e-12       1.052740266691e-14      -6.692469249748e-14       4.749221317612e-15       0.000000000000e+00       0.000000000000e+00       0.000000000000e+00 
  151       1.315811704849e-12       1.034638924842e-14      -6.211152895701e-14       4.642258070865e-15       0.000000000000e+00       0.000000000000e+00       0.000000000000e+00 
  152       1.242137354461e-12       1.016480434217e-14      -5.743675504022e-14       4.536872526949e-15       0.000000000000e+00       0.000000000000e+00       0.000000000000e+00 
  153       1.173988705563e-12       9.982791501993e-15      -5.290128214703e-14       4.433120564747e-15       0.000000000000e+00       0.000000000000e+00       0.000000000000e+00 
  154       1.111172430477e-12       9.800495325724e-15      -4.850570828053e-14       4.331054536603e-15       0.000000000000e+00       0.000000000000e+00       0.000000000000e+00 
  155       1.053474449083e-12       9.618061413410e-15      -4.425031058362e-14       4.230723163589e-15       0.000000000000e+00       0.000000000000e+00       0.000000000000e+00 
  156       1.000659529965e-12       9.435636325518e-15      -4.013503787567e-14       4.132171430765e-15       0.000000000000e+00       0.000000000000e+00       0.000000000000e+00 
  157       9.524708915509e-13       9.253367541147e-15      -3.615950318912e-14       4.035440482438e-15       0.000000000000e+00       0.000000000000e+00       0.000000000000e+00 
  158       9.086298032522e-13       9.071403416232e-15      -3.232297630615e-14       3.940567517431e-15       0.000000000000e+00       0.000000000000e+00       0.000000000000e+00 
  159       8.688351866060e-13       8.889893141761e-15      -2.862437629531e-14       3.847585684340e-15       0.000000000000e+00       0.000000000000e+00       0.000000000000e+00 
  160       8.327632164163e-13       8.708986701978e-15      -2.506226404813e-14       3.756523976798e-15       0.000000000000e+00       0.000000000000e+00       0.000000000000e+00 
  161       8.001191211171e-13       8.528829075284e-15      -2.163530688857e-14       3.667410258870e-15       0.000000000000e+00       0.000000000000e+00       0.000000000000e+00 
  162       7.707985690819e-13       8.349542348360e-15      -1.834373424198e-14       3.580280861785e-15       0.000000000000e+00       0.000000000000e+00       0.000000000000e+00 
  163       7.447398582959e-13       8.171241933117e-15      -1.518799703042e-14       3.495171639648e-15       0.000000000000e+00       0.000000000000e+00       0.000000000000e+00 
  164       7.218728433031e-13       7.994042114009e-15      -1.216830192845e-14       3.412114826019e-15       0.000000000000e+00       0.000000000000e+00       0.000000000000e+00 
  165       7.021187765097e-13       7.818055979761e-15      -9.284606071664e-15       3.331138943580e-15       0.000000000000e+00       0.000000000000e+00       0.000000000000e+00 
  166       6.853901494871e-13       7.643395355080e-15      -6.536611765323e-15       3.252268713793e-15       0.000000000000e+00       0.000000000000e+00       0.000000000000e+00 
  167       6.715905342754e-13       7.470170732386e-15      -3.923761192910e-15       3.175524966568e-15       0.000000000000e+00       0.000000000000e+00       0.000000000000e+00 
  168       6.606144246861e-13       7.298491203523e-15      -1.445231124723e-15       3.100924549926e-15       0.000000000000e+00       0.000000000000e+00       0.000000000000e+00 
  169       6.523470776055e-13       7.128464391488e-15       9.000723735312e-16       3.028480239660e-15       0.000000000000e+00       0.000000000000e+00       0.000000000000e+00 
  170       6.466643542977e-13       6.960196382144e-15       3.113519232162e-15       2.958200649003e-15       0.000000000000e+00       0.000000000000e+00       0.000000000000e+00 
  171       6.434325617080e-13       6.793791655948e-15       5.196760668903e-15       2.890090138288e-15       0.000000000000e+00       0.000000000000e+00       0.000000000000e+00 
  172       6.425082937657e-13       6.629353019664e-15       7.151734480327e-15       2.824148724613e-15       0.000000000000e+00       0.000000000000e+00       0.000000000000e+00 
  173       6.437382726876e-13       6.466981538092e-15       8.980670333263e-15       2.760371991506e-15       0.000000000000e+00       0.000000000000e+00       0.000000000000e+00 
  174       6.469591902808e-13       6.306776465781e-15       1.068609505621e-14       2.698750998585e-15       0.000000000000e+00       0.000000000000e+00       0.000000000000e+00 
  175       6.519975492461e-13       6.148835178753e-15       1.227083793074e-14       2.639272191227e-15       0.000000000000e+00       0.000000000000e+00       0.000000000000e+00 
  176       6.586695044812e-13       5.993253106225e-15       1.373803598294e-14       2.581917310227e-15       0.000000000000e+00       0.000000000000e+00       0.000000000000e+00 
  177       6.667807043834e-13       5.840123662327e-15       1.509113927479e-14       2.526663301463e-15       0.000000000000e+00       0.000000000000e+00       0.000000000000e+00 
  178       6.761261321533e-13       5.689538177825e-15       1.633391619561e-14       2.473482225561e-15       0.000000000000e+00       0.000000000000e+00       0.000000000000e+00 
  179       6.864899470976e-13       5.541585831838e-15       1.747045875346e-14       2.422341167558e-15       0.000000000000e+00       0.000000000000e+00       0.000000000000e+00 
  180       6.976779011962e-13       5.396350696739e-15       1.850456774541e-14       2.373209447135e-15       0.000000000000e+00       0.000000000000e+00       0.000000000000e+00 
  181       7.096178017747e-13       5.253902752798e-15       1.943784256369e-14       2.326081078926e-15       0.000000000000e+00       0.000000000000e+00       0.000000000000e+00 
  182       7.222667482726e-13       5.114306026523e-15       2.027144935941e-14       2.280953928224e-15       0.000000000000e+00       0.000000000000e+00       0.000000000000e+00 
  183       7.355792361606e-13       4.977621334956e-15       2.100673050474e-14       2.237822507849e-15       0.000000000000e+00       0.000000000000e+00       0.000000000000e+00 
  184       7.495071182267e-13       4.843906206760e-15       2.164520760030e-14       2.196677914704e-15       0.000000000000e+00       0.000000000000e+00       0.000000000000e+00 
  185       7.639995658613e-13       4.713214803303e-15       2.218858448252e-14       2.157507766330e-15       0.000000000000e+00       0.000000000000e+00       0.000000000000e+00 
  186       7.790030303434e-13       4.585597839751e-15       2.263875023099e-14       2.120296137457e-15       0.000000000000e+00       0.000000000000e+00       0.000000000000e+00 
  187       7.944612041263e-13       4.461102506152e-15       2.299778217580e-14       2.085023496558e-15       0.000000000000e+00       0.000000000000e+00       0.000000000000e+00 
  188       8.103149821227e-13       4.339772388526e-15       2.326794890492e-14       2.051666642405e-15       0.000000000000e+00       0.000000000000e+00       0.000000000000e+00 
  189       8.265024229914e-13       4.221647389949e-15       2.345171327159e-14       2.020198640618e-15       0.000000000000e+00       0.000000000000e+00       0.000000000000e+00 
  190       8.429587104220e-13       4.106763651647e-15       2.355173540159e-14       1.990588760222e-15       0.000000000000e+00       0.000000000000e+00       0.000000000000e+00 
  191       8.596161144212e-13       3.995153474078e-15       2.357087570070e-14       1.962802410197e-15       0.000000000000e+00       0.000000000000e+00       0.000000000000e+00 
  192       8.764039525985e-13       3.886845238023e-15       2.351219786198e-14       1.936801076038e-15       0.000000000000e+00       0.000000000000e+00       0.000000000000e+00 
  193       8.932485514515e-13       3.781863325673e-15       2.337897187317e-14       1.912542256300e-15       0.000000000000e+00       0.000000000000e+00       0.000000000000e+00 
  194       9.100732076520e-13       3.680228041716e-15       2.317467702405e-14       1.889979399157e-15       0.000000000000e+00       0.000000000000e+00       0.000000000000e+00 
  195       9.267981493315e-13       3.581955534426e-15       2.290300491376e-14       1.869061838953e-15       0.000000000000e+00       0.000000000000e+00       0.000000000000e+00 
  196       9.433404973669e-13       3.487057716748e-15       2.256786245821e-14       1.849734732758e-15       0.000000000000e+00       0.000000000000e+00       0.000000000000e+00 
  197       9.596142266665e-13       3.395542187390e-15       2.217337489740e-14       1.831938996919e-15       0.000000000000e+00       0.000000000000e+00       0.000000000000e+00 
  198       9.755301274551e-13       3.307412151909e-15       2.172388880281e-14       1.815611243615e-15       0.000000000000e+00       0.000000000000e+00       0.000000000000e+00 
  199       9.909957665604e-13       3.222666343795e-15       2.122397508471e-14       1.800683717407e-15       0.000000000000e+00       0.000000000000e+00       0.000000000000e+00 
  200       1.005915448698e-12       3.141298945567e-15       2.067843199958e-14       1.787084231796e-15       0.000000000000e+00       0.000000000000e+00       0.000000000000e+00 
  201       1.020205450081e-12       3.063302719309e-15       2.009165006098e-14       1.774746252993e-15       0.000000000000e+00       0.000000000000e+00       0.000000000000e+00 
  202       1.033841012379e-12       2.988678811620e-15       1.946564996388e-14       1.763640085858e-15       0.000000000000e+00       0.000000000000e+00       0.000000000000e+00 
  203       1.046812634840e-12       2.917427497681e-15       1.880191014362e-14       1.753743795844e-15       0.000000000000e+00       0.000000000000e+00       0.000000000000e+00 
  204       1.059111110054e-12       2.849544965764e-15       1.810199338962e-14       1.745033228759e-15       0.000000000000e+00       0.000000000000e+00       0.000000000000e+00 
  205       1.070727530383e-12       2.785023247810e-15       1.736754796689e-14       1.737481977308e-15       0.000000000000e+00       0.000000000000e+00       0.000000000000e+00 
  206       1.081653294379e-12       2.723850149996e-15       1.660030873741e-14       1.731061347638e-15       0.000000000000e+00       0.000000000000e+00       0.000000000000e+00 
  207       1.091880113213e-12       2.666009183315e-15       1.580209828167e-14       1.725740325883e-15       0.000000000000e+00       0.000000000000e+00       0.000000000000e+00 
  208       1.101400017090e-12       2.611479494144e-15       1.497482802003e-14       1.721485544704e-15       0.000000000000e+00       0.000000000000e+00       0.000000000000e+00 
  209       1.110205361682e-12       2.560235794821e-15       1.412049933425e-14       1.718261249835e-15       0.000000000000e+00       0.000000000000e+00       0.000000000000e+00 
  210       1.118288834544e-12       2.512248294217e-15       1.324120468889e-14       1.716029266629e-15       0.000000000000e+00       0.000000000000e+00       0.000000000000e+00 
  211       1.125643461542e-12       2.467482628309e-15       1.233912875278e-14       1.714748966597e-15       0.000000000000e+00       0.000000000000e+00       0.000000000000e+00 
  212       1.132262613273e-12       2.425899790752e-15       1.141654952050e-14       1.714377233955e-15       0.000000000000e+00       0.000000000000e+00       0.000000000000e+00 
  213       1.138140011489e-12       2.387456063458e-15       1.047583943377e-14       1.714868432167e-15       0.000000000000e+00       0.000000000000e+00       0.000000000000e+00 
  214       1.143269735525e-12       2.352102947163e-15       9.519466502952e-15       1.716174370488e-15       0.000000000000e+00       0.000000000000e+00       0.000000000000e+00 
  215       1.147646228713e-12       2.319787092003e-15       8.549995428497e-15       1.718244270510e-15       0.000000000000e+00       0.000000000000e+00       0.000000000000e+00 
  216       1.151264304816e-12       2.290450228087e-15       7.570088722374e-15       1.721024732701e-15       0.000000000000e+00       0.000000000000e+00       0.000000000000e+00 
  217       1.154119154442e-12       2.264029096072e-15       6.582507829544e-15       1.724459702954e-15       0.000000000000e+00       0.000000000000e+00       0.000000000000e+00 
  218       1.156206351474e-12       2.240455377734e-15       5.590114249400e-15       1.728490439129e-15       0.000000000000e+00       0.000000000000e+00       0.000000000000e+00 
  219       1.157521859490e-12       2.219655626542e-15       4.595870657224e-15       1.733055477595e-15       0.000000000000e+00       0.000000000000e+00       0.000000000000e+00 
  220       1.158062038188e-12       2.201551198233e-15       3.602842025640e-15       1.738090599776e-15       0.000000000000e+00       0.000000000000e+00       0.000000000000e+00 
  221       1.157823649808e-12       2.186058181384e-15       2.614196746062e-15       1.743528798692e-15       0.000000000000e+00       0.000000000000e+00       0.000000000000e+00 
  222       1.156803865555e-12       2.173087327983e-15       1.633207750151e-15       1.749300245506e-15       0.000000000000e+00       0.000000000000e+00       0.000000000000e+00 
  223       1.155000272024e-12       2.162543984009e-15       6.632536312641e-16       1.755332256066e-15       0.000000000000e+00       0.000000000000e+00       0.000000000000e+00 
  224       1.152413116887e-12       2.154339155032e-15      -2.926587593660e-16       1.761559499137e-15       0.000000000000e+00       0.000000000000e+00       0.000000000000e+00 
  225       1.149052193049e-12       2.148423637257e-15      -1.233362947369e-15       1.767955419560e-15       0.000000000000e+00       0.000000000000e+00       0.000000000000e+00 
  226       1.144930409593e-12       2.144755946798e-15      -2.158156466333e-15       1.774502770916e-15       0.000000000000e+00       0.000000000000e+00       0.000000000000e+00 
  227       1.140061603990e-12       2.143291339247e-15      -3.066330838558e-15       1.781183546429e-15       0.000000000000e+00       0.000000000000e+00       0.000000000000e+00 
  228       1.134460553858e-12       2.143981766755e-15      -3.957171592944e-15       1.787978969902e-15       0.000000000000e+00       0.000000000000e+00       0.000000000000e+00 
  229       1.128142988709e-12       2.146775835122e-15      -4.829958282887e-15       1.794869486640e-15       0.000000000000e+00       0.000000000000e+00       0.000000000000e+00 
  230       1.121125601711e-12       2.151618760879e-15      -5.683964504175e-15       1.801834754383e-15       0.000000000000e+00       0.000000000000e+00       0.000000000000e+00 
  231       1.113426061443e-12       2.158452328374e-15      -6.518457912876e-15       1.808853634228e-15       0.000000000000e+00       0.000000000000e+00       0.000000000000e+00 
  232       1.105063023643e-12       2.167214846859e-15      -7.332700243239e-15       1.815904181568e-15       0.000000000000e+00       0.000000000000e+00       0.000000000000e+00 
  233       1.096056142972e-12       2.177841107574e-15      -8.125947325582e-15       1.822963637010e-15       0.000000000000e+00       0.000000000000e+00       0.000000000000e+00 
  234       1.086426084760e-12       2.190262340831e-15      -8.897449104189e-15       1.830008417310e-15       0.000000000000e+00       0.000000000000e+00       0.000000000000e+00 
  235       1.076194536768e-12       2.204406173102e-15      -9.646449655200e-15       1.837014106303e-15       0.000000000000e+00       0.000000000000e+00       0.000000000000e+00 
  236       1.065384220941e-12       2.220196584105e-15      -1.037218720451e-14       1.843955445825e-15       0.000000000000e+00       0.000000000000e+00       0.000000000000e+00 
  237       1.054018905160e-12       2.237553863884e-15      -1.107389414566e-14       1.850806326648e-15       0.000000000000e+00       0.000000000000e+00       0.000000000000e+00 
  238       1.042123415000e-12       2.256394569901e-15      -1.175079705773e-14       1.857539779406e-15       0.000000000000e+00       0.000000000000e+00       0.000000000000e+00 
  239       1.029723645485e-12       2.276631484117e-15      -1.240211672324e-14       1.864127965523e-15       0.000000000000e+00       0.000000000000e+00       0.000000000000e+00 
  240       1.016846572841e-12       2.298173570079e-15      -1.302706814602e-14       1.870542168145e-15       0.000000000000e+00       0.000000000000e+00       0.000000000000e+00 
  241       1.003520266252e-12       2.320925930005e-15      -1.362486056913e-14       1.876752783065e-15       0.000000000000e+00       0.000000000000e+00       0.000000000000e+00 
  242       9.897738996145e-13       2.344789761869e-15      -1.419469749276e-14       1.882729309654e-15       0.000000000000e+00       0.000000000000e+00       0.000000000000e+00 
  243       9.756377632936e-13       2.369662316488e-15      -1.473577669208e-14       1.888440341787e-15       0.000000000000e+00       0.000000000000e+00       0.000000000000e+00 
  244       9.611432758764e-13       2.395436854606e-15      -1.524729023520e-14       1.893853558777e-15       0.000000000000e+00       0.000000000000e+00       0.000000000000e+00 
  245       9.463229959281e-13       2.422002603978e-15      -1.572842450098e-14       1.898935716297e-15       0.000000000000e+00       0.000000000000e+00       0.000000000000e+00 
  246       9.312106337461e-13       2.449244716457e-15      -1.617836019700e-14       1.903652637315e-15       0.000000000000e+00       0.000000000000e+00       0.000000000000e+00 
  247       9.158410631154e-13       2.477044225082e-15      -1.659627237742e-14       1.907969203017e-15       0.000000000000e+00       0.000000000000e+00       0.000000000000e+00 
  248       9.002503330633e-13       2.505278001157e-15      -1.698133046087e-14       1.911849343741e-15       0.000000000000e+00       0.000000000000e+00       0.000000000000e+00 
  249       8.844756796147e-13       2.533818711343e-15      -1.733269824837e-14       1.915256029900e-15       0.000000000000e+00       0.000000000000e+00       0.000000000000e+00 
  250       8.685511094528e-13       2.562551242429e-15      -1.764971785024e-14       1.918157739870e-15       0.000000000000e+00       0.000000000000e+00       0.000000000000e+00 
  251       8.524938439967e-13       2.591423115425e-15      -1.793247320147e-14       1.920548296292e-15       0.000000000000e+00       0.000000000000e+00       0.000000000000e+00 
  252       8.363171156789e-13       2.620396898127e-15      -1.818125910840e-14       1.922428157140e-15       0.000000000000e+00       0.000000000000e+00       0.000000000000e+00 
  253       8.200345288997e-13       2.649433987910e-15      -1.839640063428e-14       1.923798045097e-15       0.000000000000e+00       0.000000000000e+00       0.000000000000e+00 
  254       8.036600633140e-13       2.678494600311e-15      -1.857825346877e-14       1.924658950871e-15       0.000000000000e+00       0.000000000000e+00       0.000000000000e+00 
  255       7.872080771183e-13       2.707537757600e-15      -1.872720429761e-14       1.925012136506e-15       0.000000000000e+00       0.000000000000e+00       0.000000000000e+00 
  256       7.706933103374e-13       2.736521277358e-15      -1.884367117219e-14       1.924859138700e-15       0.000000000000e+00       0.000000000000e+00       0.000000000000e+00 
  257       7.541308881114e-13       2.765401761061e-15      -1.892810387910e-14       1.924201772120e-15       0.000000000000e+00       0.000000000000e+00       0.000000000000e+00 
  258       7.375363239823e-13       2.794134582649e-15      -1.898098430980e-14       1.923042132715e-15       0.000000000000e+00       0.000000000000e+00       0.000000000000e+00 
  259       7.209255231814e-13       2.822673877109e-15      -1.900282683014e-14       1.921382601031e-15       0.000000000000e+00       0.000000000000e+00       0.000000000000e+00 
  260       7.043147859155e-13       2.850972529048e-15      -1.899417865000e-14       1.919225845529e-15       0.000000000000e+00       0.000000000000e+00       0.000000000000e+00 
  261       6.877208106543e-13       2.878982161275e-15      -1.895562019285e-14       1.916574825896e-15       0.000000000000e+00       0.000000000000e+00       0.000000000000e+00 
  262       6.711606974167e-13       2.906653123376e-15      -1.888776546536e-14       1.913432796362e-15       0.000000000000e+00       0.000000000000e+00       0.000000000000e+00 
  263       6.546519510583e-13       2.933934480290e-15      -1.879126242701e-14       1.909803309015e-15       0.000000000000e+00       0.000000000000e+00       0.000000000000e+00 
  264       6.382124845578e-13       2.960774000888e-15      -1.866679335964e-14       1.905690217115e-15       0.000000000000e+00       0.000000000000e+00       0.000000000000e+00 
  265       6.218606223041e-13       2.987118146551e-15      -1.851507523707e-14       1.901097678409e-15       0.000000000000e+00       0.000000000000e+00       0.000000000000e+00 
  266       6.056151033830e-13       3.012912059747e-15      -1.833686009469e-14       1.896030158448e-15       0.000000000000e+00       0.000000000000e+00       0.000000000000e+00 
  267       5.894950848641e-13       3.038099552606e-15      -1.813293539905e-14       1.890492433898e-15       0.000000000000e+00       0.000000000000e+00       0.000000000000e+00 
  268       5.735201450878e-13       3.062623095500e-15      -1.790412441744e-14       1.884489595858e-15       0.000000000000e+00       0.000000000000e+00       0.000000000000e+00 
  269       5.577102869518e-13       3.086423805621e-15      -1.765128658752e-14       1.878027053175e-15       0.000000000000e+00       0.000000000000e+00       0.000000000000e+00 
  270       5.420859411986e-13       3.109441435555e-15      -1.737531788685e-14       1.871110535755e-15       0.000000000000e+00       0.000000000000e+00       0.000000000000e+00 
  271       5.266679697016e-13       3.131614361863e-15      -1.707715120254e-14       1.863746097884e-15       0.000000000000e+00       0.000000000000e+00       0.000000000000e+00 
  272       5.114776687524e-13       3.152879573655e-15      -1.675775670083e-14       1.855940121539e-15       0.000000000000e+00       0.000000000000e+00       0.000000000000e+00 
  273       4.965367723478e-13       3.173172661170e-15      -1.641814219666e-14       1.847699319701e-15       0.000000000000e+00       0.000000000000e+00       0.000000000000e+00 
  274       4.818674554762e-13       3.192427804352e-15      -1.605935352326e-14       1.839030739676e-15       0.000000000000e+00       0.000000000000e+00       0.000000000000e+00 
  275       4.674923374048e-13       3.210577761428e-15      -1.568247490180e-14       1.829941766404e-15       0.000000000000e+00       0.000000000000e+00       0.000000000000e+00 
  276       4.534344849664e-13       3.227553857485e-15      -1.528862931091e-14       1.820440125778e-15       0.000000000000e+00       0.000000000000e+00       0.000000000000e+00 
  277       4.397174158461e-13       3.243285973048e-15      -1.487897885630e-14       1.810533887957e-15       0.000000000000e+00       0.000000000000e+00       0.000000000000e+00 
  278       4.263651018684e-13       3.257702532656e-15      -1.445472514037e-14       1.800231470680e-15       0.000000000000e+00       0.000000000000e+00       0.000000000000e+00 
  279       4.133979383540e-13       3.270743328780e-15      -1.401698579589e-14       1.789541843925e-15       0.000000000000e+00       0.000000000000e+00       0.000000000000e+00 
  280       4.008204142810e-13       3.282398752496e-15      -1.356641624620e-14       1.778475148799e-15       0.000000000000e+00       0.000000000000e+00       0.000000000000e+00 
  281       3.886328097336e-13       3.292672573048e-15      -1.310356906892e-14       1.767042117169e-15       0.000000000000e+00       0.000000000000e+00       0.000000000000e+00 
  282       3.768351693983e-13       3.301569293841e-15      -1.262901624530e-14       1.755253876813e-15       0.000000000000e+00       0.000000000000e+00       0.000000000000e+00 
  283       3.654272996540e-13       3.309094160728e-15      -1.214334933961e-14       1.743121955049e-15       0.000000000000e+00       0.000000000000e+00       0.000000000000e+00 
  284       3.544087656626e-13       3.315253170310e-15      -1.164717967846e-14       1.730658282357e-15       0.000000000000e+00       0.000000000000e+00       0.000000000000e+00 
  285       3.437788884591e-13       3.320053078223e-15      -1.114113853021e-14       1.717875196002e-15       0.000000000000e+00       0.000000000000e+00       0.000000000000e+00 
  286       3.335367420422e-13       3.323501407440e-15      -1.062587728431e-14       1.704785443659e-15       0.000000000000e+00       0.000000000000e+00       0.000000000000e+00 
  287       3.236811504642e-13       3.325606456555e-15      -1.010206763069e-14       1.691402187038e-15       0.000000000000e+00       0.000000000000e+00       0.000000000000e+00 
  288       3.142106849219e-13       3.326377308087e-15      -9.570401739139e-15       1.677739005506e-15       0.000000000000e+00       0.000000000000e+00       0.000000000000e+00 
  289       3.051236608467e-13       3.325823836764e-15      -9.031592438620e-15       1.663809899716e-15       0.000000000000e+00       0.000000000000e+00       0.000000000000e+00 
  290       2.964181349950e-13       3.323956717824e-15      -8.486373396695e-15       1.649629295224e-15       0.000000000000e+00       0.000000000000e+00       0.000000000000e+00 
  291       2.880919025381e-13       3.320787435306e-15      -7.935499298864e-15       1.635212046119e-15       0.000000000000e+00       0.000000000000e+00       0.000000000000e+00 
  292       2.801424941535e-13       3.316328290342e-15      -7.379746027942e-15       1.620573438646e-15       0.000000000000e+00       0.000000000000e+00       0.000000000000e+00 
  293       2.725671731142e-13       3.310592409452e-15      -6.819910843426e-15       1.605729194829e-15       0.000000000000e+00       0.000000000000e+00       0.000000000000e+00 
  294       2.653629323798e-13       3.303593752841e-15      -6.256812560859e-15       1.590695476093e-15       0.000000000000e+00       0.000000000000e+00       0.000000000000e+00 
  295       2.585264916866e-13       3.295347122687e-15      -5.691291731207e-15       1.575488886896e-15       0.000000000000e+00       0.000000000000e+00       0.000000000000e+00 
  296       2.520542946377e-13       3.285868171438e-15      -5.124210820219e-15       1.560126478343e-15       0.000000000000e+00       0.000000000000e+00       0.000000000000e+00 
  297       2.459425057938e-13       3.275173410106e-15      -4.556454387798e-15       1.544625751818e-15       0.000000000000e+00       0.000000000000e+00       0.000000000000e+00 
  298       2.401870077631e-13       3.263280216559e-15      -3.988929267373e-15       1.529004662606e-15       0.000000000000e+00       0.000000000000e+00       0.000000000000e+00 
  299       2.347833982922e-13       3.250206843816e-15      -3.422564745261e-15       1.513281623514e-15       0.000000000000e+00       0.000000000000e+00       0.000000000000e+00 
  300       2.297269873557e-13       3.235972428340e-15      -2.858312740039e-15       1.497475508500e-15       0.000000000000e+00       0.000000000000e+00       0.000000000000e+00 
  301       2.250127942472e-13       3.220596998331e-15      -2.297147981913e-15       1.481605656295e-15       0.000000000000e+00       0.000000000000e+00       0.000000000000e+00 
  302       2.206355446694e-13       3.204101482024e-15      -1.740068192082e-15       1.465691874025e-15       0.000000000000e+00       0.000000000000e+00       0.000000000000e+00 
  303       2.165896678245e-13       3.186507715976e-15      -1.188094262111e-15       1.449754440840e-15       0.000000000000e+00       0.000000000000e+00       0.000000000000e+00 
  304       2.128692935043e-13       3.167838453363e-15      -6.422704332982e-16       1.433814111534e-15       0.000000000000e+00       0.000000000000e+00       0.000000000000e+00 
  305       2.094682491808e-13       3.148117372276e-15      -1.036644760398e-16       1.417892120171e-15       0.000000000000e+00       0.000000000000e+00       0.000000000000e+00 
  306       2.063800570968e-13       3.127369084011e-15       4.266321307976e-16       1.402010183710e-15       0.000000000000e+00       0.000000000000e+00       0.000000000000e+00 
  307       2.035979313555e-13       3.105619141365e-15       9.475040205106e-16       1.386190505627e-15       0.000000000000e+00       0.000000000000e+00       0.000000000000e+00 
  308       2.011147750115e-13       3.082894046928e-15       1.457811759190e-15       1.370455779541e-15       0.000000000000e+00       0.000000000000e+00       0.000000000000e+00 
  309       1.989231771609e-13       3.059221261378e-15       1.956391666355e-15       1.354829192836e-15       0.000000000000e+00       0.000000000000e+00       0.000000000000e+00 
  310       1.970154100318e-13       3.034629211774e-15       2.442055635580e-15       1.339334430290e-15       0.000000000000e+00       0.000000000000e+00       0.000000000000e+00 
  311       1.953834260743e-13       3.009147299850e-15       2.913590955131e-15       1.323995677692e-15       0.000000000000e+00       0.000000000000e+00       0.000000000000e+00 
  312       1.940193908861e-13       2.982805141732e-15       3.369962356867e-15       1.308834166678e-15       0.000000000000e+00       0.000000000000e+00       0.000000000000e+00 
  313       1.929173152855e-13       2.955630231078e-15       3.810928892372e-15       1.293857624594e-15       0.000000000000e+00       0.000000000000e+00       0.000000000000e+00 
  314       1.920714932818e-13       2.927650183710e-15       4.236455329280e-15       1.279070342188e-15       0.000000000000e+00       0.000000000000e+00       0.000000000000e+00 
  315       1.914759708257e-13       2.898893503738e-15       4.646512572384e-15       1.264476587646e-15       0.000000000000e+00       0.000000000000e+00       0.000000000000e+00 
  316       1.911245435584e-13       2.869389590901e-15       5.041077732763e-15       1.250080605970e-15       0.000000000000e+00       0.000000000000e+00       0.000000000000e+00 
  317       1.910107545600e-13       2.839168747925e-15       5.420134196916e-15       1.235886618345e-15       0.000000000000e+00       0.000000000000e+00       0.000000000000e+00 
  318       1.911278920986e-13       2.808262187868e-15       5.783671695889e-15       1.221898821520e-15       0.000000000000e+00       0.000000000000e+00       0.000000000000e+00 
  319       1.914689873790e-13       2.776702041468e-15       6.131686374407e-15       1.208121387179e-15       0.000000000000e+00       0.000000000000e+00       0.000000000000e+00 
  320       1.920268122915e-13       2.744521364497e-15       6.464180860004e-15       1.194558461315e-15       0.000000000000e+00       0.000000000000e+00       0.000000000000e+00 
  321       1.927938771604e-13       2.711754145104e-15       6.781164332155e-15       1.181214163603e-15       0.000000000000e+00       0.000000000000e+00       0.000000000000e+00 
  322       1.937624284934e-13       2.678435311171e-15       7.082652591404e-15       1.168092586779e-15       0.000000000000e+00       0.000000000000e+00       0.000000000000e+00 
  323       1.949244467296e-13       2.644600737656e-15       7.368668128496e-15       1.155197796005e-15       0.000000000000e+00       0.000000000000e+00       0.000000000000e+00 
  324       1.962716439889e-13       2.610287253948e-15       7.639240193509e-15       1.142533828253e-15       0.000000000000e+00       0.000000000000e+00       0.000000000000e+00 
  325       1.977954618207e-13       2.575532651212e-15       7.894404864980e-15       1.130104691672e-15       0.000000000000e+00       0.000000000000e+00       0.000000000000e+00 
  326       1.994870689524e-13       2.540375689739e-15       8.134205119040e-15       1.117914364963e-15       0.000000000000e+00       0.000000000000e+00       0.000000000000e+00 
  327       2.013373590381e-13       2.504856106297e-15       8.358690898542e-15       1.105966796758e-15       0.000000000000e+00       0.000000000000e+00       0.000000000000e+00 
  328       2.033369484081e-13       2.469014621479e-15       8.567919182193e-15       1.094265904988e-15       0.000000000000e+00       0.000000000000e+00       0.000000000000e+00 
  329       2.054761738169e-13       2.432892947054e-15       8.761954053682e-15       1.082815576260e-15       0.000000000000e+00       0.000000000000e+00       0.000000000000e+00 
  330       2.077450901922e-13       2.396533793312e-15       8.940866770814e-15       1.071619665229e-15       0.000000000000e+00       0.000000000000e+00       0.000000000000e+00 
  331       2.101334683840e-13       2.359980876419e-15       9.104735834638e-15       1.060681993975e-15       0.000000000000e+00       0.000000000000e+00       0.000000000000e+00 
  332       2.126307929131e-13       2.323278925761e-15       9.253647058578e-15       1.050006351375e-15       0.000000000000e+00       0.000000000000e+00       0.000000000000e+00 
  333       2.152262597197e-13       2.286473691297e-15       9.387693637562e-15       1.039596492478e-15       0.000000000000e+00       0.000000000000e+00       0.000000000000e+00 
  334       2.179087739127e-13       2.249611950907e-15       9.506976217156e-15       1.029456137877e-15       0.000000000000e+00       0.000000000000e+00       0.000000000000e+00 
  335       2.206669475181e-13       2.212741517740e-15       9.611602962693e-15       1.019588973086e-15       0.000000000000e+00       0.000000000000e+00       0.000000000000e+00 
  336       2.234890972277e-13       2.175911247566e-15       9.701689628401e-15       1.009998647911e-15       0.000000000000e+00       0.000000000000e+00       0.000000000000e+00 
  337       2.263632421483e-13       2.139171046123e-15       9.777359626536e-15       1.000688775826e-15       0.000000000000e+00       0.000000000000e+00       0.000000000000e+00 
  338       2.292771015501e-13       2.102571876466e-15       9.838744096514e-15       9.916629333481e-16       0.000000000000e+00       0.000000000000e+00       0.000000000000e+00 
  339       2.322180926157e-13       2.066165766319e-15       9.885981974037e-15       9.829246594071e-16       0.000000000000e+00       0.000000000000e+00       0.000000000000e+00 
  340       2.351733281888e-13       2.030005815423e-15       9.919220060226e-15       9.744774547242e-16       0.000000000000e+00       0.000000000000e+00       0.000000000000e+00 
  341       2.381296145228e-13       1.994146202882e-15       9.938613090753e-15       9.663247811835e-16       0.000000000000e+00       0.000000000000e+00       0.000000000000e+00 
  342       2.410734490300e-13       1.958642194517e-15       9.944323804969e-15       9.584700612069e-16       0.000000000000e+00       0.000000000000e+00       0.000000000000e+00 
  343       2.439910180301e-13       1.923550150213e-15       9.936523015035e-15       9.509166771277e-16       0.000000000000e+00       0.000000000000e+00       0.000000000000e+00 
  344       2.468681944990e-13       1.888927531270e-15       9.915389675052e-15       9.436679705647e-16       0.000000000000e+00       0.000000000000e+00       0.000000000000e+00 
  345       2.496905358175e-13       1.854832907748e-15       9.881110950196e-15       9.367272417966e-16       0.000000000000e+00       0.000000000000e+00       0.000000000000e+00 
  346       2.524432815204e-13       1.821325965822e-15       9.833882285840e-15       9.300977491353e-16       0.000000000000e+00       0.000000000000e+00       0.000000000000e+00 
  347       2.551113510450e-13       1.788467515127e-15       9.773907476692e-15       9.237827083006e-16       0.000000000000e+00       0.000000000000e+00       0.000000000000e+00 
  348       2.576793414800e-13       1.756319496109e-15       9.701398735923e-15       9.177852917937e-16       0.000000000000e+00       0.000000000000e+00       0.000000000000e+00 
  349       2.601341174691e-13       1.724935119490e-15       9.616587717469e-15       9.121073461629e-16       0.000000000000e+00       0.000000000000e+00       0.000000000000e+00 
  350       2.624727042639e-13       1.694328817574e-15       9.519758946840e-15       9.067454862727e-16       0.000000000000e+00       0.000000000000e+00       0.000000000000e+00 
  351       2.646947181188e-13       1.664505059189e-15       9.411217914329e-15       9.016948375745e-16       0.000000000000e+00       0.000000000000e+00       0.000000000000e+00 
  352       2.667998040145e-13       1.635468102612e-15       9.291280326736e-15       8.969503016982e-16       0.000000000000e+00       0.000000000000e+00       0.000000000000e+00 
  353       2.687876359526e-13       1.607221993222e-15       9.160272187251e-15       8.925065545665e-16       0.000000000000e+00       0.000000000000e+00       0.000000000000e+00 
  354       2.706579172511e-13       1.579770561159e-15       9.018529875350e-15       8.883580445096e-16       0.000000000000e+00       0.000000000000e+00       0.000000000000e+00 
  355       2.724103808398e-13       1.553117418975e-15       8.866400226686e-15       8.844989903796e-16       0.000000000000e+00       0.000000000000e+00       0.000000000000e+00 
  356       2.740447895556e-13       1.527265959291e-15       8.704240612976e-15       8.809233796648e-16       0.000000000000e+00       0.000000000000e+00       0.000000000000e+00 
  357       2.755609364376e-13       1.502219352453e-15       8.532419021895e-15       8.776249666045e-16       0.000000000000e+00       0.000000000000e+00       0.000000000000e+00 
  358       2.769586450227e-13       1.477980544185e-15       8.351314136967e-15       8.745972703031e-16       0.000000000000e+00       0.000000000000e+00       0.000000000000e+00 
  359       2.782377696408e-13       1.454552253247e-15       8.161315417455e-15       8.718335728448e-16       0.000000000000e+00       0.000000000000e+00       0.000000000000e+00 
  360       2.793981957101e-13       1.431936969085e-15       7.962823178249e-15       8.693269174081e-16       0.000000000000e+00       0.000000000000e+00       0.000000000000e+00 
  361       2.804398400322e-13       1.410136949491e-15       7.756248669763e-15       8.670701063801e-16       0.000000000000e+00       0.000000000000e+00       0.000000000000e+00 
  362       2.813626510880e-13       1.389154218257e-15       7.542014157822e-15       8.650556994712e-16       0.000000000000e+00       0.000000000000e+00       0.000000000000e+00 
  363       2.821666093322e-13       1.368990562829e-15       7.320553003551e-15       8.632760118292e-16       0.000000000000e+00       0.000000000000e+00       0.000000000000e+00 
  364       2.828517274895e-13       1.349647531960e-15       7.092309743271e-15       8.617231121542e-16       0.000000000000e+00       0.000000000000e+00       0.000000000000e+00 
  365       2.834180508491e-13       1.331126433372e-15       6.857740168386e-15       8.603888208128e-16       0.000000000000e+00       0.000000000000e+00       0.000000000000e+00 
  366       2.838656575604e-13       1.313428331403e-15       6.617311405276e-15       8.592647079528e-16       0.000000000000e+00       0.000000000000e+00       0.000000000000e+00 
  367       2.841946589286e-13       1.296554044667e-15       6.371501995184e-15       8.583420916173e-16       0.000000000000e+00       0.000000000000e+00       0.000000000000e+00 
  368       2.844051997094e-13       1.280504143708e-15       6.120801974112e-15       8.576120358595e-16       0.000000000000e+00       0.000000000000e+00       0.000000000000e+00 
  369       2.844974584046e-13       1.265278948654e-15       5.865712952711e-15       8.570653488571e-16       0.000000000000e+00       0.000000000000e+00       0.000000000000e+00 
  370       2.844716475576e-13       1.250878526874e-15       5.606748196167e-15       8.566925810267e-16       0.000000000000e+00       0.000000000000e+00       0.000000000000e+00 
  371       2.843280140483e-13       1.237302690632e-15       5.344432704097e-15       8.564840231382e-16       0.000000000000e+00       0.000000000000e+00       0.000000000000e+00 
  372       2.840668393890e-13       1.224550994740e-15       5.079303290438e-15       8.564297044296e-16       0.000000000000e+00       0.000000000000e+00       0.000000000000e+00 
  373       2.836884400189e-13       1.212622734218e-15       4.811908663339e-15       8.565193907212e-16       0.000000000000e+00       0.000000000000e+00       0.000000000000e+00 
  374       2.831931676002e-13       1.201516941944e-15       4.542809505049e-15       8.567425825299e-16       0.000000000000e+00       0.000000000000e+00       0.000000000000e+00 
  375       2.825814093130e-13       1.191232386313e-15       4.272578551810e-15       8.570885131842e-16       0.000000000000e+00       0.000000000000e+00       0.000000000000e+00 
  376       2.818535881507e-13       1.181767568889e-15       4.001800673751e-15       8.575461469381e-16       0.000000000000e+00       0.000000000000e+00       0.000000000000e+00 
  377       2.810101632151e-13       1.173120722062e-15       3.731072954770e-15       8.581041770861e-16       0.000000000000e+00       0.000000000000e+00       0.000000000000e+00 
  378       2.800516300123e-13       1.165289806703e-15       3.461004772434e-15       8.587510240772e-16       0.000000000000e+00       0.000000000000e+00       0.000000000000e+00 
  379       2.789785207472e-13       1.158272509819e-15       3.192217877866e-15       8.594748336296e-16       0.000000000000e+00       0.000000000000e+00       0.000000000000e+00 
  380       2.777914046196e-13       1.152066242204e-15       2.925346475635e-15       8.602634748453e-16       0.000000000000e+00       0.000000000000e+00       0.000000000000e+00 
  381       2.764908881190e-13       1.146668136104e-15       2.661037303647e-15       8.611045383242e-16       0.000000000000e+00       0.000000000000e+00       0.000000000000e+00 
  382       2.750776153200e-13       1.142075042859e-15       2.399949713040e-15       8.619853342791e-16       0.000000000000e+00       0.000000000000e+00       0.000000000000e+00 
  383       2.735522681778e-13       1.138283530572e-15       2.142755748067e-15       8.628928906495e-16       0.000000000000e+00       0.000000000000e+00       0.000000000000e+00 
  384       2.719155668234e-13       1.135289881750e-15       1.890140225997e-15       8.638139512168e-16       0.000000000000e+00       0.000000000000e+00       0.000000000000e+00 
  385       2.701682698586e-13       1.133090090971e-15       1.642800816996e-15       8.647349737181e-16       0.000000000000e+00       0.000000000000e+00       0.000000000000e+00 
  386       2.683111746521e-13       1.131679862533e-15       1.401448124024e-15       8.656421279612e-16       0.000000000000e+00       0.000000000000e+00       0.000000000000e+00 
  387       2.663451176339e-13       1.131054608108e-15       1.166805762723e-15       8.665212939388e-16       0.000000000000e+00       0.000000000000e+00       0.000000000000e+00 
  388       2.642713234897e-13       1.131207238460e-15       9.394901959993e-16       8.673601469019e-16       0.000000000000e+00       0.000000000000e+00       0.000000000000e+00 
  389       2.620924665391e-13       1.132121452302e-15       7.196451194054e-16       8.681545024122e-16       0.000000000000e+00       0.000000000000e+00       0.000000000000e+00 
  390       2.598116496384e-13       1.133778191798e-15       5.072935564513e-16       8.689022049307e-16       0.000000000000e+00       0.000000000000e+00       0.000000000000e+00 
  391       2.574320594380e-13       1.136157821753e-15       3.024568533417e-16       8.696010620649e-16       0.000000000000e+00       0.000000000000e+00       0.000000000000e+00 
  392       2.549569669550e-13       1.139240125515e-15       1.051546632645e-16       8.702488443421e-16       0.000000000000e+00       0.000000000000e+00       0.000000000000e+00 
  393       2.523897281458e-13       1.143004300876e-15      -8.459506932029e-17       8.708432849836e-16       0.000000000000e+00       0.000000000000e+00       0.000000000000e+00 
  394       2.497337844791e-13       1.147428955971e-15      -2.667761243923e-16       8.713820796779e-16       0.000000000000e+00       0.000000000000e+00       0.000000000000e+00 
  395       2.469926635085e-13       1.152492105182e-15      -4.413740220816e-16       8.718628863552e-16       0.000000000000e+00       0.000000000000e+00       0.000000000000e+00 
  396       2.441699794451e-13       1.158171165038e-15      -6.083760383809e-16       8.722833249601e-16       0.000000000000e+00       0.000000000000e+00       0.000000000000e+00 
  397       2.412694337301e-13       1.164442950116e-15      -7.677712208559e-16       8.726409772262e-16       0.000000000000e+00       0.000000000000e+00       0.000000000000e+00 
  398       2.382948156080e-13       1.171283668943e-15      -9.195504043578e-16       8.729333864495e-16       0.000000000000e+00       0.000000000000e+00       0.000000000000e+00 
  399       2.352500026987e-13       1.178668919896e-15      -1.063706226734e-15       8.731580572620e-16       0.000000000000e+00       0.000000000000e+00       0.000000000000e+00 
  400       2.321389615706e-13       1.186573687106e-15      -1.200233144539e-15       8.733124554057e-16       0.000000000000e+00       0.000000000000e+00       0.000000000000e+00 
  401       2.289657483133e-13       1.194972336354e-15      -1.329127448746e-15       8.733940075061e-16       0.000000000000e+00       0.000000000000e+00       0.000000000000e+00 
  402       2.257345091100e-13       1.203838610979e-15      -1.450387280461e-15       8.734001008460e-16       0.000000000000e+00       0.000000000000e+00       0.000000000000e+00 
  403       2.224494808105e-13       1.213145627772e-15      -1.564012646630e-15       8.733280831395e-16       0.000000000000e+00       0.000000000000e+00       0.000000000000e+00 
  404       2.191149915040e-13       1.222865872885e-15      -1.670005435752e-15       8.731752623051e-16       0.000000000000e+00       0.000000000000e+00       0.000000000000e+00 
  405       2.157354610913e-13       1.232971197724e-15      -1.768369433591e-15       8.729389062401e-16       0.000000000000e+00       0.000000000000e+00       0.000000000000e+00 
  406       2.123154018581e-13       1.243432814857e-15      -1.859110338887e-15       8.726162425939e-16       0.000000000000e+00       0.000000000000e+00       0.000000000000e+00 
  407       2.088594190472e-13       1.254221293912e-15      -1.942235779068e-15       8.722044585420e-16       0.000000000000e+00       0.000000000000e+00       0.000000000000e+00 
  408       2.053722114318e-13       1.265306557478e-15      -2.017755325959e-15       8.717007005594e-16       0.000000000000e+00       0.000000000000e+00       0.000000000000e+00 
  409       2.018585718875e-13       1.276657877008e-15      -2.085680511497e-15       8.711020741948e-16       0.000000000000e+00       0.000000000000e+00       0.000000000000e+00 
  410       1.983233879655e-13       1.288243868719e-15      -2.146024843439e-15       8.704056438438e-16       0.000000000000e+00       0.000000000000e+00       0.000000000000e+00 
  411       1.947716424652e-13       1.300032489491e-15      -2.198803821076e-15       8.696084325231e-16       0.000000000000e+00       0.000000000000e+00       0.000000000000e+00 
  412       1.912084140069e-13       1.311991032775e-15      -2.244034950942e-15       8.687074216438e-16       0.000000000000e+00       0.000000000000e+00       0.000000000000e+00 
  413       1.876388776044e-13       1.324086124487e-15      -2.281737762528e-15       8.676995507854e-16       0.000000000000e+00       0.000000000000e+00       0.000000000000e+00 
  414       1.840683052378e-13       1.336283718912e-15      -2.311933823992e-15       8.665817174697e-16       0.000000000000e+00       0.000000000000e+00       0.000000000000e+00 
  415       1.805020664264e-13       1.348549094606e-15      -2.334646757868e-15       8.653507769341e-16       0.000000000000e+00       0.000000000000e+00       0.000000000000e+00 
  416       1.769456288008e-13       1.360846850298e-15      -2.349902256783e-15       8.640035419055e-16       0.000000000000e+00       0.000000000000e+00       0.000000000000e+00 
  417       1.734045586765e-13       1.373140900786e-15      -2.357728099163e-15       8.625367823741e-16       0.000000000000e+00       0.000000000000e+00       0.000000000000e+00 
  418       1.698845216257e-13       1.385394472845e-15      -2.358154164946e-15       8.609472253673e-16       0.000000000000e+00       0.000000000000e+00       0.000000000000e+00 
  419       1.663912830506e-13       1.397570101125e-15      -2.351212451297e-15       8.592315547229e-16       0.000000000000e+00       0.000000000000e+00       0.000000000000e+00 
  420       1.629307087561e-13       1.409629624051e-15      -2.336937088313e-15       8.573864108633e-16       0.000000000000e+00       0.000000000000e+00       0.000000000000e+00 
  421       1.595087655221e-13       1.421534179727e-15      -2.315364354739e-15       8.554083905691e-16       0.000000000000e+00       0.000000000000e+00       0.000000000000e+00 
  422       1.561315216765e-13       1.433244201833e-15      -2.286532693678e-15       8.532940467528e-16       0.000000000000e+00       0.000000000000e+00       0.000000000000e+00 
  423       1.528051476679e-13       1.444719415534e-15      -2.250482728302e-15       8.510398882325e-16       0.000000000000e+00       0.000000000000e+00       0.000000000000e+00 
  424       1.495359166384e-13       1.455918833372e-15      -2.207257277565e-15       8.486423795057e-16       0.000000000000e+00       0.000000000000e+00       0.000000000000e+00 
  425       1.463302049958e-13       1.466800751172e-15      -2.156901371911e-15       8.460979405230e-16       0.000000000000e+00       0.000000000000e+00       0.000000000000e+00 
  426       1.431944929872e-13       1.477322743946e-15      -2.099462268990e-15       8.434029464618e-16       0.000000000000e+00       0.000000000000e+00       0.000000000000e+00 
  427       1.401342686083e-13       1.487448289585e-15      -2.035012508131e-15       8.405548655763e-16       0.000000000000e+00       0.000000000000e+00       0.000000000000e+00 
  428       1.371506970976e-13       1.497166896514e-15      -1.963719905634e-15       8.375557158447e-16       0.000000000000e+00       0.000000000000e+00       0.000000000000e+00 
  429       1.342438392588e-13       1.506474652759e-15      -1.885779971728e-15       8.344087254782e-16       0.000000000000e+00       0.000000000000e+00       0.000000000000e+00 
  430       1.314137377389e-13       1.515367660272e-15      -1.801393117709e-15       8.311172059895e-16       0.000000000000e+00       0.000000000000e+00       0.000000000000e+00 
  431       1.286604168809e-13       1.523842035186e-15      -1.710764686774e-15       8.276845527138e-16       0.000000000000e+00       0.000000000000e+00       0.000000000000e+00 
  432       1.259838825765e-13       1.531893908067e-15      -1.614104984868e-15       8.241142453303e-16       0.000000000000e+00       0.000000000000e+00       0.000000000000e+00 
  433       1.233841221182e-13       1.539519424165e-15      -1.511629311514e-15       8.204098483822e-16       0.000000000000e+00       0.000000000000e+00       0.000000000000e+00 
  434       1.208611040527e-13       1.546714743671e-15      -1.403557990658e-15       8.165750117986e-16       0.000000000000e+00       0.000000000000e+00       0.000000000000e+00 
  435       1.184147780328e-13       1.553476041966e-15      -1.290116401507e-15       8.126134714152e-16       0.000000000000e+00       0.000000000000e+00       0.000000000000e+00 
  436       1.160450746706e-13       1.559799509880e-15      -1.171535009367e-15       8.085290494952e-16       0.000000000000e+00       0.000000000000e+00       0.000000000000e+00 
  437       1.137519053895e-13       1.565681353937e-15      -1.048049396481e-15       8.043256552504e-16       0.000000000000e+00       0.000000000000e+00       0.000000000000e+00 
  438       1.115351622776e-13       1.571117796615e-15      -9.199002928685e-16       8.000072853622e-16       0.000000000000e+00       0.000000000000e+00       0.000000000000e+00 
  439       1.093947179397e-13       1.576105076596e-15      -7.873336071673e-16       7.955780245027e-16       0.000000000000e+00       0.000000000000e+00       0.000000000000e+00 
  440       1.073304253501e-13       1.580639449020e-15      -6.506004574683e-16       7.910420458555e-16       0.000000000000e+00       0.000000000000e+00       0.000000000000e+00 
  441       1.053421177054e-13       1.584717185737e-15      -5.099572021565e-16       7.864036116368e-16       0.000000000000e+00       0.000000000000e+00       0.000000000000e+00 
  442       1.034296082769e-13       1.588334575563e-15      -3.656654707500e-16       7.816670736166e-16       0.000000000000e+00       0.000000000000e+00       0.000000000000e+00 
  443       1.015926902634e-13       1.591487924529e-15      -2.179921947382e-16       7.768368736393e-16       0.000000000000e+00       0.000000000000e+00       0.000000000000e+00 
  444       9.983113664362e-14       1.594173556137e-15      -6.720963842149e-17       7.719175441451e-16       0.000000000000e+00       0.000000000000e+00       0.000000000000e+00 
  445       9.814470002897e-14       1.596387811613e-15       8.640457025043e-17       7.669137086908e-16       0.000000000000e+00       0.000000000000e+00       0.000000000000e+00 
  446       9.653311251619e-14       1.598127050157e-15       2.425674088393e-16       7.618300824708e-16       0.000000000000e+00       0.000000000000e+00       0.000000000000e+00 
  447       9.499608553990e-14       1.599387649203e-15       4.009904295793e-16       7.566714728381e-16       0.000000000000e+00       0.000000000000e+00       0.000000000000e+00 
  448       9.353330972527e-14       1.600166004662e-15       5.613797285385e-16       7.514427798254e-16       0.000000000000e+00       0.000000000000e+00       0.000000000000e+00 
  449       9.214445474062e-14       1.600458531187e-15       7.234359147793e-16       7.461489966662e-16       0.000000000000e+00       0.000000000000e+00       0.000000000000e+00 
  450       9.082916915004e-14       1.600261662414e-15       8.868540795203e-16       7.407952103155e-16       0.000000000000e+00       0.000000000000e+00       0.000000000000e+00 
  451       8.958708026605e-14       1.599571851226e-15       1.051323765296e-15       7.353866019710e-16       0.000000000000e+00       0.000000000000e+00       0.000000000000e+00 
  452       8.841779400218e-14       1.598385569998e-15       1.216528935121e-15       7.299284475941e-16       0.000000000000e+00       0.000000000000e+00       0.000000000000e+00 
  453       8.732089472564e-14       1.596699310854e-15       1.382147941646e-15       7.244261184307e-16       0.000000000000e+00       0.000000000000e+00       0.000000000000e+00 
  454       8.629594510989e-14       1.594509585921e-15       1.547853496323e-15       7.188850815328e-16       0.000000000000e+00       0.000000000000e+00       0.000000000000e+00 
  455       8.534248598732e-14       1.591812927578e-15       1.713312638565e-15       7.133109002786e-16       0.000000000000e+00       0.000000000000e+00       0.000000000000e+00 
  456       8.446003620184e-14       1.588605888714e-15       1.878186704908e-15       7.077092348944e-16       0.000000000000e+00       0.000000000000e+00       0.000000000000e+00 
  457       8.364809246150e-14       1.584885042976e-15       2.042131298171e-15       7.020858429750e-16       0.000000000000e+00       0.000000000000e+00       0.000000000000e+00 
  458       8.290612919115e-14       1.580646985028e-15       2.204796256614e-15       6.964465800048e-16       0.000000000000e+00       0.000000000000e+00       0.000000000000e+00 
  459       8.223359838503e-14       1.575888330800e-15       2.365825623108e-15       6.907973998791e-16       0.000000000000e+00       0.000000000000e+00       0.000000000000e+00 
  460       8.162992945941e-14       1.570605717740e-15       2.524857614285e-15       6.851443554248e-16       0.000000000000e+00       0.000000000000e+00       0.000000000000e+00 
  461       8.109452910520e-14       1.564795805072e-15       2.681524589709e-15       6.794935989217e-16       0.000000000000e+00       0.000000000000e+00       0.000000000000e+00 
  462       8.062678114060e-14       1.558455274046e-15       2.835453021029e-15       6.738513826231e-16       0.000000000000e+00       0.000000000000e+00       0.000000000000e+00 
  463       8.022604636370e-14       1.551580828189e-15       2.986263461145e-15       6.682240592772e-16       0.000000000000e+00       0.000000000000e+00       0.000000000000e+00 
  464       7.989166240512e-14       1.544169193564e-15       3.133570513367e-15       6.626180826477e-16       0.000000000000e+00       0.000000000000e+00       0.000000000000e+00 
  465       7.962294358063e-14       1.536217119018e-15       3.276982800579e-15       6.570400080354e-16       0.000000000000e+00       0.000000000000e+00       0.000000000000e+00 
  466       7.941900813128e-14       1.527724362082e-15       3.416166524761e-15       6.514956731581e-16       0.000000000000e+00       0.000000000000e+00       0.000000000000e+00 
  467       7.927825431207e-14       1.518702748677e-15       3.551038390611e-15       6.459877116089e-16       0.000000000000e+00       0.000000000000e+00       0.000000000000e+00 
  468       7.919886766752e-14       1.509167396561e-15       3.681578640270e-15       6.405179628461e-16       0.000000000000e+00       0.000000000000e+00       0.000000000000e+00 
  469       7.917899192472e-14       1.499133757130e-15       3.807768011264e-15       6.350882848894e-16       0.000000000000e+00       0.000000000000e+00       0.000000000000e+00 
  470       7.921672875077e-14       1.488617617316e-15       3.929587740731e-15       6.297005543891e-16       0.000000000000e+00       0.000000000000e+00       0.000000000000e+00 
  471       7.931013751025e-14       1.477635101490e-15       4.047019569651e-15       6.243566666950e-16       0.000000000000e+00       0.000000000000e+00       0.000000000000e+00 
  472       7.945723502260e-14       1.466202673355e-15       4.160045747064e-15       6.190585359258e-16       0.000000000000e+00       0.000000000000e+00       0.000000000000e+00 
  473       7.965599531961e-14       1.454337137852e-15       4.268649034305e-15       6.138080950378e-16       0.000000000000e+00       0.000000000000e+00       0.000000000000e+00 
  474       7.990434940287e-14       1.442055643055e-15       4.372812709219e-15       6.086072958940e-16       0.000000000000e+00       0.000000000000e+00       0.000000000000e+00 
  475       8.020018500119e-14       1.429375682074e-15       4.472520570398e-15       6.034581093334e-16       0.000000000000e+00       0.000000000000e+00       0.000000000000e+00 
  476       8.054134632803e-14       1.416315094951e-15       4.567756941398e-15       5.983625252395e-16       0.000000000000e+00       0.000000000000e+00       0.000000000000e+00 
  477       8.092563383898e-14       1.402892070561e-15       4.658506674968e-15       5.933225526099e-16       0.000000000000e+00       0.000000000000e+00       0.000000000000e+00 
  478       8.135080398920e-14       1.389125148513e-15       4.744755157278e-15       5.883402196252e-16       0.000000000000e+00       0.000000000000e+00       0.000000000000e+00 
  479       8.181456899083e-14       1.375033221045e-15       4.826488312140e-15       5.834175737179e-16       0.000000000000e+00       0.000000000000e+00       0.000000000000e+00 
  480       8.231459657045e-14       1.360635534930e-15       4.903692605237e-15       5.785566816414e-16       0.000000000000e+00       0.000000000000e+00       0.000000000000e+00 
  481       8.284850972655e-14       1.345951693370e-15       4.976355048349e-15       5.737596295392e-16       0.000000000000e+00       0.000000000000e+00       0.000000000000e+00 
  482       8.341388648692e-14       1.331001657896e-15       5.044463203576e-15       5.690285230141e-16       0.000000000000e+00       0.000000000000e+00       0.000000000000e+00 
  483       8.400825966614e-14       1.315805750271e-15       5.108005187567e-15       5.643654871968e-16       0.000000000000e+00       0.000000000000e+00       0.000000000000e+00 
  484       8.462911662301e-14       1.300384654385e-15       5.166969675743e-15       5.597726668152e-16       0.000000000000e+00       0.000000000000e+00       0.000000000000e+00 
  485       8.527389901798e-14       1.284759418160e-15       5.221345906524e-15       5.552522262637e-16       0.000000000000e+00       0.000000000000e+00       0.000000000000e+00 
  486       8.594000257061e-14       1.268951455442e-15       5.271123685555e-15       5.508063496716e-16       0.000000000000e+00       0.000000000000e+00       0.000000000000e+00 
  487       8.662477681701e-14       1.252982547907e-15       5.316293389931e-15       5.464372409727e-16       0.000000000000e+00       0.000000000000e+00       0.000000000000e+00 
  488       8.732552486725e-14       1.236874846956e-15       5.356845972423e-15       5.421471239743e-16       0.000000000000e+00       0.000000000000e+00       0.000000000000e+00 
  489       8.803950316288e-14       1.220650875620e-15       5.392772965705e-15       5.379382424258e-16       0.000000000000e+00       0.000000000000e+00       0.000000000000e+00 
  490       8.876392123429e-14       1.204333530452e-15       5.424066486576e-15       5.338128600883e-16       0.000000000000e+00       0.000000000000e+00       0.000000000000e+00 
  491       8.949594145820e-14       1.187946083433e-15       5.450719240191e-15       5.297732608032e-16       0.000000000000e+00       0.000000000000e+00       0.000000000000e+00 
  492       9.023267881509e-14       1.171512183866e-15       5.472724524282e-15       5.258217485616e-16       0.000000000000e+00       0.000000000000e+00       0.000000000000e+00 
  493       9.097120064666e-14       1.155055860281e-15       5.490076233388e-15       5.219606475731e-16       0.000000000000e+00       0.000000000000e+00       0.000000000000e+00 
  494       9.170852641325e-14       1.138601522330e-15       5.502768863075e-15       5.181923023349e-16       0.000000000000e+00       0.000000000000e+00       0.000000000000e+00 
  495       9.244162745128e-14       1.122173962689e-15       5.510797514169e-15       5.145190777008e-16       0.000000000000e+00       0.000000000000e+00       0.000000000000e+00 
  496       9.316742673073e-14       1.105798358955e-15       5.514157896976e-15       5.109433589506e-16       0.000000000000e+00       0.000000000000e+00       0.000000000000e+00 
  497       9.388279861253e-14       1.089500275550e-15       5.512846335509e-15       5.074675518584e-16       0.000000000000e+00       0.000000000000e+00       0.000000000000e+00 
  498       9.458456860607e-14       1.073305665614e-15       5.506859771716e-15       5.040940827625e-16       0.000000000000e+00       0.000000000000e+00       0.000000000000e+00 
  499       9.526951312656e-14       1.057240872910e-15       5.496195769703e-15       5.008253986337e-16       0.000000000000e+00       0.000000000000e+00       0.000000000000e+00 
  500       9.593435925257e-14       1.041332633721e-15       5.480852519962e-15       4.976639671450e-16       0.000000000000e+00       0.000000000000e+00       0.000000000000e+00 
