# Matter power spectrum P(k) at redshift z=1.5
# for k=1.04811e-05 to 105.28 h/Mpc,
# number of wavenumbers equal to 621
#    1:k (h/Mpc)              2:P (Mpc/h)^3        
       1.048106663850e-05       1.235746703937e+01 
       2.345186185086e-05       2.681457415280e+01 
       3.646879554247e-05       4.100173779155e+01 
       4.956738198481e-05       5.507931479512e+01 
       6.278372999796e-05       6.913767640884e+01 
       7.615486941233e-05       8.324406678518e+01 
       8.971908809500e-05       9.745569764776e+01 
       1.035162840816e-04       1.118250965633e+02 
       1.175883373888e-04       1.264028396107e+02 
       1.319795061164e-04       1.412391993932e+02 
       1.467368514517e-04       1.563852851358e+02 
       1.619106961211e-04       1.718939267517e+02 
       1.775551206327e-04       1.878204261887e+02 
       1.937285012498e-04       2.042232421097e+02 
       2.104940929101e-04       2.211646446708e+02 
       2.279206591272e-04       2.387113610802e+02 
       2.460831490878e-04       2.569352221892e+02 
       2.650634194570e-04       2.759138126459e+02 
       2.849509945198e-04       2.957311212199e+02 
       3.058438528725e-04       3.164781762570e+02 
       3.278492215101e-04       3.382536494276e+02 
       3.510843484182e-04       3.611643905754e+02 
       3.756772122615e-04       3.853258541136e+02 
       4.017671122331e-04       4.108623526606e+02 
       4.295050626620e-04       4.379070639345e+02 
       4.590538962468e-04       4.666016917662e+02 
       4.905879583968e-04       4.970956704788e+02 
       5.242922560845e-04       5.295447849923e+02 
       5.603609125290e-04       5.641090752394e+02 
       5.989947805156e-04       6.009499111504e+02 
       6.403980903102e-04       6.402261474076e+02 
       6.847740613436e-04       6.820893526209e+02 
       7.323194963403e-04       7.266781863351e+02 
       7.832185028157e-04       7.741121480224e+02 
       8.376356404431e-04       8.244850700931e+02 
       8.957089515980e-04       8.778588384517e+02 
       9.575434622908e-04       9.342579697886e+02 
       1.023205802052e-03       9.936656570113e+02 
       1.092720550955e-03       1.056021776495e+03 
       1.166068767455e-03       1.121223230600e+03 
       1.243188900541e-03       1.189126608616e+03 
       1.323979992029e-03       1.259553001905e+03 
       1.408306794576e-03       1.332287872279e+03 
       1.496006227924e-03       1.407103842262e+03 
       1.586894505570e-03       1.483760357564e+03 
       1.680774289113e-03       1.562007014621e+03 
       1.777441341906e-03       1.641593613339e+03 
       1.876690316429e-03       1.722275834524e+03 
       1.978319480095e-03       1.803819731609e+03 
       2.082134331790e-03       1.886005033000e+03 
       2.187950170537e-03       1.968627214355e+03 
       2.295593745280e-03       2.051498468512e+03 
       2.404904146342e-03       2.134448446297e+03 
       2.515733103847e-03       2.217323279663e+03 
       2.627944846069e-03       2.299985437577e+03 
       2.741415649268e-03       2.382312470575e+03 
       2.856033186126e-03       2.464196165333e+03 
       2.971695756066e-03       2.545540895340e+03 
       3.088311459584e-03       2.626263379533e+03 
       3.205797361083e-03       2.706290414780e+03 
       3.324078670682e-03       2.785559067278e+03 
       3.443087964650e-03       2.864014682526e+03 
       3.562764456182e-03       2.941609669566e+03 
       3.683053322442e-03       3.018303986174e+03 
       3.803905089824e-03       3.094062973629e+03 
       3.925275076677e-03       3.168857138357e+03 
       4.047122891060e-03       3.242662396361e+03 
       4.169411980036e-03       3.315457669592e+03 
       4.292109226546e-03       3.387227394749e+03 
       4.415184589656e-03       3.457957043008e+03 
       4.538610784047e-03       3.527636107717e+03 
       4.662362994761e-03       3.596257556421e+03 
       4.786418623480e-03       3.663814738449e+03 
       4.910757062891e-03       3.730304541647e+03 
       5.035359496020e-03       3.795724615935e+03 
       5.160208717709e-03       3.860074214909e+03 
       5.285288975701e-03       3.923355836054e+03 
       5.410585829094e-03       3.985569933461e+03 
       5.536086022141e-03       4.046720368499e+03 
       5.661777371651e-03       4.106812163876e+03 
       5.787648666391e-03       4.165847096822e+03 
       5.913689577149e-03       4.223837322749e+03 
       6.039890576199e-03       4.280783859089e+03 
       6.166242865129e-03       4.336694186947e+03 
       6.292738310069e-03       4.391576752817e+03 
       6.419369383492e-03       4.445437942907e+03 
       6.546129111861e-03       4.498285795282e+03 
       6.673011028468e-03       4.550130640215e+03 
       6.800009130902e-03       4.600977473541e+03 
       6.927117842642e-03       4.650843645295e+03 
       7.054331978335e-03       4.699736103848e+03 
       7.181646712361e-03       4.747649314166e+03 
       7.309057550344e-03       4.794600544873e+03 
       7.436560303296e-03       4.840602141649e+03 
       7.564151064136e-03       4.885662772173e+03 
       7.691826186321e-03       4.929792950138e+03 
       7.819582264395e-03       4.973002586321e+03 
       7.947416116255e-03       5.015298628293e+03 
       8.075324766963e-03       5.056693861047e+03 
       8.203305433962e-03       5.097191930720e+03 
       8.331355513545e-03       5.136807684217e+03 
       8.459472568480e-03       5.175551659599e+03 
       8.587654316657e-03       5.213425111107e+03 
       8.715898620680e-03       5.250444586079e+03 
       8.844203478306e-03       5.286621466576e+03 
       8.972567013662e-03       5.321959105279e+03 
       9.100987469159e-03       5.356469850018e+03 
       9.229463198056e-03       5.390159804904e+03 
       9.357992657595e-03       5.423045616867e+03 
       9.486574402687e-03       5.455133177924e+03 
       9.615207080065e-03       5.486426204927e+03 
       9.743889422901e-03       5.516939623896e+03 
       9.872620245817e-03       5.546671356622e+03 
       1.000139844028e-02       5.575647796000e+03 
       1.013022297032e-02       5.603868095654e+03 
       1.025909286861e-02       5.631344697050e+03 
       1.038800723278e-02       5.658076215712e+03 
       1.051696522201e-02       5.684076060676e+03 
       1.064596605392e-02       5.709365593839e+03 
       1.077500900162e-02       5.733929570658e+03 
       1.090409339098e-02       5.757804018745e+03 
       1.103321859814e-02       5.780964411319e+03 
       1.116238404715e-02       5.803455763031e+03 
       1.129158920782e-02       5.825248462188e+03 
       1.142083359363e-02       5.846383076396e+03 
       1.155011675991e-02       5.866842983212e+03 
       1.167943830208e-02       5.886659689411e+03 
       1.180879785399e-02       5.905815651332e+03 
       1.193819508643e-02       5.924331368026e+03 
       1.206762970570e-02       5.942219287500e+03 
       1.219710145236e-02       5.959479056050e+03 
       1.232661009991e-02       5.976121154637e+03 
       1.245615545376e-02       5.992149095310e+03 
       1.258573735013e-02       6.007577523567e+03 
       1.271535565504e-02       6.022415867385e+03 
       1.284501026351e-02       6.036656541488e+03 
       1.297470109859e-02       6.050307132825e+03 
       1.310442811070e-02       6.063396343485e+03 
       1.323419127683e-02       6.075917475096e+03 
       1.336399059991e-02       6.087875643784e+03 
       1.349382610820e-02       6.099277126304e+03 
       1.362369785472e-02       6.110122945010e+03 
       1.375360591673e-02       6.120442083638e+03 
       1.388355039526e-02       6.130216484628e+03 
       1.401353141467e-02       6.139480437303e+03 
       1.414354912228e-02       6.148214711065e+03 
       1.427360368799e-02       6.156427388540e+03 
       1.440369530394e-02       6.164143727202e+03 
       1.453382418429e-02       6.171354029997e+03 
       1.466399056488e-02       6.178067928892e+03 
       1.479419470307e-02       6.184288933285e+03 
       1.492443687751e-02       6.190044325160e+03 
       1.505471738799e-02       6.195308111564e+03 
       1.518503655527e-02       6.200111276419e+03 
       1.531539472100e-02       6.204446787529e+03 
       1.544579224760e-02       6.208324004382e+03 
       1.557622951820e-02       6.211759275150e+03 
       1.570670693660e-02       6.214740472217e+03 
       1.583722492726e-02       6.217275891242e+03 
       1.596778393526e-02       6.219384015674e+03 
       1.609838442636e-02       6.221073052587e+03 
       1.622902688701e-02       6.222325151702e+03 
       1.635971182444e-02       6.223167075651e+03 
       1.649043976671e-02       6.223599554395e+03 
       1.662121126282e-02       6.223626817741e+03 
       1.675202688284e-02       6.223251112961e+03 
       1.688288721802e-02       6.222479398984e+03 
       1.701379288096e-02       6.221327610258e+03 
       1.714474450576e-02       6.219783335351e+03 
       1.727574274824e-02       6.217870816469e+03 
       1.740678828611e-02       6.215587547475e+03 
       1.753788181923e-02       6.212924931960e+03 
       1.766902406980e-02       6.209912501284e+03 
       1.780021578265e-02       6.206532673711e+03 
       1.793145772552e-02       6.202802256887e+03 
       1.806275068929e-02       6.198743895344e+03 
       1.819409548838e-02       6.194333401384e+03 
       1.832549296097e-02       6.189580383582e+03 
       1.845694396941e-02       6.184496978566e+03 
       1.858844940055e-02       6.179102414962e+03 
       1.872001016611e-02       6.173379592671e+03 
       1.885162720308e-02       6.167336666325e+03 
       1.898330147411e-02       6.160994017775e+03 
       1.911503396794e-02       6.154327433976e+03 
       1.924682569987e-02       6.147379587121e+03 
       1.937867771215e-02       6.140117821762e+03 
       1.951059107453e-02       6.132580878854e+03 
       1.964256688472e-02       6.124750440068e+03 
       1.977460626889e-02       6.116640277919e+03 
       1.990671038224e-02       6.108241851541e+03 
       2.003888040952e-02       6.099588170049e+03 
       2.017111756559e-02       6.090658376603e+03 
       2.030342309607e-02       6.081453914649e+03 
       2.043579827788e-02       6.072001560707e+03 
       2.056824441992e-02       6.062302308805e+03 
       2.070076286368e-02       6.052335555926e+03 
       2.083335498398e-02       6.042116422140e+03 
       2.096602218958e-02       6.031689101320e+03 
       2.109876592398e-02       6.020995150351e+03 
       2.123158766610e-02       6.010083284113e+03 
       2.136448893108e-02       5.998935872875e+03 
       2.149747127106e-02       5.987570697244e+03 
       2.163053627600e-02       5.975992062339e+03 
       2.176368557452e-02       5.964165438783e+03 
       2.189692083476e-02       5.952167232093e+03 
       2.203024376528e-02       5.939937690185e+03 
       2.216365611599e-02       5.927518458555e+03 
       2.229715967909e-02       5.914867853030e+03 
       2.243075629006e-02       5.902050407074e+03 
       2.256444782867e-02       5.889030803343e+03 
       2.269823622002e-02       5.875819088974e+03 
       2.283212343562e-02       5.862432620792e+03 
       2.296611149451e-02       5.848862144841e+03 
       2.310020246438e-02       5.835111163777e+03 
       2.323439846278e-02       5.821195251429e+03 
       2.336870165831e-02       5.807106893745e+03 
       2.350311427191e-02       5.792840429404e+03 
       2.363763857810e-02       5.778433781832e+03 
       2.377227690640e-02       5.763860947560e+03 
       2.390703164262e-02       5.749125424377e+03 
       2.404190523035e-02       5.734254394759e+03 
       2.417690017238e-02       5.719205064760e+03 
       2.431201903226e-02       5.704043741357e+03 
       2.444726443583e-02       5.688720907513e+03 
       2.458263907282e-02       5.673266966387e+03 
       2.471814569859e-02       5.657683677531e+03 
       2.485378713576e-02       5.641957102656e+03 
       2.498956627605e-02       5.626126467068e+03 
       2.512548608207e-02       5.610150450297e+03 
       2.526154958926e-02       5.594064684645e+03 
       2.539775990781e-02       5.577840220127e+03 
       2.553412022470e-02       5.561525249778e+03 
       2.567063380580e-02       5.545084138285e+03 
       2.580730399800e-02       5.528528245604e+03 
       2.594413423148e-02       5.511876926833e+03 
       2.608112802200e-02       5.495132992266e+03 
       2.621828897329e-02       5.478273502331e+03 
       2.635562077954e-02       5.461348595609e+03 
       2.649312722791e-02       5.444285657455e+03 
       2.663081220123e-02       5.427154235402e+03 
       2.676867968073e-02       5.409902789492e+03 
       2.690673374884e-02       5.392608049374e+03 
       2.704497859215e-02       5.375214647202e+03 
       2.718341850447e-02       5.357735255479e+03 
       2.732205788993e-02       5.340187914655e+03 
       2.746090126631e-02       5.322547448513e+03 
       2.759995326836e-02       5.304848314626e+03 
       2.773921865137e-02       5.287082144565e+03 
       2.787870229474e-02       5.269238743910e+03 
       2.801840920581e-02       5.251347146773e+03 
       2.815834452375e-02       5.233367686491e+03 
       2.829851352363e-02       5.215343531940e+03 
       2.843892162064e-02       5.197258533034e+03 
       2.857957437446e-02       5.179120656557e+03 
       2.872047749380e-02       5.160925708737e+03 
       2.886163684117e-02       5.142672906388e+03 
       2.900305843773e-02       5.124370805608e+03 
       2.914474846844e-02       5.106023368842e+03 
       2.928671328738e-02       5.087641299673e+03 
       2.942895942320e-02       5.069214585149e+03 
       2.957149358496e-02       5.050755497427e+03 
       2.971432266803e-02       5.032239121084e+03 
       2.985745376040e-02       5.013694344164e+03 
       3.000089414907e-02       4.995130307446e+03 
       3.014465132687e-02       4.976497232584e+03 
       3.028873299952e-02       4.957847175596e+03 
       3.043314709290e-02       4.939186281057e+03 
       3.057790176076e-02       4.920482886865e+03 
       3.072300539269e-02       4.901751820035e+03 
       3.086846662249e-02       4.883004652653e+03 
       3.101429433682e-02       4.864224843271e+03 
       3.116049768432e-02       4.845426262319e+03 
       3.130708608512e-02       4.826623178843e+03 
       3.145406924075e-02       4.807790940053e+03 
       3.160145714455e-02       4.788946279540e+03 
       3.174926009249e-02       4.770081489157e+03 
       3.189748869456e-02       4.751219319350e+03 
       3.204615388668e-02       4.732315773856e+03 
       3.219526694316e-02       4.713430998922e+03 
       3.234483948973e-02       4.694529803989e+03 
       3.249488351728e-02       4.675618211683e+03 
       3.264541139617e-02       4.656696996453e+03 
       3.279643589134e-02       4.637771439087e+03 
       3.294797017810e-02       4.618832209803e+03 
       3.310002785875e-02       4.599925153868e+03 
       3.325262298002e-02       4.580961607859e+03 
       3.340577005145e-02       4.562032952861e+03 
       3.355948406464e-02       4.543099733032e+03 
       3.371378051360e-02       4.524189012203e+03 
       3.386867541611e-02       4.505250230585e+03 
       3.402418533625e-02       4.486312002768e+03 
       3.418032740813e-02       4.467387016674e+03 
       3.433711936096e-02       4.448473068531e+03 
       3.449457954539e-02       4.429562707753e+03 
       3.465272696149e-02       4.410653250846e+03 
       3.481158128816e-02       4.391763454135e+03 
       3.497116291426e-02       4.372861214711e+03 
       3.513149297161e-02       4.353977146971e+03 
       3.529259336978e-02       4.335103367509e+03 
       3.545448683304e-02       4.316224484867e+03 
       3.561719693947e-02       4.297374601263e+03 
       3.578074816245e-02       4.278532009464e+03 
       3.594516591468e-02       4.259681961662e+03 
       3.611047659489e-02       4.240864445190e+03 
       3.627670763754e-02       4.222045158580e+03 
       3.644388756559e-02       4.203251781552e+03 
       3.661204604676e-02       4.184465955830e+03 
       3.678121395331e-02       4.165677380630e+03 
       3.695142342589e-02       4.146905869786e+03 
       3.712270794153e-02       4.128145004618e+03 
       3.729510238633e-02       4.109406582331e+03 
       3.746864313299e-02       4.090660126642e+03 
       3.764336812386e-02       4.071949991268e+03 
       3.781931695972e-02       4.053243462482e+03 
       3.799653099492e-02       4.034531984049e+03 
       3.817505343938e-02       4.015844789369e+03 
       3.835492946808e-02       3.997162560253e+03 
       3.853620633866e-02       3.978495718674e+03 
       3.871893351791e-02       3.959840113926e+03 
       3.890316281785e-02       3.941196459349e+03 
       3.908894854248e-02       3.922547245328e+03 
       3.927634764600e-02       3.903910144573e+03 
       3.946541990370e-02       3.885281740372e+03 
       3.965622809674e-02       3.866666460298e+03 
       3.984883821214e-02       3.848046822299e+03 
       4.004331965952e-02       3.829434883340e+03 
       4.023974550630e-02       3.810833347000e+03 
       4.043819273323e-02       3.792230285187e+03 
       4.063874251239e-02       3.773629641109e+03 
       4.084148051005e-02       3.755015419708e+03 
       4.104649721706e-02       3.736421451972e+03 
       4.125388830985e-02       3.717801884785e+03 
       4.146375504530e-02       3.699176112233e+03 
       4.167620469365e-02       3.680548810347e+03 
       4.189135101345e-02       3.661923856021e+03 
       4.210931477386e-02       3.643275674696e+03 
       4.233022432976e-02       3.624610066000e+03 
       4.255421625631e-02       3.605941854366e+03 
       4.278143605015e-02       3.587241660193e+03 
       4.301203890592e-02       3.568536564893e+03 
       4.324619057781e-02       3.549800623358e+03 
       4.348406833725e-02       3.531034630630e+03 
       4.372586203995e-02       3.512231108539e+03 
       4.397177531710e-02       3.493416624307e+03 
       4.422202690839e-02       3.474552846544e+03 
       4.447685215711e-02       3.455635054733e+03 
       4.473650469121e-02       3.436680113437e+03 
       4.500125831808e-02       3.417674916656e+03 
       4.527140916605e-02       3.398611749190e+03 
       4.554727811116e-02       3.379498643393e+03 
       4.582921353515e-02       3.360305554684e+03 
       4.611759446907e-02       3.341038549485e+03 
       4.641283418750e-02       3.321705696188e+03 
       4.671538433115e-02       3.302274930723e+03 
       4.702573965126e-02       3.282746718080e+03 
       4.734444348850e-02       3.263115054513e+03 
       4.767209412311e-02       3.243371302617e+03 
       4.800935216224e-02       3.223490588813e+03 
       4.835694916762e-02       3.203488022310e+03 
       4.871569777263e-02       3.183323387170e+03 
       4.908650359576e-02       3.163004774999e+03 
       4.947037933035e-02       3.142497647175e+03 
       4.986846148304e-02       3.121791922707e+03 
       5.028203035041e-02       3.100870715131e+03 
       5.071253397251e-02       3.079696739931e+03 
       5.116161699212e-02       3.058266240603e+03 
       5.163115559104e-02       3.036527115096e+03 
       5.212329998276e-02       3.014457972248e+03 
       5.264052633125e-02       2.992007347307e+03 
       5.318570045472e-02       2.969134245124e+03 
       5.376215627437e-02       2.945767521775e+03 
       5.437379268512e-02       2.921848148456e+03 
       5.502519332898e-02       2.897283120737e+03 
       5.572177454562e-02       2.871951395116e+03 
       5.646996731694e-02       2.845743524036e+03 
       5.727743877650e-02       2.818474732117e+03 
       5.815335671550e-02       2.789911458841e+03 
       5.910869432114e-02       2.759771668382e+03 
       6.015655813050e-02       2.727664406306e+03 
       6.131249301515e-02       2.693067604112e+03 
       6.259466365805e-02       2.655295852842e+03 
       6.402372126691e-02       2.613431866229e+03 
       6.562203757457e-02       2.566262821691e+03 
       6.741187207059e-02       2.512280894794e+03 
       6.941208590322e-02       2.449719297597e+03 
       7.163350882541e-02       2.376806504287e+03 
       7.407418859581e-02       2.292225150720e+03 
       7.671696631213e-02       2.195675059287e+03 
       7.953159417213e-02       2.088427976871e+03 
       8.248107087773e-02       1.973421666324e+03 
       8.552902715627e-02       1.854843392765e+03 
       8.864484093649e-02       1.737380686782e+03 
       9.180543420097e-02       1.625444246594e+03 
       9.499470268806e-02       1.522622403184e+03 
       9.820197235176e-02       1.431339246623e+03 
       1.014204003922e-01       1.352777009050e+03 
       1.046456916814e-01       1.286988454517e+03 
       1.078751853541e-01       1.233082337387e+03 
       1.111072461753e-01       1.189446186922e+03 
       1.143408740616e-01       1.153932964624e+03 
       1.175754591033e-01       1.124180043351e+03 
       1.208106299084e-01       1.097733980233e+03 
       1.240461604697e-01       1.072361614591e+03 
       1.272819132457e-01       1.046109305862e+03 
       1.305178044755e-01       1.017608870653e+03 
       1.337537830796e-01       9.860768341762e+02 
       1.369898178368e-01       9.513152097311e+02 
       1.402258895962e-01       9.137686012442e+02 
       1.434619865486e-01       8.742662505674e+02 
       1.466981013544e-01       8.339399179241e+02 
       1.499342294005e-01       7.940308734025e+02 
       1.531703677404e-01       7.557291787501e+02 
       1.564065144506e-01       7.200500650933e+02 
       1.596426682389e-01       6.877386830774e+02 
       1.628788282055e-01       6.592226340173e+02 
       1.661149936974e-01       6.346419609575e+02 
       1.693511642194e-01       6.138203995049e+02 
       1.725873393791e-01       5.963711879606e+02 
       1.758235188531e-01       5.817015242098e+02 
       1.790597023659e-01       5.691180333955e+02 
       1.822958896764e-01       5.578722096057e+02 
       1.855320805695e-01       5.473409643713e+02 
       1.887682748506e-01       5.368555294542e+02 
       1.920044723415e-01       5.258064724532e+02 
       1.952406728780e-01       5.138321855961e+02 
       1.984768763079e-01       5.007600881396e+02 
       2.017130824896e-01       4.866171728518e+02 
       2.049492912911e-01       4.716021724902e+02 
       2.081855025887e-01       4.560407285062e+02 
       2.114217162666e-01       4.403366851287e+02 
       2.146579322164e-01       4.248532869399e+02 
       2.178941503358e-01       4.099615270262e+02 
       2.211303705289e-01       3.959423687020e+02 
       2.243665927053e-01       3.830076065422e+02 
       2.276028167797e-01       3.712708924539e+02 
       2.308390426717e-01       3.607781757508e+02 
       2.340752703055e-01       3.514992377391e+02 
       2.373114996093e-01       3.433252303266e+02 
       2.405477305153e-01       3.360857158582e+02 
       2.437839629591e-01       3.295703588390e+02 
       2.470201968801e-01       3.235359074508e+02 
       2.502564322204e-01       3.177502610472e+02 
       2.534926689254e-01       3.120091250650e+02 
       2.567289069432e-01       3.061545140458e+02 
       2.599651462244e-01       3.000802591920e+02 
       2.632013867222e-01       2.937318524095e+02 
       2.664376283919e-01       2.871111759503e+02 
       2.696738711911e-01       2.802498678390e+02 
       2.729101150795e-01       2.732367219281e+02 
       2.761463600183e-01       2.661584331829e+02 
       2.793826059711e-01       2.591373733190e+02 
       2.826188529026e-01       2.522979360821e+02 
       2.858551007796e-01       2.457486090828e+02 
       2.890913495700e-01       2.395736227296e+02 
       2.923275992434e-01       2.338194204863e+02 
       2.955638497706e-01       2.285147059648e+02 
       2.988001011237e-01       2.236361613168e+02 
       3.020363532761e-01       2.191519224848e+02 
       3.052726062021e-01       2.149991732982e+02 
       3.085088598773e-01       2.111177895773e+02 
       3.117451142782e-01       2.074408036294e+02 
       3.149813693825e-01       2.039000976560e+02 
       3.182176251684e-01       2.004318413649e+02 
       3.214538816153e-01       1.969801678589e+02 
       3.246901387033e-01       1.935022718977e+02 
       3.279263964134e-01       1.899723164260e+02 
       3.311626547273e-01       1.863827026781e+02 
       3.343989136273e-01       1.827445093636e+02 
       3.376351730964e-01       1.790823447318e+02 
       3.408714331185e-01       1.754270641540e+02 
       3.441076936778e-01       1.718140035608e+02 
       3.473439547593e-01       1.682753972229e+02 
       3.505802163483e-01       1.648408335358e+02 
       3.538164784310e-01       1.615320198385e+02 
       3.570527409939e-01       1.583659361231e+02 
       3.602890040238e-01       1.553578657813e+02 
       3.635252675084e-01       1.525108988674e+02 
       3.667615314356e-01       1.498175312885e+02 
       3.699977957936e-01       1.472644418338e+02 
       3.732340605712e-01       1.448299682546e+02 
       3.764703257575e-01       1.424909400326e+02 
       3.797065913421e-01       1.402219763630e+02 
       3.829428573148e-01       1.380010864412e+02 
       3.861791236658e-01       1.358121556696e+02 
       3.894153903856e-01       1.336435220532e+02 
       3.926516574652e-01       1.314885040421e+02 
       3.958879248955e-01       1.293422997033e+02 
       3.991241926681e-01       1.272047227791e+02 
       4.023604607747e-01       1.250780300951e+02 
       4.055967292072e-01       1.229671890581e+02 
       4.088329979579e-01       1.208798245544e+02 
       4.120692670192e-01       1.188291630142e+02 
       4.153055363838e-01       1.168231356285e+02 
       4.185418060448e-01       1.148711325189e+02 
       4.217780759952e-01       1.129783687672e+02 
       4.250143462284e-01       1.111452901106e+02 
       4.282506167380e-01       1.093766811357e+02 
       4.314868875177e-01       1.076651853965e+02 
       4.347231585614e-01       1.060101333585e+02 
       4.379594298634e-01       1.044082221705e+02 
       4.411957014179e-01       1.028555851067e+02 
       4.444319732193e-01       1.013480360691e+02 
       4.476682452623e-01       9.987823804653e+01 
       4.509045175416e-01       9.843917283328e+01 
       4.541407900523e-01       9.702494420805e+01 
       4.573770627893e-01       9.563070298745e+01 
       4.606133357479e-01       9.425161833910e+01 
       4.638496089234e-01       9.288881078094e+01 
       4.670858823114e-01       9.154111050194e+01 
       4.703221559073e-01       9.021160997239e+01 
       4.735584297069e-01       8.889888002721e+01 
       4.767947037061e-01       8.760546229429e+01 
       4.800309779008e-01       8.633287507049e+01 
       4.832672522871e-01       8.508333260335e+01 
       4.865035268611e-01       8.385908427202e+01 
       4.897398016191e-01       8.266199309217e+01 
       4.929760765574e-01       8.149597999627e+01 
       4.962123516726e-01       8.036157406540e+01 
       4.994486269612e-01       7.925822397565e+01 
       5.026849024197e-01       7.818289069533e+01 
       5.059211780451e-01       7.713420465328e+01 
       5.091574538339e-01       7.610856652637e+01 
       5.123937297832e-01       7.510408702809e+01 
       5.156300058899e-01       7.411850559126e+01 
       5.188662821511e-01       7.315125430002e+01 
       5.221025585639e-01       7.219994736786e+01 
       5.253388351254e-01       7.126358521851e+01 
       5.285751118329e-01       7.034014596597e+01 
       5.318113886838e-01       6.942893472233e+01 
       5.350476656755e-01       6.852950737577e+01 
       5.382839428053e-01       6.764215325613e+01 
       5.415202200708e-01       6.676863462867e+01 
       5.447564974697e-01       6.590935243520e+01 
       5.479927749994e-01       6.506620612487e+01 
       5.512290526578e-01       6.423877922480e+01 
       5.544653304425e-01       6.342725595652e+01 
       5.577016083513e-01       6.263083233295e+01 
       5.609378863821e-01       6.184887730105e+01 
       5.641741645328e-01       6.108265364830e+01 
       5.674104428014e-01       6.033079146589e+01 
       5.706467211857e-01       5.959390839370e+01 
       5.738829996839e-01       5.887190239236e+01 
       5.771192782940e-01       5.816371851911e+01 
       5.803555570142e-01       5.746806706506e+01 
       5.835918358426e-01       5.678377486592e+01 
       5.868281147774e-01       5.611008515492e+01 
       5.900643938168e-01       5.544624887434e+01 
       5.933006729592e-01       5.479372299928e+01 
       5.965369522029e-01       5.415055066964e+01 
       5.997732315462e-01       5.351764149790e+01 
       6.030095109875e-01       5.289422528686e+01 
       6.062457905253e-01       5.228016123445e+01 
       6.094820701579e-01       5.167445943336e+01 
       6.127183498840e-01       5.107803076568e+01 
       6.159546297019e-01       5.048996137692e+01 
       6.191909096104e-01       4.991134716265e+01 
       6.224271896078e-01       4.934283296736e+01 
       6.256634696930e-01       4.878422767611e+01 
       6.288997498645e-01       4.823554807243e+01 
       6.321360301209e-01       4.769577818214e+01 
       6.353723104611e-01       4.716469192380e+01 
       6.386085908836e-01       4.664185285018e+01 
       6.418448713873e-01       4.612735406597e+01 
       6.450811519709e-01       4.562096403133e+01 
       6.483174326333e-01       4.512294247769e+01 
       6.515537133732e-01       4.463307811184e+01 
       6.547899941895e-01       4.415057659077e+01 
       6.580262750811e-01       4.367537492098e+01 
       6.612625560469e-01       4.320662561290e+01 
       6.644988370858e-01       4.274409405521e+01 
       6.677351181966e-01       4.228795250230e+01 
       6.709713993785e-01       4.183851101361e+01 
       6.742076806302e-01       4.139576999916e+01 
       6.774439619510e-01       4.095965661117e+01 
       6.806802433396e-01       4.053011671244e+01 
       6.839165247953e-01       4.010654271447e+01 
       6.871528063170e-01       3.968911990177e+01 
       6.903890879038e-01       3.927724518144e+01 
       6.936253695548e-01       3.887143792969e+01 
       6.968616512691e-01       3.847135549038e+01 
       7.000979330458e-01       3.807763263985e+01 
       7.033342148841e-01       3.769004455272e+01 
       7.065704967831e-01       3.730822718012e+01 
       7.098067787420e-01       3.693184882835e+01 
       7.130430607599e-01       3.656052112499e+01 
       7.162793428361e-01       3.619428644827e+01 
       7.195156249697e-01       3.583298894281e+01 
       7.227519071601e-01       3.547671505456e+01 
       7.259881894063e-01       3.512563245837e+01 
       7.292244717078e-01       3.477954107751e+01 
       7.324607540637e-01       3.443838819131e+01 
       7.356970364734e-01       3.410169600660e+01 
       7.389333189360e-01       3.376916508096e+01 
       7.421696014510e-01       3.344094399841e+01 
       7.454058840177e-01       3.311683670861e+01 
       7.486421666353e-01       3.279733101471e+01 
       7.518784493033e-01       3.248219290446e+01 
       7.551147320209e-01       3.217160609439e+01 
       8.238913134808e-01       2.644471385189e+01 
       9.227065765974e-01       2.044236059883e+01 
       1.078917191703e+00       1.426002360106e+01 
       1.327657936006e+00       8.775015755729e+00 
       1.668612192446e+00       5.090890974528e+00 
       2.100604656711e+00       2.915436682639e+00 
       2.644504381703e+00       1.655853088247e+00 
       3.329233767621e+00       9.334622359910e-01 
       4.191256991861e+00       5.226965817594e-01 
       5.276479934414e+00       2.908907741702e-01 
       6.642694674256e+00       1.609808962294e-01 
       8.362657128210e+00       8.862686175871e-02 
       1.052796156883e+01       4.856208632119e-02 
       1.325391835339e+01       2.649288429141e-02 
       1.668569462092e+01       1.439381040676e-02 
       2.100604497172e+01       7.790317453891e-03 
       2.644504381619e+01       4.201077113107e-03 
       3.329233767621e+01       2.257464818137e-03 
       4.191256991861e+01       1.208810628541e-03 
       5.276479934414e+01       6.449294686692e-04 
       6.642694674256e+01       3.427222971106e-04 
       8.362657128211e+01       1.812880256645e-04 
       1.052796156883e+02       9.535207426842e-05 
