# dimensionless [l(l+1)/2pi] C_l's for tensor mode
# for l=2 to 500, i.e. number of multipoles equal to 499
#
# -> if you prefer output in CAMB/HealPix/LensPix units/order, set 'format' to 'camb' in input file
# -> if you don't want to see such a header, set 'headers' to 'no' in input file
# -> for CMB lensing (phi), these are C_l^phi-phi for the lensing potential.
#    Remember the conversion factors:
#    C_l^dd (deflection) = l(l+1) C_l^phi-phi
#    C_l^gg (shear/convergence) = 1/4 (l(l+1))^2 C_l^phi-phi
#
# 1:l     2:TT                     3:EE                     4:TE                     5:BB                     6:phiphi                 7:TPhi                   8:Ephi               
    2       1.434362072839e-10       1.247386157726e-15       8.862145085900e-14       2.129723417004e-15       0.000000000000e+00       0.000000000000e+00       0.000000000000e+00 
    3       1.072866716640e-10       1.458976274354e-15      -3.286315636841e-14       2.276196788699e-15       0.000000000000e+00       0.000000000000e+00       0.000000000000e+00 
    4       9.591998664587e-11       1.470222964774e-15      -7.015468483878e-14       2.116563713457e-15       0.000000000000e+00       0.000000000000e+00       0.000000000000e+00 
    5       9.145643025512e-11       1.303542506894e-15      -7.755028583652e-14       1.789282312379e-15       0.000000000000e+00       0.000000000000e+00       0.000000000000e+00 
    6       8.887154123771e-11       1.060250719854e-15      -7.368909479271e-14       1.420633195503e-15       0.000000000000e+00       0.000000000000e+00       0.000000000000e+00 
    7       8.723318072755e-11       8.288341770672e-16      -6.613279317473e-14       1.095035949731e-15       0.000000000000e+00       0.000000000000e+00       0.000000000000e+00 
    8       8.610354044864e-11       6.617348819863e-16      -5.862538969324e-14       8.541409294227e-16       0.000000000000e+00       0.000000000000e+00       0.000000000000e+00 
    9       8.525598271154e-11       5.765643952402e-16      -5.282638340949e-14       7.076881401361e-16       0.000000000000e+00       0.000000000000e+00       0.000000000000e+00 
   10       8.456545202008e-11       5.669938379818e-16      -4.926130511550e-14       6.467673557197e-16       0.000000000000e+00       0.000000000000e+00       0.000000000000e+00 
   11       8.396140982044e-11       6.158516751430e-16      -4.788288406640e-14       6.539423830795e-16       0.000000000000e+00       0.000000000000e+00       0.000000000000e+00 
   12       8.340369032816e-11       7.039739993730e-16      -4.842256819624e-14       7.110018964769e-16       0.000000000000e+00       0.000000000000e+00       0.000000000000e+00 
   13       8.286812234959e-11       8.163183849993e-16      -5.055588054925e-14       8.018501493658e-16       0.000000000000e+00       0.000000000000e+00       0.000000000000e+00 
   14       8.233916169421e-11       9.428055750517e-16      -5.397772460016e-14       9.146225020897e-16       0.000000000000e+00       0.000000000000e+00       0.000000000000e+00 
   15       8.180656045239e-11       1.077763562216e-15      -5.844807972927e-14       1.041493476405e-15       0.000000000000e+00       0.000000000000e+00       0.000000000000e+00 
   16       8.126365876081e-11       1.219263033020e-15      -6.378006569917e-14       1.177144376844e-15       0.000000000000e+00       0.000000000000e+00       0.000000000000e+00 
   17       8.070640926842e-11       1.366067669620e-15      -6.982632990458e-14       1.319403079438e-15       0.000000000000e+00       0.000000000000e+00       0.000000000000e+00 
   18       8.012669335367e-11       1.518489926152e-15      -7.647610682417e-14       1.466508684595e-15       0.000000000000e+00       0.000000000000e+00       0.000000000000e+00 
   19       7.954120374667e-11       1.676527870045e-15      -8.366670644940e-14       1.617796313687e-15       0.000000000000e+00       0.000000000000e+00       0.000000000000e+00 
   20       7.893041570853e-11       1.839996128971e-15      -9.132102049000e-14       1.773082793234e-15       0.000000000000e+00       0.000000000000e+00       0.000000000000e+00 
   21       7.830444251524e-11       2.008677332835e-15      -9.939329826040e-14       1.932158510340e-15       0.000000000000e+00       0.000000000000e+00       0.000000000000e+00 
   22       7.765763773036e-11       2.182371732299e-15      -1.078370445441e-13       2.094865728013e-15       0.000000000000e+00       0.000000000000e+00       0.000000000000e+00 
   23       7.699723801683e-11       2.360847492269e-15      -1.166160715040e-13       2.260987087424e-15       0.000000000000e+00       0.000000000000e+00       0.000000000000e+00 
   24       7.631717324645e-11       2.543893097712e-15      -1.256920777856e-13       2.430320459189e-15       0.000000000000e+00       0.000000000000e+00       0.000000000000e+00 
   25       7.562323259284e-11       2.731348500769e-15      -1.350353468115e-13       2.602627315452e-15       0.000000000000e+00       0.000000000000e+00       0.000000000000e+00 
   26       7.491212206384e-11       2.923099327103e-15      -1.446152195593e-13       2.777680369586e-15       0.000000000000e+00       0.000000000000e+00       0.000000000000e+00 
   27       7.418627237532e-11       3.119047772582e-15      -1.544008161573e-13       2.955243263696e-15       0.000000000000e+00       0.000000000000e+00       0.000000000000e+00 
   28       7.344176602389e-11       3.319110102983e-15      -1.643599030869e-13       3.135090291131e-15       0.000000000000e+00       0.000000000000e+00       0.000000000000e+00 
   29       7.268639171705e-11       3.523135388473e-15      -1.744666542041e-13       3.316977896527e-15       0.000000000000e+00       0.000000000000e+00       0.000000000000e+00 
   30       7.192106856794e-11       3.730961151003e-15      -1.846959322277e-13       3.500672596836e-15       0.000000000000e+00       0.000000000000e+00       0.000000000000e+00 
   31       7.113780154248e-11       3.942419110031e-15      -1.950216957644e-13       3.685951894230e-15       0.000000000000e+00       0.000000000000e+00       0.000000000000e+00 
   32       7.034176965279e-11       4.157273245092e-15      -2.054198398269e-13       3.872564526608e-15       0.000000000000e+00       0.000000000000e+00       0.000000000000e+00 
   33       6.953528176324e-11       4.375257066896e-15      -2.158664119179e-13       4.060256819986e-15       0.000000000000e+00       0.000000000000e+00       0.000000000000e+00 
   34       6.871465577831e-11       4.596101290158e-15      -2.263375733780e-13       4.248777135892e-15       0.000000000000e+00       0.000000000000e+00       0.000000000000e+00 
   35       6.788324162764e-11       4.819578859551e-15      -2.368119583207e-13       4.437853562846e-15       0.000000000000e+00       0.000000000000e+00       0.000000000000e+00 
   36       6.704148223545e-11       5.045475139015e-15      -2.472692507632e-13       4.627208625349e-15       0.000000000000e+00       0.000000000000e+00       0.000000000000e+00 
   37       6.618603518884e-11       5.273573227817e-15      -2.576893202429e-13       4.816568426034e-15       0.000000000000e+00       0.000000000000e+00       0.000000000000e+00 
   38       6.532116529799e-11       5.503644233924e-15      -2.680511070376e-13       5.005673995071e-15       0.000000000000e+00       0.000000000000e+00       0.000000000000e+00 
   39       6.445012900099e-11       5.735453533781e-15      -2.783334761276e-13       5.194273933706e-15       0.000000000000e+00       0.000000000000e+00       0.000000000000e+00 
   40       6.357150653356e-11       5.968763078849e-15      -2.885155843133e-13       5.382121683530e-15       0.000000000000e+00       0.000000000000e+00       0.000000000000e+00 
   41       6.268150266060e-11       6.203339894191e-15      -2.985788861406e-13       5.568973045765e-15       0.000000000000e+00       0.000000000000e+00       0.000000000000e+00 
   42       6.178291106285e-11       6.438985452041e-15      -3.085138050542e-13       5.754577190321e-15       0.000000000000e+00       0.000000000000e+00       0.000000000000e+00 
   43       6.087825497095e-11       6.675515474891e-15      -3.183153263331e-13       5.938683124265e-15       0.000000000000e+00       0.000000000000e+00       0.000000000000e+00 
   44       5.996696873313e-11       6.912752397472e-15      -3.279814190851e-13       6.121042212392e-15       0.000000000000e+00       0.000000000000e+00       0.000000000000e+00 
   45       5.904706464874e-11       7.150518442551e-15      -3.375095191770e-13       6.301402171421e-15       0.000000000000e+00       0.000000000000e+00       0.000000000000e+00 
   46       5.812141594180e-11       7.388611505962e-15      -3.468842795823e-13       6.479486792022e-15       0.000000000000e+00       0.000000000000e+00       0.000000000000e+00 
   47       5.719285534595e-11       7.626822692952e-15      -3.560864787935e-13       6.655010240715e-15       0.000000000000e+00       0.000000000000e+00       0.000000000000e+00 
   48       5.626220469227e-11       7.864942939299e-15      -3.650963845099e-13       6.827682299713e-15       0.000000000000e+00       0.000000000000e+00       0.000000000000e+00 
   49       5.532809566536e-11       8.102762962014e-15      -3.738937288841e-13       6.997208068816e-15       0.000000000000e+00       0.000000000000e+00       0.000000000000e+00 
   50       5.438833937562e-11       8.340050922218e-15      -3.824571802381e-13       7.163304707501e-15       0.000000000000e+00       0.000000000000e+00       0.000000000000e+00 
   51       5.344488918457e-11       8.576478380243e-15      -3.907626465912e-13       7.325757710225e-15       0.000000000000e+00       0.000000000000e+00       0.000000000000e+00 
   52       5.249991514836e-11       8.811674156663e-15      -3.987844688552e-13       7.484379391135e-15       0.000000000000e+00       0.000000000000e+00       0.000000000000e+00 
   53       5.155426910434e-11       9.045243791411e-15      -4.064958368166e-13       7.638993670792e-15       0.000000000000e+00       0.000000000000e+00       0.000000000000e+00 
   54       5.060737831266e-11       9.276768445642e-15      -4.138687406876e-13       7.789436579967e-15       0.000000000000e+00       0.000000000000e+00       0.000000000000e+00 
   55       4.965818795794e-11       9.505846221514e-15      -4.208776048997e-13       7.935552858466e-15       0.000000000000e+00       0.000000000000e+00       0.000000000000e+00 
   56       4.870850649389e-11       9.732230657575e-15      -4.275113575817e-13       8.077183608041e-15       0.000000000000e+00       0.000000000000e+00       0.000000000000e+00 
   57       4.776030505907e-11       9.955724715134e-15      -4.337642745361e-13       8.214176454626e-15       0.000000000000e+00       0.000000000000e+00       0.000000000000e+00 
   58       4.681467736056e-11       1.017614191716e-14      -4.396326526367e-13       8.346389528563e-15       0.000000000000e+00       0.000000000000e+00       0.000000000000e+00 
   59       4.587177418029e-11       1.039330690279e-14      -4.451149048430e-13       8.473691816256e-15       0.000000000000e+00       0.000000000000e+00       0.000000000000e+00 
   60       4.493073788132e-11       1.060705598185e-14      -4.502116552144e-13       8.595963511815e-15       0.000000000000e+00       0.000000000000e+00       0.000000000000e+00 
   61       4.399050024480e-11       1.081723018013e-14      -4.549241982990e-13       8.713097120544e-15       0.000000000000e+00       0.000000000000e+00       0.000000000000e+00 
   62       4.305253341571e-11       1.102365129669e-14      -4.592492582516e-13       8.825000263283e-15       0.000000000000e+00       0.000000000000e+00       0.000000000000e+00 
   63       4.211860302675e-11       1.122614143189e-14      -4.631832165945e-13       8.931594128405e-15       0.000000000000e+00       0.000000000000e+00       0.000000000000e+00 
   64       4.118992200908e-11       1.142453033235e-14      -4.667236863020e-13       9.032813143596e-15       0.000000000000e+00       0.000000000000e+00       0.000000000000e+00 
   65       4.026711249133e-11       1.161865570723e-14      -4.698695549175e-13       9.128605351360e-15       0.000000000000e+00       0.000000000000e+00       0.000000000000e+00 
   66       3.935016769881e-11       1.180836354446e-14      -4.726210276710e-13       9.218932784523e-15       0.000000000000e+00       0.000000000000e+00       0.000000000000e+00 
   67       3.843841385256e-11       1.199350842698e-14      -4.749796705967e-13       9.303771841744e-15       0.000000000000e+00       0.000000000000e+00       0.000000000000e+00 
   68       3.753110332265e-11       1.217394978849e-14      -4.769478405559e-13       9.383105483693e-15       0.000000000000e+00       0.000000000000e+00       0.000000000000e+00 
   69       3.662941882019e-11       1.234953909270e-14      -4.785267448173e-13       9.456897146059e-15       0.000000000000e+00       0.000000000000e+00       0.000000000000e+00 
   70       3.573480872723e-11       1.252013061244e-14      -4.797180639477e-13       9.525112190922e-15       0.000000000000e+00       0.000000000000e+00       0.000000000000e+00 
   71       3.484837021164e-11       1.268558546891e-14      -4.805245570632e-13       9.587725781707e-15       0.000000000000e+00       0.000000000000e+00       0.000000000000e+00 
   72       3.397082727084e-11       1.284577184410e-14      -4.809500892662e-13       9.644723049504e-15       0.000000000000e+00       0.000000000000e+00       0.000000000000e+00 
   73       3.310250877558e-11       1.300056519317e-14      -4.809996590822e-13       9.696099259384e-15       0.000000000000e+00       0.000000000000e+00       0.000000000000e+00 
   74       3.224332651357e-11       1.314984845687e-14      -4.806794258977e-13       9.741859976708e-15       0.000000000000e+00       0.000000000000e+00       0.000000000000e+00 
   75       3.139275323330e-11       1.329351227389e-14      -4.799967373967e-13       9.782021233452e-15       0.000000000000e+00       0.000000000000e+00       0.000000000000e+00 
   76       3.055023881200e-11       1.343145335336e-14      -4.789593678261e-13       9.816605976380e-15       0.000000000000e+00       0.000000000000e+00       0.000000000000e+00 
   77       2.971659490899e-11       1.356356877990e-14      -4.775730117751e-13       9.845632296194e-15       0.000000000000e+00       0.000000000000e+00       0.000000000000e+00 
   78       2.889282409359e-11       1.368976105108e-14      -4.758433810988e-13       9.869123344105e-15       0.000000000000e+00       0.000000000000e+00       0.000000000000e+00 
   79       2.807969135854e-11       1.380993999714e-14      -4.737769646187e-13       9.887110948158e-15       0.000000000000e+00       0.000000000000e+00       0.000000000000e+00 
   80       2.727771114784e-11       1.392402295568e-14      -4.713810393771e-13       9.899635703311e-15       0.000000000000e+00       0.000000000000e+00       0.000000000000e+00 
   81       2.648713438460e-11       1.403193494625e-14      -4.686636818920e-13       9.906747061497e-15       0.000000000000e+00       0.000000000000e+00       0.000000000000e+00 
   82       2.570793549880e-11       1.413360884512e-14      -4.656337794114e-13       9.908503421709e-15       0.000000000000e+00       0.000000000000e+00       0.000000000000e+00 
   83       2.493979945515e-11       1.422898555985e-14      -4.623010411679e-13       9.904972220059e-15       0.000000000000e+00       0.000000000000e+00       0.000000000000e+00 
   84       2.418240193802e-11       1.431801276011e-14      -4.586754309692e-13       9.896226732278e-15       0.000000000000e+00       0.000000000000e+00       0.000000000000e+00 
   85       2.343633169012e-11       1.440064044542e-14      -4.547653322387e-13       9.882335674823e-15       0.000000000000e+00       0.000000000000e+00       0.000000000000e+00 
   86       2.270229800512e-11       1.447682495946e-14      -4.505790979978e-13       9.863372036979e-15       0.000000000000e+00       0.000000000000e+00       0.000000000000e+00 
   87       2.198084323885e-11       1.454653051684e-14      -4.461256039901e-13       9.839416249471e-15       0.000000000000e+00       0.000000000000e+00       0.000000000000e+00 
   88       2.127233476414e-11       1.460972935349e-14      -4.414142502101e-13       9.810556219285e-15       0.000000000000e+00       0.000000000000e+00       0.000000000000e+00 
   89       2.057695692560e-11       1.466640187709e-14      -4.364549624331e-13       9.776887364481e-15       0.000000000000e+00       0.000000000000e+00       0.000000000000e+00 
   90       1.989470299454e-11       1.471653681744e-14      -4.312581937435e-13       9.738512649019e-15       0.000000000000e+00       0.000000000000e+00       0.000000000000e+00 
   91       1.922536712368e-11       1.476013137690e-14      -4.258349260644e-13       9.695542617573e-15       0.000000000000e+00       0.000000000000e+00       0.000000000000e+00 
   92       1.856853630209e-11       1.479719138076e-14      -4.201966716866e-13       9.648095430352e-15       0.000000000000e+00       0.000000000000e+00       0.000000000000e+00 
   93       1.792382446924e-11       1.482772807472e-14      -4.143549215948e-13       9.596291705839e-15       0.000000000000e+00       0.000000000000e+00       0.000000000000e+00 
   94       1.729163260958e-11       1.485174763970e-14      -4.083193922129e-13       9.540238086108e-15       0.000000000000e+00       0.000000000000e+00       0.000000000000e+00 
   95       1.667248863345e-11       1.486926037078e-14      -4.020995165691e-13       9.480041252610e-15       0.000000000000e+00       0.000000000000e+00       0.000000000000e+00 
   96       1.606681074598e-11       1.488028399262e-14      -3.957049680205e-13       9.415812862038e-15       0.000000000000e+00       0.000000000000e+00       0.000000000000e+00 
   97       1.547490272598e-11       1.488484376381e-14      -3.891456541885e-13       9.347669509884e-15       0.000000000000e+00       0.000000000000e+00       0.000000000000e+00 
   98       1.489694920482e-11       1.488297258130e-14      -3.824317108942e-13       9.275732693982e-15       0.000000000000e+00       0.000000000000e+00       0.000000000000e+00 
   99       1.433301094539e-11       1.487471108469e-14      -3.755734960935e-13       9.200128778057e-15       0.000000000000e+00       0.000000000000e+00       0.000000000000e+00 
  100       1.378302012098e-11       1.486010776069e-14      -3.685815838129e-13       9.120988955272e-15       0.000000000000e+00       0.000000000000e+00       0.000000000000e+00 
  101       1.324677559417e-11       1.483921904745e-14      -3.614667580847e-13       9.038449211778e-15       0.000000000000e+00       0.000000000000e+00       0.000000000000e+00 
  102       1.272393819579e-11       1.481210943895e-14      -3.542400068824e-13       8.952650290262e-15       0.000000000000e+00       0.000000000000e+00       0.000000000000e+00 
  103       1.221402600378e-11       1.477885158938e-14      -3.469125160563e-13       8.863737653491e-15       0.000000000000e+00       0.000000000000e+00       0.000000000000e+00 
  104       1.171659550055e-11       1.473952216304e-14      -3.394952789593e-13       8.771856874768e-15       0.000000000000e+00       0.000000000000e+00       0.000000000000e+00 
  105       1.123182308381e-11       1.469418852084e-14      -3.319978783319e-13       8.677139178631e-15       0.000000000000e+00       0.000000000000e+00       0.000000000000e+00 
  106       1.075999367360e-11       1.464292042156e-14      -3.244295277954e-13       8.579713869865e-15       0.000000000000e+00       0.000000000000e+00       0.000000000000e+00 
  107       1.030131920245e-11       1.458579417263e-14      -3.167994313034e-13       8.479712646509e-15       0.000000000000e+00       0.000000000000e+00       0.000000000000e+00 
  108       9.855935936846e-12       1.452289268778e-14      -3.091167728545e-13       8.377269513160e-15       0.000000000000e+00       0.000000000000e+00       0.000000000000e+00 
  109       9.423901798850e-12       1.445430554466e-14      -3.013907062038e-13       8.272520694258e-15       0.000000000000e+00       0.000000000000e+00       0.000000000000e+00 
  110       9.005193687560e-12       1.438012904242e-14      -2.936303445755e-13       8.165604547388e-15       0.000000000000e+00       0.000000000000e+00       0.000000000000e+00 
  111       8.599704800667e-12       1.430046625941e-14      -2.858447503752e-13       8.056661476568e-15       0.000000000000e+00       0.000000000000e+00       0.000000000000e+00 
  112       8.207241955977e-12       1.421542711072e-14      -2.780429249017e-13       7.945833845548e-15       0.000000000000e+00       0.000000000000e+00       0.000000000000e+00 
  113       7.827522912942e-12       1.412512840589e-14      -2.702337980598e-13       7.833265891099e-15       0.000000000000e+00       0.000000000000e+00       0.000000000000e+00 
  114       7.460173694186e-12       1.402969390645e-14      -2.624262180721e-13       7.719103636312e-15       0.000000000000e+00       0.000000000000e+00       0.000000000000e+00 
  115       7.104725907039e-12       1.392925438360e-14      -2.546289411913e-13       7.603494803890e-15       0.000000000000e+00       0.000000000000e+00       0.000000000000e+00 
  116       6.760745583802e-12       1.382394268592e-14      -2.468504845024e-13       7.486585117332e-15       0.000000000000e+00       0.000000000000e+00       0.000000000000e+00 
  117       6.428243200039e-12       1.371387813888e-14      -2.390986860196e-13       7.368506879689e-15       0.000000000000e+00       0.000000000000e+00       0.000000000000e+00 
  118       6.107308709051e-12       1.359918034801e-14      -2.313810715380e-13       7.249388836914e-15       0.000000000000e+00       0.000000000000e+00       0.000000000000e+00 
  119       5.797982984501e-12       1.347997403241e-14      -2.237049753840e-13       7.129359548374e-15       0.000000000000e+00       0.000000000000e+00       0.000000000000e+00 
  120       5.500256304796e-12       1.335638903826e-14      -2.160775289177e-13       7.008547268200e-15       0.000000000000e+00       0.000000000000e+00       0.000000000000e+00 
  121       5.214066837472e-12       1.322856035237e-14      -2.085056490343e-13       6.887079826651e-15       0.000000000000e+00       0.000000000000e+00       0.000000000000e+00 
  122       4.939299123571e-12       1.309662811562e-14      -2.009960266661e-13       6.765084511467e-15       0.000000000000e+00       0.000000000000e+00       0.000000000000e+00 
  123       4.675782562030e-12       1.296073763651e-14      -1.935551152836e-13       6.642687949227e-15       0.000000000000e+00       0.000000000000e+00       0.000000000000e+00 
  124       4.423289894057e-12       1.282103940465e-14      -1.861891193979e-13       6.520015986702e-15       0.000000000000e+00       0.000000000000e+00       0.000000000000e+00 
  125       4.181535687517e-12       1.267768910426e-14      -1.789039830618e-13       6.397193572219e-15       0.000000000000e+00       0.000000000000e+00       0.000000000000e+00 
  126       3.950174821315e-12       1.253084762768e-14      -1.717053783720e-13       6.274344637012e-15       0.000000000000e+00       0.000000000000e+00       0.000000000000e+00 
  127       3.728800969775e-12       1.238068108888e-14      -1.645986939705e-13       6.151591976581e-15       0.000000000000e+00       0.000000000000e+00       0.000000000000e+00 
  128       3.516945087026e-12       1.222736083697e-14      -1.575890235462e-13       6.029057132049e-15       0.000000000000e+00       0.000000000000e+00       0.000000000000e+00 
  129       3.314174241443e-12       1.207105737340e-14      -1.506812783524e-13       5.906858448160e-15       0.000000000000e+00       0.000000000000e+00       0.000000000000e+00 
  130       3.120403596737e-12       1.191192132066e-14      -1.438805631369e-13       5.785105258409e-15       0.000000000000e+00       0.000000000000e+00       0.000000000000e+00 
  131       2.935615950691e-12       1.175010038165e-14      -1.371918199143e-13       5.663902834834e-15       0.000000000000e+00       0.000000000000e+00       0.000000000000e+00 
  132       2.759763663274e-12       1.158574521896e-14      -1.306196971410e-13       5.543354023797e-15       0.000000000000e+00       0.000000000000e+00       0.000000000000e+00 
  133       2.592767859093e-12       1.141900942478e-14      -1.241685391036e-13       5.423559114296e-15       0.000000000000e+00       0.000000000000e+00       0.000000000000e+00 
  134       2.434517629841e-12       1.125004949074e-14      -1.178423753089e-13       5.304615706273e-15       0.000000000000e+00       0.000000000000e+00       0.000000000000e+00 
  135       2.284869236751e-12       1.107902477785e-14      -1.116449098723e-13       5.186618578921e-15       0.000000000000e+00       0.000000000000e+00       0.000000000000e+00 
  136       2.143645313045e-12       1.090609748634e-14      -1.055795109071e-13       5.069659559000e-15       0.000000000000e+00       0.000000000000e+00       0.000000000000e+00 
  137       2.010634066386e-12       1.073143262553e-14      -9.964919991403e-14       4.953827389140e-15       0.000000000000e+00       0.000000000000e+00       0.000000000000e+00 
  138       1.885588481327e-12       1.055519798377e-14      -9.385664116960e-14       4.839207596153e-15       0.000000000000e+00       0.000000000000e+00       0.000000000000e+00 
  139       1.768225521765e-12       1.037756409827e-14      -8.820413111580e-14       4.725882359343e-15       0.000000000000e+00       0.000000000000e+00       0.000000000000e+00 
  140       1.658225333385e-12       1.019870422498e-14      -8.269358774899e-14       4.613930378818e-15       0.000000000000e+00       0.000000000000e+00       0.000000000000e+00 
  141       1.555230446121e-12       1.001879430853e-14      -7.732654000900e-14       4.503426743793e-15       0.000000000000e+00       0.000000000000e+00       0.000000000000e+00 
  142       1.458844976596e-12       9.838012952030e-15      -7.210411716828e-14       4.394442800904e-15       0.000000000000e+00       0.000000000000e+00       0.000000000000e+00 
  143       1.368633830581e-12       9.656541387030e-15      -6.702703822098e-14       4.287046022520e-15       0.000000000000e+00       0.000000000000e+00       0.000000000000e+00 
  144       1.284198096589e-12       9.474556537507e-15      -6.209598897707e-14       4.181301216611e-15       0.000000000000e+00       0.000000000000e+00       0.000000000000e+00 
  145       1.205411287446e-12       9.292209504933e-15      -5.731281764464e-14       4.077274568820e-15       0.000000000000e+00       0.000000000000e+00       0.000000000000e+00 
  146       1.132204981300e-12       9.109644895010e-15      -5.267943749388e-14       3.975029750405e-15       0.000000000000e+00       0.000000000000e+00       0.000000000000e+00 
  147       1.064494365325e-12       8.927007463865e-15      -4.819744142761e-14       3.874626489574e-15       0.000000000000e+00       0.000000000000e+00       0.000000000000e+00 
  148       1.002177876056e-12       8.744442048238e-15      -4.386809359850e-14       3.776120447506e-15       0.000000000000e+00       0.000000000000e+00       0.000000000000e+00 
  149       9.451368397194e-13       8.562093495677e-15      -3.969232102643e-14       3.679563094371e-15       0.000000000000e+00       0.000000000000e+00       0.000000000000e+00 
  150       8.932351125616e-13       8.380106594730e-15      -3.567070521574e-14       3.585001585347e-15       0.000000000000e+00       0.000000000000e+00       0.000000000000e+00 
  151       8.463187211832e-13       8.198626005142e-15      -3.180347377258e-14       3.492478636642e-15       0.000000000000e+00       0.000000000000e+00       0.000000000000e+00 
  152       8.042155028679e-13       8.017796188045e-15      -2.809049202214e-14       3.402032401513e-15       0.000000000000e+00       0.000000000000e+00       0.000000000000e+00 
  153       7.667347459140e-13       7.837761336152e-15      -2.453125462599e-14       3.313696346286e-15       0.000000000000e+00       0.000000000000e+00       0.000000000000e+00 
  154       7.336668299652e-13       7.658665303948e-15      -2.112487719939e-14       3.227499126375e-15       0.000000000000e+00       0.000000000000e+00       0.000000000000e+00 
  155       7.047828663415e-13       7.480651537891e-15      -1.787008792852e-14       3.143464462302e-15       0.000000000000e+00       0.000000000000e+00       0.000000000000e+00 
  156       6.798343383702e-13       7.303863006595e-15      -1.476521918786e-14       3.061611015718e-15       0.000000000000e+00       0.000000000000e+00       0.000000000000e+00 
  157       6.585527417169e-13       7.128442131030e-15      -1.180819915742e-14       2.981952265421e-15       0.000000000000e+00       0.000000000000e+00       0.000000000000e+00 
  158       6.406492247161e-13       6.954530714715e-15      -8.996543440062e-15       2.904496383374e-15       0.000000000000e+00       0.000000000000e+00       0.000000000000e+00 
  159       6.258142287025e-13       6.782269873907e-15      -6.327346678803e-15       2.829246110730e-15       0.000000000000e+00       0.000000000000e+00       0.000000000000e+00 
  160       6.137171283416e-13       6.611799967799e-15      -3.797274174097e-15       2.756198633848e-15       0.000000000000e+00       0.000000000000e+00       0.000000000000e+00 
  161       6.040575551882e-13       6.443255134255e-15      -1.403204173697e-15       2.685351317142e-15       0.000000000000e+00       0.000000000000e+00       0.000000000000e+00 
  162       5.967252239199e-13       6.276746500543e-15       8.557638292568e-16       2.616719731646e-15       0.000000000000e+00       0.000000000000e+00       0.000000000000e+00 
  163       5.916536183783e-13       6.112377347558e-15       2.980154989030e-15       2.550320991240e-15       0.000000000000e+00       0.000000000000e+00       0.000000000000e+00 
  164       5.887694586272e-13       5.950248276872e-15       4.970759152800e-15       2.486167942949e-15       0.000000000000e+00       0.000000000000e+00       0.000000000000e+00 
  165       5.879925790709e-13       5.790457116105e-15       6.828636249693e-15       2.424269069912e-15       0.000000000000e+00       0.000000000000e+00       0.000000000000e+00 
  166       5.892358065737e-13       5.633098824301e-15       8.555121679833e-15       2.364628394349e-15       0.000000000000e+00       0.000000000000e+00       0.000000000000e+00 
  167       5.924048385785e-13       5.478265397303e-15       1.015183170338e-14       2.307245380522e-15       0.000000000000e+00       0.000000000000e+00       0.000000000000e+00 
  168       5.973981212260e-13       5.326045773124e-15       1.162066882956e-14       2.252114837707e-15       0.000000000000e+00       0.000000000000e+00       0.000000000000e+00 
  169       6.041067274732e-13       5.176525737322e-15       1.296382720572e-14       2.199226823156e-15       0.000000000000e+00       0.000000000000e+00       0.000000000000e+00 
  170       6.124142352130e-13       5.029787828377e-15       1.418379800638e-14       2.148566545065e-15       0.000000000000e+00       0.000000000000e+00       0.000000000000e+00 
  171       6.221966053926e-13       4.885911243062e-15       1.528337482224e-14       2.100114265541e-15       0.000000000000e+00       0.000000000000e+00       0.000000000000e+00 
  172       6.333220601325e-13       4.744971741817e-15       1.626565904926e-14       2.053845203568e-15       0.000000000000e+00       0.000000000000e+00       0.000000000000e+00 
  173       6.456509608459e-13       4.607041554124e-15       1.713406527766e-14       2.009729437971e-15       0.000000000000e+00       0.000000000000e+00       0.000000000000e+00 
  174       6.590356863570e-13       4.472189283883e-15       1.789232668101e-14       1.967731810384e-15       0.000000000000e+00       0.000000000000e+00       0.000000000000e+00 
  175       6.733205110206e-13       4.340479814781e-15       1.854450040523e-14       1.927811828218e-15       0.000000000000e+00       0.000000000000e+00       0.000000000000e+00 
  176       6.883414828405e-13       4.211974215673e-15       1.909497295765e-14       1.889923567624e-15       0.000000000000e+00       0.000000000000e+00       0.000000000000e+00 
  177       7.039263015887e-13       4.086729645950e-15       1.954846559604e-14       1.854015576460e-15       0.000000000000e+00       0.000000000000e+00       0.000000000000e+00 
  178       7.198941969242e-13       3.964799260913e-15       1.991003971767e-14       1.820030777259e-15       0.000000000000e+00       0.000000000000e+00       0.000000000000e+00 
  179       7.360558065122e-13       3.846232117155e-15       2.018510224835e-14       1.787906370194e-15       0.000000000000e+00       0.000000000000e+00       0.000000000000e+00 
  180       7.522421430189e-13       3.731072893285e-15       2.037865364332e-14       1.757583867685e-15       0.000000000000e+00       0.000000000000e+00       0.000000000000e+00 
  181       7.683943245360e-13       3.619361224978e-15       2.049295378861e-14       1.729040292889e-15       0.000000000000e+00       0.000000000000e+00       0.000000000000e+00 
  182       7.844807592218e-13       3.511132135240e-15       2.052968048314e-14       1.702259280558e-15       0.000000000000e+00       0.000000000000e+00       0.000000000000e+00 
  183       8.004686827479e-13       3.406416119667e-15       2.049067273485e-14       1.677221108966e-15       0.000000000000e+00       0.000000000000e+00       0.000000000000e+00 
  184       8.163241435595e-13       3.305239051145e-15       2.037793336011e-14       1.653902640191e-15       0.000000000000e+00       0.000000000000e+00       0.000000000000e+00 
  185       8.320119881357e-13       3.207622084541e-15       2.019363158313e-14       1.632277260400e-15       0.000000000000e+00       0.000000000000e+00       0.000000000000e+00 
  186       8.474958462499e-13       3.113581561395e-15       1.994010563533e-14       1.612314820128e-15       0.000000000000e+00       0.000000000000e+00       0.000000000000e+00 
  187       8.627381162298e-13       3.023128914619e-15       1.961986535477e-14       1.593981574566e-15       0.000000000000e+00       0.000000000000e+00       0.000000000000e+00 
  188       8.776999502178e-13       2.936270573188e-15       1.923559478553e-14       1.577240123845e-15       0.000000000000e+00       0.000000000000e+00       0.000000000000e+00 
  189       8.923412394317e-13       2.853007866833e-15       1.879015477710e-14       1.562049353316e-15       0.000000000000e+00       0.000000000000e+00       0.000000000000e+00 
  190       9.066205994244e-13       2.773336930737e-15       1.828658558380e-14       1.548364373834e-15       0.000000000000e+00       0.000000000000e+00       0.000000000000e+00 
  191       9.204953553444e-13       2.697248610228e-15       1.772810946417e-14       1.536136462045e-15       0.000000000000e+00       0.000000000000e+00       0.000000000000e+00 
  192       9.339215271962e-13       2.624728365475e-15       1.711813328036e-14       1.525313000667e-15       0.000000000000e+00       0.000000000000e+00       0.000000000000e+00 
  193       9.468538151007e-13       2.555756176178e-15       1.646025109753e-14       1.515837418771e-15       0.000000000000e+00       0.000000000000e+00       0.000000000000e+00 
  194       9.592455845552e-13       2.490306446266e-15       1.575824678325e-14       1.507649132071e-15       0.000000000000e+00       0.000000000000e+00       0.000000000000e+00 
  195       9.710488516936e-13       2.428347908588e-15       1.501609660692e-14       1.500683483202e-15       0.000000000000e+00       0.000000000000e+00       0.000000000000e+00 
  196       9.822142685473e-13       2.369843529609e-15       1.423797183914e-14       1.494871682006e-15       0.000000000000e+00       0.000000000000e+00       0.000000000000e+00 
  197       9.926911083048e-13       2.314750414103e-15       1.342824135110e-14       1.490140745812e-15       0.000000000000e+00       0.000000000000e+00       0.000000000000e+00 
  198       1.002427250573e-12       2.263019709848e-15       1.259147421400e-14       1.486413439727e-15       0.000000000000e+00       0.000000000000e+00       0.000000000000e+00 
  199       1.011369166635e-12       2.214596512318e-15       1.173244229847e-14       1.483608216912e-15       0.000000000000e+00       0.000000000000e+00       0.000000000000e+00 
  200       1.019461904714e-12       2.169419769380e-15       1.085612287392e-14       1.481639158868e-15       0.000000000000e+00       0.000000000000e+00       0.000000000000e+00 
  201       1.026659221743e-12       2.127430266362e-15       9.967022611653e-15       1.480427843920e-15       0.000000000000e+00       0.000000000000e+00       0.000000000000e+00 
  202       1.032954815842e-12       2.088595415096e-15       9.067090377806e-15       1.479940021610e-15       0.000000000000e+00       0.000000000000e+00       0.000000000000e+00 
  203       1.038353298982e-12       2.052886053853e-15       8.157660188244e-15       1.480151445880e-15       0.000000000000e+00       0.000000000000e+00       0.000000000000e+00 
  204       1.042860266148e-12       2.020268455145e-15       7.240116994534e-15       1.481036158028e-15       0.000000000000e+00       0.000000000000e+00       0.000000000000e+00 
  205       1.046482310580e-12       1.990704254306e-15       6.315897277740e-15       1.482566462247e-15       0.000000000000e+00       0.000000000000e+00       0.000000000000e+00 
  206       1.049227039028e-12       1.964150378063e-15       5.386489642213e-15       1.484712901156e-15       0.000000000000e+00       0.000000000000e+00       0.000000000000e+00 
  207       1.051103086997e-12       1.940558973117e-15       4.453435409387e-15       1.487444231348e-15       0.000000000000e+00       0.000000000000e+00       0.000000000000e+00 
  208       1.052120133997e-12       1.919877334714e-15       3.518329211573e-15       1.490727398916e-15       0.000000000000e+00       0.000000000000e+00       0.000000000000e+00 
  209       1.052288918790e-12       1.902047835223e-15       2.582819585751e-15       1.494527515000e-15       0.000000000000e+00       0.000000000000e+00       0.000000000000e+00 
  210       1.051621254641e-12       1.887007852711e-15       1.648609567366e-15       1.498807831319e-15       0.000000000000e+00       0.000000000000e+00       0.000000000000e+00 
  211       1.050130044563e-12       1.874689699521e-15       7.174572841171e-16       1.503529715710e-15       0.000000000000e+00       0.000000000000e+00       0.000000000000e+00 
  212       1.047829296571e-12       1.865020550843e-15      -2.088234502427e-16       1.508652627666e-15       0.000000000000e+00       0.000000000000e+00       0.000000000000e+00 
  213       1.044734138922e-12       1.857922373294e-15      -1.128362542117e-15       1.514134093874e-15       0.000000000000e+00       0.000000000000e+00       0.000000000000e+00 
  214       1.040860835374e-12       1.853311853491e-15      -2.039233024272e-15       1.519929683752e-15       0.000000000000e+00       0.000000000000e+00       0.000000000000e+00 
  215       1.036226800424e-12       1.851100326630e-15      -2.939450462041e-15       1.525992984984e-15       0.000000000000e+00       0.000000000000e+00       0.000000000000e+00 
  216       1.030850614564e-12       1.851193705057e-15      -3.826972359533e-15       1.532275579063e-15       0.000000000000e+00       0.000000000000e+00       0.000000000000e+00 
  217       1.024752039529e-12       1.853492406848e-15      -4.699697565836e-15       1.538727016823e-15       0.000000000000e+00       0.000000000000e+00       0.000000000000e+00 
  218       1.017952033539e-12       1.857891284382e-15      -5.555465681227e-15       1.545294793981e-15       0.000000000000e+00       0.000000000000e+00       0.000000000000e+00 
  219       1.010472766555e-12       1.864279552919e-15      -6.392056463376e-15       1.551924326671e-15       0.000000000000e+00       0.000000000000e+00       0.000000000000e+00 
  220       1.002337635525e-12       1.872540719172e-15      -7.207189233552e-15       1.558558926983e-15       0.000000000000e+00       0.000000000000e+00       0.000000000000e+00 
  221       9.935712796298e-13       1.882552509888e-15      -7.998522282833e-15       1.565139778504e-15       0.000000000000e+00       0.000000000000e+00       0.000000000000e+00 
  222       9.841995955356e-13       1.894186800419e-15      -8.763652278306e-15       1.571605911847e-15       0.000000000000e+00       0.000000000000e+00       0.000000000000e+00 
  223       9.742497526399e-13       1.907309543299e-15      -9.500113669279e-15       1.577894180197e-15       0.000000000000e+00       0.000000000000e+00       0.000000000000e+00 
  224       9.637480850398e-13       1.921796995699e-15      -1.020577322519e-14       1.583948886645e-15       0.000000000000e+00       0.000000000000e+00       0.000000000000e+00 
  225       9.527135852744e-13       1.937585708842e-15      -1.088004306061e-14       1.589751404533e-15       0.000000000000e+00       0.000000000000e+00       0.000000000000e+00 
  226       9.411640217312e-13       1.954625614763e-15      -1.152274446117e-14       1.595292414417e-15       0.000000000000e+00       0.000000000000e+00       0.000000000000e+00 
  227       9.291180344576e-13       1.972863983931e-15      -1.213372010773e-14       1.600562421986e-15       0.000000000000e+00       0.000000000000e+00       0.000000000000e+00 
  228       9.165951453534e-13       1.992245392629e-15      -1.271283442338e-14       1.605551756582e-15       0.000000000000e+00       0.000000000000e+00       0.000000000000e+00 
  229       9.036157683646e-13       2.012711690336e-15      -1.325997392040e-14       1.610250569715e-15       0.000000000000e+00       0.000000000000e+00       0.000000000000e+00 
  230       8.902012196759e-13       2.034201967111e-15      -1.377504754734e-14       1.614648833587e-15       0.000000000000e+00       0.000000000000e+00       0.000000000000e+00 
  231       8.763737279039e-13       2.056652520974e-15      -1.425798703592e-14       1.618736339602e-15       0.000000000000e+00       0.000000000000e+00       0.000000000000e+00 
  232       8.621564442904e-13       2.079996825291e-15      -1.470874724809e-14       1.622502696892e-15       0.000000000000e+00       0.000000000000e+00       0.000000000000e+00 
  233       8.475734528953e-13       2.104165496152e-15      -1.512730652300e-14       1.625937330830e-15       0.000000000000e+00       0.000000000000e+00       0.000000000000e+00 
  234       8.326497807896e-13       2.129086259760e-15      -1.551366702401e-14       1.629029481549e-15       0.000000000000e+00       0.000000000000e+00       0.000000000000e+00 
  235       8.174114082487e-13       2.154683919808e-15      -1.586785508567e-14       1.631768202460e-15       0.000000000000e+00       0.000000000000e+00       0.000000000000e+00 
  236       8.018852789452e-13       2.180880324864e-15      -1.618992156072e-14       1.634142358773e-15       0.000000000000e+00       0.000000000000e+00       0.000000000000e+00 
  237       7.860993101422e-13       2.207594335752e-15      -1.647994216711e-14       1.636140626008e-15       0.000000000000e+00       0.000000000000e+00       0.000000000000e+00 
  238       7.700824028863e-13       2.234741792939e-15      -1.673801783495e-14       1.637751488522e-15       0.000000000000e+00       0.000000000000e+00       0.000000000000e+00 
  239       7.538644522006e-13       2.262235483911e-15      -1.696427505355e-14       1.638963238019e-15       0.000000000000e+00       0.000000000000e+00       0.000000000000e+00 
  240       7.374763572779e-13       2.289985110560e-15      -1.715886621840e-14       1.639763972074e-15       0.000000000000e+00       0.000000000000e+00       0.000000000000e+00 
  241       7.209500316736e-13       2.317897256566e-15      -1.732196997816e-14       1.640141592647e-15       0.000000000000e+00       0.000000000000e+00       0.000000000000e+00 
  242       7.043184134991e-13       2.345875354778e-15      -1.745379158165e-14       1.640083804602e-15       0.000000000000e+00       0.000000000000e+00       0.000000000000e+00 
  243       6.876154756144e-13       2.373819654599e-15      -1.755456322488e-14       1.639578114228e-15       0.000000000000e+00       0.000000000000e+00       0.000000000000e+00 
  244       6.708762358216e-13       2.401627189366e-15      -1.762454439800e-14       1.638611827753e-15       0.000000000000e+00       0.000000000000e+00       0.000000000000e+00 
  245       6.541367670577e-13       2.429191743734e-15      -1.766402223235e-14       1.637172049862e-15       0.000000000000e+00       0.000000000000e+00       0.000000000000e+00 
  246       6.374342075879e-13       2.456403821057e-15      -1.767331184738e-14       1.635245682219e-15       0.000000000000e+00       0.000000000000e+00       0.000000000000e+00 
  247       6.208067711983e-13       2.483150610774e-15      -1.765275669774e-14       1.632819421982e-15       0.000000000000e+00       0.000000000000e+00       0.000000000000e+00 
  248       6.042937573897e-13       2.509315955787e-15      -1.760272892019e-14       1.629879760322e-15       0.000000000000e+00       0.000000000000e+00       0.000000000000e+00 
  249       5.879355615696e-13       2.534780319848e-15      -1.752362968066e-14       1.626412980939e-15       0.000000000000e+00       0.000000000000e+00       0.000000000000e+00 
  250       5.717679269637e-13       2.559438493182e-15      -1.741590985654e-14       1.622408812882e-15       0.000000000000e+00       0.000000000000e+00       0.000000000000e+00 
  251       5.558043114298e-13       2.583253909844e-15      -1.728013269125e-14       1.617871625837e-15       0.000000000000e+00       0.000000000000e+00       0.000000000000e+00 
  252       5.400525226168e-13       2.606207402324e-15      -1.711691543018e-14       1.612809878176e-15       0.000000000000e+00       0.000000000000e+00       0.000000000000e+00 
  253       5.245203838459e-13       2.628279746725e-15      -1.692690969469e-14       1.607232526281e-15       0.000000000000e+00       0.000000000000e+00       0.000000000000e+00 
  254       5.092157332927e-13       2.649451664063e-15      -1.671080186798e-14       1.601149030054e-15       0.000000000000e+00       0.000000000000e+00       0.000000000000e+00 
  255       4.941464231676e-13       2.669703821575e-15      -1.646931348098e-14       1.594569358420e-15       0.000000000000e+00       0.000000000000e+00       0.000000000000e+00 
  256       4.793203188974e-13       2.689016834020e-15      -1.620320159823e-14       1.587503994835e-15       0.000000000000e+00       0.000000000000e+00       0.000000000000e+00 
  257       4.647452983067e-13       2.707371264990e-15      -1.591325920377e-14       1.579963942793e-15       0.000000000000e+00       0.000000000000e+00       0.000000000000e+00 
  258       4.504292507988e-13       2.724747628205e-15      -1.560031558702e-14       1.571960731329e-15       0.000000000000e+00       0.000000000000e+00       0.000000000000e+00 
  259       4.363800765368e-13       2.741126388825e-15      -1.526523672867e-14       1.563506420530e-15       0.000000000000e+00       0.000000000000e+00       0.000000000000e+00 
  260       4.226056856255e-13       2.756487964749e-15      -1.490892568654e-14       1.554613607039e-15       0.000000000000e+00       0.000000000000e+00       0.000000000000e+00 
  261       4.091139972917e-13       2.770812727923e-15      -1.453232298150e-14       1.545295429559e-15       0.000000000000e+00       0.000000000000e+00       0.000000000000e+00 
  262       3.959129390662e-13       2.784081005643e-15      -1.413640698335e-14       1.535565574363e-15       0.000000000000e+00       0.000000000000e+00       0.000000000000e+00 
  263       3.830104459646e-13       2.796273081859e-15      -1.372219429667e-14       1.525438280800e-15       0.000000000000e+00       0.000000000000e+00       0.000000000000e+00 
  264       3.704144596685e-13       2.807369198478e-15      -1.329074014674e-14       1.514928346799e-15       0.000000000000e+00       0.000000000000e+00       0.000000000000e+00 
  265       3.581329277070e-13       2.817349556673e-15      -1.284313876540e-14       1.504051134376e-15       0.000000000000e+00       0.000000000000e+00       0.000000000000e+00 
  266       3.461738026376e-13       2.826194318181e-15      -1.238052377697e-14       1.492822575142e-15       0.000000000000e+00       0.000000000000e+00       0.000000000000e+00 
  267       3.345450412277e-13       2.833883606612e-15      -1.190406858408e-14       1.481259175808e-15       0.000000000000e+00       0.000000000000e+00       0.000000000000e+00 
  268       3.232546036358e-13       2.840397508751e-15      -1.141498675362e-14       1.469378023692e-15       0.000000000000e+00       0.000000000000e+00       0.000000000000e+00 
  269       3.123104525922e-13       2.845716075864e-15      -1.091453240256e-14       1.457196792224e-15       0.000000000000e+00       0.000000000000e+00       0.000000000000e+00 
  270       3.017205525810e-13       2.849819324999e-15      -1.040400058387e-14       1.444733746453e-15       0.000000000000e+00       0.000000000000e+00       0.000000000000e+00 
  271       2.914928690207e-13       2.852687240295e-15      -9.884727672410e-15       1.432007748554e-15       0.000000000000e+00       0.000000000000e+00       0.000000000000e+00 
  272       2.816353674460e-13       2.854299774283e-15      -9.358091750795e-15       1.419038263333e-15       0.000000000000e+00       0.000000000000e+00       0.000000000000e+00 
  273       2.721560126883e-13       2.854636849190e-15      -8.825512995289e-15       1.405845363737e-15       0.000000000000e+00       0.000000000000e+00       0.000000000000e+00 
  274       2.630627680574e-13       2.853678358248e-15      -8.288454061686e-15       1.392449736353e-15       0.000000000000e+00       0.000000000000e+00       0.000000000000e+00 
  275       2.543635945228e-13       2.851404166990e-15      -7.748420471197e-15       1.378872686922e-15       0.000000000000e+00       0.000000000000e+00       0.000000000000e+00 
  276       2.460664498946e-13       2.847794114563e-15      -7.206960996334e-15       1.365136145842e-15       0.000000000000e+00       0.000000000000e+00       0.000000000000e+00 
  277       2.381792880048e-13       2.842828015025e-15      -6.665668046795e-15       1.351262673672e-15       0.000000000000e+00       0.000000000000e+00       0.000000000000e+00 
  278       2.307100578886e-13       2.836485658657e-15      -6.126178055344e-15       1.337275466644e-15       0.000000000000e+00       0.000000000000e+00       0.000000000000e+00 
  279       2.236646056492e-13       2.828753913174e-15      -5.589945463668e-15       1.323195855780e-15       0.000000000000e+00       0.000000000000e+00       0.000000000000e+00 
  280       2.170402614133e-13       2.819648431944e-15      -5.057550924636e-15       1.309035649521e-15       0.000000000000e+00       0.000000000000e+00       0.000000000000e+00 
  281       2.108319185284e-13       2.809193072989e-15      -4.529358010641e-15       1.294804405109e-15       0.000000000000e+00       0.000000000000e+00       0.000000000000e+00 
  282       2.050340969314e-13       2.797412912526e-15      -4.005736423261e-15       1.280511900887e-15       0.000000000000e+00       0.000000000000e+00       0.000000000000e+00 
  283       1.996409391075e-13       2.784334257178e-15      -3.487062031364e-15       1.266168137950e-15       0.000000000000e+00       0.000000000000e+00       0.000000000000e+00 
  284       1.946462060500e-13       2.769984656185e-15      -2.973716909225e-15       1.251783341808e-15       0.000000000000e+00       0.000000000000e+00       0.000000000000e+00 
  285       1.900432732200e-13       2.754392913612e-15      -2.466089374636e-15       1.237367964038e-15       0.000000000000e+00       0.000000000000e+00       0.000000000000e+00 
  286       1.858251265059e-13       2.737589100563e-15      -1.964574027016e-15       1.222932683941e-15       0.000000000000e+00       0.000000000000e+00       0.000000000000e+00 
  287       1.819843581824e-13       2.719604567388e-15      -1.469571785526e-15       1.208488410199e-15       0.000000000000e+00       0.000000000000e+00       0.000000000000e+00 
  288       1.785131628707e-13       2.700471955895e-15      -9.814899271782e-16       1.194046282533e-15       0.000000000000e+00       0.000000000000e+00       0.000000000000e+00 
  289       1.754033334980e-13       2.680225211562e-15      -5.007421249488e-16       1.179617673352e-15       0.000000000000e+00       0.000000000000e+00       0.000000000000e+00 
  290       1.726462572563e-13       2.658899595746e-15      -2.774848588897e-17       1.165214189421e-15       0.000000000000e+00       0.000000000000e+00       0.000000000000e+00 
  291       1.702329115630e-13       2.636531697891e-15       4.370644107625e-16       1.150847673505e-15       0.000000000000e+00       0.000000000000e+00       0.000000000000e+00 
  292       1.681538600194e-13       2.613159447744e-15       8.932634754681e-16       1.136530206035e-15       0.000000000000e+00       0.000000000000e+00       0.000000000000e+00 
  293       1.663992483711e-13       2.588822127560e-15       1.340409070280e-15       1.122274106758e-15       0.000000000000e+00       0.000000000000e+00       0.000000000000e+00 
  294       1.649588004669e-13       2.563560384316e-15       1.778054970727e-15       1.108091936396e-15       0.000000000000e+00       0.000000000000e+00       0.000000000000e+00 
  295       1.638218142187e-13       2.537416241921e-15       2.205748327706e-15       1.093996498303e-15       0.000000000000e+00       0.000000000000e+00       0.000000000000e+00 
  296       1.629771575609e-13       2.510433113424e-15       2.623029629366e-15       1.080000840119e-15       0.000000000000e+00       0.000000000000e+00       0.000000000000e+00 
  297       1.624132644100e-13       2.482655813228e-15       3.029432662999e-15       1.066118255428e-15       0.000000000000e+00       0.000000000000e+00       0.000000000000e+00 
  298       1.621181306240e-13       2.454130569298e-15       3.424484476929e-15       1.052362285412e-15       0.000000000000e+00       0.000000000000e+00       0.000000000000e+00 
  299       1.620793099621e-13       2.424905035371e-15       3.807705342399e-15       1.038746720511e-15       0.000000000000e+00       0.000000000000e+00       0.000000000000e+00 
  300       1.622839100441e-13       2.395028303171e-15       4.178608715457e-15       1.025285602076e-15       0.000000000000e+00       0.000000000000e+00       0.000000000000e+00 
  301       1.627185883100e-13       2.364550914612e-15       4.536701198850e-15       1.011993224027e-15       0.000000000000e+00       0.000000000000e+00       0.000000000000e+00 
  302       1.633695479796e-13       2.333524874016e-15       4.881482503906e-15       9.988841345076e-16       0.000000000000e+00       0.000000000000e+00       0.000000000000e+00 
  303       1.642225340118e-13       2.302003660317e-15       5.212445412428e-15       9.859731375441e-16       0.000000000000e+00       0.000000000000e+00       0.000000000000e+00 
  304       1.652628290644e-13       2.270042239278e-15       5.529075738577e-15       9.732752946990e-16       0.000000000000e+00       0.000000000000e+00       0.000000000000e+00 
  305       1.664752494535e-13       2.237697075695e-15       5.830852290765e-15       9.608059267281e-16       0.000000000000e+00       0.000000000000e+00       0.000000000000e+00 
  306       1.678441411131e-13       2.205026145612e-15       6.117246833540e-15       9.485806152375e-16       0.000000000000e+00       0.000000000000e+00       0.000000000000e+00 
  307       1.693533755547e-13       2.172088948530e-15       6.387724049474e-15       9.366152043392e-16       0.000000000000e+00       0.000000000000e+00       0.000000000000e+00 
  308       1.709863458263e-13       2.138946519616e-15       6.641741501056e-15       9.249258023074e-16       0.000000000000e+00       0.000000000000e+00       0.000000000000e+00 
  309       1.727259624729e-13       2.105661441917e-15       6.878749592574e-15       9.135287832351e-16       0.000000000000e+00       0.000000000000e+00       0.000000000000e+00 
  310       1.745546494952e-13       2.072297858566e-15       7.098191532008e-15       9.024407886899e-16       0.000000000000e+00       0.000000000000e+00       0.000000000000e+00 
  311       1.764543403093e-13       2.038921484996e-15       7.299503292916e-15       8.916787293707e-16       0.000000000000e+00       0.000000000000e+00       0.000000000000e+00 
  312       1.784090040622e-13       2.005591526928e-15       7.482247622273e-15       8.812566412472e-16       0.000000000000e+00       0.000000000000e+00       0.000000000000e+00 
  313       1.804123624188e-13       1.972335994825e-15       7.646523014371e-15       8.711760893581e-16       0.000000000000e+00       0.000000000000e+00       0.000000000000e+00 
  314       1.824605229378e-13       1.939175267891e-15       7.792573638732e-15       8.614353219873e-16       0.000000000000e+00       0.000000000000e+00       0.000000000000e+00 
  315       1.845494800700e-13       1.906130087280e-15       7.920657131070e-15       8.520323738384e-16       0.000000000000e+00       0.000000000000e+00       0.000000000000e+00 
  316       1.866751142272e-13       1.873221558361e-15       8.031044719889e-15       8.429650638249e-16       0.000000000000e+00       0.000000000000e+00       0.000000000000e+00 
  317       1.888331908513e-13       1.840471152985e-15       8.124021353090e-15       8.342309928619e-16       0.000000000000e+00       0.000000000000e+00       0.000000000000e+00 
  318       1.910193594825e-13       1.807900711743e-15       8.199885824578e-15       8.258275416570e-16       0.000000000000e+00       0.000000000000e+00       0.000000000000e+00 
  319       1.932291528287e-13       1.775532446238e-15       8.258950900861e-15       8.177518685010e-16       0.000000000000e+00       0.000000000000e+00       0.000000000000e+00 
  320       1.954579858341e-13       1.743388941342e-15       8.301543447659e-15       8.100009070595e-16       0.000000000000e+00       0.000000000000e+00       0.000000000000e+00 
  321       1.977011547483e-13       1.711493157466e-15       8.328004556504e-15       8.025713641634e-16       0.000000000000e+00       0.000000000000e+00       0.000000000000e+00 
  322       1.999538361947e-13       1.679868432821e-15       8.338689671351e-15       7.954597176004e-16       0.000000000000e+00       0.000000000000e+00       0.000000000000e+00 
  323       2.022110862397e-13       1.648538485683e-15       8.333968715174e-15       7.886622139058e-16       0.000000000000e+00       0.000000000000e+00       0.000000000000e+00 
  324       2.044678394614e-13       1.617527416657e-15       8.314226216578e-15       7.821748661535e-16       0.000000000000e+00       0.000000000000e+00       0.000000000000e+00 
  325       2.067189080185e-13       1.586859710943e-15       8.279861436397e-15       7.759934517473e-16       0.000000000000e+00       0.000000000000e+00       0.000000000000e+00 
  326       2.089589807192e-13       1.556560240598e-15       8.231288494304e-15       7.701135102119e-16       0.000000000000e+00       0.000000000000e+00       0.000000000000e+00 
  327       2.111826220898e-13       1.526654266802e-15       8.168936495412e-15       7.645303409834e-16       0.000000000000e+00       0.000000000000e+00       0.000000000000e+00 
  328       2.133842714438e-13       1.497167442120e-15       8.093249656877e-15       7.592390012014e-16       0.000000000000e+00       0.000000000000e+00       0.000000000000e+00 
  329       2.155582419506e-13       1.468125812768e-15       8.004687434508e-15       7.542343034990e-16       0.000000000000e+00       0.000000000000e+00       0.000000000000e+00 
  330       2.176987197045e-13       1.439555820878e-15       7.903724649366e-15       7.495108137945e-16       0.000000000000e+00       0.000000000000e+00       0.000000000000e+00 
  331       2.197997627933e-13       1.411484306761e-15       7.790851614369e-15       7.450628490823e-16       0.000000000000e+00       0.000000000000e+00       0.000000000000e+00 
  332       2.218553003674e-13       1.383938511171e-15       7.666574260900e-15       7.408844752237e-16       0.000000000000e+00       0.000000000000e+00       0.000000000000e+00 
  333       2.238591317083e-13       1.356946077570e-15       7.531414265408e-15       7.369695047382e-16       0.000000000000e+00       0.000000000000e+00       0.000000000000e+00 
  334       2.258049252979e-13       1.330535054391e-15       7.385909176014e-15       7.333114945947e-16       0.000000000000e+00       0.000000000000e+00       0.000000000000e+00 
  335       2.276862178869e-13       1.304733897306e-15       7.230612539112e-15       7.299037440020e-16       0.000000000000e+00       0.000000000000e+00       0.000000000000e+00 
  336       2.294964135642e-13       1.279571471484e-15       7.066094025979e-15       7.267392922005e-16       0.000000000000e+00       0.000000000000e+00       0.000000000000e+00 
  337       2.312287828249e-13       1.255077053862e-15       6.892939559375e-15       7.238109162528e-16       0.000000000000e+00       0.000000000000e+00       0.000000000000e+00 
  338       2.328764616399e-13       1.231280335403e-15       6.711751440151e-15       7.211111288349e-16       0.000000000000e+00       0.000000000000e+00       0.000000000000e+00 
  339       2.344324505245e-13       1.208211423366e-15       6.523148473848e-15       7.186321760272e-16       0.000000000000e+00       0.000000000000e+00       0.000000000000e+00 
  340       2.358896136072e-13       1.185900843567e-15       6.327766097307e-15       7.163660351056e-16       0.000000000000e+00       0.000000000000e+00       0.000000000000e+00 
  341       2.372406776984e-13       1.164379542642e-15       6.126256505269e-15       7.143044123326e-16       0.000000000000e+00       0.000000000000e+00       0.000000000000e+00 
  342       2.384782313597e-13       1.143678890316e-15       5.919288776983e-15       7.124387407482e-16       0.000000000000e+00       0.000000000000e+00       0.000000000000e+00 
  343       2.395947239721e-13       1.123830681661e-15       5.707549002809e-15       7.107601779611e-16       0.000000000000e+00       0.000000000000e+00       0.000000000000e+00 
  344       2.405824648053e-13       1.104867139367e-15       5.491740410819e-15       7.092596039397e-16       0.000000000000e+00       0.000000000000e+00       0.000000000000e+00 
  345       2.414336220867e-13       1.086820916000e-15       5.272583493408e-15       7.079276188030e-16       0.000000000000e+00       0.000000000000e+00       0.000000000000e+00 
  346       2.421402220696e-13       1.069725096271e-15       5.050816133893e-15       7.067545406118e-16       0.000000000000e+00       0.000000000000e+00       0.000000000000e+00 
  347       2.426941481026e-13       1.053613199298e-15       4.827193733119e-15       7.057304031598e-16       0.000000000000e+00       0.000000000000e+00       0.000000000000e+00 
  348       2.430871396982e-13       1.038519180871e-15       4.602489336064e-15       7.048449537647e-16       0.000000000000e+00       0.000000000000e+00       0.000000000000e+00 
  349       2.433126449127e-13       1.024469480395e-15       4.377390734961e-15       7.040887119468e-16       0.000000000000e+00       0.000000000000e+00       0.000000000000e+00 
  350       2.433714643128e-13       1.011458792490e-15       4.152186802314e-15       7.034561985220e-16       0.000000000000e+00       0.000000000000e+00       0.000000000000e+00 
  351       2.432663396213e-13       9.994732934372e-16       3.927068376912e-15       7.029428363109e-16       0.000000000000e+00       0.000000000000e+00       0.000000000000e+00 
  352       2.430001224459e-13       9.884985001674e-16       3.702230136981e-15       7.025439001915e-16       0.000000000000e+00       0.000000000000e+00       0.000000000000e+00 
  353       2.425757751688e-13       9.785192647050e-16       3.477870625578e-15       7.022545159324e-16       0.000000000000e+00       0.000000000000e+00       0.000000000000e+00 
  354       2.419963718361e-13       9.695197686183e-16       3.254192275987e-15       7.020696590259e-16       0.000000000000e+00       0.000000000000e+00       0.000000000000e+00 
  355       2.412650990473e-13       9.614835174689e-16       3.031401437109e-15       7.019841535213e-16       0.000000000000e+00       0.000000000000e+00       0.000000000000e+00 
  356       2.403852568453e-13       9.543933352601e-16       2.809708398861e-15       7.019926708586e-16       0.000000000000e+00       0.000000000000e+00       0.000000000000e+00 
  357       2.393602596051e-13       9.482313588860e-16       2.589327417569e-15       7.020897287009e-16       0.000000000000e+00       0.000000000000e+00       0.000000000000e+00 
  358       2.381936369243e-13       9.429790325806e-16       2.370476741359e-15       7.022696897686e-16       0.000000000000e+00       0.000000000000e+00       0.000000000000e+00 
  359       2.368890345118e-13       9.386171023668e-16       2.153378635555e-15       7.025267606720e-16       0.000000000000e+00       0.000000000000e+00       0.000000000000e+00 
  360       2.354502150779e-13       9.351256105049e-16       1.938259408072e-15       7.028549907448e-16       0.000000000000e+00       0.000000000000e+00       0.000000000000e+00 
  361       2.338810592235e-13       9.324838899424e-16       1.725349434810e-15       7.032482708773e-16       0.000000000000e+00       0.000000000000e+00       0.000000000000e+00 
  362       2.321855663297e-13       9.306705587621e-16       1.514883185048e-15       7.037003323499e-16       0.000000000000e+00       0.000000000000e+00       0.000000000000e+00 
  363       2.303678554475e-13       9.296635146317e-16       1.307099246840e-15       7.042047456661e-16       0.000000000000e+00       0.000000000000e+00       0.000000000000e+00 
  364       2.284321661871e-13       9.294399292522e-16       1.102240352406e-15       7.047549193858e-16       0.000000000000e+00       0.000000000000e+00       0.000000000000e+00 
  365       2.263828596077e-13       9.299762428076e-16       9.005534035304e-16       7.053440989586e-16       0.000000000000e+00       0.000000000000e+00       0.000000000000e+00 
  366       2.242244191067e-13       9.312481584132e-16       7.022894969511e-16       7.059653655571e-16       0.000000000000e+00       0.000000000000e+00       0.000000000000e+00 
  367       2.219614513095e-13       9.332306365647e-16       5.077039497587e-16       7.066116349101e-16       0.000000000000e+00       0.000000000000e+00       0.000000000000e+00 
  368       2.195986869590e-13       9.358978895877e-16       3.170563247879e-16       7.072756561361e-16       0.000000000000e+00       0.000000000000e+00       0.000000000000e+00 
  369       2.171409818050e-13       9.392233760858e-16       1.306104560125e-16       7.079500105760e-16       0.000000000000e+00       0.000000000000e+00       0.000000000000e+00 
  370       2.145933174937e-13       9.431797953903e-16      -5.136552606023e-17       7.086271106271e-16       0.000000000000e+00       0.000000000000e+00       0.000000000000e+00 
  371       2.119608024576e-13       9.477390820087e-16      -2.285991689957e-16       7.092991985757e-16       0.000000000000e+00       0.000000000000e+00       0.000000000000e+00 
  372       2.092486728046e-13       9.528724000741e-16      -4.008136730374e-16       7.099583454308e-16       0.000000000000e+00       0.000000000000e+00       0.000000000000e+00 
  373       2.064622932077e-13       9.585501377935e-16      -5.677278657130e-16       7.105964497572e-16       0.000000000000e+00       0.000000000000e+00       0.000000000000e+00 
  374       2.036071577947e-13       9.647419018977e-16      -7.290561764397e-16       7.112052365088e-16       0.000000000000e+00       0.000000000000e+00       0.000000000000e+00 
  375       2.006888910373e-13       9.714165120893e-16      -8.845086111305e-16       7.117762558617e-16       0.000000000000e+00       0.000000000000e+00       0.000000000000e+00 
  376       1.977132486412e-13       9.785419954924e-16      -1.033790726799e-15       7.123008820478e-16       0.000000000000e+00       0.000000000000e+00       0.000000000000e+00 
  377       1.946861184351e-13       9.860855811010e-16      -1.176603606167e-15       7.127703121878e-16       0.000000000000e+00       0.000000000000e+00       0.000000000000e+00 
  378       1.916135212606e-13       9.940136942286e-16      -1.312643832269e-15       7.131755651246e-16       0.000000000000e+00       0.000000000000e+00       0.000000000000e+00 
  379       1.885016118616e-13       1.002291950957e-15      -1.441603463056e-15       7.135074802562e-16       0.000000000000e+00       0.000000000000e+00       0.000000000000e+00 
  380       1.853566797739e-13       1.010885152583e-15      -1.563170006006e-15       7.137567163697e-16       0.000000000000e+00       0.000000000000e+00       0.000000000000e+00 
  381       1.821851502144e-13       1.019757280074e-15      -1.677026392726e-15       7.139137504738e-16       0.000000000000e+00       0.000000000000e+00       0.000000000000e+00 
  382       1.789935849713e-13       1.028871488507e-15      -1.782850953558e-15       7.139688766326e-16       0.000000000000e+00       0.000000000000e+00       0.000000000000e+00 
  383       1.757886832928e-13       1.038190101526e-15      -1.880317392188e-15       7.139122047985e-16       0.000000000000e+00       0.000000000000e+00       0.000000000000e+00 
  384       1.725772827775e-13       1.047674605789e-15      -1.969094760247e-15       7.137336596457e-16       0.000000000000e+00       0.000000000000e+00       0.000000000000e+00 
  385       1.693663602632e-13       1.057285645413e-15      -2.048847431920e-15       7.134229794033e-16       0.000000000000e+00       0.000000000000e+00       0.000000000000e+00 
  386       1.661630327168e-13       1.066983016427e-15      -2.119235078551e-15       7.129697146888e-16       0.000000000000e+00       0.000000000000e+00       0.000000000000e+00 
  387       1.629745581239e-13       1.076725661221e-15      -2.179912643249e-15       7.123632273410e-16       0.000000000000e+00       0.000000000000e+00       0.000000000000e+00 
  388       1.598073191093e-13       1.086476789587e-15      -2.230617719363e-15       7.115948558884e-16       0.000000000000e+00       0.000000000000e+00       0.000000000000e+00 
  389       1.566637300720e-13       1.096219464354e-15      -2.271436340986e-15       7.106645036314e-16       0.000000000000e+00       0.000000000000e+00       0.000000000000e+00 
  390       1.535452161049e-13       1.105941587852e-15      -2.302547084713e-15       7.095742947028e-16       0.000000000000e+00       0.000000000000e+00       0.000000000000e+00 
  391       1.504532198978e-13       1.115630826493e-15      -2.324134607463e-15       7.083264302386e-16       0.000000000000e+00       0.000000000000e+00       0.000000000000e+00 
  392       1.473892018179e-13       1.125274609293e-15      -2.336389690581e-15       7.069231889343e-16       0.000000000000e+00       0.000000000000e+00       0.000000000000e+00 
  393       1.443546399907e-13       1.134860126395e-15      -2.339509283929e-15       7.053669276005e-16       0.000000000000e+00       0.000000000000e+00       0.000000000000e+00 
  394       1.413510303804e-13       1.144374327599e-15      -2.333696549986e-15       7.036600817189e-16       0.000000000000e+00       0.000000000000e+00       0.000000000000e+00 
  395       1.383798868714e-13       1.153803920885e-15      -2.319160907947e-15       7.018051659983e-16       0.000000000000e+00       0.000000000000e+00       0.000000000000e+00 
  396       1.354427413479e-13       1.163135370935e-15      -2.296118077816e-15       6.998047749301e-16       0.000000000000e+00       0.000000000000e+00       0.000000000000e+00 
  397       1.325411437759e-13       1.172354897663e-15      -2.264790124506e-15       6.976615833447e-16       0.000000000000e+00       0.000000000000e+00       0.000000000000e+00 
  398       1.296766622829e-13       1.181448474736e-15      -2.225405501934e-15       6.953783469667e-16       0.000000000000e+00       0.000000000000e+00       0.000000000000e+00 
  399       1.268508832392e-13       1.190401828099e-15      -2.178199097122e-15       6.929579029714e-16       0.000000000000e+00       0.000000000000e+00       0.000000000000e+00 
  400       1.240654113386e-13       1.199200434502e-15      -2.123412274288e-15       6.904031705403e-16       0.000000000000e+00       0.000000000000e+00       0.000000000000e+00 
  401       1.213218696790e-13       1.207829520025e-15      -2.061292918948e-15       6.877171514171e-16       0.000000000000e+00       0.000000000000e+00       0.000000000000e+00 
  402       1.186218998431e-13       1.216274058600e-15      -1.992095482012e-15       6.849029304635e-16       0.000000000000e+00       0.000000000000e+00       0.000000000000e+00 
  403       1.159671619795e-13       1.224518770540e-15      -1.916081023881e-15       6.819636762151e-16       0.000000000000e+00       0.000000000000e+00       0.000000000000e+00 
  404       1.133593348828e-13       1.232548121059e-15      -1.833517258542e-15       6.789026414373e-16       0.000000000000e+00       0.000000000000e+00       0.000000000000e+00 
  405       1.108001160752e-13       1.240346318802e-15      -1.744678597667e-15       6.757231636811e-16       0.000000000000e+00       0.000000000000e+00       0.000000000000e+00 
  406       1.082912218864e-13       1.247897314367e-15      -1.649846194712e-15       6.724286658391e-16       0.000000000000e+00       0.000000000000e+00       0.000000000000e+00 
  407       1.058343875348e-13       1.255184798829e-15      -1.549307989009e-15       6.690226567011e-16       0.000000000000e+00       0.000000000000e+00       0.000000000000e+00 
  408       1.034313672084e-13       1.262192202268e-15      -1.443358749869e-15       6.655087315103e-16       0.000000000000e+00       0.000000000000e+00       0.000000000000e+00 
  409       1.010839341449e-13       1.268902692292e-15      -1.332300120674e-15       6.618905725190e-16       0.000000000000e+00       0.000000000000e+00       0.000000000000e+00 
  410       9.879388071316e-14       1.275299172561e-15      -1.216440662977e-15       6.581719495444e-16       0.000000000000e+00       0.000000000000e+00       0.000000000000e+00 
  411       9.656301849355e-14       1.281364281316e-15      -1.096095900598e-15       6.543567205246e-16       0.000000000000e+00       0.000000000000e+00       0.000000000000e+00 
  412       9.439317835873e-14       1.287080389897e-15      -9.715883637214e-16       6.504488320745e-16       0.000000000000e+00       0.000000000000e+00       0.000000000000e+00 
  413       9.228621055447e-14       1.292429601276e-15      -8.432476329942e-16       6.464523200414e-16       0.000000000000e+00       0.000000000000e+00       0.000000000000e+00 
  414       9.024398478035e-14       1.297393748574e-15      -7.114103836207e-16       6.423713100611e-16       0.000000000000e+00       0.000000000000e+00       0.000000000000e+00 
  415       8.826839027051e-14       1.301954393594e-15      -5.764204294614e-16       6.382100181140e-16       0.000000000000e+00       0.000000000000e+00       0.000000000000e+00 
  416       8.636133587441e-14       1.306092825337e-15      -4.386287671294e-16       6.339727510802e-16       0.000000000000e+00       0.000000000000e+00       0.000000000000e+00 
  417       8.452475013754e-14       1.309790058536e-15      -2.983936200877e-16       6.296639072964e-16       0.000000000000e+00       0.000000000000e+00       0.000000000000e+00 
  418       8.276058138221e-14       1.313026832175e-15      -1.560804827462e-16       6.252879771107e-16       0.000000000000e+00       0.000000000000e+00       0.000000000000e+00 
  419       8.107079778824e-14       1.315783608013e-15      -1.206216455874e-17       6.208495434393e-16       0.000000000000e+00       0.000000000000e+00       0.000000000000e+00 
  420       7.945738747374e-14       1.318040569115e-15       1.332811658795e-16       6.163532823221e-16       0.000000000000e+00       0.000000000000e+00       0.000000000000e+00 
  421       7.792235857584e-14       1.319777618371e-15       2.795619367354e-16       6.118039634784e-16       0.000000000000e+00       0.000000000000e+00       0.000000000000e+00 
  422       7.646773933144e-14       1.320974377025e-15       4.263851288403e-16       6.072064508630e-16       0.000000000000e+00       0.000000000000e+00       0.000000000000e+00 
  423       7.509557815795e-14       1.321610183195e-15       5.733482315936e-16       6.025657032218e-16       0.000000000000e+00       0.000000000000e+00       0.000000000000e+00 
  424       7.380794373402e-14       1.321664090406e-15       7.200411988647e-16       5.978867746480e-16       0.000000000000e+00       0.000000000000e+00       0.000000000000e+00 
  425       7.260692508030e-14       1.321114866104e-15       8.660464048969e-16       5.931748151377e-16       0.000000000000e+00       0.000000000000e+00       0.000000000000e+00 
  426       7.149463164019e-14       1.319940990192e-15       1.010938600210e-15       5.884350711460e-16       0.000000000000e+00       0.000000000000e+00       0.000000000000e+00 
  427       7.047254758469e-14       1.318126289470e-15       1.154343822935e-15       5.836724191934e-16       0.000000000000e+00       0.000000000000e+00       0.000000000000e+00 
  428       6.953957036785e-14       1.315677055110e-15       1.296118430124e-15       5.788899480774e-16       0.000000000000e+00       0.000000000000e+00       0.000000000000e+00 
  429       6.869390559835e-14       1.312605504652e-15       1.436176070697e-15       5.740903295181e-16       0.000000000000e+00       0.000000000000e+00       0.000000000000e+00 
  430       6.793370644387e-14       1.308924200911e-15       1.574429274969e-15       5.692762809981e-16       0.000000000000e+00       0.000000000000e+00       0.000000000000e+00 
  431       6.725707328784e-14       1.304646054211e-15       1.710789449259e-15       5.644505660115e-16       0.000000000000e+00       0.000000000000e+00       0.000000000000e+00 
  432       6.666205338609e-14       1.299784324601e-15       1.845166870505e-15       5.596159943132e-16       0.000000000000e+00       0.000000000000e+00       0.000000000000e+00 
  433       6.614664052364e-14       1.294352624088e-15       1.977470680881e-15       5.547754221683e-16       0.000000000000e+00       0.000000000000e+00       0.000000000000e+00 
  434       6.570877467137e-14       1.288364918859e-15       2.107608882407e-15       5.499317526012e-16       0.000000000000e+00       0.000000000000e+00       0.000000000000e+00 
  435       6.534634164276e-14       1.281835531509e-15       2.235488331563e-15       5.450879356451e-16       0.000000000000e+00       0.000000000000e+00       0.000000000000e+00 
  436       6.505717275061e-14       1.274779143263e-15       2.361014733904e-15       5.402469685908e-16       0.000000000000e+00       0.000000000000e+00       0.000000000000e+00 
  437       6.483904446375e-14       1.267210796203e-15       2.484092638677e-15       5.354118962365e-16       0.000000000000e+00       0.000000000000e+00       0.000000000000e+00 
  438       6.468967806375e-14       1.259145895497e-15       2.604625433427e-15       5.305858111369e-16       0.000000000000e+00       0.000000000000e+00       0.000000000000e+00 
  439       6.460673930165e-14       1.250600211617e-15       2.722515338619e-15       5.257718538520e-16       0.000000000000e+00       0.000000000000e+00       0.000000000000e+00 
  440       6.458783805469e-14       1.241589882575e-15       2.837663402246e-15       5.209732131973e-16       0.000000000000e+00       0.000000000000e+00       0.000000000000e+00 
  441       6.463052798300e-14       1.232131416136e-15       2.949969494446e-15       5.161931264920e-16       0.000000000000e+00       0.000000000000e+00       0.000000000000e+00 
  442       6.473230618634e-14       1.222241692056e-15       3.059332302116e-15       5.114348798092e-16       0.000000000000e+00       0.000000000000e+00       0.000000000000e+00 
  443       6.489061286081e-14       1.211937964298e-15       3.165649323522e-15       5.067018082245e-16       0.000000000000e+00       0.000000000000e+00       0.000000000000e+00 
  444       6.510283095557e-14       1.201237863262e-15       3.268816862918e-15       5.019972960655e-16       0.000000000000e+00       0.000000000000e+00       0.000000000000e+00 
  445       6.536628582955e-14       1.190159398011e-15       3.368730025157e-15       4.973247771612e-16       0.000000000000e+00       0.000000000000e+00       0.000000000000e+00 
  446       6.567824490818e-14       1.178720958494e-15       3.465282710303e-15       4.926877350910e-16       0.000000000000e+00       0.000000000000e+00       0.000000000000e+00 
  447       6.603591734013e-14       1.166941317773e-15       3.558367608251e-15       4.880897034343e-16       0.000000000000e+00       0.000000000000e+00       0.000000000000e+00 
  448       6.643645365395e-14       1.154839634249e-15       3.647876193332e-15       4.835342660193e-16       0.000000000000e+00       0.000000000000e+00       0.000000000000e+00 
  449       6.687694541488e-14       1.142435453886e-15       3.733698718937e-15       4.790250571727e-16       0.000000000000e+00       0.000000000000e+00       0.000000000000e+00 
  450       6.735442488153e-14       1.129748712439e-15       3.815724212121e-15       4.745657619688e-16       0.000000000000e+00       0.000000000000e+00       0.000000000000e+00 
  451       6.786586466257e-14       1.116799737677e-15       3.893840468224e-15       4.701601164786e-16       0.000000000000e+00       0.000000000000e+00       0.000000000000e+00 
  452       6.840817737350e-14       1.103609251608e-15       3.967934045482e-15       4.658119080194e-16       0.000000000000e+00       0.000000000000e+00       0.000000000000e+00 
  453       6.897821529333e-14       1.090198372708e-15       4.037890259639e-15       4.615249754037e-16       0.000000000000e+00       0.000000000000e+00       0.000000000000e+00 
  454       6.957277002131e-14       1.076588618145e-15       4.103593178565e-15       4.573032091887e-16       0.000000000000e+00       0.000000000000e+00       0.000000000000e+00 
  455       7.018857213367e-14       1.062801906003e-15       4.164925616866e-15       4.531505519256e-16       0.000000000000e+00       0.000000000000e+00       0.000000000000e+00 
  456       7.082229084030e-14       1.048860557508e-15       4.221769130502e-15       4.490709984086e-16       0.000000000000e+00       0.000000000000e+00       0.000000000000e+00 
  457       7.147053364148e-14       1.034787299256e-15       4.274004011396e-15       4.450685959246e-16       0.000000000000e+00       0.000000000000e+00       0.000000000000e+00 
  458       7.212984598463e-14       1.020605265435e-15       4.321509282050e-15       4.411474445018e-16       0.000000000000e+00       0.000000000000e+00       0.000000000000e+00 
  459       7.279671092099e-14       1.006338000054e-15       4.364162690161e-15       4.373116971597e-16       0.000000000000e+00       0.000000000000e+00       0.000000000000e+00 
  460       7.346754876234e-14       9.920094591662e-16       4.401840703232e-15       4.335655601578e-16       0.000000000000e+00       0.000000000000e+00       0.000000000000e+00 
  461       7.413871673775e-14       9.776440130939e-16       4.434418503184e-15       4.299132932453e-16       0.000000000000e+00       0.000000000000e+00       0.000000000000e+00 
  462       7.480650865025e-14       9.632664486567e-16       4.461769980977e-15       4.263592099099e-16       0.000000000000e+00       0.000000000000e+00       0.000000000000e+00 
  463       7.546715453362e-14       9.489019713951e-16       4.483767731216e-15       4.229076776275e-16       0.000000000000e+00       0.000000000000e+00       0.000000000000e+00 
  464       7.611682030902e-14       9.345762077968e-16       4.500283046769e-15       4.195631181111e-16       0.000000000000e+00       0.000000000000e+00       0.000000000000e+00 
  465       7.675160744177e-14       9.203152075218e-16       4.511185913380e-15       4.163300075605e-16       0.000000000000e+00       0.000000000000e+00       0.000000000000e+00 
  466       7.736815144152e-14       9.061422784254e-16       4.516388822455e-15       4.132118509141e-16       0.000000000000e+00       0.000000000000e+00       0.000000000000e+00 
  467       7.796543861047e-14       8.920683784310e-16       4.515979724670e-15       4.102080688809e-16       0.000000000000e+00       0.000000000000e+00       0.000000000000e+00 
  468       7.854304530033e-14       8.781014282729e-16       4.510093213804e-15       4.073170142775e-16       0.000000000000e+00       0.000000000000e+00       0.000000000000e+00 
  469       7.910054417957e-14       8.642494520800e-16       4.498867102250e-15       4.045369889297e-16       0.000000000000e+00       0.000000000000e+00       0.000000000000e+00 
  470       7.963750422035e-14       8.505205778541e-16       4.482442439797e-15       4.018662433565e-16       0.000000000000e+00       0.000000000000e+00       0.000000000000e+00 
  471       8.015349068544e-14       8.369230379497e-16       4.460963532403e-15       3.993029764534e-16       0.000000000000e+00       0.000000000000e+00       0.000000000000e+00 
  472       8.064806511517e-14       8.234651695523e-16       4.434577960970e-15       3.968453351759e-16       0.000000000000e+00       0.000000000000e+00       0.000000000000e+00 
  473       8.112078531432e-14       8.101554151583e-16       4.403436600123e-15       3.944914142229e-16       0.000000000000e+00       0.000000000000e+00       0.000000000000e+00 
  474       8.157120533910e-14       7.970023230536e-16       4.367693636981e-15       3.922392557203e-16       0.000000000000e+00       0.000000000000e+00       0.000000000000e+00 
  475       8.199887548403e-14       7.840145477929e-16       4.327506589938e-15       3.900868489048e-16       0.000000000000e+00       0.000000000000e+00       0.000000000000e+00 
  476       8.240334226893e-14       7.712008506784e-16       4.283036327435e-15       3.880321298068e-16       0.000000000000e+00       0.000000000000e+00       0.000000000000e+00 
  477       8.278414842577e-14       7.585701002397e-16       4.234447086738e-15       3.860729809346e-16       0.000000000000e+00       0.000000000000e+00       0.000000000000e+00 
  478       8.314083288566e-14       7.461312727121e-16       4.181906492712e-15       3.842072309574e-16       0.000000000000e+00       0.000000000000e+00       0.000000000000e+00 
  479       8.347293076578e-14       7.338934525160e-16       4.125585576600e-15       3.824326543889e-16       0.000000000000e+00       0.000000000000e+00       0.000000000000e+00 
  480       8.377997335627e-14       7.218658327361e-16       4.065658794795e-15       3.807469712712e-16       0.000000000000e+00       0.000000000000e+00       0.000000000000e+00 
  481       8.406148810717e-14       7.100577156003e-16       4.002304047617e-15       3.791478468577e-16       0.000000000000e+00       0.000000000000e+00       0.000000000000e+00 
  482       8.431699861540e-14       6.984785129589e-16       3.935702698091e-15       3.776328912971e-16       0.000000000000e+00       0.000000000000e+00       0.000000000000e+00 
  483       8.454602461160e-14       6.871377467638e-16       3.866039590719e-15       3.761996593168e-16       0.000000000000e+00       0.000000000000e+00       0.000000000000e+00 
  484       8.474808194714e-14       6.760450495473e-16       3.793503070261e-15       3.748456499063e-16       0.000000000000e+00       0.000000000000e+00       0.000000000000e+00 
  485       8.492268258103e-14       6.652101649016e-16       3.718285000505e-15       3.735683060006e-16       0.000000000000e+00       0.000000000000e+00       0.000000000000e+00 
  486       8.506933456679e-14       6.546429479572e-16       3.640580783047e-15       3.723650141643e-16       0.000000000000e+00       0.000000000000e+00       0.000000000000e+00 
  487       8.518754203948e-14       6.443533658631e-16       3.560589376064e-15       3.712331042742e-16       0.000000000000e+00       0.000000000000e+00       0.000000000000e+00 
  488       8.527680520253e-14       6.343514982646e-16       3.478513313094e-15       3.701698492037e-16       0.000000000000e+00       0.000000000000e+00       0.000000000000e+00 
  489       8.533662031476e-14       6.246475377836e-16       3.394558721805e-15       3.691724645057e-16       0.000000000000e+00       0.000000000000e+00       0.000000000000e+00 
  490       8.536647967723e-14       6.152517904967e-16       3.308935342779e-15       3.682381080966e-16       0.000000000000e+00       0.000000000000e+00       0.000000000000e+00 
  491       8.536587162022e-14       6.061746764150e-16       3.221856548281e-15       3.673638799392e-16       0.000000000000e+00       0.000000000000e+00       0.000000000000e+00 
  492       8.533428049014e-14       5.974267299629e-16       3.133539361038e-15       3.665468217268e-16       0.000000000000e+00       0.000000000000e+00       0.000000000000e+00 
  493       8.527118663647e-14       5.890186004571e-16       3.044204473015e-15       3.657839165665e-16       0.000000000000e+00       0.000000000000e+00       0.000000000000e+00 
  494       8.517606639867e-14       5.809610525858e-16       2.954076264190e-15       3.650720886626e-16       0.000000000000e+00       0.000000000000e+00       0.000000000000e+00 
  495       8.504839209314e-14       5.732649668881e-16       2.863382821329e-15       3.644082030001e-16       0.000000000000e+00       0.000000000000e+00       0.000000000000e+00 
  496       8.488763200013e-14       5.659413402324e-16       2.772355956764e-15       3.637890650286e-16       0.000000000000e+00       0.000000000000e+00       0.000000000000e+00 
  497       8.469325035064e-14       5.590012862962e-16       2.681231227166e-15       3.632114203454e-16       0.000000000000e+00       0.000000000000e+00       0.000000000000e+00 
  498       8.446470731342e-14       5.524560360448e-16       2.590247952325e-15       3.626719543790e-16       0.000000000000e+00       0.000000000000e+00       0.000000000000e+00 
  499       8.420145898183e-14       5.463169382103e-16       2.499649233920e-15       3.621672920730e-16       0.000000000000e+00       0.000000000000e+00       0.000000000000e+00 
  500       8.390295736083e-14       5.405954597713e-16       2.409681974301e-15       3.616939975692e-16       0.000000000000e+00       0.000000000000e+00       0.000000000000e+00 
