# Matter power spectrum P(k) at redshift z=0
# for k=1.04811e-05 to 105.28 h/Mpc,
# number of wavenumbers equal to 621
#    1:k (h/Mpc)              2:P (Mpc/h)^3        
       1.048106663850e-05       5.035042471050e+01 
       2.345186185086e-05       1.092555850095e+02 
       3.646879554247e-05       1.670603075624e+02 
       4.956738198481e-05       2.244176908805e+02 
       6.278372999796e-05       2.816956496885e+02 
       7.615486941233e-05       3.391678494508e+02 
       8.971908809500e-05       3.970670758740e+02 
       1.035162840816e-04       4.556069846912e+02 
       1.175883373888e-04       5.149932538454e+02 
       1.319795061164e-04       5.754302821299e+02 
       1.467368514517e-04       6.371258345441e+02 
       1.619106961211e-04       7.002164015055e+02 
       1.775551206327e-04       7.650676671822e+02 
       1.937285012498e-04       8.318524384746e+02 
       2.104940929101e-04       9.008234473856e+02 
       2.279206591272e-04       9.722514428656e+02 
       2.460831490878e-04       1.046427805293e+03 
       2.650634194570e-04       1.123667178289e+03 
       2.849509945198e-04       1.204310086823e+03 
       3.058438528725e-04       1.288725495863e+03 
       3.278492215101e-04       1.377313248999e+03 
       3.510843484182e-04       1.470506212272e+03 
       3.756772122615e-04       1.568771999798e+03 
       4.017671122331e-04       1.672613965116e+03 
       4.295050626620e-04       1.782571252988e+03 
       4.590538962468e-04       1.899217410929e+03 
       4.905879583968e-04       2.023157202844e+03 
       5.242922560845e-04       2.155021060508e+03 
       5.603609125290e-04       2.295456678426e+03 
       5.989947805156e-04       2.445117284714e+03 
       6.403980903102e-04       2.604646201470e+03 
       6.847740613436e-04       2.774657689593e+03 
       7.323194963403e-04       2.955714319924e+03 
       7.832185028157e-04       3.148301696699e+03 
       8.376356404431e-04       3.352802071910e+03 
       8.957089515980e-04       3.569468604731e+03 
       9.575434622908e-04       3.798402915924e+03 
       1.023205802052e-03       4.039538361300e+03 
       1.092720550955e-03       4.292631213823e+03 
       1.166068767455e-03       4.557261445304e+03 
       1.243188900541e-03       4.832843285231e+03 
       1.323979992029e-03       5.118645048665e+03 
       1.408306794576e-03       5.413789362970e+03 
       1.496006227924e-03       5.717346687003e+03 
       1.586894505570e-03       6.028334899801e+03 
       1.680774289113e-03       6.345733205165e+03 
       1.777441341906e-03       6.668523018316e+03 
       1.876690316429e-03       6.995710656600e+03 
       1.978319480095e-03       7.326345031822e+03 
       2.082134331790e-03       7.659530768163e+03 
       2.187950170537e-03       7.994436348867e+03 
       2.295593745280e-03       8.330298077985e+03 
       2.404904146342e-03       8.666423194400e+03 
       2.515733103847e-03       9.002186178603e+03 
       2.627944846069e-03       9.337028031129e+03 
       2.741415649268e-03       9.670451580825e+03 
       2.856033186126e-03       1.000201790769e+04 
       2.971695756066e-03       1.033133949446e+04 
       3.088311459584e-03       1.065807914695e+04 
       3.205797361083e-03       1.098194038170e+04 
       3.324078670682e-03       1.130266857241e+04 
       3.443087964650e-03       1.162004254984e+04 
       3.562764456182e-03       1.193386959705e+04 
       3.683053322442e-03       1.224398829761e+04 
       3.803905089824e-03       1.255025902001e+04 
       3.925275076677e-03       1.285256317589e+04 
       4.047122891060e-03       1.315080423134e+04 
       4.169411980036e-03       1.344489766408e+04 
       4.292109226546e-03       1.373478134958e+04 
       4.415184589656e-03       1.402039757891e+04 
       4.538610784047e-03       1.430170458485e+04 
       4.662362994761e-03       1.457867511736e+04 
       4.786418623480e-03       1.485128074920e+04 
       4.910757062891e-03       1.511951707627e+04 
       5.035359496020e-03       1.538337082223e+04 
       5.160208717709e-03       1.564283934876e+04 
       5.285288975701e-03       1.589793766416e+04 
       5.410585829094e-03       1.614866998957e+04 
       5.536086022141e-03       1.639505003410e+04 
       5.661777371651e-03       1.663709914661e+04 
       5.787648666391e-03       1.687482702521e+04 
       5.913689577149e-03       1.710828742559e+04 
       6.039890576199e-03       1.733751016706e+04 
       6.166242865129e-03       1.756247747432e+04 
       6.292738310069e-03       1.778319273491e+04 
       6.419369383492e-03       1.799982174496e+04 
       6.546129111861e-03       1.821228402871e+04 
       6.673011028468e-03       1.842054740611e+04 
       6.800009130902e-03       1.862473819294e+04 
       6.927117842642e-03       1.882496833832e+04 
       7.054331978335e-03       1.902120459846e+04 
       7.181646712361e-03       1.921349187211e+04 
       7.309057550344e-03       1.940185325829e+04 
       7.436560303296e-03       1.958634093911e+04 
       7.564151064136e-03       1.976699700861e+04 
       7.691826186321e-03       1.994384958273e+04 
       7.819582264395e-03       2.011695000642e+04 
       7.947416116255e-03       2.028632318608e+04 
       8.075324766963e-03       2.045202491332e+04 
       8.203305433962e-03       2.061407431620e+04 
       8.331355513545e-03       2.077252568305e+04 
       8.459472568480e-03       2.092742051026e+04 
       8.587654316657e-03       2.107879281119e+04 
       8.715898620680e-03       2.122667343190e+04 
       8.844203478306e-03       2.137112248760e+04 
       8.972567013662e-03       2.151215539509e+04 
       9.100987469159e-03       2.164982523559e+04 
       9.229463198056e-03       2.178415493122e+04 
       9.357992657595e-03       2.191521181395e+04 
       9.486574402687e-03       2.204301643155e+04 
       9.615207080065e-03       2.216760004814e+04 
       9.743889422901e-03       2.228900596844e+04 
       9.872620245817e-03       2.240726420367e+04 
       1.000139844028e-02       2.252242150223e+04 
       1.013022297032e-02       2.263451088267e+04 
       1.025909286861e-02       2.274356439127e+04 
       1.038800723278e-02       2.284962099181e+04 
       1.051696522201e-02       2.295271415917e+04 
       1.064596605392e-02       2.305289141104e+04 
       1.077500900162e-02       2.315015933732e+04 
       1.090409339098e-02       2.324458060806e+04 
       1.103321859814e-02       2.333615945899e+04 
       1.116238404715e-02       2.342498183472e+04 
       1.129158920782e-02       2.351101212784e+04 
       1.142083359363e-02       2.359433456122e+04 
       1.155011675991e-02       2.367496389519e+04 
       1.167943830208e-02       2.375293080461e+04 
       1.180879785399e-02       2.382826620110e+04 
       1.193819508643e-02       2.390101459348e+04 
       1.206762970570e-02       2.397119247412e+04 
       1.219710145236e-02       2.403883770092e+04 
       1.232661009991e-02       2.410398107755e+04 
       1.245615545376e-02       2.416665132357e+04 
       1.258573735013e-02       2.422687935008e+04 
       1.271535565504e-02       2.428469752519e+04 
       1.284501026351e-02       2.434012675251e+04 
       1.297470109859e-02       2.439320045367e+04 
       1.310442811070e-02       2.444397252430e+04 
       1.323419127683e-02       2.449243567580e+04 
       1.336399059991e-02       2.453863612239e+04 
       1.349382610820e-02       2.458259270246e+04 
       1.362369785472e-02       2.462434314914e+04 
       1.375360591673e-02       2.466391251523e+04 
       1.388355039526e-02       2.470131289899e+04 
       1.401353141467e-02       2.473661112299e+04 
       1.414354912228e-02       2.476980496134e+04 
       1.427360368799e-02       2.480090938507e+04 
       1.440369530394e-02       2.482998133044e+04 
       1.453382418429e-02       2.485704121507e+04 
       1.466399056488e-02       2.488209414066e+04 
       1.479419470307e-02       2.490517623414e+04 
       1.492443687751e-02       2.492632801903e+04 
       1.505471738799e-02       2.494555933611e+04 
       1.518503655527e-02       2.496290784488e+04 
       1.531539472100e-02       2.497838276253e+04 
       1.544579224760e-02       2.499201654897e+04 
       1.557622951820e-02       2.500384073828e+04 
       1.570670693660e-02       2.501386319135e+04 
       1.583722492726e-02       2.502212734832e+04 
       1.596778393526e-02       2.502864171500e+04 
       1.609838442636e-02       2.503344388984e+04 
       1.622902688701e-02       2.503654437285e+04 
       1.635971182444e-02       2.503797379894e+04 
       1.649043976671e-02       2.503774865895e+04 
       1.662121126282e-02       2.503590550046e+04 
       1.675202688284e-02       2.503246115386e+04 
       1.688288721802e-02       2.502741617749e+04 
       1.701379288096e-02       2.502084141808e+04 
       1.714474450576e-02       2.501271819875e+04 
       1.727574274824e-02       2.500309802199e+04 
       1.740678828611e-02       2.499196810041e+04 
       1.753788181923e-02       2.497937059051e+04 
       1.766902406980e-02       2.496532770347e+04 
       1.780021578265e-02       2.494985658000e+04 
       1.793145772552e-02       2.493296974182e+04 
       1.806275068929e-02       2.491473611563e+04 
       1.819409548838e-02       2.489511967651e+04 
       1.832549296097e-02       2.487414024073e+04 
       1.845694396941e-02       2.485185614770e+04 
       1.858844940055e-02       2.482829758667e+04 
       1.872001016611e-02       2.480344222618e+04 
       1.885162720308e-02       2.477732610215e+04 
       1.898330147411e-02       2.474998203075e+04 
       1.911503396794e-02       2.472138271601e+04 
       1.924682569987e-02       2.469162859001e+04 
       1.937867771215e-02       2.466063485372e+04 
       1.951059107453e-02       2.462854830937e+04 
       1.964256688472e-02       2.459529350226e+04 
       1.977460626889e-02       2.456090034002e+04 
       1.990671038224e-02       2.452540293581e+04 
       2.003888040952e-02       2.448885229526e+04 
       2.017111756559e-02       2.445121934523e+04 
       2.030342309607e-02       2.441252153283e+04 
       2.043579827788e-02       2.437281593859e+04 
       2.056824441992e-02       2.433210485910e+04 
       2.070076286368e-02       2.429037812776e+04 
       2.083335498398e-02       2.424763319190e+04 
       2.096602218958e-02       2.420402807063e+04 
       2.109876592398e-02       2.415942300588e+04 
       2.123158766610e-02       2.411393378677e+04 
       2.136448893108e-02       2.406749852376e+04 
       2.149747127106e-02       2.402020909691e+04 
       2.163053627600e-02       2.397205044998e+04 
       2.176368557452e-02       2.392295610750e+04 
       2.189692083476e-02       2.387314925249e+04 
       2.203024376528e-02       2.382242934871e+04 
       2.216365611599e-02       2.377097760700e+04 
       2.229715967909e-02       2.371862983299e+04 
       2.243075629006e-02       2.366558137918e+04 
       2.256444782867e-02       2.361177161375e+04 
       2.269823622002e-02       2.355719963724e+04 
       2.283212343562e-02       2.350192636516e+04 
       2.296611149451e-02       2.344593220383e+04 
       2.310020246438e-02       2.338923734824e+04 
       2.323439846278e-02       2.333188822589e+04 
       2.336870165831e-02       2.327385152401e+04 
       2.350311427191e-02       2.321512429975e+04 
       2.363763857810e-02       2.315583178899e+04 
       2.377227690640e-02       2.309592180414e+04 
       2.390703164262e-02       2.303536086118e+04 
       2.404190523035e-02       2.297424175213e+04 
       2.417690017238e-02       2.291247821960e+04 
       2.431201903226e-02       2.285022099195e+04 
       2.444726443583e-02       2.278739071243e+04 
       2.458263907282e-02       2.272400845469e+04 
       2.471814569859e-02       2.266014213121e+04 
       2.485378713576e-02       2.259570009920e+04 
       2.498956627605e-02       2.253086724125e+04 
       2.512548608207e-02       2.246546572544e+04 
       2.526154958926e-02       2.239962597173e+04 
       2.539775990781e-02       2.233324664303e+04 
       2.553412022470e-02       2.226652434699e+04 
       2.567063380580e-02       2.219932855264e+04 
       2.580730399800e-02       2.213169512354e+04 
       2.594413423148e-02       2.206367793218e+04 
       2.608112802200e-02       2.199529563351e+04 
       2.621828897329e-02       2.192648222837e+04 
       2.635562077954e-02       2.185738411767e+04 
       2.649312722791e-02       2.178778811771e+04 
       2.663081220123e-02       2.171793612128e+04 
       2.676867968073e-02       2.164761005748e+04 
       2.690673374884e-02       2.157710382293e+04 
       2.704497859215e-02       2.150624331471e+04 
       2.718341850447e-02       2.143506128952e+04 
       2.732205788993e-02       2.136360840978e+04 
       2.746090126631e-02       2.129177989839e+04 
       2.759995326836e-02       2.121977510472e+04 
       2.773921865137e-02       2.114747100221e+04 
       2.787870229474e-02       2.107490132021e+04 
       2.801840920581e-02       2.100214088263e+04 
       2.815834452375e-02       2.092905984573e+04 
       2.829851352363e-02       2.085580994588e+04 
       2.843892162064e-02       2.078232333737e+04 
       2.857957437446e-02       2.070864033209e+04 
       2.872047749380e-02       2.063475243314e+04 
       2.886163684117e-02       2.056066017354e+04 
       2.900305843773e-02       2.048639368505e+04 
       2.914474846844e-02       2.041193985987e+04 
       2.928671328738e-02       2.033734327906e+04 
       2.942895942320e-02       2.026260221423e+04 
       2.957149358496e-02       2.018773891784e+04 
       2.971432266803e-02       2.011269060220e+04 
       2.985745376040e-02       2.003751602421e+04 
       3.000089414907e-02       1.996228044071e+04 
       3.014465132687e-02       1.988679626229e+04 
       3.028873299952e-02       1.981126284733e+04 
       3.043314709290e-02       1.973568637141e+04 
       3.057790176076e-02       1.965995934266e+04 
       3.072300539269e-02       1.958415415416e+04 
       3.086846662249e-02       1.950829469209e+04 
       3.101429433682e-02       1.943230981663e+04 
       3.116049768432e-02       1.935627685424e+04 
       3.130708608512e-02       1.928021254650e+04 
       3.145406924075e-02       1.920407699443e+04 
       3.160145714455e-02       1.912787727265e+04 
       3.174926009249e-02       1.905162987174e+04 
       3.189748869456e-02       1.897543017381e+04 
       3.204615388668e-02       1.889905880211e+04 
       3.219526694316e-02       1.882275423739e+04 
       3.234483948973e-02       1.874643521153e+04 
       3.249488351728e-02       1.867005708424e+04 
       3.264541139617e-02       1.859369193942e+04 
       3.279643589134e-02       1.851731571471e+04 
       3.294797017810e-02       1.844088983366e+04 
       3.310002785875e-02       1.836457840843e+04 
       3.325262298002e-02       1.828810680188e+04 
       3.340577005145e-02       1.821177655567e+04 
       3.355948406464e-02       1.813542915259e+04 
       3.371378051360e-02       1.805916256701e+04 
       3.386867541611e-02       1.798285130432e+04 
       3.402418533625e-02       1.790652019690e+04 
       3.418032740813e-02       1.783028321319e+04 
       3.433711936096e-02       1.775407542566e+04 
       3.449457954539e-02       1.767791238254e+04 
       3.465272696149e-02       1.760175244467e+04 
       3.481158128816e-02       1.752569464440e+04 
       3.497116291426e-02       1.744959962778e+04 
       3.513149297161e-02       1.737359881961e+04 
       3.529259336978e-02       1.729765225730e+04 
       3.545448683304e-02       1.722168975634e+04 
       3.561719693947e-02       1.714586863498e+04 
       3.578074816245e-02       1.707009487619e+04 
       3.594516591468e-02       1.699430626241e+04 
       3.611047659489e-02       1.691865389070e+04 
       3.627670763754e-02       1.684300382499e+04 
       3.644388756559e-02       1.676747281094e+04 
       3.661204604676e-02       1.669196758441e+04 
       3.678121395331e-02       1.661650121215e+04 
       3.695142342589e-02       1.654109916021e+04 
       3.712270794153e-02       1.646575677507e+04 
       3.729510238633e-02       1.639051831141e+04 
       3.746864313299e-02       1.631525921451e+04 
       3.764336812386e-02       1.624013759388e+04 
       3.781931695972e-02       1.616507102696e+04 
       3.799653099492e-02       1.608999834027e+04 
       3.817505343938e-02       1.601503714074e+04 
       3.835492946808e-02       1.594008678375e+04 
       3.853620633866e-02       1.586523069131e+04 
       3.871893351791e-02       1.579042026608e+04 
       3.890316281785e-02       1.571568633849e+04 
       3.908894854248e-02       1.564094678582e+04 
       3.927634764600e-02       1.556624794563e+04 
       3.946541990370e-02       1.549162220751e+04 
       3.965622809674e-02       1.541704298400e+04 
       3.984883821214e-02       1.534247098279e+04 
       4.004331965952e-02       1.526794935511e+04 
       4.023974550630e-02       1.519346354591e+04 
       4.043819273323e-02       1.511898688246e+04 
       4.063874251239e-02       1.504454376403e+04 
       4.084148051005e-02       1.497006155648e+04 
       4.104649721706e-02       1.489567585704e+04 
       4.125388830985e-02       1.482119965357e+04 
       4.146375504530e-02       1.474671709816e+04 
       4.167620469365e-02       1.467222453397e+04 
       4.189135101345e-02       1.459777384618e+04 
       4.210931477386e-02       1.452325930972e+04 
       4.233022432976e-02       1.444867330963e+04 
       4.255421625631e-02       1.437407946439e+04 
       4.278143605015e-02       1.429939512079e+04 
       4.301203890592e-02       1.422468179457e+04 
       4.324619057781e-02       1.414987841004e+04 
       4.348406833725e-02       1.407496732183e+04 
       4.372586203995e-02       1.399992472117e+04 
       4.397177531710e-02       1.392485937044e+04 
       4.422202690839e-02       1.384959723153e+04 
       4.447685215711e-02       1.377416197686e+04 
       4.473650469121e-02       1.369857345925e+04 
       4.500125831808e-02       1.362280664080e+04 
       4.527140916605e-02       1.354684851182e+04 
       4.554727811116e-02       1.347069258505e+04 
       4.582921353515e-02       1.339423223507e+04 
       4.611759446907e-02       1.331751498881e+04 
       4.641283418750e-02       1.324053033110e+04 
       4.671538433115e-02       1.316318935086e+04 
       4.702573965126e-02       1.308548929855e+04 
       4.734444348850e-02       1.300739812348e+04 
       4.767209412311e-02       1.292886986699e+04 
       4.800935216224e-02       1.284985428796e+04 
       4.835694916762e-02       1.277034908724e+04 
       4.871569777263e-02       1.269024594571e+04 
       4.908650359576e-02       1.260954118690e+04 
       4.947037933035e-02       1.252813384379e+04 
       4.986846148304e-02       1.244597856119e+04 
       5.028203035041e-02       1.236299115703e+04 
       5.071253397251e-02       1.227903316714e+04 
       5.116161699212e-02       1.219408594853e+04 
       5.163115559104e-02       1.210799234068e+04 
       5.212329998276e-02       1.202061975929e+04 
       5.264052633125e-02       1.193179425965e+04 
       5.318570045472e-02       1.184134344660e+04 
       5.376215627437e-02       1.174901696016e+04 
       5.437379268512e-02       1.165458085513e+04 
       5.502519332898e-02       1.155765695400e+04 
       5.572177454562e-02       1.145782802370e+04 
       5.646996731694e-02       1.135462156006e+04 
       5.727743877650e-02       1.124739378445e+04 
       5.815335671550e-02       1.113519180073e+04 
       5.910869432114e-02       1.101696701704e+04 
       6.015655813050e-02       1.089123382102e+04 
       6.131249301515e-02       1.075599006313e+04 
       6.259466365805e-02       1.060861584219e+04 
       6.402372126691e-02       1.044558453630e+04 
       6.562203757457e-02       1.026225415624e+04 
       6.741187207059e-02       1.005286327623e+04 
       6.941208590322e-02       9.810635038133e+03 
       7.163350882541e-02       9.528779002526e+03 
       7.407418859581e-02       9.202246203029e+03 
       7.671696631213e-02       8.829924363286e+03 
       7.953159417213e-02       8.416825675649e+03 
       8.248107087773e-02       7.974367818507e+03 
       8.552902715627e-02       7.518861291055e+03 
       8.864484093649e-02       7.068474455038e+03 
       9.180543420097e-02       6.640311027471e+03 
       9.499470268806e-02       6.248174819247e+03 
       9.820197235176e-02       5.901323210608e+03 
       1.014204003922e-01       5.604152651543e+03 
       1.046456916814e-01       5.356698594982e+03 
       1.078751853541e-01       5.155361327267e+03 
       1.111072461753e-01       4.993785471449e+03 
       1.143408740616e-01       4.863617442556e+03 
       1.175754591033e-01       4.755676082581e+03 
       1.208106299084e-01       4.660456931302e+03 
       1.240461604697e-01       4.569266964963e+03 
       1.272819132457e-01       4.474514429635e+03 
       1.305178044755e-01       4.370827373918e+03 
       1.337537830796e-01       4.255122144404e+03 
       1.369898178368e-01       4.126603043395e+03 
       1.402258895962e-01       3.986995368671e+03 
       1.434619865486e-01       3.839553938537e+03 
       1.466981013544e-01       3.688720817355e+03 
       1.499342294005e-01       3.539352000390e+03 
       1.531703677404e-01       3.396097912465e+03 
       1.564065144506e-01       3.262878920474e+03 
       1.596426682389e-01       3.142566020242e+03 
       1.628788282055e-01       3.036771255138e+03 
       1.661149936974e-01       2.945986137013e+03 
       1.693511642194e-01       2.869511140793e+03 
       1.725873393791e-01       2.805831877318e+03 
       1.758235188531e-01       2.752668792273e+03 
       1.790597023659e-01       2.707356200798e+03 
       1.822958896764e-01       2.667033607289e+03 
       1.855320805695e-01       2.629307280988e+03 
       1.887682748506e-01       2.591610495345e+03 
       1.920044723415e-01       2.551598045586e+03 
       1.952406728780e-01       2.507878651060e+03 
       1.984768763079e-01       2.459788577050e+03 
       2.017130824896e-01       2.407447809187e+03 
       2.049492912911e-01       2.351643675783e+03 
       2.081855025887e-01       2.293644813968e+03 
       2.114217162666e-01       2.235027302965e+03 
       2.146579322164e-01       2.177196845982e+03 
       2.178941503358e-01       2.121584848904e+03 
       2.211303705289e-01       2.069255101300e+03 
       2.243665927053e-01       2.021007759807e+03 
       2.276028167797e-01       1.977257705341e+03 
       2.308390426717e-01       1.938165100286e+03 
       2.340752703055e-01       1.903599928515e+03 
       2.373114996093e-01       1.873140062376e+03 
       2.405477305153e-01       1.846134616273e+03 
       2.437839629591e-01       1.821787469955e+03 
       2.470201968801e-01       1.799187715187e+03 
       2.502564322204e-01       1.777455713282e+03 
       2.534926689254e-01       1.755830147685e+03 
       2.567289069432e-01       1.733720984481e+03 
       2.599651462244e-01       1.710737331932e+03 
       2.632013867222e-01       1.686684580551e+03 
       2.664376283919e-01       1.661562227123e+03 
       2.696738711911e-01       1.635517611435e+03 
       2.729101150795e-01       1.608881738083e+03 
       2.761463600183e-01       1.581995290709e+03 
       2.793826059711e-01       1.555312171073e+03 
       2.826188529026e-01       1.529298857698e+03 
       2.858551007796e-01       1.504354772081e+03 
       2.890913495700e-01       1.480789164953e+03 
       2.923275992434e-01       1.458771626599e+03 
       2.955638497706e-01       1.438383711873e+03 
       2.988001011237e-01       1.419547917051e+03 
       3.020363532761e-01       1.402138627185e+03 
       3.052726062021e-01       1.385920786202e+03 
       3.085088598773e-01       1.370672442742e+03 
       3.117451142782e-01       1.356149117660e+03 
       3.149813693825e-01       1.342107423036e+03 
       3.182176251684e-01       1.328312164138e+03 
       3.214538816153e-01       1.314567514017e+03 
       3.246901387033e-01       1.300713725950e+03 
       3.279263964134e-01       1.286670875793e+03 
       3.311626547273e-01       1.272408882797e+03 
       3.343989136273e-01       1.257975748401e+03 
       3.376351730964e-01       1.243465219451e+03 
       3.408714331185e-01       1.228980820679e+03 
       3.441076936778e-01       1.214657498664e+03 
       3.473439547593e-01       1.200608464166e+03 
       3.505802163483e-01       1.186939298916e+03 
       3.538164784310e-01       1.173722137031e+03 
       3.570527409939e-01       1.161014910604e+03 
       3.602890040238e-01       1.148875830756e+03 
       3.635252675084e-01       1.137298703019e+03 
       3.667615314356e-01       1.126265132028e+03 
       3.699977957936e-01       1.115724688408e+03 
       3.732340605712e-01       1.105597909320e+03 
       3.764703257575e-01       1.095807546996e+03 
       3.797065913421e-01       1.086260731098e+03 
       3.829428573148e-01       1.076887617977e+03 
       3.861791236658e-01       1.067630305296e+03 
       3.894153903856e-01       1.058450018138e+03 
       3.926516574652e-01       1.049322645282e+03 
       3.958879248955e-01       1.040238384578e+03 
       3.991241926681e-01       1.031192018980e+03 
       4.023604607747e-01       1.022200908585e+03 
       4.055967292072e-01       1.013267322291e+03 
       4.088329979579e-01       1.004430736192e+03 
       4.120692670192e-01       9.957361107203e+02 
       4.153055363838e-01       9.871968258411e+02 
       4.185418060448e-01       9.788533779151e+02 
       4.217780759952e-01       9.707228735483e+02 
       4.250143462284e-01       9.628061141372e+02 
       4.282506167380e-01       9.551037854288e+02 
       4.314868875177e-01       9.476080025450e+02 
       4.347231585614e-01       9.403088104316e+02 
       4.379594298634e-01       9.331956225910e+02 
       4.411957014179e-01       9.262537406407e+02 
       4.444319732193e-01       9.194702085316e+02 
       4.476682452623e-01       9.128216367617e+02 
       4.509045175416e-01       9.062814324614e+02 
       4.541407900523e-01       8.998359157233e+02 
       4.573770627893e-01       8.934652190526e+02 
       4.606133357479e-01       8.871599675082e+02 
       4.638496089234e-01       8.809157544243e+02 
       4.670858823114e-01       8.747335179554e+02 
       4.703221559073e-01       8.686247132261e+02 
       4.735584297069e-01       8.625825332836e+02 
       4.767947037061e-01       8.566153901879e+02 
       4.800309779008e-01       8.507279518420e+02 
       4.832672522871e-01       8.449293181453e+02 
       4.865035268611e-01       8.392213962482e+02 
       4.897398016191e-01       8.336109117686e+02 
       4.929760765574e-01       8.281104144570e+02 
       4.962123516726e-01       8.227230162559e+02 
       4.994486269612e-01       8.174381495664e+02 
       5.026849024197e-01       8.122587823045e+02 
       5.059211780451e-01       8.071653757848e+02 
       5.091574538339e-01       8.021620915802e+02 
       5.123937297832e-01       7.972284537577e+02 
       5.156300058899e-01       7.923685442330e+02 
       5.188662821511e-01       7.875795641606e+02 
       5.221025585639e-01       7.828470659332e+02 
       5.253388351254e-01       7.781714535410e+02 
       5.285751118329e-01       7.735479797589e+02 
       5.318113886838e-01       7.689776328863e+02 
       5.350476656755e-01       7.644531107921e+02 
       5.382839428053e-01       7.599757677847e+02 
       5.415202200708e-01       7.555563847032e+02 
       5.447564974697e-01       7.511905080780e+02 
       5.479927749994e-01       7.468801114914e+02 
       5.512290526578e-01       7.426308786065e+02 
       5.544653304425e-01       7.384411197220e+02 
       5.577016083513e-01       7.343086492526e+02 
       5.609378863821e-01       7.302274255091e+02 
       5.641741645328e-01       7.262044099921e+02 
       5.674104428014e-01       7.222352556511e+02 
       5.706467211857e-01       7.183198157788e+02 
       5.738829996839e-01       7.144604623816e+02 
       5.771192782940e-01       7.106477307870e+02 
       5.803555570142e-01       7.068887976011e+02 
       5.835918358426e-01       7.031648774565e+02 
       5.868281147774e-01       6.994876238858e+02 
       5.900643938168e-01       6.958526701431e+02 
       5.933006729592e-01       6.922559664481e+02 
       5.965369522029e-01       6.886974064261e+02 
       5.997732315462e-01       6.851764366715e+02 
       6.030095109875e-01       6.816987446149e+02 
       6.062457905253e-01       6.782541579571e+02 
       6.094820701579e-01       6.748447319096e+02 
       6.127183498840e-01       6.714713455930e+02 
       6.159546297019e-01       6.681365731869e+02 
       6.191909096104e-01       6.648323551269e+02 
       6.224271896078e-01       6.615689994979e+02 
       6.256634696930e-01       6.583423057113e+02 
       6.288997498645e-01       6.551566814448e+02 
       6.321360301209e-01       6.519990144064e+02 
       6.353723104611e-01       6.488789370646e+02 
       6.386085908836e-01       6.457906896504e+02 
       6.418448713873e-01       6.427354561074e+02 
       6.450811519709e-01       6.397115988204e+02 
       6.483174326333e-01       6.367200592528e+02 
       6.515537133732e-01       6.337586370710e+02 
       6.547899941895e-01       6.308282427321e+02 
       6.580262750811e-01       6.279259036805e+02 
       6.612625560469e-01       6.250530641367e+02 
       6.644988370858e-01       6.222023556699e+02 
       6.677351181966e-01       6.193814644645e+02 
       6.709713993785e-01       6.165853040557e+02 
       6.742076806302e-01       6.138151903198e+02 
       6.774439619510e-01       6.110747920687e+02 
       6.806802433396e-01       6.083587391780e+02 
       6.839165247953e-01       6.056675534795e+02 
       6.871528063170e-01       6.030010096595e+02 
       6.903890879038e-01       6.003588395769e+02 
       6.936253695548e-01       5.977411277822e+02 
       6.968616512691e-01       5.951467576839e+02 
       7.000979330458e-01       5.925774218428e+02 
       7.033342148841e-01       5.900343186916e+02 
       7.065704967831e-01       5.875099942897e+02 
       7.098067787420e-01       5.850107557689e+02 
       7.130430607599e-01       5.825329383021e+02 
       7.162793428361e-01       5.800755507119e+02 
       7.195156249697e-01       5.776407763512e+02 
       7.227519071601e-01       5.752255874879e+02 
       7.259881894063e-01       5.728323550060e+02 
       7.292244717078e-01       5.704586308188e+02 
       7.324607540637e-01       5.681056782672e+02 
       7.356970364734e-01       5.657723624069e+02 
       7.389333189360e-01       5.634563043129e+02 
       7.421696014510e-01       5.611608974562e+02 
       7.454058840177e-01       5.588835625971e+02 
       7.486421666353e-01       5.566235890401e+02 
       7.518784493033e-01       5.543826907054e+02 
       7.551147320209e-01       5.521601595655e+02 
       8.238913134808e-01       5.087647496148e+02 
       9.227065765974e-01       4.566426081211e+02 
       1.078917191703e+00       3.911618306702e+02 
       1.327657936006e+00       3.137475955040e+02 
       1.668612192446e+00       2.393686871463e+02 
       2.100604656711e+00       1.759180024048e+02 
       2.644504381703e+00       1.245249812927e+02 
       3.329233767621e+00       8.511317090430e+01 
       4.191256991861e+00       5.644059042081e+01 
       5.276479934414e+00       3.650203180291e+01 
       6.642694674256e+00       2.313835376359e+01 
       8.362657128210e+00       1.443885946791e+01 
       1.052796156883e+01       8.902145298675e+00 
       1.325391835339e+01       5.438513813584e+00 
       1.668569462092e+01       3.299697725907e+00 
       2.100604497172e+01       1.991730247562e+00 
       2.644504381619e+01       1.197622075242e+00 
       3.329233767621e+01       7.180753985166e-01 
       4.191256991861e+01       4.296361371848e-01 
       5.276479934414e+01       2.566550159221e-01 
       6.642694674256e+01       1.531416691682e-01 
       8.362657128211e+01       9.129826445969e-02 
       1.052796156883e+02       5.439439724890e-02 
