# Matter power spectrum P(k) at redshift z=0
# for k=1.34903e-05 to 122.493 h/Mpc,
# number of wavenumbers equal to 633
#    1:k (h/Mpc)              2:P (Mpc/h)^3        
       1.349032107464e-05       2.404441287656e+01 
       2.893858304596e-05       5.009813781926e+01 
       4.446858773101e-05       7.572793342390e+01 
       6.014051242664e-05       1.012342246636e+02 
       7.601600693514e-05       1.268025114088e+02 
       9.215898284574e-05       1.525803312294e+02 
       1.086364392710e-04       1.787000255057e+02 
       1.255193402231e-04       2.052885812852e+02 
       1.428835588494e-04       2.324731286045e+02 
       1.608109036338e-04       2.603846268161e+02 
       1.793902411794e-04       2.891607734108e+02 
       1.987187289549e-04       3.189485614720e+02 
       2.189031689336e-04       3.499067599292e+02 
       2.400614886635e-04       3.822083588316e+02 
       2.623243490264e-04       4.160431397968e+02 
       2.858368664848e-04       4.516203068989e+02 
       3.107604203231e-04       4.891712206790e+02 
       3.372744902609e-04       5.289521363782e+02 
       3.655784346225e-04       5.712468392366e+02 
       3.958930719081e-04       6.163689335808e+02 
       4.284618679319e-04       6.646635673906e+02 
       4.635514576644e-04       7.165080035989e+02 
       5.014511507682e-04       7.723106236291e+02 
       5.424709946701e-04       8.325075154765e+02 
       5.869379207658e-04       8.975559883699e+02 
       6.351895111829e-04       9.679241276828e+02 
       6.875650375373e-04       1.044075911107e+03 
       7.443936805322e-04       1.126451862258e+03 
       8.059802606600e-04       1.215445847051e+03 
       8.725893680340e-04       1.311379676733e+03 
       9.444293734650e-04       1.414478368959e+03 
       1.021638260686e-03       1.524849148042e+03 
       1.104273339977e-03       1.642467721635e+03 
       1.192306544219e-03       1.767174295523e+03 
       1.285626179920e-03       1.898680302767e+03 
       1.384044906191e-03       2.036584943266e+03 
       1.487312666281e-03       2.180398854911e+03 
       1.595132604100e-03       2.329571700512e+03 
       1.707177817289e-03       2.483519760212e+03 
       1.823107087477e-03       2.641613361076e+03 
       1.942578305237e-03       2.803294744625e+03 
       2.065258954248e-03       2.968020717479e+03 
       2.190833569981e-03       3.135274195741e+03 
       2.319008463492e-03       3.304580598096e+03 
       2.449514195895e-03       3.475509987202e+03 
       2.582106342743e-03       3.647676792517e+03 
       2.716565050961e-03       3.820738060370e+03 
       2.852693809686e-03       3.994390351192e+03 
       2.990317762056e-03       4.168366327805e+03 
       3.129281796405e-03       4.342431683471e+03 
       3.269448580958e-03       4.516380712468e+03 
       3.410696648240e-03       4.690033715533e+03 
       3.552918592763e-03       4.863233496657e+03 
       3.696019415632e-03       5.035842965571e+03 
       3.839915029605e-03       5.207742261612e+03 
       3.984530925278e-03       5.378826645834e+03 
       4.129800991268e-03       5.549005679328e+03 
       4.275666477074e-03       5.718198781629e+03 
       4.422075085262e-03       5.886336476736e+03 
       4.568980179170e-03       6.053358504594e+03 
       4.716340092701e-03       6.219212346390e+03 
       4.864117529644e-03       6.383850463450e+03 
       5.012279041082e-03       6.547234974482e+03 
       5.160794570683e-03       6.709328443159e+03 
       5.309637058803e-03       6.870102304497e+03 
       5.458782097516e-03       7.029530693437e+03 
       5.608207629671e-03       7.187589996869e+03 
       5.757893686012e-03       7.344261424232e+03 
       5.907822155224e-03       7.499527989621e+03 
       6.057976582449e-03       7.653377507870e+03 
       6.208341992476e-03       7.805804658883e+03 
       6.358904734298e-03       7.956787447960e+03 
       6.509652344235e-03       8.106324049175e+03 
       6.660573425180e-03       8.254405393766e+03 
       6.811657539887e-03       8.401029754081e+03 
       6.962895116492e-03       8.546194395413e+03 
       7.114277364722e-03       8.689901795108e+03 
       7.265796201454e-03       8.832143553396e+03 
       7.417444184458e-03       8.972924026248e+03 
       7.569214453330e-03       9.112248812906e+03 
       7.721100676739e-03       9.250091279436e+03 
       7.873097005244e-03       9.386473470646e+03 
       8.025198029009e-03       9.521396773266e+03 
       8.177398739866e-03       9.654928240177e+03 
       8.329694497207e-03       9.786963182952e+03 
       8.482080997281e-03       9.917530096508e+03 
       8.634554245522e-03       1.004661200577e+04 
       8.787110531549e-03       1.017421768001e+04 
       8.939746406575e-03       1.030047173491e+04 
       9.092458662945e-03       1.042529865637e+04 
       9.245244315588e-03       1.054870879649e+04 
       9.398100585177e-03       1.067069437776e+04 
       9.551024882816e-03       1.079128142222e+04 
       9.704014796116e-03       1.091046161865e+04 
       9.857068076492e-03       1.102824258828e+04 
       1.001018262758e-02       1.114464032504e+04 
       1.016335649467e-02       1.125965349997e+04 
       1.031658785501e-02       1.137328969116e+04 
       1.046987500898e-02       1.148555402219e+04 
       1.062321637197e-02       1.159645754846e+04 
       1.077661046692e-02       1.170602213324e+04 
       1.093005591753e-02       1.181423035841e+04 
       1.108355144194e-02       1.192110081453e+04 
       1.123709584700e-02       1.202664270361e+04 
       1.139068802293e-02       1.213086038021e+04 
       1.154432693844e-02       1.223376225726e+04 
       1.169801163623e-02       1.233535815831e+04 
       1.185174122879e-02       1.243565376786e+04 
       1.200551489461e-02       1.253465336980e+04 
       1.215933187459e-02       1.263236822688e+04 
       1.231319146879e-02       1.272881405881e+04 
       1.246709303341e-02       1.282398650827e+04 
       1.262103597792e-02       1.291789909999e+04 
       1.277501976254e-02       1.301056078213e+04 
       1.292904389582e-02       1.310197587728e+04 
       1.308310793238e-02       1.319215784952e+04 
       1.323721147088e-02       1.328111003750e+04 
       1.339135415211e-02       1.336883447405e+04 
       1.354553565721e-02       1.345535650905e+04 
       1.369975570604e-02       1.354066931813e+04 
       1.385401405564e-02       1.362478641479e+04 
       1.400831049886e-02       1.370771455671e+04 
       1.416264486305e-02       1.378946081222e+04 
       1.431701700881e-02       1.387003676606e+04 
       1.447142682894e-02       1.394944822609e+04 
       1.462587424735e-02       1.402769847253e+04 
       1.478035921814e-02       1.410479938100e+04 
       1.493488172473e-02       1.418076476940e+04 
       1.508944177901e-02       1.425558868286e+04 
       1.524403942062e-02       1.432929333168e+04 
       1.539867471627e-02       1.440188072812e+04 
       1.555334775909e-02       1.447335239915e+04 
       1.570805866806e-02       1.454372566066e+04 
       1.586280758748e-02       1.461299645903e+04 
       1.601759468652e-02       1.468120256081e+04 
       1.617242015872e-02       1.474831180755e+04 
       1.632728422169e-02       1.481435593170e+04 
       1.648218711666e-02       1.487933394448e+04 
       1.663712910825e-02       1.494326014876e+04 
       1.679211048413e-02       1.500614008920e+04 
       1.694713155480e-02       1.506797723719e+04 
       1.710219265339e-02       1.512878335242e+04 
       1.725729413546e-02       1.518855862298e+04 
       1.741243637886e-02       1.524732496463e+04 
       1.756761978360e-02       1.530508342971e+04 
       1.772284477178e-02       1.536183435122e+04 
       1.787811178747e-02       1.541759205185e+04 
       1.803342129671e-02       1.547236205427e+04 
       1.818877378749e-02       1.552615933594e+04 
       1.834416976974e-02       1.557897896383e+04 
       1.849960977536e-02       1.563083363782e+04 
       1.865509435825e-02       1.568174106779e+04 
       1.881062409444e-02       1.573168959558e+04 
       1.896619958211e-02       1.578070020003e+04 
       1.912182144176e-02       1.582877710203e+04 
       1.927749031631e-02       1.587592991751e+04 
       1.943320687126e-02       1.592216526678e+04 
       1.958897179486e-02       1.596747955201e+04 
       1.974478579831e-02       1.601188700821e+04 
       1.990064961596e-02       1.605541184711e+04 
       2.005656400553e-02       1.609803239469e+04 
       2.021252974837e-02       1.613977841015e+04 
       2.036854764971e-02       1.618065076986e+04 
       2.052461853897e-02       1.622065975232e+04 
       2.068074327000e-02       1.625979032716e+04 
       2.083692272147e-02       1.629808388347e+04 
       2.099315779714e-02       1.633552266773e+04 
       2.114944942626e-02       1.637212179106e+04 
       2.130579856390e-02       1.640789577025e+04 
       2.146220619138e-02       1.644283413482e+04 
       2.161867331664e-02       1.647695927481e+04 
       2.177520097467e-02       1.651027509929e+04 
       2.193179022796e-02       1.654279551755e+04 
       2.208844216697e-02       1.657450727104e+04 
       2.224515791058e-02       1.660541939210e+04 
       2.240193860660e-02       1.663556179763e+04 
       2.255878543230e-02       1.666493376017e+04 
       2.271569959492e-02       1.669353239561e+04 
       2.287268233225e-02       1.672136077908e+04 
       2.302973491316e-02       1.674844094662e+04 
       2.318685863824e-02       1.677478108242e+04 
       2.334405484042e-02       1.680035305260e+04 
       2.350132488554e-02       1.682520683312e+04 
       2.365867017307e-02       1.684933752428e+04 
       2.381609213677e-02       1.687274536816e+04 
       2.397359224538e-02       1.689544044850e+04 
       2.413117200334e-02       1.691741632120e+04 
       2.428883295156e-02       1.693871320438e+04 
       2.444657666816e-02       1.695928772381e+04 
       2.460440476928e-02       1.697918519035e+04 
       2.476231890991e-02       1.699840833898e+04 
       2.492032078470e-02       1.701695789135e+04 
       2.507841212885e-02       1.703482423085e+04 
       2.523659471902e-02       1.705205623380e+04 
       2.539487037423e-02       1.706861090996e+04 
       2.555324095682e-02       1.708451690140e+04 
       2.571170837345e-02       1.709978751978e+04 
       2.587027457609e-02       1.711442856640e+04 
       2.602894156305e-02       1.712842393053e+04 
       2.618771138010e-02       1.714180806209e+04 
       2.634658612155e-02       1.715457794558e+04 
       2.650556793137e-02       1.716672862846e+04 
       2.666465900441e-02       1.717828309501e+04 
       2.682386158758e-02       1.718923013925e+04 
       2.698317798111e-02       1.719959470832e+04 
       2.714261053984e-02       1.720937154846e+04 
       2.730216167453e-02       1.721856230671e+04 
       2.746183385325e-02       1.722718343323e+04 
       2.762162960276e-02       1.723523938593e+04 
       2.778155151000e-02       1.724274097067e+04 
       2.794160222356e-02       1.724965837021e+04 
       2.810178445521e-02       1.725604854873e+04 
       2.826210098155e-02       1.726189989761e+04 
       2.842255464558e-02       1.726719609067e+04 
       2.858314835846e-02       1.727197670610e+04 
       2.874388510119e-02       1.727623188725e+04 
       2.890476792647e-02       1.727993901598e+04 
       2.906579996053e-02       1.728317284024e+04 
       2.922698440505e-02       1.728587360394e+04 
       2.938832453915e-02       1.728806285666e+04 
       2.954982372143e-02       1.728978255621e+04 
       2.971148539206e-02       1.729097719926e+04 
       2.987331307501e-02       1.729170392207e+04 
       3.003531038023e-02       1.729195417954e+04 
       3.019748100603e-02       1.729171188294e+04 
       3.035982874147e-02       1.729101811026e+04 
       3.052235746880e-02       1.728984944931e+04 
       3.068507116611e-02       1.728822250666e+04 
       3.084797390986e-02       1.728613882497e+04 
       3.101106987774e-02       1.728361247960e+04 
       3.117436335143e-02       1.728065726665e+04 
       3.133785871953e-02       1.727721524676e+04 
       3.150156048064e-02       1.727337654483e+04 
       3.166547324645e-02       1.726910712884e+04 
       3.182960174500e-02       1.726440959639e+04 
       3.199395082405e-02       1.725928620370e+04 
       3.215852545455e-02       1.725375062589e+04 
       3.232333073424e-02       1.724781722237e+04 
       3.248837189138e-02       1.724147552201e+04 
       3.265365428862e-02       1.723472593100e+04 
       3.281918342702e-02       1.722759882256e+04 
       3.298496495019e-02       1.722006351230e+04 
       3.315100464860e-02       1.721217236911e+04 
       3.331730846404e-02       1.720386539862e+04 
       3.348388249426e-02       1.719520554552e+04 
       3.365073299779e-02       1.718617344408e+04 
       3.381786639892e-02       1.717675841867e+04 
       3.398528929289e-02       1.716699138679e+04 
       3.415300845124e-02       1.715686642667e+04 
       3.432103082746e-02       1.714639004570e+04 
       3.448936356277e-02       1.713555049723e+04 
       3.465801399213e-02       1.712436433719e+04 
       3.482698965058e-02       1.711285759604e+04 
       3.499629827973e-02       1.710101962526e+04 
       3.516594783456e-02       1.708882213609e+04 
       3.533594649053e-02       1.707630772663e+04 
       3.550630265087e-02       1.706345935664e+04 
       3.567702495433e-02       1.705028368960e+04 
       3.584812228312e-02       1.703682539528e+04 
       3.601960377123e-02       1.702302314439e+04 
       3.619147881316e-02       1.700891867028e+04 
       3.636375707291e-02       1.699449683276e+04 
       3.653644849345e-02       1.697977476728e+04 
       3.670956330659e-02       1.696474402367e+04 
       3.688311204322e-02       1.694941346488e+04 
       3.705710554412e-02       1.693380070429e+04 
       3.723155497110e-02       1.691791918466e+04 
       3.740647181883e-02       1.690172053931e+04 
       3.758186792701e-02       1.688525968562e+04 
       3.775775549325e-02       1.686847420734e+04 
       3.793414708652e-02       1.685145951674e+04 
       3.811105566114e-02       1.683415916662e+04 
       3.828849457154e-02       1.681657532090e+04 
       3.846647758770e-02       1.679875208411e+04 
       3.864501891127e-02       1.678062022669e+04 
       3.882413319256e-02       1.676223851655e+04 
       3.900383554831e-02       1.674359214787e+04 
       3.918414158036e-02       1.672468081797e+04 
       3.936506739528e-02       1.670554626817e+04 
       3.954662962493e-02       1.668613915664e+04 
       3.972884544815e-02       1.666646227220e+04 
       3.991173261352e-02       1.664655944585e+04 
       4.009530946331e-02       1.662639870902e+04 
       4.027959495871e-02       1.660597034450e+04 
       4.046460870642e-02       1.658532935245e+04 
       4.065037098665e-02       1.656442185025e+04 
       4.083690278262e-02       1.654329967323e+04 
       4.102422581174e-02       1.652191159525e+04 
       4.121236255851e-02       1.650028697562e+04 
       4.140133630921e-02       1.647844451374e+04 
       4.159117118868e-02       1.645635454540e+04 
       4.178189219911e-02       1.643402552622e+04 
       4.197352526114e-02       1.641147150352e+04 
       4.216609725736e-02       1.638869219762e+04 
       4.235963607843e-02       1.636566098216e+04 
       4.255417067194e-02       1.634240167090e+04 
       4.274973109431e-02       1.631892160578e+04 
       4.294634856577e-02       1.629520534746e+04 
       4.314405552896e-02       1.627125890494e+04 
       4.334288571104e-02       1.624708922707e+04 
       4.354287418993e-02       1.622264776687e+04 
       4.374405746478e-02       1.619803231279e+04 
       4.394647353102e-02       1.617317462538e+04 
       4.415016196051e-02       1.614805729862e+04 
       4.435516398698e-02       1.612270190119e+04 
       4.456152259739e-02       1.609714919107e+04 
       4.476928262955e-02       1.607134479050e+04 
       4.497849087661e-02       1.604529344972e+04 
       4.518919619894e-02       1.601903529754e+04 
       4.540144964414e-02       1.599251430304e+04 
       4.561530457574e-02       1.596575051137e+04 
       4.583081681147e-02       1.593874376323e+04 
       4.604804477193e-02       1.591151025983e+04 
       4.626704964059e-02       1.588403240751e+04 
       4.648789553613e-02       1.585625606603e+04 
       4.671064969839e-02       1.582826382975e+04 
       4.693538268906e-02       1.580001169345e+04 
       4.716216860871e-02       1.577149786740e+04 
       4.739108533157e-02       1.574271038572e+04 
       4.762221475999e-02       1.571367875320e+04 
       4.785564310044e-02       1.568430264932e+04 
       4.809146116339e-02       1.565473014138e+04 
       4.832976468937e-02       1.562480112562e+04 
       4.857065470421e-02       1.559463183702e+04 
       4.881423790642e-02       1.556413312905e+04 
       4.906062709036e-02       1.553332429771e+04 
       4.930994160902e-02       1.550222243178e+04 
       4.956230788118e-02       1.547079350650e+04 
       4.981785994777e-02       1.543902776666e+04 
       5.007674008341e-02       1.540693256078e+04 
       5.033909946970e-02       1.537448524827e+04 
       5.060509893771e-02       1.534165130887e+04 
       5.087490978841e-02       1.530845594613e+04 
       5.114871470075e-02       1.527488779689e+04 
       5.142670873886e-02       1.524089396447e+04 
       5.170910047138e-02       1.520652534592e+04 
       5.199611321793e-02       1.517171193350e+04 
       5.228798644031e-02       1.513644298274e+04 
       5.258497729855e-02       1.510072517236e+04 
       5.288736239550e-02       1.506449359998e+04 
       5.319543973763e-02       1.502775244524e+04 
       5.350953094410e-02       1.499051591904e+04 
       5.382998374228e-02       1.495271331535e+04 
       5.415717479447e-02       1.491430157915e+04 
       5.449151290873e-02       1.487526720593e+04 
       5.483344269681e-02       1.483560891493e+04 
       5.518344875419e-02       1.479526940137e+04 
       5.554206045188e-02       1.475421932651e+04 
       5.590985744781e-02       1.471239701099e+04 
       5.628747604765e-02       1.466977288921e+04 
       5.667561657234e-02       1.462627387213e+04 
       5.707505192353e-02       1.458186296526e+04 
       5.748663758038e-02       1.453644412380e+04 
       5.791132331371e-02       1.449000140687e+04 
       5.835016697020e-02       1.444240510236e+04 
       5.880435076231e-02       1.439358824879e+04 
       5.927520060549e-02       1.434350513122e+04 
       5.976420917793e-02       1.429194334722e+04 
       6.027306354873e-02       1.423881754575e+04 
       6.080367843706e-02       1.418404347036e+04 
       6.135823644208e-02       1.412738466848e+04 
       6.193923693520e-02       1.406866674406e+04 
       6.254955575303e-02       1.400766964042e+04 
       6.319251838944e-02       1.394417408888e+04 
       6.387199007820e-02       1.387784215885e+04 
       6.459248698748e-02       1.380835907781e+04 
       6.535931369248e-02       1.373526873535e+04 
       6.617873305361e-02       1.365810297004e+04 
       6.705817535761e-02       1.357624561675e+04 
       6.800649351754e-02       1.348895691130e+04 
       6.903426910734e-02       1.339534348207e+04 
       7.015416772606e-02       1.329426765225e+04 
       7.138132733986e-02       1.318436412782e+04 
       7.273373233993e-02       1.306388179593e+04 
       7.423246750758e-02       1.293064505717e+04 
       7.590164619494e-02       1.278199141093e+04 
       7.776766190658e-02       1.261467560053e+04 
       7.985726359336e-02       1.242495810689e+04 
       8.219395751472e-02       1.220879452255e+04 
       8.479270825151e-02       1.196249392531e+04 
       8.765413007086e-02       1.168364319458e+04 
       9.076089263454e-02       1.137218622035e+04 
       9.407922947118e-02       1.103141707224e+04 
       9.756581977493e-02       1.066794255561e+04 
       1.011766949647e-01       1.029091117126e+04 
       1.048739700123e-01       9.910516486231e+03 
       1.086286229421e-01       9.536726861101e+03 
       1.124201749373e-01       9.178052661489e+03 
       1.162349528499e-01       8.841025260221e+03 
       1.200641503441e-01       8.529754623367e+03 
       1.239022238229e-01       8.245993511799e+03 
       1.277457330025e-01       7.989211336565e+03 
       1.315925615395e-01       7.757078944451e+03 
       1.354414144492e-01       7.545939248553e+03 
       1.392915018405e-01       7.351232853023e+03 
       1.431423427773e-01       7.168021453947e+03 
       1.469936446996e-01       6.991595262013e+03 
       1.508452296859e-01       6.817811325688e+03 
       1.546969895026e-01       6.643530839606e+03 
       1.585488582560e-01       6.466748005450e+03 
       1.624007957704e-01       6.286748722388e+03 
       1.662527774938e-01       6.103959091300e+03 
       1.701047883687e-01       5.919782339475e+03 
       1.739568191114e-01       5.736305301185e+03 
       1.778088639530e-01       5.555941822241e+03 
       1.816609192680e-01       5.381221473525e+03 
       1.855129827414e-01       5.214309823023e+03 
       1.893650528617e-01       5.056983077829e+03 
       1.932171286136e-01       4.910371449192e+03 
       1.970692092900e-01       4.774932182185e+03 
       2.009212943774e-01       4.650409659794e+03 
       2.047733834863e-01       4.535979628207e+03 
       2.086254763075e-01       4.430332594378e+03 
       2.124775725862e-01       4.331785894076e+03 
       2.163296721049e-01       4.238587678238e+03 
       2.201817746730e-01       4.148945170904e+03 
       2.240338801204e-01       4.061444387121e+03 
       2.278859882929e-01       3.974941710448e+03 
       2.317380990491e-01       3.888153205241e+03 
       2.355902122587e-01       3.800511053841e+03 
       2.394423278009e-01       3.711986064686e+03 
       2.432944455629e-01       3.622774135763e+03 
       2.471465654396e-01       3.533643423810e+03 
       2.509986873325e-01       3.445385111322e+03 
       2.548508111493e-01       3.358963458472e+03 
       2.587029368032e-01       3.275267603879e+03 
       2.625550642129e-01       3.194958982041e+03 
       2.664071933014e-01       3.118558797017e+03 
       2.702593239965e-01       3.046332966775e+03 
       2.741114562300e-01       2.978340912654e+03 
       2.779635899374e-01       2.914435703611e+03 
       2.818157250579e-01       2.854328130014e+03 
       2.856678615340e-01       2.797597306070e+03 
       2.895199993111e-01       2.743692133753e+03 
       2.933721383376e-01       2.692008089244e+03 
       2.972242785648e-01       2.641937355763e+03 
       3.010764199462e-01       2.592923104110e+03 
       3.049285624377e-01       2.544510023343e+03 
       3.087807059977e-01       2.496391838079e+03 
       3.126328505863e-01       2.448409096526e+03 
       3.164849961657e-01       2.400536228358e+03 
       3.203371427001e-01       2.352860157636e+03 
       3.241892901551e-01       2.305561170309e+03 
       3.280414384981e-01       2.258854329568e+03 
       3.318935876981e-01       2.213018461187e+03 
       3.357457377254e-01       2.168240068979e+03 
       3.395978885516e-01       2.124851986739e+03 
       3.434500401497e-01       2.083023969679e+03 
       3.473021924940e-01       2.042903347514e+03 
       3.511543455596e-01       2.004534808651e+03 
       3.550064993231e-01       1.967895710545e+03 
       3.588586537618e-01       1.932872481508e+03 
       3.627108088540e-01       1.899299813118e+03 
       3.665629645791e-01       1.866933461795e+03 
       3.704151209173e-01       1.835595575941e+03 
       3.742672778494e-01       1.805090018539e+03 
       3.781194353573e-01       1.775247170075e+03 
       3.819715934235e-01       1.745887037647e+03 
       3.858237520311e-01       1.716929146491e+03 
       3.896759111640e-01       1.688284441585e+03 
       3.935280708066e-01       1.659924026512e+03 
       3.973802309442e-01       1.631837361925e+03 
       4.012323915624e-01       1.604078980963e+03 
       4.050845526474e-01       1.576723381877e+03 
       4.089367141860e-01       1.549861568149e+03 
       4.127888761653e-01       1.523585194931e+03 
       4.166410385731e-01       1.497964041355e+03 
       4.204932013977e-01       1.473050657685e+03 
       4.243453646275e-01       1.448878224173e+03 
       4.281975282516e-01       1.425455219108e+03 
       4.320496922595e-01       1.402775690672e+03 
       4.359018566408e-01       1.380803676168e+03 
       4.397540213857e-01       1.359505980757e+03 
       4.436061864848e-01       1.338830317448e+03 
       4.474583519288e-01       1.318703585672e+03 
       4.513105177088e-01       1.299056475106e+03 
       4.551626838163e-01       1.279813859384e+03 
       4.590148502431e-01       1.260914358658e+03 
       4.628670169811e-01       1.242314574708e+03 
       4.667191840225e-01       1.223980978138e+03 
       4.705713513599e-01       1.205906862761e+03 
       4.744235189861e-01       1.188095569017e+03 
       4.782756868940e-01       1.170553139732e+03 
       4.821278550769e-01       1.153294897229e+03 
       4.859800235281e-01       1.136334303347e+03 
       4.898321922415e-01       1.119688938731e+03 
       4.936843612107e-01       1.103378633293e+03 
       4.975365304298e-01       1.087418038314e+03 
       5.013886998930e-01       1.071826532987e+03 
       5.052408695948e-01       1.056608675089e+03 
       5.090930395297e-01       1.041761445840e+03 
       5.129452096924e-01       1.027273574904e+03 
       5.167973800778e-01       1.013126417598e+03 
       5.206495506810e-01       9.992939134116e+02 
       5.245017214971e-01       9.857578712847e+02 
       5.283538925215e-01       9.724958614509e+02 
       5.322060637496e-01       9.594918554872e+02 
       5.360582351770e-01       9.467316441245e+02 
       5.399104067994e-01       9.341963406824e+02 
       5.437625786127e-01       9.218744011560e+02 
       5.476147506128e-01       9.097511124620e+02 
       5.514669227958e-01       8.978227408892e+02 
       5.553190951580e-01       8.860728713642e+02 
       5.591712676954e-01       8.744989305785e+02 
       5.630234404047e-01       8.631150593843e+02 
       5.668756132822e-01       8.519287862610e+02 
       5.707277863245e-01       8.409429412368e+02 
       5.745799595283e-01       8.301540158602e+02 
       5.784321328903e-01       8.195640745252e+02 
       5.822843064075e-01       8.091722766693e+02 
       5.861364800767e-01       7.989788720551e+02 
       5.899886538950e-01       7.889794488650e+02 
       5.938408278594e-01       7.791760335646e+02 
       5.976930019671e-01       7.695660865293e+02 
       6.015451762154e-01       7.601402555145e+02 
       6.053973506015e-01       7.508914491570e+02 
       6.092495251229e-01       7.418093669436e+02 
       6.131016997769e-01       7.328819734152e+02 
       6.169538745611e-01       7.241000541856e+02 
       6.208060494731e-01       7.154513120395e+02 
       6.246582245104e-01       7.069430705060e+02 
       6.285103996708e-01       6.985660085350e+02 
       6.323625749521e-01       6.903195725664e+02 
       6.362147503519e-01       6.821999468479e+02 
       6.400669258682e-01       6.742057912870e+02 
       6.439191014989e-01       6.663348639936e+02 
       6.477712772419e-01       6.585854874707e+02 
       6.516234530952e-01       6.509586308173e+02 
       6.554756290569e-01       6.434571466813e+02 
       6.593278051250e-01       6.360816885302e+02 
       6.631799812978e-01       6.288326268803e+02 
       6.670321575733e-01       6.217071941502e+02 
       6.708843339499e-01       6.147018130617e+02 
       6.747365104257e-01       6.078114463329e+02 
       6.785886869991e-01       6.010319522461e+02 
       6.824408636685e-01       5.943606359970e+02 
       6.862930404321e-01       5.877943029123e+02 
       6.901452172885e-01       5.813318385227e+02 
       6.939973942360e-01       5.749708210078e+02 
       6.978495712732e-01       5.687075658000e+02 
       7.017017483986e-01       5.625385307883e+02 
       7.055539256107e-01       5.564592156518e+02 
       7.094061029081e-01       5.504683961632e+02 
       7.132582802895e-01       5.445628542596e+02 
       7.171104577534e-01       5.387430091855e+02 
       7.209626352986e-01       5.330097933977e+02 
       7.248148129237e-01       5.273633572340e+02 
       7.286669906275e-01       5.217992784909e+02 
       7.325191684087e-01       5.163200461558e+02 
       7.363713462662e-01       5.109190131252e+02 
       7.402235241986e-01       5.055972380398e+02 
       7.440757022049e-01       5.003527172539e+02 
       7.479278802839e-01       4.951841792013e+02 
       7.517800584345e-01       4.900954519884e+02 
       7.556322366556e-01       4.850802083539e+02 
       7.594844149461e-01       4.801404622295e+02 
       7.633365933050e-01       4.752737331925e+02 
       7.671887717311e-01       4.704759940773e+02 
       7.710409502236e-01       4.657461959588e+02 
       7.748931287815e-01       4.610800329711e+02 
       7.787453074037e-01       4.564795221425e+02 
       7.825974860892e-01       4.519433920839e+02 
       7.864496648373e-01       4.474721685699e+02 
       7.903018436469e-01       4.430612536563e+02 
       7.941540225171e-01       4.387118971584e+02 
       7.980062014471e-01       4.344196659860e+02 
       8.018583804361e-01       4.301859917852e+02 
       8.057105594830e-01       4.260088207307e+02 
       8.095627385873e-01       4.218875234816e+02 
       8.134149177479e-01       4.178229604249e+02 
       8.172670969642e-01       4.138139204201e+02 
       8.211192762352e-01       4.098590673082e+02 
       8.249714555604e-01       4.059592642728e+02 
       8.288236349388e-01       4.021116335031e+02 
       8.326758143698e-01       3.983133766842e+02 
       8.365279938527e-01       3.945634438503e+02 
       8.403801733867e-01       3.908652582383e+02 
       8.442323529711e-01       3.872145589157e+02 
       8.480845326052e-01       3.836141415283e+02 
       8.519367122884e-01       3.800640497131e+02 
       8.557888920199e-01       3.765582308591e+02 
       8.596410717993e-01       3.730951288020e+02 
       8.634932516257e-01       3.696771678567e+02 
       8.673454314986e-01       3.663019775311e+02 
       8.711976114173e-01       3.629693265636e+02 
       8.750497913813e-01       3.596788682277e+02 
       8.789019713899e-01       3.564303195039e+02 
       8.827541514426e-01       3.532251945205e+02 
       8.866063315388e-01       3.500602645288e+02 
       8.904585116779e-01       3.469329269443e+02 
       8.943106918594e-01       3.438450836615e+02 
       8.981628720827e-01       3.407950297003e+02 
       9.020150523473e-01       3.377821020964e+02 
       9.058672326526e-01       3.348068073225e+02 
       9.097194129982e-01       3.318692327972e+02 
       9.135715933835e-01       3.289684849738e+02 
       9.174237738080e-01       3.261039372759e+02 
       9.212759542713e-01       3.232734926755e+02 
       9.251281347728e-01       3.204761255663e+02 
       9.289803153121e-01       3.177139991397e+02 
       9.328324958886e-01       3.149852588542e+02 
       9.366846765021e-01       3.122862939246e+02 
       9.405368571519e-01       3.096222610382e+02 
       9.443890378376e-01       3.069926094295e+02 
       9.482412185589e-01       3.043908519410e+02 
       9.520933993152e-01       3.018232958734e+02 
       9.559455801062e-01       2.992821715704e+02 
       9.597977609314e-01       2.967716557018e+02 
       9.636499417904e-01       2.942902243282e+02 
       9.675021226828e-01       2.918385019612e+02 
       9.713543036082e-01       2.894155648338e+02 
       1.084331955996e+00       2.293153656795e+02 
       1.261487840266e+00       1.655063760613e+02 
       1.545783034102e+00       1.057451215817e+02 
       1.941470970019e+00       6.319606075684e+01 
       2.444066005715e+00       3.712462607226e+01 
       3.076896352288e+00       2.157240875572e+01 
       3.873583007058e+00       1.241424682206e+01 
       4.876552082279e+00       7.081815600795e+00 
       6.139215338319e+00       4.008110767365e+00 
       7.728814197886e+00       2.252255087795e+00 
       9.730000596754e+00       1.257466058736e+00 
       1.224934500803e+01       6.979129677129e-01 
       1.542101170844e+01       3.852494338274e-01 
       1.941390351533e+01       2.116016792871e-01 
       2.444065647757e+01       1.156909904804e-01 
       3.076896352054e+01       6.298315407664e-02 
       3.873583007058e+01       3.415185703652e-02 
       4.876552082279e+01       1.844836277638e-02 
       6.139215338319e+01       9.929071964828e-03 
       7.728814197886e+01       5.324505998587e-03 
       9.730000596754e+01       2.844564026817e-03 
       1.224934500803e+02       1.513542332367e-03 
