# Matter power spectrum P(k) at redshift z=0
# for k=1.03892e-05 to 104.924 h/Mpc,
# number of wavenumbers equal to 622
#    1:k (h/Mpc)              2:P (Mpc/h)^3        
       1.038922642939e-05       5.116733094644e+01 
       2.321812845909e-05       1.108985569820e+02 
       3.609173376214e-05       1.695113775379e+02 
       4.904439972694e-05       2.276639482177e+02 
       6.211104704304e-05       2.857258702864e+02 
       7.532746857735e-05       3.439712020209e+02 
       8.873064804491e-05       4.026324062111e+02 
       1.023590926816e-04       4.619223184804e+02 
       1.162531841578e-04       5.220453700647e+02 
       1.304555520066e-04       5.832043064179e+02 
       1.450114738457e-04       6.456048101512e+02 
       1.599693066204e-04       7.094590552599e+02 
       1.753809529236e-04       7.749887101494e+02 
       1.913023661048e-04       8.424276527621e+02 
       2.077940972509e-04       9.120245485363e+02 
       2.249218861033e-04       9.840453999084e+02 
       2.427572963948e-04       1.058776065049e+03 
       2.613783937365e-04       1.136524816130e+03 
       2.808704608154e-04       1.217624878449e+03 
       3.013267399410e-04       1.302436936925e+03 
       3.228491865615e-04       1.391351519295e+03 
       3.455492088575e-04       1.484791154649e+03 
       3.695483575494e-04       1.583212134627e+03 
       3.949789163640e-04       1.687105669943e+03 
       4.219843271948e-04       1.796998175376e+03 
       4.507193653101e-04       1.913450291749e+03 
       4.813499602484e-04       2.037054287604e+03 
       5.140525396193e-04       2.168429332171e+03 
       5.490127597170e-04       2.308214161852e+03 
       5.864234841228e-04       2.457056629139e+03 
       6.264818863381e-04       2.615599856526e+03 
       6.693855925968e-04       2.784464730908e+03 
       7.153278528513e-04       2.964228907693e+03 
       7.644918338936e-04       3.155403058464e+03 
       8.170442633386e-04       3.358405357422e+03 
       8.731288006756e-04       3.573536029300e+03 
       9.328596442615e-04       3.800954079297e+03 
       9.963159659542e-04       4.040658679591e+03 
       1.063537764581e-03       4.292477404379e+03 
       1.134523626239e-03       4.556063254811e+03 
       1.209230679194e-03       4.830901066099e+03 
       1.287576767919e-03       5.116323237442e+03 
       1.369444599257e-03       5.411517851165e+03 
       1.454687391959e-03       5.715575966375e+03 
       1.543135431684e-03       6.027554972394e+03 
       1.634602912099e-03       6.346449867901e+03 
       1.728894515478e-03       6.671245537569e+03 
       1.825811320550e-03       7.000941192398e+03 
       1.925155782887e-03       7.334569937065e+03 
       2.026735681319e-03       7.671213589921e+03 
       2.130367042364e-03       8.010012879671e+03 
       2.235876135455e-03       8.350174597473e+03 
       2.343100676636e-03       8.690972815691e+03 
       2.451890394377e-03       9.031749974612e+03 
       2.562107107073e-03       9.371915098271e+03 
       2.673624445823e-03       9.710940078486e+03 
       2.786327334635e-03       1.004835651079e+04 
       2.900111317649e-03       1.038374989976e+04 
       3.014881802039e-03       1.071675612005e+04 
       3.130553267074e-03       1.104705742931e+04 
       3.247048475047e-03       1.137437540309e+04 
       3.364297708069e-03       1.169846920248e+04 
       3.482238045923e-03       1.201913076644e+04 
       3.600812693636e-03       1.233617810937e+04 
       3.719970362791e-03       1.264946169972e+04 
       3.839664707406e-03       1.295884665525e+04 
       3.959853813072e-03       1.326422535068e+04 
       4.080499736700e-03       1.356550484293e+04 
       4.201568093487e-03       1.386260605082e+04 
       4.323027687306e-03       1.415546978088e+04 
       4.444850180647e-03       1.444404289949e+04 
       4.567009800288e-03       1.472829092962e+04 
       4.689483075068e-03       1.500818014357e+04 
       4.812248602367e-03       1.528369516951e+04 
       4.935286840186e-03       1.555482630570e+04 
       5.058579921982e-03       1.582156156434e+04 
       5.182111491712e-03       1.608390922195e+04 
       5.305866556801e-03       1.634186783419e+04 
       5.429831356981e-03       1.659545470560e+04 
       5.553993247203e-03       1.684468491360e+04 
       5.678340593006e-03       1.708957017311e+04 
       5.802862676925e-03       1.733013914314e+04 
       5.927549614681e-03       1.756642291324e+04 
       6.052392280055e-03       1.779846863346e+04 
       6.177382237450e-03       1.802624101016e+04 
       6.302511681309e-03       1.824978528130e+04 
       6.427773381594e-03       1.846916875793e+04 
       6.553160634691e-03       1.868438936349e+04 
       6.678667219122e-03       1.889537053298e+04 
       6.804287355565e-03       1.910239489311e+04 
       6.930015670697e-03       1.930537693000e+04 
       7.055847164479e-03       1.950436283650e+04 
       7.181777180500e-03       1.969937820873e+04 
       7.307801379070e-03       1.989045868070e+04 
       7.433915712780e-03       2.007766475230e+04 
       7.560116404275e-03       2.026101698476e+04 
       7.686399926014e-03       2.044055563893e+04 
       7.812762981824e-03       2.061632459093e+04 
       7.939202490069e-03       2.078836016686e+04 
       8.065715568266e-03       2.095669904221e+04 
       8.192299519032e-03       2.112138684788e+04 
       8.318951817208e-03       2.128245516936e+04 
       8.445670098061e-03       2.143994288972e+04 
       8.572452146473e-03       2.159388468072e+04 
       8.699295887004e-03       2.174433564735e+04 
       8.826199374762e-03       2.189132551497e+04 
       8.953160787016e-03       2.203488836235e+04 
       9.080178415458e-03       2.217505894261e+04 
       9.207250659091e-03       2.231190385095e+04 
       9.334376017655e-03       2.244542510159e+04 
       9.461553085571e-03       2.257567299092e+04 
       9.588780546346e-03       2.270268763130e+04 
       9.716057167395e-03       2.282649604942e+04 
       9.843381795261e-03       2.294715428615e+04 
       9.970753351188e-03       2.306468451305e+04 
       1.009817082702e-02       2.317911176727e+04 
       1.022563328138e-02       2.329049557246e+04 
       1.035313983621e-02       2.339884771827e+04 
       1.048068967341e-02       2.350421802099e+04 
       1.060828203188e-02       2.360665138234e+04 
       1.073591620467e-02       2.370615964550e+04 
       1.086359153639e-02       2.380278249901e+04 
       1.099130742072e-02       2.389654878731e+04 
       1.111906329821e-02       2.398752818212e+04 
       1.124685865418e-02       2.407569249478e+04 
       1.137469301670e-02       2.416111159559e+04 
       1.150256595483e-02       2.424382343148e+04 
       1.163047707693e-02       2.432384378759e+04 
       1.175842602905e-02       2.440121242466e+04 
       1.188641249350e-02       2.447595806425e+04 
       1.201443618746e-02       2.454811148380e+04 
       1.214249686173e-02       2.461770790755e+04 
       1.227059429957e-02       2.468477634523e+04 
       1.239872831558e-02       2.474933416578e+04 
       1.252689875467e-02       2.481142761128e+04 
       1.265510549116e-02       2.487108021162e+04 
       1.278334842789e-02       2.492832817502e+04 
       1.291162749538e-02       2.498318819625e+04 
       1.303994265110e-02       2.503569916366e+04 
       1.316829387881e-02       2.508589449179e+04 
       1.329668118784e-02       2.513378896472e+04 
       1.342510461258e-02       2.517939935331e+04 
       1.355356421189e-02       2.522279047045e+04 
       1.368206006859e-02       2.526397467183e+04 
       1.381059228906e-02       2.530296507510e+04 
       1.393916100277e-02       2.533981063327e+04 
       1.406776636193e-02       2.537451313725e+04 
       1.419640854111e-02       2.540711671149e+04 
       1.432508773700e-02       2.543763802035e+04 
       1.445380416806e-02       2.546612157647e+04 
       1.458255807434e-02       2.549257702092e+04 
       1.471134971720e-02       2.551703933613e+04 
       1.484017937920e-02       2.553951687349e+04 
       1.496904736387e-02       2.556006183901e+04 
       1.509795399561e-02       2.557868625586e+04 
       1.522689961960e-02       2.559540699816e+04 
       1.535588460168e-02       2.561026362963e+04 
       1.548490932832e-02       2.562327126595e+04 
       1.561397420656e-02       2.563445273546e+04 
       1.574307966400e-02       2.564385559648e+04 
       1.587222614882e-02       2.565146511396e+04 
       1.600141412980e-02       2.565732562730e+04 
       1.613064409636e-02       2.566145716282e+04 
       1.625991655862e-02       2.566388945303e+04 
       1.638923204749e-02       2.566463545681e+04 
       1.651859111480e-02       2.566373451098e+04 
       1.664799433338e-02       2.566121200018e+04 
       1.677744229721e-02       2.565705964172e+04 
       1.690693562161e-02       2.565135176666e+04 
       1.703647494338e-02       2.564403162221e+04 
       1.716606092099e-02       2.563518468333e+04 
       1.729569423481e-02       2.562481868536e+04 
       1.742537558732e-02       2.561295107320e+04 
       1.755510570338e-02       2.559961517136e+04 
       1.768488533045e-02       2.558481729876e+04 
       1.781471523888e-02       2.556857925427e+04 
       1.794459622222e-02       2.555095013303e+04 
       1.807452909752e-02       2.553188989979e+04 
       1.820451470563e-02       2.551147989179e+04 
       1.833455391158e-02       2.548973726436e+04 
       1.846464760492e-02       2.546664162097e+04 
       1.859479670009e-02       2.544225745577e+04 
       1.872500213684e-02       2.541657933041e+04 
       1.885526488061e-02       2.538962384737e+04 
       1.898558592297e-02       2.536141360465e+04 
       1.911596628205e-02       2.533199373813e+04 
       1.924640700304e-02       2.530133848127e+04 
       1.937690915863e-02       2.526951446965e+04 
       1.950747384953e-02       2.523650183476e+04 
       1.963810220498e-02       2.520235782312e+04 
       1.976879538328e-02       2.516708249187e+04 
       1.989955457238e-02       2.513068141510e+04 
       2.003038099040e-02       2.509316735558e+04 
       2.016127588626e-02       2.505463620482e+04 
       2.029224054028e-02       2.501501081047e+04 
       2.042327626483e-02       2.497431786328e+04 
       2.055438440499e-02       2.493264673308e+04 
       2.068556633919e-02       2.488996368719e+04 
       2.081682347996e-02       2.484631273704e+04 
       2.094815727463e-02       2.480163713185e+04 
       2.107956920606e-02       2.475607082218e+04 
       2.121106079346e-02       2.470956500190e+04 
       2.134263359312e-02       2.466210590265e+04 
       2.147428919931e-02       2.461378349086e+04 
       2.160602924503e-02       2.456455047260e+04 
       2.173785540298e-02       2.451448160128e+04 
       2.186976938640e-02       2.446354535530e+04 
       2.200177295002e-02       2.441174158969e+04 
       2.213386789099e-02       2.435921339601e+04 
       2.226605604995e-02       2.430585783159e+04 
       2.239833931192e-02       2.425168117866e+04 
       2.253071960749e-02       2.419676941395e+04 
       2.266319891380e-02       2.414112902147e+04 
       2.279577925570e-02       2.408473514721e+04 
       2.292846270690e-02       2.402758248883e+04 
       2.306125139117e-02       2.396978555720e+04 
       2.319414748354e-02       2.391121913873e+04 
       2.332715321158e-02       2.385204575932e+04 
       2.346027085672e-02       2.379219956441e+04 
       2.359350275556e-02       2.373170812555e+04 
       2.372685130130e-02       2.367057769072e+04 
       2.386031894513e-02       2.360882159200e+04 
       2.399390819777e-02       2.354646270965e+04 
       2.412762163093e-02       2.348359461933e+04 
       2.426146187892e-02       2.342008917739e+04 
       2.439543164029e-02       2.335602744760e+04 
       2.452953367946e-02       2.329139871257e+04 
       2.466377082853e-02       2.322626124437e+04 
       2.479814598899e-02       2.316059901870e+04 
       2.493266213362e-02       2.309446920268e+04 
       2.506732230841e-02       2.302783336253e+04 
       2.520212963448e-02       2.296068175948e+04 
       2.533708731018e-02       2.289307701458e+04 
       2.547219861317e-02       2.282499693418e+04 
       2.560746690259e-02       2.275649679210e+04 
       2.574289562134e-02       2.268759322128e+04 
       2.587848829840e-02       2.261825737164e+04 
       2.601424855124e-02       2.254853425619e+04 
       2.615018008833e-02       2.247835027820e+04 
       2.628628671169e-02       2.240783113553e+04 
       2.642257231958e-02       2.233695176553e+04 
       2.655904090928e-02       2.226569964078e+04 
       2.669569657994e-02       2.219406378485e+04 
       2.683254353554e-02       2.212221167105e+04 
       2.696958608796e-02       2.204990122160e+04 
       2.710682866019e-02       2.197733442520e+04 
       2.724427578962e-02       2.190446055767e+04 
       2.738193213142e-02       2.183129710169e+04 
       2.751980246214e-02       2.175785355218e+04 
       2.765789168337e-02       2.168410911554e+04 
       2.779620482556e-02       2.161017565808e+04 
       2.793474705194e-02       2.153590314965e+04 
       2.807352366270e-02       2.146142685260e+04 
       2.821254009921e-02       2.138667065540e+04 
       2.835180194844e-02       2.131175219113e+04 
       2.849131494763e-02       2.123660096323e+04 
       2.863108498899e-02       2.116126225782e+04 
       2.877111812472e-02       2.108566074147e+04 
       2.891142057220e-02       2.100986778238e+04 
       2.905199871931e-02       2.093397915692e+04 
       2.919285913007e-02       2.085789262715e+04 
       2.933400855045e-02       2.078161111772e+04 
       2.947545391441e-02       2.070517954374e+04 
       2.961720235026e-02       2.062863632723e+04 
       2.975926118717e-02       2.055188062337e+04 
       2.990163796208e-02       2.047510586455e+04 
       3.004434042682e-02       2.039814701730e+04 
       3.018737655555e-02       2.032108437090e+04 
       3.033075455253e-02       2.024387908890e+04 
       3.047448286026e-02       2.016659455443e+04 
       3.061857016788e-02       2.008923329386e+04 
       3.076302542009e-02       2.001174676980e+04 
       3.090785782629e-02       1.993420499732e+04 
       3.105307687032e-02       1.985661118292e+04 
       3.119869232049e-02       1.977889528356e+04 
       3.134471424015e-02       1.970115849859e+04 
       3.149115299874e-02       1.962332403959e+04 
       3.163801928332e-02       1.954550453630e+04 
       3.178532411072e-02       1.946761580902e+04 
       3.193307884016e-02       1.938960889001e+04 
       3.208129518661e-02       1.931169728749e+04 
       3.222998523465e-02       1.923372649720e+04 
       3.237916145315e-02       1.915565638158e+04 
       3.252883671060e-02       1.907756728583e+04 
       3.267902429119e-02       1.899951210585e+04 
       3.282973791180e-02       1.892143776634e+04 
       3.298099173971e-02       1.884339668475e+04 
       3.313280041138e-02       1.876534115661e+04 
       3.328517905210e-02       1.868718038829e+04 
       3.343814329670e-02       1.860915640066e+04 
       3.359170931139e-02       1.853109518439e+04 
       3.374589381675e-02       1.845306685930e+04 
       3.390071411198e-02       1.837503219057e+04 
       3.405618810047e-02       1.829705788201e+04 
       3.421233431678e-02       1.821904995961e+04 
       3.436917195518e-02       1.814107319411e+04 
       3.452672089976e-02       1.806318563100e+04 
       3.468500175632e-02       1.798530447718e+04 
       3.484403588603e-02       1.790744488060e+04 
       3.500384544118e-02       1.782965325276e+04 
       3.516445340293e-02       1.775185714995e+04 
       3.532588362145e-02       1.767413908462e+04 
       3.548816085839e-02       1.759642097751e+04 
       3.565131083206e-02       1.751879741583e+04 
       3.581536026535e-02       1.744122314999e+04 
       3.598033693675e-02       1.736360756173e+04 
       3.614626973450e-02       1.728615723952e+04 
       3.631318871440e-02       1.720869663025e+04 
       3.648112516130e-02       1.713122588773e+04 
       3.665011165467e-02       1.705387939404e+04 
       3.682018213864e-02       1.697652587899e+04 
       3.699137199672e-02       1.689923850940e+04 
       3.716371813175e-02       1.682205902772e+04 
       3.733725905139e-02       1.674488883377e+04 
       3.751203495968e-02       1.666778771395e+04 
       3.768808785517e-02       1.659060880965e+04 
       3.786546163621e-02       1.651359467082e+04 
       3.804420221400e-02       1.643659335525e+04 
       3.822435763412e-02       1.635965776924e+04 
       3.840597820729e-02       1.628272354686e+04 
       3.858911665021e-02       1.620589297239e+04 
       3.877382823744e-02       1.612898163794e+04 
       3.896017096531e-02       1.605219679832e+04 
       3.914820572912e-02       1.597535232049e+04 
       3.933799651479e-02       1.589861079427e+04 
       3.952961060649e-02       1.582184982035e+04 
       3.972311881184e-02       1.574512563283e+04 
       3.991859570646e-02       1.566837658155e+04 
       4.011611989981e-02       1.559165280076e+04 
       4.031577432478e-02       1.551491693319e+04 
       4.051764655330e-02       1.543823895601e+04 
       4.072182914103e-02       1.536143865409e+04 
       4.092842000427e-02       1.528473407262e+04 
       4.113752283270e-02       1.520795480979e+04 
       4.134924754215e-02       1.513107115141e+04 
       4.156371077200e-02       1.505421130828e+04 
       4.178103643268e-02       1.497729110576e+04 
       4.200135630908e-02       1.490033208476e+04 
       4.222481072715e-02       1.482328289509e+04 
       4.245154929133e-02       1.474615841915e+04 
       4.268173170212e-02       1.466894529308e+04 
       4.291552866429e-02       1.459162728513e+04 
       4.315312289772e-02       1.451411067848e+04 
       4.339471026507e-02       1.443652643519e+04 
       4.364050103247e-02       1.435883493537e+04 
       4.389072128218e-02       1.428092129226e+04 
       4.414561449944e-02       1.420285650563e+04 
       4.440544335924e-02       1.412456102360e+04 
       4.467049174356e-02       1.404602167361e+04 
       4.494106702499e-02       1.396726230779e+04 
       4.521750265889e-02       1.388833586353e+04 
       4.550016113459e-02       1.380897236818e+04 
       4.578943734550e-02       1.372936009650e+04 
       4.608576244959e-02       1.364936814919e+04 
       4.638960830630e-02       1.356901342648e+04 
       4.670149259324e-02       1.348821313569e+04 
       4.702198472785e-02       1.340698712289e+04 
       4.735171274612e-02       1.332528836273e+04 
       4.769137132355e-02       1.324295631270e+04 
       4.804173116565e-02       1.316010214796e+04 
       4.840365004720e-02       1.307656001665e+04 
       4.877808584554e-02       1.299232095954e+04 
       4.916611199626e-02       1.290730172645e+04 
       4.956893590514e-02       1.282138310178e+04 
       4.998792098422e-02       1.273448678686e+04 
       5.042461315084e-02       1.264654032545e+04 
       5.088077284597e-02       1.255739583261e+04 
       5.135841390588e-02       1.246696159746e+04 
       5.185985097268e-02       1.237502985988e+04 
       5.238775757251e-02       1.228139391859e+04 
       5.294523753989e-02       1.218595877125e+04 
       5.353591313136e-02       1.208819126022e+04 
       5.416403393891e-02       1.198796653241e+04 
       5.483461152136e-02       1.188483731398e+04 
       5.555358534914e-02       1.177828618424e+04 
       5.632802581481e-02       1.166765859425e+04 
       5.716637887099e-02       1.155213216834e+04 
       5.807875266862e-02       1.143057735575e+04 
       5.907723625763e-02       1.130160687921e+04 
       6.017621843407e-02       1.116331201191e+04 
       6.139263231738e-02       1.101316147029e+04 
       6.274597681226e-02       1.084769581504e+04 
       6.425785303434e-02       1.066252044931e+04 
       6.595062403837e-02       1.045184412728e+04 
       6.784476184348e-02       1.020876269165e+04 
       6.995472178243e-02       9.925842693513e+03 
       7.228405531364e-02       9.596550213501e+03 
       7.482177445369e-02       9.217697178206e+03 
       7.754252339651e-02       8.791827816872e+03 
       8.041144658631e-02       8.328399369555e+03 
       8.339154302514e-02       7.842985919346e+03 
       8.644988656117e-02       7.354472889081e+03 
       8.956066710663e-02       6.881861847744e+03 
       9.270538144213e-02       6.441512573216e+03 
       9.587154477471e-02       6.045399582376e+03 
       9.905106129801e-02       5.700394844753e+03 
       1.022388126709e-01       5.408430548922e+03 
       1.054316138810e-01       5.167430748251e+03 
       1.086275022457e-01       4.971632052549e+03 
       1.118252754596e-01       4.813043771267e+03 
       1.150241995918e-01       4.682200349067e+03 
       1.182238275066e-01       4.568940217798e+03 
       1.214238870508e-01       4.463564700573e+03 
       1.246242126085e-01       4.357553262937e+03 
       1.278247033504e-01       4.244251111069e+03 
       1.310252978217e-01       4.119374491512e+03 
       1.342259584931e-01       3.981232025448e+03 
       1.374266623763e-01       3.830606499497e+03 
       1.406273953242e-01       3.670373124209e+03 
       1.438281485712e-01       3.504827876351e+03 
       1.470289166315e-01       3.339011856385e+03 
       1.502296960226e-01       3.177878068575e+03 
       1.534304844897e-01       3.026048344025e+03 
       1.566312805340e-01       2.887008624193e+03 
       1.598320831255e-01       2.763070644569e+03 
       1.630328915276e-01       2.655285537103e+03 
       1.662337051901e-01       2.563437717945e+03 
       1.694345236836e-01       2.486228689586e+03 
       1.726353466587e-01       2.421522309756e+03 
       1.758361738207e-01       2.366584373687e+03 
       1.790370049142e-01       2.318391557875e+03 
       1.822378397126e-01       2.274034510474e+03 
       1.854386780118e-01       2.231102968782e+03 
       1.886395196254e-01       2.186700344659e+03 
       1.918403643822e-01       2.138972461622e+03 
       1.950412121239e-01       2.086892504583e+03 
       1.982420627033e-01       2.030258192452e+03 
       2.014429159831e-01       1.969631503726e+03 
       2.046437718350e-01       1.906151276033e+03 
       2.078446301391e-01       1.841421098659e+03 
       2.110454907826e-01       1.777028945362e+03 
       2.142463536599e-01       1.714499083814e+03 
       2.174472186716e-01       1.655145787241e+03 
       2.206480857239e-01       1.599958961842e+03 
       2.238489547288e-01       1.549569314365e+03 
       2.270498256030e-01       1.504274596888e+03 
       2.302506982680e-01       1.464071780225e+03 
       2.334515726498e-01       1.428629740412e+03 
       2.366524486781e-01       1.397347454475e+03 
       2.398533262865e-01       1.369393950293e+03 
       2.430542054123e-01       1.343856538507e+03 
       2.462550859959e-01       1.319689848869e+03 
       2.494559679809e-01       1.296028251554e+03 
       2.526568513135e-01       1.272132993440e+03 
       2.558577359430e-01       1.247480653167e+03 
       2.590586218210e-01       1.221771290676e+03 
       2.622595089015e-01       1.194898869084e+03 
       2.654603971406e-01       1.166980298571e+03 
       2.686612864968e-01       1.138251684612e+03 
       2.718621769304e-01       1.109098245553e+03 
       2.750630684036e-01       1.080002574395e+03 
       2.782639608802e-01       1.051465191475e+03 
       2.814648543258e-01       1.023920560615e+03 
       2.846657487076e-01       9.978096870366e+02 
       2.878666439942e-01       9.733908546456e+02 
       2.910675401555e-01       9.507743406178e+02 
       2.942684371628e-01       9.299752549801e+02 
       2.974693349888e-01       9.108579025196e+02 
       3.006702336071e-01       8.932148753046e+02 
       3.038711329925e-01       8.767982888496e+02 
       3.070720331209e-01       8.613392052830e+02 
       3.102729339693e-01       8.465495326064e+02 
       3.134738355154e-01       8.321598568491e+02 
       3.166747377380e-01       8.179331372675e+02 
       3.198756406167e-01       8.036382164794e+02 
       3.230765441318e-01       7.891810212081e+02 
       3.262774482646e-01       7.744739073953e+02 
       3.294783529970e-01       7.595342445952e+02 
       3.326792583115e-01       7.444575611493e+02 
       3.358801641915e-01       7.293542068993e+02 
       3.390810706209e-01       7.143713811610e+02 
       3.422819775842e-01       6.996462361788e+02 
       3.454828850664e-01       6.852914050228e+02 
       3.486837930532e-01       6.714304841698e+02 
       3.518847015309e-01       6.581425886184e+02 
       3.550856104860e-01       6.454841832332e+02 
       3.582865199056e-01       6.334733723233e+02 
       3.614874297775e-01       6.221145872486e+02 
       3.646883400896e-01       6.113671404967e+02 
       3.678892508305e-01       6.011512353916e+02 
       3.710901619889e-01       5.913582252040e+02 
       3.742910735541e-01       5.818960041565e+02 
       3.774919855157e-01       5.726754141252e+02 
       3.806928978636e-01       5.636007132949e+02 
       3.838938105883e-01       5.546230082389e+02 
       3.870947236802e-01       5.457218073222e+02 
       3.902956371303e-01       5.368538683491e+02 
       3.934965509299e-01       5.280276721934e+02 
       3.966974650704e-01       5.192459778063e+02 
       3.998983795436e-01       5.105078732690e+02 
       4.030992943416e-01       5.018620328532e+02 
       4.063002094566e-01       4.933403056445e+02 
       4.095011248812e-01       4.849881874849e+02 
       4.127020406082e-01       4.768538464381e+02 
       4.159029566306e-01       4.689442984253e+02 
       4.191038729415e-01       4.613014510145e+02 
       4.223047895344e-01       4.538885623382e+02 
       4.255057064028e-01       4.467370537086e+02 
       4.287066235407e-01       4.398217041658e+02 
       4.319075409419e-01       4.331440682493e+02 
       4.351084586007e-01       4.266543793211e+02 
       4.383093765114e-01       4.203764779077e+02 
       4.415102946684e-01       4.142445699470e+02 
       4.447112130665e-01       4.082727093997e+02 
       4.479121317005e-01       4.023942200497e+02 
       4.511130505653e-01       3.966200626424e+02 
       4.543139696560e-01       3.909101688540e+02 
       4.575148889678e-01       3.852619495330e+02 
       4.607158084962e-01       3.796750721447e+02 
       4.639167282367e-01       3.741582262154e+02 
       4.671176481848e-01       3.687127522163e+02 
       4.703185683363e-01       3.633504322135e+02 
       4.735194886871e-01       3.580728274679e+02 
       4.767204092332e-01       3.528773869974e+02 
       4.799213299706e-01       3.477872439263e+02 
       4.831222508955e-01       3.428015744614e+02 
       4.863231720042e-01       3.379474614363e+02 
       4.895240932930e-01       3.332168190154e+02 
       4.927250147586e-01       3.286138365944e+02 
       4.959259363973e-01       3.241400943709e+02 
       4.991268582060e-01       3.197704717114e+02 
       5.023277801812e-01       3.155085012194e+02 
       5.055287023199e-01       3.113306008628e+02 
       5.087296246190e-01       3.072390322892e+02 
       5.119305470754e-01       3.032184432885e+02 
       5.151314696862e-01       2.992718676933e+02 
       5.183323924485e-01       2.953909016336e+02 
       5.215333153596e-01       2.915588961406e+02 
       5.247342384166e-01       2.877892474902e+02 
       5.279351616170e-01       2.840550809457e+02 
       5.311360849582e-01       2.803711054823e+02 
       5.343370084375e-01       2.767493395517e+02 
       5.375379320525e-01       2.731780268953e+02 
       5.407388558009e-01       2.696734575783e+02 
       5.439397796802e-01       2.662361579598e+02 
       5.471407036881e-01       2.628655944363e+02 
       5.503416278224e-01       2.595548501377e+02 
       5.535425520809e-01       2.563083442566e+02 
       5.567434764615e-01       2.531291088616e+02 
       5.599444009620e-01       2.500015375989e+02 
       5.631453255803e-01       2.469367780504e+02 
       5.663462503146e-01       2.439355460809e+02 
       5.695471751628e-01       2.409921159189e+02 
       5.727481001230e-01       2.381098172840e+02 
       5.759490251934e-01       2.352646319240e+02 
       5.791499503720e-01       2.324730169690e+02 
       5.823508756572e-01       2.297233547794e+02 
       5.855518010471e-01       2.270050794503e+02 
       5.887527265401e-01       2.243377132728e+02 
       5.919536521345e-01       2.217104953406e+02 
       5.951545778286e-01       2.191245252220e+02 
       5.983555036208e-01       2.165776145991e+02 
       6.015564295096e-01       2.140675651932e+02 
       6.047573554934e-01       2.115940800554e+02 
       6.079582815708e-01       2.091577641445e+02 
       6.111592077402e-01       2.067529622350e+02 
       6.143601340002e-01       2.043938026539e+02 
       6.175610603493e-01       2.020737120898e+02 
       6.207619867863e-01       1.997966523467e+02 
       6.239629133097e-01       1.975559036813e+02 
       6.271638399183e-01       1.953497837639e+02 
       6.303647666107e-01       1.931804778644e+02 
       6.335656933856e-01       1.910461836488e+02 
       6.367666202418e-01       1.889426696367e+02 
       6.399675471782e-01       1.868768954537e+02 
       6.431684741934e-01       1.848433785687e+02 
       6.463694012863e-01       1.828424607812e+02 
       6.495703284557e-01       1.808724090990e+02 
       6.527712557006e-01       1.789264692500e+02 
       6.559721830198e-01       1.770092599888e+02 
       6.591731104123e-01       1.751179962570e+02 
       6.623740378769e-01       1.732578774210e+02 
       6.655749654126e-01       1.714161844365e+02 
       6.687758930184e-01       1.696097260658e+02 
       6.719768206934e-01       1.678300290279e+02 
       6.751777484364e-01       1.660703372383e+02 
       6.783786762466e-01       1.643408055267e+02 
       6.815796041230e-01       1.626344240154e+02 
       6.847805320647e-01       1.609516832343e+02 
       6.879814600707e-01       1.592894405191e+02 
       6.911823881402e-01       1.576555010266e+02 
       6.943833162722e-01       1.560495527173e+02 
       6.975842444660e-01       1.544665405811e+02 
       7.007851727206e-01       1.529032495892e+02 
       7.039861010353e-01       1.513630449288e+02 
       7.071870294092e-01       1.498481469483e+02 
       7.103879578415e-01       1.483471001425e+02 
       7.135888863315e-01       1.468686917952e+02 
       7.167898148783e-01       1.454128584571e+02 
       7.199907434811e-01       1.439787565078e+02 
       7.231916721394e-01       1.425630083572e+02 
       7.263926008522e-01       1.411679698664e+02 
       7.295935296190e-01       1.397921961661e+02 
       7.327944584389e-01       1.384294061857e+02 
       7.359953873113e-01       1.370873870161e+02 
       7.391963162356e-01       1.357651669530e+02 
       7.423972452109e-01       1.344545996993e+02 
       7.455981742368e-01       1.331691569673e+02 
       7.487991033125e-01       1.318966364484e+02 
       8.175393302960e-01       1.082508159857e+02 
       9.166195684582e-01       8.345796956920e+01 
       1.073647767312e+00       5.797861657841e+01 
       1.322926368989e+00       3.555601571678e+01 
       1.662966716654e+00       2.061308553339e+01 
       2.093505716456e+00       1.180117662229e+01 
       2.635567386141e+00       6.700832440177e+00 
       3.317982756829e+00       3.776666790221e+00 
       4.177092808467e+00       2.114263830477e+00 
       5.258648284002e+00       1.176411007305e+00 
       6.620245956418e+00       6.509131699264e-01 
       8.334395866863e+00       3.582937902856e-01 
       1.049238274875e+01       1.962858603552e-01 
       1.320912727267e+01       1.070655803927e-01 
       1.662930599118e+01       5.815878086314e-02 
       2.093505589280e+01       3.147097482080e-02 
       2.635567386078e+01       1.696646843052e-02 
       3.317982756829e+01       9.113515524505e-03 
       4.177092808467e+01       4.877775181765e-03 
       5.258648284002e+01       2.600522023623e-03 
       6.620245956418e+01       1.380459029466e-03 
       8.334395866863e+01       7.290278812562e-04 
       1.049238274875e+02       3.824777062799e-04 
