# dimensionless [l(l+1)/2pi] C_l's for tensor mode
# for l=2 to 500, i.e. number of multipoles equal to 499
#
# -> if you prefer output in CAMB/HealPix/LensPix units/order, set 'format' to 'camb' in input file
# -> if you don't want to see such a header, set 'headers' to 'no' in input file
# -> for CMB lensing (phi), these are C_l^phi-phi for the lensing potential.
#    Remember the conversion factors:
#    C_l^dd (deflection) = l(l+1) C_l^phi-phi
#    C_l^gg (shear/convergence) = 1/4 (l(l+1))^2 C_l^phi-phi
#
# 1:l     2:TT                     3:EE                     4:TE                     5:BB                     6:phiphi                 7:TPhi                   8:Ephi               
    2       1.428819746893e-10       2.662181541039e-15       1.670740275918e-13       4.752087211995e-15       0.000000000000e+00       0.000000000000e+00       0.000000000000e+00 
    3       1.089155566335e-10       2.820133962582e-15      -8.564495183330e-15       4.790436478325e-15       0.000000000000e+00       0.000000000000e+00       0.000000000000e+00 
    4       9.767250223575e-11       2.591460480085e-15      -6.080032285254e-14       4.170347933521e-15       0.000000000000e+00       0.000000000000e+00       0.000000000000e+00 
    5       9.297036829113e-11       2.074336823820e-15      -7.167270630108e-14       3.270296478637e-15       0.000000000000e+00       0.000000000000e+00       0.000000000000e+00 
    6       9.018398486051e-11       1.497479119388e-15      -6.812442059932e-14       2.375877936186e-15       0.000000000000e+00       0.000000000000e+00       0.000000000000e+00 
    7       8.842543635775e-11       1.021427558441e-15      -6.044467933734e-14       1.644738992294e-15       0.000000000000e+00       0.000000000000e+00       0.000000000000e+00 
    8       8.723637376457e-11       7.119255016416e-16      -5.316483816664e-14       1.130200272338e-15       0.000000000000e+00       0.000000000000e+00       0.000000000000e+00 
    9       8.637149205956e-11       5.646274496662e-16      -4.796282207286e-14       8.207832194854e-16       0.000000000000e+00       0.000000000000e+00       0.000000000000e+00 
   10       8.568941094453e-11       5.404323909182e-16      -4.518202223956e-14       6.754674742917e-16       0.000000000000e+00       0.000000000000e+00       0.000000000000e+00 
   11       8.510743157891e-11       5.945271196343e-16      -4.459796211648e-14       6.464669998527e-16       0.000000000000e+00       0.000000000000e+00       0.000000000000e+00 
   12       8.457759028689e-11       6.911335493697e-16      -4.581357131574e-14       6.924178878549e-16       0.000000000000e+00       0.000000000000e+00       0.000000000000e+00 
   13       8.407130932131e-11       8.083369028608e-16      -4.844797107846e-14       7.824503000556e-16       0.000000000000e+00       0.000000000000e+00       0.000000000000e+00 
   14       8.357083284161e-11       9.350214740421e-16      -5.219752753228e-14       8.969870663409e-16       0.000000000000e+00       0.000000000000e+00       0.000000000000e+00 
   15       8.306513786016e-11       1.067591456236e-15      -5.683567798004e-14       1.024437442569e-15       0.000000000000e+00       0.000000000000e+00       0.000000000000e+00 
   16       8.254766858486e-11       1.205192193064e-15      -6.220590519998e-14       1.159363447833e-15       0.000000000000e+00       0.000000000000e+00       0.000000000000e+00 
   17       8.201474594520e-11       1.348032103536e-15      -6.819979499529e-14       1.299443001130e-15       0.000000000000e+00       0.000000000000e+00       0.000000000000e+00 
   18       8.145859235211e-11       1.496514536498e-15      -7.473116868255e-14       1.443785424524e-15       0.000000000000e+00       0.000000000000e+00       0.000000000000e+00 
   19       8.089650922581e-11       1.650588884588e-15      -8.175539910236e-14       1.592162363793e-15       0.000000000000e+00       0.000000000000e+00       0.000000000000e+00 
   20       8.030925881369e-11       1.810104815458e-15      -8.921775055225e-14       1.744597422019e-15       0.000000000000e+00       0.000000000000e+00       0.000000000000e+00 
   21       7.970737798316e-11       1.974802676604e-15      -9.708108140361e-14       1.900956521884e-15       0.000000000000e+00       0.000000000000e+00       0.000000000000e+00 
   22       7.908540244005e-11       2.144421982495e-15      -1.053043466070e-13       2.061126936748e-15       0.000000000000e+00       0.000000000000e+00       0.000000000000e+00 
   23       7.845078363136e-11       2.318817086812e-15      -1.138567167369e-13       2.225014040420e-15       0.000000000000e+00       0.000000000000e+00       0.000000000000e+00 
   24       7.779746127479e-11       2.497926854639e-15      -1.227046762781e-13       2.392561746309e-15       0.000000000000e+00       0.000000000000e+00       0.000000000000e+00 
   25       7.713134348238e-11       2.681754960713e-15      -1.318167478639e-13       2.563610391824e-15       0.000000000000e+00       0.000000000000e+00       0.000000000000e+00 
   26       7.644912103020e-11       2.870362448077e-15      -1.411594599728e-13       2.737971466083e-15       0.000000000000e+00       0.000000000000e+00       0.000000000000e+00 
   27       7.575325355599e-11       3.063797719078e-15      -1.507071425549e-13       2.915380747704e-15       0.000000000000e+00       0.000000000000e+00       0.000000000000e+00 
   28       7.503975226871e-11       3.262083682399e-15      -1.604351277680e-13       3.095561791904e-15       0.000000000000e+00       0.000000000000e+00       0.000000000000e+00 
   29       7.431646289479e-11       3.465017697219e-15      -1.703203429376e-13       3.278289507452e-15       0.000000000000e+00       0.000000000000e+00       0.000000000000e+00 
   30       7.358425403830e-11       3.672297164650e-15      -1.803387737503e-13       3.463367612609e-15       0.000000000000e+00       0.000000000000e+00       0.000000000000e+00 
   31       7.283495622006e-11       3.883597322996e-15      -1.904656358663e-13       3.650605041588e-15       0.000000000000e+00       0.000000000000e+00       0.000000000000e+00 
   32       7.207376638193e-11       4.098666408741e-15      -2.006798168784e-13       3.839764107620e-15       0.000000000000e+00       0.000000000000e+00       0.000000000000e+00 
   33       7.130297570083e-11       4.317262812223e-15      -2.109610963943e-13       4.030593316522e-15       0.000000000000e+00       0.000000000000e+00       0.000000000000e+00 
   34       7.051879930497e-11       4.539140226881e-15      -2.212894326444e-13       4.222838461136e-15       0.000000000000e+00       0.000000000000e+00       0.000000000000e+00 
   35       6.972456552817e-11       4.764085965945e-15      -2.316463651880e-13       4.416235097084e-15       0.000000000000e+00       0.000000000000e+00       0.000000000000e+00 
   36       6.892064870921e-11       4.991895255268e-15      -2.420142032596e-13       4.610512950482e-15       0.000000000000e+00       0.000000000000e+00       0.000000000000e+00 
   37       6.810358360282e-11       5.222358108951e-15      -2.523749973633e-13       4.805407832349e-15       0.000000000000e+00       0.000000000000e+00       0.000000000000e+00 
   38       6.727761953254e-11       5.455249574303e-15      -2.627080415874e-13       5.000696888760e-15       0.000000000000e+00       0.000000000000e+00       0.000000000000e+00 
   39       6.644598317024e-11       5.690335673648e-15      -2.729915940111e-13       5.196175388767e-15       0.000000000000e+00       0.000000000000e+00       0.000000000000e+00 
   40       6.560715911680e-11       5.927375464496e-15      -2.832035540299e-13       5.391647969295e-15       0.000000000000e+00       0.000000000000e+00       0.000000000000e+00 
   41       6.475722313333e-11       6.166148605519e-15      -2.933254541592e-13       5.586909344351e-15       0.000000000000e+00       0.000000000000e+00       0.000000000000e+00 
   42       6.389893240365e-11       6.406549852069e-15      -3.033559770340e-13       5.781677616998e-15       0.000000000000e+00       0.000000000000e+00       0.000000000000e+00 
   43       6.303477030999e-11       6.648524618419e-15      -3.133018535403e-13       5.975640142485e-15       0.000000000000e+00       0.000000000000e+00       0.000000000000e+00 
   44       6.216408876689e-11       6.892045127022e-15      -3.231745371591e-13       6.168470649036e-15       0.000000000000e+00       0.000000000000e+00       0.000000000000e+00 
   45       6.128479416545e-11       7.137060534278e-15      -3.329828707095e-13       6.359844952645e-15       0.000000000000e+00       0.000000000000e+00       0.000000000000e+00 
   46       6.039970352718e-11       7.383326003422e-15      -3.427078090997e-13       6.549495675120e-15       0.000000000000e+00       0.000000000000e+00       0.000000000000e+00 
   47       5.951158526461e-11       7.630525074929e-15      -3.523206183549e-13       6.737172461653e-15       0.000000000000e+00       0.000000000000e+00       0.000000000000e+00 
   48       5.862116527594e-11       7.878315174797e-15      -3.617896811663e-13       6.922626963366e-15       0.000000000000e+00       0.000000000000e+00       0.000000000000e+00 
   49       5.772694518850e-11       8.126326151529e-15      -3.710803397595e-13       7.105612954019e-15       0.000000000000e+00       0.000000000000e+00       0.000000000000e+00 
   50       5.682659694492e-11       8.374180935626e-15      -3.801579543552e-13       7.285887072291e-15       0.000000000000e+00       0.000000000000e+00       0.000000000000e+00 
   51       5.592201450467e-11       8.621567523284e-15      -3.889984218052e-13       7.463211015427e-15       0.000000000000e+00       0.000000000000e+00       0.000000000000e+00 
   52       5.501531919238e-11       8.868184002945e-15      -3.975802405088e-13       7.637350142761e-15       0.000000000000e+00       0.000000000000e+00       0.000000000000e+00 
   53       5.410729817755e-11       9.113717728589e-15      -4.058815386925e-13       7.808073044847e-15       0.000000000000e+00       0.000000000000e+00       0.000000000000e+00 
   54       5.319729689884e-11       9.357844897778e-15      -4.138800685995e-13       7.975151689602e-15       0.000000000000e+00       0.000000000000e+00       0.000000000000e+00 
   55       5.228417261730e-11       9.600253432851e-15      -4.215554691727e-13       8.138372460031e-15       0.000000000000e+00       0.000000000000e+00       0.000000000000e+00 
   56       5.136967892007e-11       9.840719247525e-15      -4.288967256460e-13       8.297572143580e-15       0.000000000000e+00       0.000000000000e+00       0.000000000000e+00 
   57       5.045573357265e-11       1.007904818747e-14      -4.358965528993e-13       8.452611139292e-15       0.000000000000e+00       0.000000000000e+00       0.000000000000e+00 
   58       4.954336626258e-11       1.031505486249e-14      -4.425493701013e-13       8.603363907606e-15       0.000000000000e+00       0.000000000000e+00       0.000000000000e+00 
   59       4.863265236642e-11       1.054856313250e-14      -4.488513832823e-13       8.749719540849e-15       0.000000000000e+00       0.000000000000e+00       0.000000000000e+00 
   60       4.772264671660e-11       1.077940659346e-14      -4.548006679073e-13       8.891582333724e-15       0.000000000000e+00       0.000000000000e+00       0.000000000000e+00 
   61       4.681219349023e-11       1.100742169430e-14      -4.603959532731e-13       9.028863968796e-15       0.000000000000e+00       0.000000000000e+00       0.000000000000e+00 
   62       4.590271814416e-11       1.123242418297e-14      -4.656324700486e-13       9.161456732622e-15       0.000000000000e+00       0.000000000000e+00       0.000000000000e+00 
   63       4.499594747994e-11       1.145422821171e-14      -4.705053129556e-13       9.289255272674e-15       0.000000000000e+00       0.000000000000e+00       0.000000000000e+00 
   64       4.409305114819e-11       1.167265348673e-14      -4.750106972613e-13       9.412164750255e-15       0.000000000000e+00       0.000000000000e+00       0.000000000000e+00 
   65       4.319460321420e-11       1.188752552037e-14      -4.791460001604e-13       9.530101144930e-15       0.000000000000e+00       0.000000000000e+00       0.000000000000e+00 
   66       4.230054372354e-11       1.209867588323e-14      -4.829098021587e-13       9.642991558973e-15       0.000000000000e+00       0.000000000000e+00       0.000000000000e+00 
   67       4.141014026766e-11       1.230594245633e-14      -4.863019284555e-13       9.750774521801e-15       0.000000000000e+00       0.000000000000e+00       0.000000000000e+00 
   68       4.052258860557e-11       1.250916784431e-14      -4.893229426477e-13       9.853394964354e-15       0.000000000000e+00       0.000000000000e+00       0.000000000000e+00 
   69       3.963904176401e-11       1.270819367809e-14      -4.919724162103e-13       9.950787279216e-15       0.000000000000e+00       0.000000000000e+00       0.000000000000e+00 
   70       3.876092493025e-11       1.290286560544e-14      -4.942503810979e-13       1.004288935916e-14       0.000000000000e+00       0.000000000000e+00       0.000000000000e+00 
   71       3.788931108005e-11       1.309303522923e-14      -4.961578732834e-13       1.012964778863e-14       0.000000000000e+00       0.000000000000e+00       0.000000000000e+00 
   72       3.702489888742e-11       1.327856031249e-14      -4.976969601335e-13       1.021101801183e-14       0.000000000000e+00       0.000000000000e+00       0.000000000000e+00 
   73       3.616799063436e-11       1.345930498360e-14      -4.988707677848e-13       1.028696450088e-14       0.000000000000e+00       0.000000000000e+00       0.000000000000e+00 
   74       3.531847012057e-11       1.363513994134e-14      -4.996835085190e-13       1.035746092392e-14       0.000000000000e+00       0.000000000000e+00       0.000000000000e+00 
   75       3.447578057324e-11       1.380594266004e-14      -5.001405081393e-13       1.042249031323e-14       0.000000000000e+00       0.000000000000e+00       0.000000000000e+00 
   76       3.363934548393e-11       1.397159577998e-14      -5.002475015379e-13       1.048204293547e-14       0.000000000000e+00       0.000000000000e+00       0.000000000000e+00 
   77       3.280996854770e-11       1.413198148645e-14      -5.000083105861e-13       1.053610908238e-14       0.000000000000e+00       0.000000000000e+00       0.000000000000e+00 
   78       3.198865006218e-11       1.428698647356e-14      -4.994267905648e-13       1.058468526478e-14       0.000000000000e+00       0.000000000000e+00       0.000000000000e+00 
   79       3.117615385051e-11       1.443650383321e-14      -4.985075365762e-13       1.062777651286e-14       0.000000000000e+00       0.000000000000e+00       0.000000000000e+00 
   80       3.037299425369e-11       1.458043322300e-14      -4.972558959133e-13       1.066539649715e-14       0.000000000000e+00       0.000000000000e+00       0.000000000000e+00 
   81       2.957942312289e-11       1.471868103411e-14      -4.956779804286e-13       1.069756764956e-14       0.000000000000e+00       0.000000000000e+00       0.000000000000e+00 
   82       2.879541681180e-11       1.485116055920e-14      -4.937806789043e-13       1.072432128436e-14       0.000000000000e+00       0.000000000000e+00       0.000000000000e+00 
   83       2.802066316890e-11       1.497779216033e-14      -4.915716694212e-13       1.074569771919e-14       0.000000000000e+00       0.000000000000e+00       0.000000000000e+00 
   84       2.725484351064e-11       1.509850196765e-14      -4.890589151026e-13       1.076174279892e-14       0.000000000000e+00       0.000000000000e+00       0.000000000000e+00 
   85       2.649856074302e-11       1.521321735981e-14      -4.862490282017e-13       1.077249654013e-14       0.000000000000e+00       0.000000000000e+00       0.000000000000e+00 
   86       2.575254196930e-11       1.532187103864e-14      -4.831486562321e-13       1.077800281722e-14       0.000000000000e+00       0.000000000000e+00       0.000000000000e+00 
   87       2.501734925808e-11       1.542440257284e-14      -4.797649781132e-13       1.077831285185e-14       0.000000000000e+00       0.000000000000e+00       0.000000000000e+00 
   88       2.429337159323e-11       1.552075854124e-14      -4.761057078573e-13       1.077348527341e-14       0.000000000000e+00       0.000000000000e+00       0.000000000000e+00 
   89       2.358081682388e-11       1.561089267595e-14      -4.721790982554e-13       1.076358617963e-14       0.000000000000e+00       0.000000000000e+00       0.000000000000e+00 
   90       2.287970361444e-11       1.569476600560e-14      -4.679939445646e-13       1.074868919712e-14       0.000000000000e+00       0.000000000000e+00       0.000000000000e+00 
   91       2.218985339452e-11       1.577234699856e-14      -4.635595881943e-13       1.072887554188e-14       0.000000000000e+00       0.000000000000e+00       0.000000000000e+00 
   92       2.151088230896e-11       1.584361170612e-14      -4.588859203930e-13       1.070423407987e-14       0.000000000000e+00       0.000000000000e+00       0.000000000000e+00 
   93       2.084243560946e-11       1.590854113712e-14      -4.539828585568e-13       1.067485677551e-14       0.000000000000e+00       0.000000000000e+00       0.000000000000e+00 
   94       2.018494863983e-11       1.596711261901e-14      -4.488586770494e-13       1.064082412266e-14       0.000000000000e+00       0.000000000000e+00       0.000000000000e+00 
   95       1.953898595187e-11       1.601930739624e-14      -4.435214309854e-13       1.060221762422e-14       0.000000000000e+00       0.000000000000e+00       0.000000000000e+00 
   96       1.890500440284e-11       1.606511338685e-14      -4.379794577349e-13       1.055912420619e-14       0.000000000000e+00       0.000000000000e+00       0.000000000000e+00 
   97       1.828334843338e-11       1.610452528774e-14      -4.322413733708e-13       1.051163621490e-14       0.000000000000e+00       0.000000000000e+00       0.000000000000e+00 
   98       1.767424534550e-11       1.613754467978e-14      -4.263160691166e-13       1.045985141423e-14       0.000000000000e+00       0.000000000000e+00       0.000000000000e+00 
   99       1.707780058047e-11       1.616418013313e-14      -4.202127077931e-13       1.040387298289e-14       0.000000000000e+00       0.000000000000e+00       0.000000000000e+00 
  100       1.649399299679e-11       1.618444731234e-14      -4.139407202665e-13       1.034380951161e-14       0.000000000000e+00       0.000000000000e+00       0.000000000000e+00 
  101       1.592267014813e-11       1.619836908164e-14      -4.075098018954e-13       1.027977500043e-14       0.000000000000e+00       0.000000000000e+00       0.000000000000e+00 
  102       1.536354356124e-11       1.620597561008e-14      -4.009299089784e-13       1.021188885586e-14       0.000000000000e+00       0.000000000000e+00       0.000000000000e+00 
  103       1.481618401395e-11       1.620730447678e-14      -3.942112552013e-13       1.014027588820e-14       0.000000000000e+00       0.000000000000e+00       0.000000000000e+00 
  104       1.428020136941e-11       1.620239742593e-14      -3.873639339442e-13       1.006506189410e-14       0.000000000000e+00       0.000000000000e+00       0.000000000000e+00 
  105       1.375582191647e-11       1.619128990589e-14      -3.803967347465e-13       9.986359730815e-15       0.000000000000e+00       0.000000000000e+00       0.000000000000e+00 
  106       1.324338057941e-11       1.617402030653e-14      -3.733181595963e-13       9.904281346906e-15       0.000000000000e+00       0.000000000000e+00       0.000000000000e+00 
  107       1.274314066449e-11       1.615063325081e-14      -3.661367752221e-13       9.818941978189e-15       0.000000000000e+00       0.000000000000e+00       0.000000000000e+00 
  108       1.225529116601e-11       1.612117966317e-14      -3.588612054294e-13       9.730460096471e-15       0.000000000000e+00       0.000000000000e+00       0.000000000000e+00 
  109       1.177994407233e-11       1.608571683790e-14      -3.515001234359e-13       9.638957358269e-15       0.000000000000e+00       0.000000000000e+00       0.000000000000e+00 
  110       1.131713167188e-11       1.604430850758e-14      -3.440622442081e-13       9.544558553539e-15       0.000000000000e+00       0.000000000000e+00       0.000000000000e+00 
  111       1.086680385925e-11       1.599702491141e-14      -3.365563167968e-13       9.447391554395e-15       0.000000000000e+00       0.000000000000e+00       0.000000000000e+00 
  112       1.042882544115e-11       1.594394286364e-14      -3.289911166736e-13       9.347587263835e-15       0.000000000000e+00       0.000000000000e+00       0.000000000000e+00 
  113       1.000297344251e-11       1.588514582194e-14      -3.213754380663e-13       9.245279564466e-15       0.000000000000e+00       0.000000000000e+00       0.000000000000e+00 
  114       9.588934412451e-12       1.582072395583e-14      -3.137180862952e-13       9.140605267226e-15       0.000000000000e+00       0.000000000000e+00       0.000000000000e+00 
  115       9.186301730375e-12       1.575077421499e-14      -3.060278701090e-13       9.033704060108e-15       0.000000000000e+00       0.000000000000e+00       0.000000000000e+00 
  116       8.794702458054e-12       1.567539619936e-14      -2.983134020213e-13       8.924714503226e-15       0.000000000000e+00       0.000000000000e+00       0.000000000000e+00 
  117       8.414201152414e-12       1.559467905316e-14      -2.905824881650e-13       8.813761571231e-15       0.000000000000e+00       0.000000000000e+00       0.000000000000e+00 
  118       8.044940318446e-12       1.550871309840e-14      -2.828426495183e-13       8.700967492943e-15       0.000000000000e+00       0.000000000000e+00       0.000000000000e+00 
  119       7.687013724380e-12       1.541759392164e-14      -2.751012980070e-13       8.586455484201e-15       0.000000000000e+00       0.000000000000e+00       0.000000000000e+00 
  120       7.340464853133e-12       1.532142240524e-14      -2.673657271429e-13       8.470349661622e-15       0.000000000000e+00       0.000000000000e+00       0.000000000000e+00 
  121       7.005285353754e-12       1.522030475862e-14      -2.596431026619e-13       8.352774956373e-15       0.000000000000e+00       0.000000000000e+00       0.000000000000e+00 
  122       6.681413492863e-12       1.511435254957e-14      -2.519404531625e-13       8.233857027935e-15       0.000000000000e+00       0.000000000000e+00       0.000000000000e+00 
  123       6.368732606101e-12       1.500368273547e-14      -2.442646607442e-13       8.113722177871e-15       0.000000000000e+00       0.000000000000e+00       0.000000000000e+00 
  124       6.067069549571e-12       1.488841769458e-14      -2.366224516460e-13       7.992497263592e-15       0.000000000000e+00       0.000000000000e+00       0.000000000000e+00 
  125       5.776193151283e-12       1.476868525734e-14      -2.290203868843e-13       7.870309612124e-15       0.000000000000e+00       0.000000000000e+00       0.000000000000e+00 
  126       5.495812662597e-12       1.464461873759e-14      -2.214648528918e-13       7.747286933875e-15       0.000000000000e+00       0.000000000000e+00       0.000000000000e+00 
  127       5.225576209670e-12       1.451635696386e-14      -2.139620521554e-13       7.623557236401e-15       0.000000000000e+00       0.000000000000e+00       0.000000000000e+00 
  128       4.965069244899e-12       1.438404431064e-14      -2.065179938549e-13       7.499248738174e-15       0.000000000000e+00       0.000000000000e+00       0.000000000000e+00 
  129       4.713911642964e-12       1.424782533216e-14      -1.991385152990e-13       7.374487050638e-15       0.000000000000e+00       0.000000000000e+00       0.000000000000e+00 
  130       4.472064321072e-12       1.410782793163e-14      -1.918293687770e-13       7.249386558024e-15       0.000000000000e+00       0.000000000000e+00       0.000000000000e+00 
  131       4.239553485464e-12       1.396417839615e-14      -1.845961265873e-13       7.124057924527e-15       0.000000000000e+00       0.000000000000e+00       0.000000000000e+00 
  132       4.016374167575e-12       1.381700662142e-14      -1.774441420432e-13       6.998610636507e-15       0.000000000000e+00       0.000000000000e+00       0.000000000000e+00 
  133       3.802489381345e-12       1.366644610436e-14      -1.703785403307e-13       6.873152896711e-15       0.000000000000e+00       0.000000000000e+00       0.000000000000e+00 
  134       3.597829280527e-12       1.351263393577e-14      -1.634042093678e-13       6.747791518490e-15       0.000000000000e+00       0.000000000000e+00       0.000000000000e+00 
  135       3.402290315997e-12       1.335571079301e-14      -1.565257906632e-13       6.622631820019e-15       0.000000000000e+00       0.000000000000e+00       0.000000000000e+00 
  136       3.215734393060e-12       1.319582093259e-14      -1.497476701749e-13       6.497777518518e-15       0.000000000000e+00       0.000000000000e+00       0.000000000000e+00 
  137       3.037988028762e-12       1.303311218284e-14      -1.430739691687e-13       6.373330624472e-15       0.000000000000e+00       0.000000000000e+00       0.000000000000e+00 
  138       2.868841509199e-12       1.286773593661e-14      -1.365085350777e-13       6.249391335847e-15       0.000000000000e+00       0.000000000000e+00       0.000000000000e+00 
  139       2.708048046823e-12       1.269984714380e-14      -1.300549323600e-13       6.126057932316e-15       0.000000000000e+00       0.000000000000e+00       0.000000000000e+00 
  140       2.555322937755e-12       1.252960430414e-14      -1.237164333584e-13       6.003426669470e-15       0.000000000000e+00       0.000000000000e+00       0.000000000000e+00 
  141       2.410342719091e-12       1.235716945973e-14      -1.174960091586e-13       5.881591673047e-15       0.000000000000e+00       0.000000000000e+00       0.000000000000e+00 
  142       2.272744326211e-12       1.218270818773e-14      -1.113963204480e-13       5.760644833144e-15       0.000000000000e+00       0.000000000000e+00       0.000000000000e+00 
  143       2.142124250090e-12       1.200638959304e-14      -1.054197083745e-13       5.640675698441e-15       0.000000000000e+00       0.000000000000e+00       0.000000000000e+00 
  144       2.018113415293e-12       1.182837997848e-14      -9.956843370185e-14       5.521770966587e-15       0.000000000000e+00       0.000000000000e+00       0.000000000000e+00 
  145       1.900611912754e-12       1.164882316780e-14      -9.384544014671e-14       5.404013122049e-15       0.000000000000e+00       0.000000000000e+00       0.000000000000e+00 
  146       1.789575914322e-12       1.146785821981e-14      -8.825364926945e-14       5.287481462266e-15       0.000000000000e+00       0.000000000000e+00       0.000000000000e+00 
  147       1.684943626152e-12       1.128562553326e-14      -8.279571128926e-14       5.172252382275e-15       0.000000000000e+00       0.000000000000e+00       0.000000000000e+00 
  148       1.586634881188e-12       1.110226680317e-14      -7.747399736981e-14       5.058399266614e-15       0.000000000000e+00       0.000000000000e+00       0.000000000000e+00 
  149       1.494550731652e-12       1.091792497717e-14      -7.229059190503e-14       4.945992381217e-15       0.000000000000e+00       0.000000000000e+00       0.000000000000e+00 
  150       1.408573041528e-12       1.073274421174e-14      -6.724728480478e-14       4.835098765314e-15       0.000000000000e+00       0.000000000000e+00       0.000000000000e+00 
  151       1.328564079046e-12       1.054686982859e-14      -6.234556378060e-14       4.725782123331e-15       0.000000000000e+00       0.000000000000e+00       0.000000000000e+00 
  152       1.254366109168e-12       1.036044827092e-14      -5.758660663147e-14       4.618102716788e-15       0.000000000000e+00       0.000000000000e+00       0.000000000000e+00 
  153       1.185800986076e-12       1.017362705977e-14      -5.297127352951e-14       4.512117256197e-15       0.000000000000e+00       0.000000000000e+00       0.000000000000e+00 
  154       1.122669745652e-12       9.986554750314e-15      -4.850009930572e-14       4.407878792961e-15       0.000000000000e+00       0.000000000000e+00       0.000000000000e+00 
  155       1.064752197968e-12       9.799380888169e-15      -4.417328573568e-14       4.305436611273e-15       0.000000000000e+00       0.000000000000e+00       0.000000000000e+00 
  156       1.011806519771e-12       9.612255965710e-15      -3.999069382535e-14       4.204836120016e-15       0.000000000000e+00       0.000000000000e+00       0.000000000000e+00 
  157       9.635688469637e-13       9.425331378379e-15      -3.595183609672e-14       4.106118744659e-15       0.000000000000e+00       0.000000000000e+00       0.000000000000e+00 
  158       9.197528670966e-13       9.238759381001e-15      -3.205586887360e-14       4.009321819157e-15       0.000000000000e+00       0.000000000000e+00       0.000000000000e+00 
  159       8.800494118478e-13       9.052693044089e-15      -2.830158456731e-14       3.914478477852e-15       0.000000000000e+00       0.000000000000e+00       0.000000000000e+00 
  160       8.441260495111e-13       8.867286210162e-15      -2.468740396243e-14       3.821617547369e-15       0.000000000000e+00       0.000000000000e+00       0.000000000000e+00 
  161       8.116802022869e-13       8.682687529251e-15      -2.121186603923e-14       3.730766734936e-15       0.000000000000e+00       0.000000000000e+00       0.000000000000e+00 
  162       7.826046324215e-13       8.499022064419e-15      -1.787516231411e-14       3.641962737151e-15       0.000000000000e+00       0.000000000000e+00       0.000000000000e+00 
  163       7.568358797532e-13       8.316407968502e-15      -1.467772407348e-14       3.555241822723e-15       0.000000000000e+00       0.000000000000e+00       0.000000000000e+00 
  164       7.343018931481e-13       8.134962188240e-15      -1.161973165858e-14       3.470636524257e-15       0.000000000000e+00       0.000000000000e+00       0.000000000000e+00 
  165       7.149218692464e-13       7.954800393345e-15      -8.701109040320e-15       3.388175545322e-15       0.000000000000e+00       0.000000000000e+00       0.000000000000e+00 
  166       6.986060912087e-13       7.776036905572e-15      -5.921518394145e-15       3.307883667510e-15       0.000000000000e+00       0.000000000000e+00       0.000000000000e+00 
  167       6.852557674620e-13       7.598784627792e-15      -3.280354674824e-15       3.229781657506e-15       0.000000000000e+00       0.000000000000e+00       0.000000000000e+00 
  168       6.747628704462e-13       7.423154973059e-15      -7.767401913090e-16       3.153886174153e-15       0.000000000000e+00       0.000000000000e+00       0.000000000000e+00 
  169       6.670099753600e-13       7.249257793680e-15       1.590480818439e-15       3.080209675514e-15       0.000000000000e+00       0.000000000000e+00       0.000000000000e+00 
  170       6.618700989077e-13       7.077201310290e-15       3.822747612613e-15       3.008760325941e-15       0.000000000000e+00       0.000000000000e+00       0.000000000000e+00 
  171       6.592065380446e-13       6.907092040917e-15       5.921788370729e-15       2.939541903137e-15       0.000000000000e+00       0.000000000000e+00       0.000000000000e+00 
  172       6.588727087242e-13       6.739034730055e-15       7.889625618791e-15       2.872553705224e-15       0.000000000000e+00       0.000000000000e+00       0.000000000000e+00 
  173       6.607119846435e-13       6.573132277734e-15       9.728581654458e-15       2.807790457804e-15       0.000000000000e+00       0.000000000000e+00       0.000000000000e+00 
  174       6.645575359900e-13       6.409485668589e-15       1.144128397221e-14       2.745242221029e-15       0.000000000000e+00       0.000000000000e+00       0.000000000000e+00 
  175       6.702321681874e-13       6.248193900933e-15       1.303067068852e-14       2.684894296664e-15       0.000000000000e+00       0.000000000000e+00       0.000000000000e+00 
  176       6.775481606421e-13       6.089353915826e-15       1.449999596700e-14       2.626727135151e-15       0.000000000000e+00       0.000000000000e+00       0.000000000000e+00 
  177       6.863071054893e-13       5.933060526144e-15       1.585283544360e-14       2.570716242678e-15       0.000000000000e+00       0.000000000000e+00       0.000000000000e+00 
  178       6.962997463394e-13       5.779406345651e-15       1.709309165174e-14       2.516832088237e-15       0.000000000000e+00       0.000000000000e+00       0.000000000000e+00 
  179       7.073058170242e-13       5.628481718068e-15       1.822499944752e-14       2.465040010698e-15       0.000000000000e+00       0.000000000000e+00       0.000000000000e+00 
  180       7.191271079702e-13       5.480371779168e-15       1.925249184858e-14       2.415307680936e-15       0.000000000000e+00       0.000000000000e+00       0.000000000000e+00 
  181       7.316899413935e-13       5.335147530073e-15       2.017722984850e-14       2.367628345664e-15       0.000000000000e+00       0.000000000000e+00       0.000000000000e+00 
  182       7.449505509802e-13       5.192873916528e-15       2.100042604936e-14       2.321999257049e-15       0.000000000000e+00       0.000000000000e+00       0.000000000000e+00 
  183       7.588625476625e-13       5.053612551205e-15       2.172347322220e-14       2.278414219035e-15       0.000000000000e+00       0.000000000000e+00       0.000000000000e+00 
  184       7.733768807505e-13       4.917421632217e-15       2.234794737639e-14       2.236863522235e-15       0.000000000000e+00       0.000000000000e+00       0.000000000000e+00 
  185       7.884417990642e-13       4.784355861625e-15       2.287561082907e-14       2.197333878824e-15       0.000000000000e+00       0.000000000000e+00       0.000000000000e+00 
  186       8.040028120645e-13       4.654466363951e-15       2.330841527459e-14       2.159808357433e-15       0.000000000000e+00       0.000000000000e+00       0.000000000000e+00 
  187       8.200026509853e-13       4.527800604685e-15       2.364850485387e-14       2.124266318037e-15       0.000000000000e+00       0.000000000000e+00       0.000000000000e+00 
  188       8.363812299647e-13       4.404402308801e-15       2.389821922386e-14       2.090683346851e-15       0.000000000000e+00       0.000000000000e+00       0.000000000000e+00 
  189       8.530756071768e-13       4.284311379262e-15       2.406009662695e-14       2.059031191221e-15       0.000000000000e+00       0.000000000000e+00       0.000000000000e+00 
  190       8.700199459635e-13       4.167563815536e-15       2.413687696036e-14       2.029277694515e-15       0.000000000000e+00       0.000000000000e+00       0.000000000000e+00 
  191       8.871454759657e-13       4.054191632102e-15       2.413150484560e-14       2.001386731019e-15       0.000000000000e+00       0.000000000000e+00       0.000000000000e+00 
  192       9.043804542551e-13       3.944222776961e-15       2.404713269783e-14       1.975318140826e-15       0.000000000000e+00       0.000000000000e+00       0.000000000000e+00 
  193       9.216501264657e-13       3.837681050151e-15       2.388712379533e-14       1.951027664728e-15       0.000000000000e+00       0.000000000000e+00       0.000000000000e+00 
  194       9.388766879258e-13       3.734586022252e-15       2.365505534889e-14       1.928466879111e-15       0.000000000000e+00       0.000000000000e+00       0.000000000000e+00 
  195       9.559792447889e-13       3.634952952899e-15       2.335472157121e-14       1.907583130847e-15       0.000000000000e+00       0.000000000000e+00       0.000000000000e+00 
  196       9.728737751660e-13       3.538792709294e-15       2.299013674636e-14       1.888319472183e-15       0.000000000000e+00       0.000000000000e+00       0.000000000000e+00 
  197       9.894730902567e-13       3.446111684714e-15       2.256553829915e-14       1.870614595636e-15       0.000000000000e+00       0.000000000000e+00       0.000000000000e+00 
  198       1.005686795481e-12       3.356911717023e-15       2.208538986457e-14       1.854402768887e-15       0.000000000000e+00       0.000000000000e+00       0.000000000000e+00 
  199       1.021421251611e-12       3.271190007181e-15       2.155438435722e-14       1.839613769667e-15       0.000000000000e+00       0.000000000000e+00       0.000000000000e+00 
  200       1.036579535902e-12       3.188939037757e-15       2.097744704068e-14       1.826172820658e-15       0.000000000000e+00       0.000000000000e+00       0.000000000000e+00 
  201       1.051076919924e-12       3.110149900366e-15       2.035908447549e-14       1.814011020133e-15       0.000000000000e+00       0.000000000000e+00       0.000000000000e+00 
  202       1.064888615948e-12       3.034822712318e-15       1.970137315480e-14       1.803097599599e-15       0.000000000000e+00       0.000000000000e+00       0.000000000000e+00 
  203       1.078005370149e-12       2.962956787757e-15       1.900583294676e-14       1.793409847480e-15       0.000000000000e+00       0.000000000000e+00       0.000000000000e+00 
  204       1.090418259397e-12       2.894547224654e-15       1.827406943154e-14       1.784922786590e-15       0.000000000000e+00       0.000000000000e+00       0.000000000000e+00 
  205       1.102118698247e-12       2.829584833394e-15       1.750777503741e-14       1.777609140052e-15       0.000000000000e+00       0.000000000000e+00       0.000000000000e+00 
  206       1.113098445931e-12       2.768056065359e-15       1.670873017693e-14       1.771439297206e-15       0.000000000000e+00       0.000000000000e+00       0.000000000000e+00 
  207       1.123349613350e-12       2.709942941517e-15       1.587880438310e-14       1.766381279525e-15       0.000000000000e+00       0.000000000000e+00       0.000000000000e+00 
  208       1.132864670066e-12       2.655222981006e-15       1.501995744547e-14       1.762400706525e-15       0.000000000000e+00       0.000000000000e+00       0.000000000000e+00 
  209       1.141636451291e-12       2.603869129721e-15       1.413424054631e-14       1.759460761678e-15       0.000000000000e+00       0.000000000000e+00       0.000000000000e+00 
  210       1.149658164880e-12       2.555849688896e-15       1.322379739677e-14       1.757522158326e-15       0.000000000000e+00       0.000000000000e+00       0.000000000000e+00 
  211       1.156923398326e-12       2.511128243695e-15       1.229086537301e-14       1.756543105595e-15       0.000000000000e+00       0.000000000000e+00       0.000000000000e+00 
  212       1.163426125743e-12       2.469663591793e-15       1.133777665235e-14       1.756479274304e-15       0.000000000000e+00       0.000000000000e+00       0.000000000000e+00 
  213       1.169160714868e-12       2.431409671965e-15       1.036695934940e-14       1.757283762881e-15       0.000000000000e+00       0.000000000000e+00       0.000000000000e+00 
  214       1.174121934043e-12       2.396315492670e-15       9.380938652254e-15       1.758907063272e-15       0.000000000000e+00       0.000000000000e+00       0.000000000000e+00 
  215       1.178304959213e-12       2.364325060639e-15       8.382337958589e-15       1.761297026858e-15       0.000000000000e+00       0.000000000000e+00       0.000000000000e+00 
  216       1.181705380914e-12       2.335377309456e-15       7.373880011839e-15       1.764398830367e-15       0.000000000000e+00       0.000000000000e+00       0.000000000000e+00 
  217       1.184319211267e-12       2.309406028148e-15       6.358388037334e-15       1.768154941783e-15       0.000000000000e+00       0.000000000000e+00       0.000000000000e+00 
  218       1.186142890967e-12       2.286339789769e-15       5.338786878448e-15       1.772505086264e-15       0.000000000000e+00       0.000000000000e+00       0.000000000000e+00 
  219       1.187173296277e-12       2.266101879988e-15       4.318104132745e-15       1.777386212048e-15       0.000000000000e+00       0.000000000000e+00       0.000000000000e+00 
  220       1.187407746016e-12       2.248610225669e-15       3.299471288130e-15       1.782732456374e-15       0.000000000000e+00       0.000000000000e+00       0.000000000000e+00 
  221       1.186844008554e-12       2.233777323464e-15       2.286124858991e-15       1.788475111387e-15       0.000000000000e+00       0.000000000000e+00       0.000000000000e+00 
  222       1.185480308803e-12       2.221510168393e-15       1.281407522352e-15       1.794542590058e-15       0.000000000000e+00       0.000000000000e+00       0.000000000000e+00 
  223       1.183315335208e-12       2.211710182432e-15       2.887692540140e-16       1.800860392088e-15       0.000000000000e+00       0.000000000000e+00       0.000000000000e+00 
  224       1.180350380866e-12       2.204284725148e-15      -6.887217848147e-16       1.807361591796e-15       0.000000000000e+00       0.000000000000e+00       0.000000000000e+00 
  225       1.176595905351e-12       2.199182595710e-15      -1.649883877769e-15       1.814019121491e-15       0.000000000000e+00       0.000000000000e+00       0.000000000000e+00 
  226       1.172065408367e-12       2.196360675501e-15      -2.594011675067e-15       1.820815498009e-15       0.000000000000e+00       0.000000000000e+00       0.000000000000e+00 
  227       1.166773345542e-12       2.195772507679e-15      -3.520394671189e-15       1.827732478354e-15       0.000000000000e+00       0.000000000000e+00       0.000000000000e+00 
  228       1.160735140503e-12       2.197368253334e-15      -4.428317235997e-15       1.834751050660e-15       0.000000000000e+00       0.000000000000e+00       0.000000000000e+00 
  229       1.153967196950e-12       2.201094647656e-15      -5.317058645843e-15       1.841851425157e-15       0.000000000000e+00       0.000000000000e+00       0.000000000000e+00 
  230       1.146486910727e-12       2.206894956091e-15      -6.185893114688e-15       1.849013025134e-15       0.000000000000e+00       0.000000000000e+00       0.000000000000e+00 
  231       1.138312681894e-12       2.214708930507e-15      -7.034089825208e-15       1.856214477910e-15       0.000000000000e+00       0.000000000000e+00       0.000000000000e+00 
  232       1.129463926803e-12       2.224472765355e-15      -7.860912959915e-15       1.863433605791e-15       0.000000000000e+00       0.000000000000e+00       0.000000000000e+00 
  233       1.119961090168e-12       2.236119053830e-15      -8.665621732268e-15       1.870647417041e-15       0.000000000000e+00       0.000000000000e+00       0.000000000000e+00 
  234       1.109825657137e-12       2.249576744034e-15      -9.447470417782e-15       1.877832096846e-15       0.000000000000e+00       0.000000000000e+00       0.000000000000e+00 
  235       1.099080165370e-12       2.264771095140e-15      -1.020570838515e-14       1.884962998276e-15       0.000000000000e+00       0.000000000000e+00       0.000000000000e+00 
  236       1.087748217103e-12       2.281623633549e-15      -1.093958012735e-14       1.892014633254e-15       0.000000000000e+00       0.000000000000e+00       0.000000000000e+00 
  237       1.075854491232e-12       2.300052109055e-15      -1.164832529276e-14       1.898960663516e-15       0.000000000000e+00       0.000000000000e+00       0.000000000000e+00 
  238       1.063424755373e-12       2.319970451009e-15      -1.233117871628e-14       1.905773891584e-15       0.000000000000e+00       0.000000000000e+00       0.000000000000e+00 
  239       1.050485877947e-12       2.341288724478e-15      -1.298737045041e-14       1.912426251721e-15       0.000000000000e+00       0.000000000000e+00       0.000000000000e+00 
  240       1.037065840244e-12       2.363913086407e-15      -1.361612579644e-14       1.918888800905e-15       0.000000000000e+00       0.000000000000e+00       0.000000000000e+00 
  241       1.023193748500e-12       2.387745741783e-15      -1.421666533547e-14       1.925131709788e-15       0.000000000000e+00       0.000000000000e+00       0.000000000000e+00 
  242       1.008899845968e-12       2.412684899794e-15      -1.478820495959e-14       1.931124253664e-15       0.000000000000e+00       0.000000000000e+00       0.000000000000e+00 
  243       9.942155249926e-13       2.438624729997e-15      -1.532995590296e-14       1.936834803434e-15       0.000000000000e+00       0.000000000000e+00       0.000000000000e+00 
  244       9.791733390804e-13       2.465455318472e-15      -1.584112477295e-14       1.942230816567e-15       0.000000000000e+00       0.000000000000e+00       0.000000000000e+00 
  245       9.638070149748e-13       2.493062623989e-15      -1.632091358123e-14       1.947278828073e-15       0.000000000000e+00       0.000000000000e+00       0.000000000000e+00 
  246       9.481514647276e-13       2.521328434170e-15      -1.676851977489e-14       1.951944441460e-15       0.000000000000e+00       0.000000000000e+00       0.000000000000e+00 
  247       9.322427977724e-13       2.550130321650e-15      -1.718313626756e-14       1.956192319703e-15       0.000000000000e+00       0.000000000000e+00       0.000000000000e+00 
  248       9.161183329968e-13       2.579341600237e-15      -1.756395147053e-14       1.959986176209e-15       0.000000000000e+00       0.000000000000e+00       0.000000000000e+00 
  249       8.998166108158e-13       2.608831281079e-15      -1.791014932383e-14       1.963288765780e-15       0.000000000000e+00       0.000000000000e+00       0.000000000000e+00 
  250       8.833727899079e-13       2.638481034991e-15      -1.822109274274e-14       1.966068427675e-15       0.000000000000e+00       0.000000000000e+00       0.000000000000e+00 
  251       8.668045178989e-13       2.668237255528e-15      -1.849688563349e-14       1.968319152193e-15       0.000000000000e+00       0.000000000000e+00       0.000000000000e+00 
  252       8.501252685530e-13       2.698061915960e-15      -1.873784337872e-14       1.970041654827e-15       0.000000000000e+00       0.000000000000e+00       0.000000000000e+00 
  253       8.333488869515e-13       2.727915822257e-15      -1.894431272108e-14       1.971236931871e-15       0.000000000000e+00       0.000000000000e+00       0.000000000000e+00 
  254       8.164895927394e-13       2.757758601774e-15      -1.911667214511e-14       1.971906263913e-15       0.000000000000e+00       0.000000000000e+00       0.000000000000e+00 
  255       7.995619833718e-13       2.787548691932e-15      -1.925533225912e-14       1.972051219331e-15       0.000000000000e+00       0.000000000000e+00       0.000000000000e+00 
  256       7.825810373608e-13       2.817243328906e-15      -1.936073617703e-14       1.971673657790e-15       0.000000000000e+00       0.000000000000e+00       0.000000000000e+00 
  257       7.655621175221e-13       2.846798536303e-15      -1.943335990026e-14       1.970775733734e-15       0.000000000000e+00       0.000000000000e+00       0.000000000000e+00 
  258       7.485209742215e-13       2.876169113852e-15      -1.947371269958e-14       1.969359899882e-15       0.000000000000e+00       0.000000000000e+00       0.000000000000e+00 
  259       7.314737486215e-13       2.905308626085e-15      -1.948233749701e-14       1.967428910724e-15       0.000000000000e+00       0.000000000000e+00       0.000000000000e+00 
  260       7.144369759284e-13       2.934169391020e-15      -1.945981124764e-14       1.964985826014e-15       0.000000000000e+00       0.000000000000e+00       0.000000000000e+00 
  261       6.974275886380e-13       2.962702468844e-15      -1.940674532154e-14       1.962034014266e-15       0.000000000000e+00       0.000000000000e+00       0.000000000000e+00 
  262       6.804629197832e-13       2.990857650600e-15      -1.932378588561e-14       1.958577156249e-15       0.000000000000e+00       0.000000000000e+00       0.000000000000e+00 
  263       6.635607061799e-13       3.018583446870e-15      -1.921161428546e-14       1.954619248482e-15       0.000000000000e+00       0.000000000000e+00       0.000000000000e+00 
  264       6.467390916743e-13       3.045827076455e-15      -1.907094742725e-14       1.950164606727e-15       0.000000000000e+00       0.000000000000e+00       0.000000000000e+00 
  265       6.300166303887e-13       3.072534455064e-15      -1.890253815958e-14       1.945217869488e-15       0.000000000000e+00       0.000000000000e+00       0.000000000000e+00 
  266       6.134122899690e-13       3.098650183994e-15      -1.870717565538e-14       1.939784001501e-15       0.000000000000e+00       0.000000000000e+00       0.000000000000e+00 
  267       5.969454548306e-13       3.124117538815e-15      -1.848568579373e-14       1.933868297233e-15       0.000000000000e+00       0.000000000000e+00       0.000000000000e+00 
  268       5.806359294055e-13       3.148878458056e-15      -1.823893154174e-14       1.927476384375e-15       0.000000000000e+00       0.000000000000e+00       0.000000000000e+00 
  269       5.645039413887e-13       3.172873531885e-15      -1.796781333645e-14       1.920614227338e-15       0.000000000000e+00       0.000000000000e+00       0.000000000000e+00 
  270       5.485701449850e-13       3.196041990794e-15      -1.767326946666e-14       1.913288130744e-15       0.000000000000e+00       0.000000000000e+00       0.000000000000e+00 
  271       5.328556241553e-13       3.218321694283e-15      -1.735627645485e-14       1.905504742927e-15       0.000000000000e+00       0.000000000000e+00       0.000000000000e+00 
  272       5.173818958636e-13       3.239649119546e-15      -1.701784943896e-14       1.897271059424e-15       0.000000000000e+00       0.000000000000e+00       0.000000000000e+00 
  273       5.021709133235e-13       3.259959350152e-15      -1.665904255434e-14       1.888594426472e-15       0.000000000000e+00       0.000000000000e+00       0.000000000000e+00 
  274       4.872450692447e-13       3.279186064728e-15      -1.628094931560e-14       1.879482544500e-15       0.000000000000e+00       0.000000000000e+00       0.000000000000e+00 
  275       4.726271990798e-13       3.297261525646e-15      -1.588470299845e-14       1.869943471627e-15       0.000000000000e+00       0.000000000000e+00       0.000000000000e+00 
  276       4.583405842708e-13       3.314116567705e-15      -1.547147702157e-14       1.859985627154e-15       0.000000000000e+00       0.000000000000e+00       0.000000000000e+00 
  277       4.444089554958e-13       3.329680586813e-15      -1.504248532852e-14       1.849617795064e-15       0.000000000000e+00       0.000000000000e+00       0.000000000000e+00 
  278       4.308564959156e-13       3.343881528676e-15      -1.459898276957e-14       1.838849127509e-15       0.000000000000e+00       0.000000000000e+00       0.000000000000e+00 
  279       4.177037468445e-13       3.356658912113e-15      -1.414213450428e-14       1.827689281477e-15       0.000000000000e+00       0.000000000000e+00       0.000000000000e+00 
  280       4.049550832822e-13       3.368003669163e-15      -1.367261593413e-14       1.816148829405e-15       0.000000000000e+00       0.000000000000e+00       0.000000000000e+00 
  281       3.926105958304e-13       3.377920347003e-15      -1.319099278684e-14       1.804238876645e-15       0.000000000000e+00       0.000000000000e+00       0.000000000000e+00 
  282       3.806701267882e-13       3.386414267886e-15      -1.269785040858e-14       1.791970933900e-15       0.000000000000e+00       0.000000000000e+00       0.000000000000e+00 
  283       3.691332671054e-13       3.393491537854e-15      -1.219379394464e-14       1.779356920920e-15       0.000000000000e+00       0.000000000000e+00       0.000000000000e+00 
  284       3.579993533341e-13       3.399159055438e-15      -1.167944852010e-14       1.766409170204e-15       0.000000000000e+00       0.000000000000e+00       0.000000000000e+00 
  285       3.472674645816e-13       3.403424520370e-15      -1.115545942048e-14       1.753140430699e-15       0.000000000000e+00       0.000000000000e+00       0.000000000000e+00 
  286       3.369364194624e-13       3.406296442286e-15      -1.062249227245e-14       1.739563871498e-15       0.000000000000e+00       0.000000000000e+00       0.000000000000e+00 
  287       3.270047730506e-13       3.407784149430e-15      -1.008123322445e-14       1.725693085543e-15       0.000000000000e+00       0.000000000000e+00       0.000000000000e+00 
  288       3.174708138324e-13       3.407897797368e-15      -9.532389127419e-15       1.711542093319e-15       0.000000000000e+00       0.000000000000e+00       0.000000000000e+00 
  289       3.083325606584e-13       3.406648377684e-15      -8.976687715421e-15       1.697125346559e-15       0.000000000000e+00       0.000000000000e+00       0.000000000000e+00 
  290       2.995877596957e-13       3.404047726697e-15      -8.414877786332e-15       1.682457731941e-15       0.000000000000e+00       0.000000000000e+00       0.000000000000e+00 
  291       2.912338813807e-13       3.400108534157e-15      -7.847729382513e-15       1.667554574786e-15       0.000000000000e+00       0.000000000000e+00       0.000000000000e+00 
  292       2.832681173711e-13       3.394844351958e-15      -7.276033971478e-15       1.652431642762e-15       0.000000000000e+00       0.000000000000e+00       0.000000000000e+00 
  293       2.756873774982e-13       3.388269602844e-15      -6.700604626563e-15       1.637105149577e-15       0.000000000000e+00       0.000000000000e+00       0.000000000000e+00 
  294       2.684882867196e-13       3.380399589112e-15      -6.122276207603e-15       1.621591758683e-15       0.000000000000e+00       0.000000000000e+00       0.000000000000e+00 
  295       2.616671820713e-13       3.371250501319e-15      -5.541905541595e-15       1.605908586977e-15       0.000000000000e+00       0.000000000000e+00       0.000000000000e+00 
  296       2.552201096199e-13       3.360839426991e-15      -4.960371603375e-15       1.590073208496e-15       0.000000000000e+00       0.000000000000e+00       0.000000000000e+00 
  297       2.491428214154e-13       3.349184359327e-15      -4.378575696287e-15       1.574103658116e-15       0.000000000000e+00       0.000000000000e+00       0.000000000000e+00 
  298       2.434307724431e-13       3.336304205904e-15      -3.797441632853e-15       1.558018435259e-15       0.000000000000e+00       0.000000000000e+00       0.000000000000e+00 
  299       2.380791175762e-13       3.322218797387e-15      -3.217915915445e-15       1.541836507584e-15       0.000000000000e+00       0.000000000000e+00       0.000000000000e+00 
  300       2.330827085281e-13       3.306948896232e-15      -2.640967916956e-15       1.525577314690e-15       0.000000000000e+00       0.000000000000e+00       0.000000000000e+00 
  301       2.284360908047e-13       3.290516205393e-15      -2.067590061469e-15       1.509260771817e-15       0.000000000000e+00       0.000000000000e+00       0.000000000000e+00 
  302       2.241335006567e-13       3.272943377031e-15      -1.498798004931e-15       1.492907273541e-15       0.000000000000e+00       0.000000000000e+00       0.000000000000e+00 
  303       2.201688620322e-13       3.254254021215e-15      -9.356308158222e-16       1.476537697479e-15       0.000000000000e+00       0.000000000000e+00       0.000000000000e+00 
  304       2.165357835287e-13       3.234472714633e-15      -3.791511558263e-16       1.460173407984e-15       0.000000000000e+00       0.000000000000e+00       0.000000000000e+00 
  305       2.132275553457e-13       3.213625009296e-15       1.695545394972e-16       1.443836259847e-15       0.000000000000e+00       0.000000000000e+00       0.000000000000e+00 
  306       2.102371462368e-13       3.191737441245e-15       7.093758800429e-16       1.427548601996e-15       0.000000000000e+00       0.000000000000e+00       0.000000000000e+00 
  307       2.075572004626e-13       3.168837539257e-15       1.239178340488e-15       1.411333281195e-15       0.000000000000e+00       0.000000000000e+00       0.000000000000e+00 
  308       2.051800347422e-13       3.144953833550e-15       1.757803079623e-15       1.395213645741e-15       0.000000000000e+00       0.000000000000e+00       0.000000000000e+00 
  309       2.030976352063e-13       3.120115864491e-15       2.264066759677e-15       1.379213549171e-15       0.000000000000e+00       0.000000000000e+00       0.000000000000e+00 
  310       2.013016543491e-13       3.094354191304e-15       2.756761365653e-15       1.363357353952e-15       0.000000000000e+00       0.000000000000e+00       0.000000000000e+00 
  311       1.997834079810e-13       3.067700400770e-15       3.234654024649e-15       1.347669935187e-15       0.000000000000e+00       0.000000000000e+00       0.000000000000e+00 
  312       1.985344950470e-13       3.040186099925e-15       3.696693835833e-15       1.332173095543e-15       0.000000000000e+00       0.000000000000e+00       0.000000000000e+00 
  313       1.975486951205e-13       3.011839824610e-15       4.142643337613e-15       1.316874618597e-15       0.000000000000e+00       0.000000000000e+00       0.000000000000e+00 
  314       1.968201529991e-13       2.982690004485e-15       4.572475987397e-15       1.301778714797e-15       0.000000000000e+00       0.000000000000e+00       0.000000000000e+00 
  315       1.963427615026e-13       2.952765973536e-15       4.986171865927e-15       1.286889563727e-15       0.000000000000e+00       0.000000000000e+00       0.000000000000e+00 
  316       1.961101591914e-13       2.922097977537e-15       5.383717750979e-15       1.272211313404e-15       0.000000000000e+00       0.000000000000e+00       0.000000000000e+00 
  317       1.961157280837e-13       2.890717181505e-15       5.765107191071e-15       1.257748079562e-15       0.000000000000e+00       0.000000000000e+00       0.000000000000e+00 
  318       1.963525913735e-13       2.858655677158e-15       6.130340579164e-15       1.243503944943e-15       0.000000000000e+00       0.000000000000e+00       0.000000000000e+00 
  319       1.968136111482e-13       2.825946490373e-15       6.479425226370e-15       1.229482958587e-15       0.000000000000e+00       0.000000000000e+00       0.000000000000e+00 
  320       1.974913861064e-13       2.792623588644e-15       6.812375435653e-15       1.215689135123e-15       0.000000000000e+00       0.000000000000e+00       0.000000000000e+00 
  321       1.983782492756e-13       2.758721888540e-15       7.129212575536e-15       1.202126454054e-15       0.000000000000e+00       0.000000000000e+00       0.000000000000e+00 
  322       1.994662657298e-13       2.724277263162e-15       7.429965153805e-15       1.188798859052e-15       0.000000000000e+00       0.000000000000e+00       0.000000000000e+00 
  323       2.007472303076e-13       2.689326549602e-15       7.714668891210e-15       1.175710257244e-15       0.000000000000e+00       0.000000000000e+00       0.000000000000e+00 
  324       2.022126653295e-13       2.653907556399e-15       7.983366795176e-15       1.162864518505e-15       0.000000000000e+00       0.000000000000e+00       0.000000000000e+00 
  325       2.038538183159e-13       2.618059070999e-15       8.236109233501e-15       1.150265474741e-15       0.000000000000e+00       0.000000000000e+00       0.000000000000e+00 
  326       2.056616597046e-13       2.581820867210e-15       8.472954008063e-15       1.137916919188e-15       0.000000000000e+00       0.000000000000e+00       0.000000000000e+00 
  327       2.076268805688e-13       2.545233712662e-15       8.693966428526e-15       1.125822605692e-15       0.000000000000e+00       0.000000000000e+00       0.000000000000e+00 
  328       2.097398903347e-13       2.508339376265e-15       8.899219386042e-15       1.113986248006e-15       0.000000000000e+00       0.000000000000e+00       0.000000000000e+00 
  329       2.119908144991e-13       2.471180635665e-15       9.088793426956e-15       1.102411519075e-15       0.000000000000e+00       0.000000000000e+00       0.000000000000e+00 
  330       2.143694923474e-13       2.433801284702e-15       9.262776826511e-15       1.091102050329e-15       0.000000000000e+00       0.000000000000e+00       0.000000000000e+00 
  331       2.168654746711e-13       2.396246140870e-15       9.421265662551e-15       1.080061430970e-15       0.000000000000e+00       0.000000000000e+00       0.000000000000e+00 
  332       2.194680214855e-13       2.358561052772e-15       9.564363889228e-15       1.069293207260e-15       0.000000000000e+00       0.000000000000e+00       0.000000000000e+00 
  333       2.221660997479e-13       2.320792907579e-15       9.692183410704e-15       1.058800881818e-15       0.000000000000e+00       0.000000000000e+00       0.000000000000e+00 
  334       2.249483810744e-13       2.282989638489e-15       9.804844154857e-15       1.048587912900e-15       0.000000000000e+00       0.000000000000e+00       0.000000000000e+00 
  335       2.278032394587e-13       2.245200232181e-15       9.902474146983e-15       1.038657713695e-15       0.000000000000e+00       0.000000000000e+00       0.000000000000e+00 
  336       2.307187489891e-13       2.207474736279e-15       9.985209583503e-15       1.029013651613e-15       0.000000000000e+00       0.000000000000e+00       0.000000000000e+00 
  337       2.336826815664e-13       2.169864266802e-15       1.005319490567e-14       1.019659047573e-15       0.000000000000e+00       0.000000000000e+00       0.000000000000e+00 
  338       2.366825046217e-13       2.132421015629e-15       1.010658287326e-14       1.010597175296e-15       0.000000000000e+00       0.000000000000e+00       0.000000000000e+00 
  339       2.397053788343e-13       2.095198257951e-15       1.014553463829e-14       1.001831260591e-15       0.000000000000e+00       0.000000000000e+00       0.000000000000e+00 
  340       2.427381558488e-13       2.058250359734e-15       1.017021981874e-14       9.933644806452e-16       0.000000000000e+00       0.000000000000e+00       0.000000000000e+00 
  341       2.457673759937e-13       2.021632785173e-15       1.018081657220e-14       9.851999633163e-16       0.000000000000e+00       0.000000000000e+00       0.000000000000e+00 
  342       2.487792659985e-13       1.985402104151e-15       1.017751166963e-14       9.773407864191e-16       0.000000000000e+00       0.000000000000e+00       0.000000000000e+00 
  343       2.517597367115e-13       1.949615999695e-15       1.016050056904e-14       9.697899770164e-16       0.000000000000e+00       0.000000000000e+00       0.000000000000e+00 
  344       2.546943808179e-13       1.914333275439e-15       1.012998748921e-14       9.625505107085e-16       0.000000000000e+00       0.000000000000e+00       0.000000000000e+00 
  345       2.575684705570e-13       1.879613863075e-15       1.008618548338e-14       9.556253109224e-16       0.000000000000e+00       0.000000000000e+00       0.000000000000e+00 
  346       2.603669554404e-13       1.845518829816e-15       1.002931651294e-14       9.490172482018e-16       0.000000000000e+00       0.000000000000e+00       0.000000000000e+00 
  347       2.630744599694e-13       1.812110385851e-15       9.959611521175e-15       9.427291394963e-16       0.000000000000e+00       0.000000000000e+00       0.000000000000e+00 
  348       2.656752813528e-13       1.779451891804e-15       9.877310506935e-15       9.367637474514e-16       0.000000000000e+00       0.000000000000e+00       0.000000000000e+00 
  349       2.681560465389e-13       1.747597680464e-15       9.782670118992e-15       9.311225391921e-16       0.000000000000e+00       0.000000000000e+00       0.000000000000e+00 
  350       2.705138097913e-13       1.716562040100e-15       9.675986636433e-15       9.258019072250e-16       0.000000000000e+00       0.000000000000e+00       0.000000000000e+00 
  351       2.727482869959e-13       1.686348957395e-15       9.557574087156e-15       9.207967901706e-16       0.000000000000e+00       0.000000000000e+00       0.000000000000e+00 
  352       2.748592270251e-13       1.656962184392e-15       9.427756894156e-15       9.161018971838e-16       0.000000000000e+00       0.000000000000e+00       0.000000000000e+00 
  353       2.768464120688e-13       1.628405235934e-15       9.286869956614e-15       9.117117060240e-16       0.000000000000e+00       0.000000000000e+00       0.000000000000e+00 
  354       2.787096579641e-13       1.600681387127e-15       9.135258730992e-15       9.076204611264e-16       0.000000000000e+00       0.000000000000e+00       0.000000000000e+00 
  355       2.804488145256e-13       1.573793670780e-15       8.973279312124e-15       9.038221716728e-16       0.000000000000e+00       0.000000000000e+00       0.000000000000e+00 
  356       2.820637658758e-13       1.547744874865e-15       8.801298514310e-15       9.003106096627e-16       0.000000000000e+00       0.000000000000e+00       0.000000000000e+00 
  357       2.835544307753e-13       1.522537539966e-15       8.619693952410e-15       8.970793079839e-16       0.000000000000e+00       0.000000000000e+00       0.000000000000e+00 
  358       2.849207629529e-13       1.498173956725e-15       8.428854122931e-15       8.941215584836e-16       0.000000000000e+00       0.000000000000e+00       0.000000000000e+00 
  359       2.861627514360e-13       1.474656163303e-15       8.229178485128e-15       8.914304100393e-16       0.000000000000e+00       0.000000000000e+00       0.000000000000e+00 
  360       2.872804208808e-13       1.451985942823e-15       8.021077542089e-15       8.889986666297e-16       0.000000000000e+00       0.000000000000e+00       0.000000000000e+00 
  361       2.882738319023e-13       1.430164820825e-15       7.804972921834e-15       8.868188854055e-16       0.000000000000e+00       0.000000000000e+00       0.000000000000e+00 
  362       2.891430814049e-13       1.409194062717e-15       7.581297458401e-15       8.848833747605e-16       0.000000000000e+00       0.000000000000e+00       0.000000000000e+00 
  363       2.898883029125e-13       1.389074671226e-15       7.350495272945e-15       8.831841924023e-16       0.000000000000e+00       0.000000000000e+00       0.000000000000e+00 
  364       2.905096668985e-13       1.369807383849e-15       7.113021854827e-15       8.817131434233e-16       0.000000000000e+00       0.000000000000e+00       0.000000000000e+00 
  365       2.910073811164e-13       1.351392670307e-15       6.869344142707e-15       8.804617783719e-16       0.000000000000e+00       0.000000000000e+00       0.000000000000e+00 
  366       2.913816909297e-13       1.333830729991e-15       6.619940605639e-15       8.794213913228e-16       0.000000000000e+00       0.000000000000e+00       0.000000000000e+00 
  367       2.916328796426e-13       1.317121489417e-15       6.365301324161e-15       8.785830179483e-16       0.000000000000e+00       0.000000000000e+00       0.000000000000e+00 
  368       2.917612688297e-13       1.301264599680e-15       6.105928071387e-15       8.779374335893e-16       0.000000000000e+00       0.000000000000e+00       0.000000000000e+00 
  369       2.917672186664e-13       1.286259433897e-15       5.842334394105e-15       8.774751513261e-16       0.000000000000e+00       0.000000000000e+00       0.000000000000e+00 
  370       2.916511282594e-13       1.272105084668e-15       5.575045693861e-15       8.771864200489e-16       0.000000000000e+00       0.000000000000e+00       0.000000000000e+00 
  371       2.914134359766e-13       1.258800361520e-15       5.304599308062e-15       8.770612225294e-16       0.000000000000e+00       0.000000000000e+00       0.000000000000e+00 
  372       2.910546197777e-13       1.246343788361e-15       5.031544591059e-15       8.770892734914e-16       0.000000000000e+00       0.000000000000e+00       0.000000000000e+00 
  373       2.905751975438e-13       1.234733600933e-15       4.756442995247e-15       8.772600176815e-16       0.000000000000e+00       0.000000000000e+00       0.000000000000e+00 
  374       2.899757274084e-13       1.223967744262e-15       4.479868152151e-15       8.775626279403e-16       0.000000000000e+00       0.000000000000e+00       0.000000000000e+00 
  375       2.892568080871e-13       1.214043870106e-15       4.202405953527e-15       8.779860032733e-16       0.000000000000e+00       0.000000000000e+00       0.000000000000e+00 
  376       2.884190792081e-13       1.204959334413e-15       3.924654632445e-15       8.785187669215e-16       0.000000000000e+00       0.000000000000e+00       0.000000000000e+00 
  377       2.874632216423e-13       1.196711194767e-15       3.647224844391e-15       8.791492644328e-16       0.000000000000e+00       0.000000000000e+00       0.000000000000e+00 
  378       2.863899578336e-13       1.189296207840e-15       3.370739748353e-15       8.798655617324e-16       0.000000000000e+00       0.000000000000e+00       0.000000000000e+00 
  379       2.852000521291e-13       1.182710826847e-15       3.095835087915e-15       8.806554431940e-16       0.000000000000e+00       0.000000000000e+00       0.000000000000e+00 
  380       2.838943111092e-13       1.176951198993e-15       2.823159272354e-15       8.815064097109e-16       0.000000000000e+00       0.000000000000e+00       0.000000000000e+00 
  381       2.824735839183e-13       1.172013162926e-15       2.553373457725e-15       8.824056767662e-16       0.000000000000e+00       0.000000000000e+00       0.000000000000e+00 
  382       2.809387625945e-13       1.167892246188e-15       2.287151627961e-15       8.833401725046e-16       0.000000000000e+00       0.000000000000e+00       0.000000000000e+00 
  383       2.792907824001e-13       1.164583662669e-15       2.025180675963e-15       8.842965358027e-16       0.000000000000e+00       0.000000000000e+00       0.000000000000e+00 
  384       2.775306221517e-13       1.162082310054e-15       1.768160484689e-15       8.852611143400e-16       0.000000000000e+00       0.000000000000e+00       0.000000000000e+00 
  385       2.756593045506e-13       1.160382767276e-15       1.516804008254e-15       8.862199626701e-16       0.000000000000e+00       0.000000000000e+00       0.000000000000e+00 
  386       2.736778965130e-13       1.159479291970e-15       1.271837353015e-15       8.871588402913e-16       0.000000000000e+00       0.000000000000e+00       0.000000000000e+00 
  387       2.715875095002e-13       1.159365817919e-15       1.033999858669e-15       8.880632097177e-16       0.000000000000e+00       0.000000000000e+00       0.000000000000e+00 
  388       2.693896131118e-13       1.160033904271e-15       8.039201933647e-16       8.889204027778e-16       0.000000000000e+00       0.000000000000e+00       0.000000000000e+00 
  389       2.670869881239e-13       1.161466503803e-15       5.817393640237e-16       8.897262127816e-16       0.000000000000e+00       0.000000000000e+00       0.000000000000e+00 
  390       2.646828097485e-13       1.163643956552e-15       3.674737635797e-16       8.904785451527e-16       0.000000000000e+00       0.000000000000e+00       0.000000000000e+00 
  391       2.621803381664e-13       1.166546012839e-15       1.611378661964e-16       8.911752712619e-16       0.000000000000e+00       0.000000000000e+00       0.000000000000e+00 
  392       2.595829191065e-13       1.170151829095e-15      -3.725579021588e-17       8.918142282220e-16       0.000000000000e+00       0.000000000000e+00       0.000000000000e+00 
  393       2.568939844253e-13       1.174439963681e-15      -2.276966214839e-16       8.923932186825e-16       0.000000000000e+00       0.000000000000e+00       0.000000000000e+00 
  394       2.541170526862e-13       1.179388372714e-15      -4.101760146549e-16       8.929100106242e-16       0.000000000000e+00       0.000000000000e+00       0.000000000000e+00 
  395       2.512557297386e-13       1.184974405889e-15      -5.846873454805e-16       8.933623371546e-16       0.000000000000e+00       0.000000000000e+00       0.000000000000e+00 
  396       2.483137092974e-13       1.191174802301e-15      -7.512259959000e-16       8.937478963019e-16       0.000000000000e+00       0.000000000000e+00       0.000000000000e+00 
  397       2.452947735221e-13       1.197965686265e-15      -9.097893715244e-16       8.940643508103e-16       0.000000000000e+00       0.000000000000e+00       0.000000000000e+00 
  398       2.422027935964e-13       1.205322563147e-15      -1.060376919120e-15       8.943093279348e-16       0.000000000000e+00       0.000000000000e+00       0.000000000000e+00 
  399       2.390417303070e-13       1.213220315179e-15      -1.202990144091e-15       8.944804192354e-16       0.000000000000e+00       0.000000000000e+00       0.000000000000e+00 
  400       2.358156346235e-13       1.221633197284e-15      -1.337632627965e-15       8.945751803726e-16       0.000000000000e+00       0.000000000000e+00       0.000000000000e+00 
  401       2.325286482772e-13       1.230534832901e-15      -1.464310045875e-15       8.945911309019e-16       0.000000000000e+00       0.000000000000e+00       0.000000000000e+00 
  402       2.291850043406e-13       1.239898209807e-15      -1.583030184044e-15       8.945257540683e-16       0.000000000000e+00       0.000000000000e+00       0.000000000000e+00 
  403       2.257890278069e-13       1.249695675937e-15      -1.693802957269e-15       8.943764966016e-16       0.000000000000e+00       0.000000000000e+00       0.000000000000e+00 
  404       2.223451361688e-13       1.259898935211e-15      -1.796640426401e-15       8.941407685107e-16       0.000000000000e+00       0.000000000000e+00       0.000000000000e+00 
  405       2.188578399983e-13       1.270479043355e-15      -1.891556815835e-15       8.938159428787e-16       0.000000000000e+00       0.000000000000e+00       0.000000000000e+00 
  406       2.153317435257e-13       1.281406403722e-15      -1.978568530989e-15       8.933993556575e-16       0.000000000000e+00       0.000000000000e+00       0.000000000000e+00 
  407       2.117715452190e-13       1.292650763119e-15      -2.057694175788e-15       8.928883054629e-16       0.000000000000e+00       0.000000000000e+00       0.000000000000e+00 
  408       2.081820383631e-13       1.304181207626e-15      -2.128954570149e-15       8.922800533687e-16       0.000000000000e+00       0.000000000000e+00       0.000000000000e+00 
  409       2.045681116393e-13       1.315966158420e-15      -2.192372767465e-15       8.915718227022e-16       0.000000000000e+00       0.000000000000e+00       0.000000000000e+00 
  410       2.009347497044e-13       1.327973367601e-15      -2.247974072085e-15       8.907607988387e-16       0.000000000000e+00       0.000000000000e+00       0.000000000000e+00 
  411       1.972870337701e-13       1.340169914010e-15      -2.295786056803e-15       8.898441289962e-16       0.000000000000e+00       0.000000000000e+00       0.000000000000e+00 
  412       1.936301421822e-13       1.352522199053e-15      -2.335838580338e-15       8.888189220303e-16       0.000000000000e+00       0.000000000000e+00       0.000000000000e+00 
  413       1.899693510001e-13       1.364995942526e-15      -2.368163804819e-15       8.876822482288e-16       0.000000000000e+00       0.000000000000e+00       0.000000000000e+00 
  414       1.863100345758e-13       1.377556178438e-15      -2.392796213267e-15       8.864311391067e-16       0.000000000000e+00       0.000000000000e+00       0.000000000000e+00 
  415       1.826576661335e-13       1.390167250831e-15      -2.409772627082e-15       8.850625872009e-16       0.000000000000e+00       0.000000000000e+00       0.000000000000e+00 
  416       1.790178183487e-13       1.402792809604e-15      -2.419132223521e-15       8.835735458651e-16       0.000000000000e+00       0.000000000000e+00       0.000000000000e+00 
  417       1.753961639275e-13       1.415395806337e-15      -2.420916553189e-15       8.819609290642e-16       0.000000000000e+00       0.000000000000e+00       0.000000000000e+00 
  418       1.717984761861e-13       1.427938490114e-15      -2.415169557517e-15       8.802216111695e-16       0.000000000000e+00       0.000000000000e+00       0.000000000000e+00 
  419       1.682306296298e-13       1.440382403343e-15      -2.401937586246e-15       8.783524267533e-16       0.000000000000e+00       0.000000000000e+00       0.000000000000e+00 
  420       1.646986005325e-13       1.452688377583e-15      -2.381269414914e-15       8.763501703836e-16       0.000000000000e+00       0.000000000000e+00       0.000000000000e+00 
  421       1.612084675160e-13       1.464816529362e-15      -2.353216262337e-15       8.742115964191e-16       0.000000000000e+00       0.000000000000e+00       0.000000000000e+00 
  422       1.577664121292e-13       1.476726256005e-15      -2.317831808093e-15       8.719334188038e-16       0.000000000000e+00       0.000000000000e+00       0.000000000000e+00 
  423       1.543787194273e-13       1.488376231454e-15      -2.275172210006e-15       8.695123108618e-16       0.000000000000e+00       0.000000000000e+00       0.000000000000e+00 
  424       1.510517785515e-13       1.499724402090e-15      -2.225296121630e-15       8.669449050922e-16       0.000000000000e+00       0.000000000000e+00       0.000000000000e+00 
  425       1.477920833079e-13       1.510727982557e-15      -2.168264709731e-15       8.642277929637e-16       0.000000000000e+00       0.000000000000e+00       0.000000000000e+00 
  426       1.446062327469e-13       1.521343451588e-15      -2.104141671774e-15       8.613575247095e-16       0.000000000000e+00       0.000000000000e+00       0.000000000000e+00 
  427       1.414998057125e-13       1.531533429268e-15      -2.033014336829e-15       8.583317401994e-16       0.000000000000e+00       0.000000000000e+00       0.000000000000e+00 
  428       1.384739411387e-13       1.541287575059e-15      -1.955057723358e-15       8.551526043489e-16       0.000000000000e+00       0.000000000000e+00       0.000000000000e+00 
  429       1.355286425476e-13       1.550602392551e-15      -1.870472695156e-15       8.518234881851e-16       0.000000000000e+00       0.000000000000e+00       0.000000000000e+00 
  430       1.326638934082e-13       1.559474412598e-15      -1.779465106068e-15       8.483478488653e-16       0.000000000000e+00       0.000000000000e+00       0.000000000000e+00 
  431       1.298796569764e-13       1.567900193656e-15      -1.682245831309e-15       8.447292302146e-16       0.000000000000e+00       0.000000000000e+00       0.000000000000e+00 
  432       1.271758761351e-13       1.575876322124e-15      -1.579030798799e-15       8.409712632630e-16       0.000000000000e+00       0.000000000000e+00       0.000000000000e+00 
  433       1.245524732337e-13       1.583399412690e-15      -1.470041020483e-15       8.370776667833e-16       0.000000000000e+00       0.000000000000e+00       0.000000000000e+00 
  434       1.220093499282e-13       1.590466108664e-15      -1.355502623664e-15       8.330522478284e-16       0.000000000000e+00       0.000000000000e+00       0.000000000000e+00 
  435       1.195463870213e-13       1.597073082330e-15      -1.235646882327e-15       8.288989022684e-16       0.000000000000e+00       0.000000000000e+00       0.000000000000e+00 
  436       1.171634443022e-13       1.603217035276e-15      -1.110710248467e-15       8.246216153288e-16       0.000000000000e+00       0.000000000000e+00       0.000000000000e+00 
  437       1.148603603866e-13       1.608894698745e-15      -9.809343834161e-16       8.202244621272e-16       0.000000000000e+00       0.000000000000e+00       0.000000000000e+00 
  438       1.126369525564e-13       1.614102833970e-15      -8.465661891726e-16       8.157116082112e-16       0.000000000000e+00       0.000000000000e+00       0.000000000000e+00 
  439       1.104930165999e-13       1.618838232518e-15      -7.078578397259e-16       8.110873100959e-16       0.000000000000e+00       0.000000000000e+00       0.000000000000e+00 
  440       1.084283266517e-13       1.623097716631e-15      -5.650668123848e-16       8.063559158010e-16       0.000000000000e+00       0.000000000000e+00       0.000000000000e+00 
  441       1.064426350325e-13       1.626878139567e-15      -4.184559191050e-16       8.015218653887e-16       0.000000000000e+00       0.000000000000e+00       0.000000000000e+00 
  442       1.045356720891e-13       1.630176385940e-15      -2.682933378159e-16       7.965896915007e-16       0.000000000000e+00       0.000000000000e+00       0.000000000000e+00 
  443       1.027071460344e-13       1.632989372065e-15      -1.148526437485e-16       7.915640198961e-16       0.000000000000e+00       0.000000000000e+00       0.000000000000e+00 
  444       1.009567427871e-13       1.635314046296e-15       4.158715923823e-17       7.864495699886e-16       0.000000000000e+00       0.000000000000e+00       0.000000000000e+00 
  445       9.928412581205e-14       1.637147389367e-15       2.007416073291e-16       7.812511553840e-16       0.000000000000e+00       0.000000000000e+00       0.000000000000e+00 
  446       9.768893595965e-14       1.638486414737e-15       3.623207454259e-16       7.759736844176e-16       0.000000000000e+00       0.000000000000e+00       0.000000000000e+00 
  447       9.617079130622e-14       1.639328168927e-15       5.260290958203e-16       7.706221606920e-16       0.000000000000e+00       0.000000000000e+00       0.000000000000e+00 
  448       9.472928699373e-14       1.639669731863e-15       6.915656268660e-16       7.652016836140e-16       0.000000000000e+00       0.000000000000e+00       0.000000000000e+00 
  449       9.336399506976e-14       1.639508217220e-15       8.586237216519e-16       7.597174489326e-16       0.000000000000e+00       0.000000000000e+00       0.000000000000e+00 
  450       9.207446432747e-14       1.638840772758e-15       1.026891146675e-15       7.541747492761e-16       0.000000000000e+00       0.000000000000e+00       0.000000000000e+00 
  451       9.086022014545e-14       1.637664580667e-15       1.196050020511e-15       7.485789746897e-16       0.000000000000e+00       0.000000000000e+00       0.000000000000e+00 
  452       8.972076432775e-14       1.635976857909e-15       1.365776782493e-15       7.429356131729e-16       0.000000000000e+00       0.000000000000e+00       0.000000000000e+00 
  453       8.865557494374e-14       1.633774856555e-15       1.535742161374e-15       7.372502512173e-16       0.000000000000e+00       0.000000000000e+00       0.000000000000e+00 
  454       8.766410616806e-14       1.631055864132e-15       1.705611144012e-15       7.315285743433e-16       0.000000000000e+00       0.000000000000e+00       0.000000000000e+00 
  455       8.674578812058e-14       1.627817203958e-15       1.875042944030e-15       7.257763676383e-16       0.000000000000e+00       0.000000000000e+00       0.000000000000e+00 
  456       8.590002670628e-14       1.624056235490e-15       2.043690970501e-15       7.199995162939e-16       0.000000000000e+00       0.000000000000e+00       0.000000000000e+00 
  457       8.512620345524e-14       1.619770354659e-15       2.211202796611e-15       7.142040061434e-16       0.000000000000e+00       0.000000000000e+00       0.000000000000e+00 
  458       8.442367536250e-14       1.614956994217e-15       2.377220128336e-15       7.083959241989e-16       0.000000000000e+00       0.000000000000e+00       0.000000000000e+00 
  459       8.379177472807e-14       1.609613624073e-15       2.541378773115e-15       7.025814591894e-16       0.000000000000e+00       0.000000000000e+00       0.000000000000e+00 
  460       8.322980899680e-14       1.603737751639e-15       2.703308608521e-15       6.967669020977e-16       0.000000000000e+00       0.000000000000e+00       0.000000000000e+00 
  461       8.273706059833e-14       1.597326922168e-15       2.862633550936e-15       6.909586466984e-16       0.000000000000e+00       0.000000000000e+00       0.000000000000e+00 
  462       8.231278678706e-14       1.590378719097e-15       3.018971524221e-15       6.851631900946e-16       0.000000000000e+00       0.000000000000e+00       0.000000000000e+00 
  463       8.195621948200e-14       1.582890764386e-15       3.171934428391e-15       6.793871332563e-16       0.000000000000e+00       0.000000000000e+00       0.000000000000e+00 
  464       8.166656510677e-14       1.574860718864e-15       3.321128108286e-15       6.736371815569e-16       0.000000000000e+00       0.000000000000e+00       0.000000000000e+00 
  465       8.144300442952e-14       1.566286282566e-15       3.466152322245e-15       6.679201453115e-16       0.000000000000e+00       0.000000000000e+00       0.000000000000e+00 
  466       8.128453196235e-14       1.557168105990e-15       3.606666609540e-15       6.622420688953e-16       0.000000000000e+00       0.000000000000e+00       0.000000000000e+00 
  467       8.118946897108e-14       1.547518623124e-15       3.742590217960e-15       6.566055871054e-16       0.000000000000e+00       0.000000000000e+00       0.000000000000e+00 
  468       8.115593495667e-14       1.537353494676e-15       3.873908352125e-15       6.510124873779e-16       0.000000000000e+00       0.000000000000e+00       0.000000000000e+00 
  469       8.118200647441e-14       1.526688724008e-15       4.000606843572e-15       6.454645738078e-16       0.000000000000e+00       0.000000000000e+00       0.000000000000e+00 
  470       8.126571688539e-14       1.515540659088e-15       4.122672155767e-15       6.399636672053e-16       0.000000000000e+00       0.000000000000e+00       0.000000000000e+00 
  471       8.140505610791e-14       1.503925994432e-15       4.240091389114e-15       6.345116051534e-16       0.000000000000e+00       0.000000000000e+00       0.000000000000e+00 
  472       8.159797036903e-14       1.491861773049e-15       4.352852285962e-15       6.291102420642e-16       0.000000000000e+00       0.000000000000e+00       0.000000000000e+00 
  473       8.184236195597e-14       1.479365388394e-15       4.460943235622e-15       6.237614492364e-16       0.000000000000e+00       0.000000000000e+00       0.000000000000e+00 
  474       8.213608896757e-14       1.466454586308e-15       4.564353279373e-15       6.184671149122e-16       0.000000000000e+00       0.000000000000e+00       0.000000000000e+00 
  475       8.247696506580e-14       1.453147466969e-15       4.663072115471e-15       6.132291443337e-16       0.000000000000e+00       0.000000000000e+00       0.000000000000e+00 
  476       8.286275922718e-14       1.439462486835e-15       4.757090104163e-15       6.080494598006e-16       0.000000000000e+00       0.000000000000e+00       0.000000000000e+00 
  477       8.329119549425e-14       1.425418460592e-15       4.846398272695e-15       6.029300007265e-16       0.000000000000e+00       0.000000000000e+00       0.000000000000e+00 
  478       8.375995272703e-14       1.411034563101e-15       4.930988320322e-15       5.978727236963e-16       0.000000000000e+00       0.000000000000e+00       0.000000000000e+00 
  479       8.426666435450e-14       1.396330331342e-15       5.010852623320e-15       5.928796025230e-16       0.000000000000e+00       0.000000000000e+00       0.000000000000e+00 
  480       8.480891812605e-14       1.381325666364e-15       5.085984239995e-15       5.879526283044e-16       0.000000000000e+00       0.000000000000e+00       0.000000000000e+00 
  481       8.538425586294e-14       1.366040835229e-15       5.156376915694e-15       5.830938094806e-16       0.000000000000e+00       0.000000000000e+00       0.000000000000e+00 
  482       8.599017320975e-14       1.350496472958e-15       5.222025087813e-15       5.783051718902e-16       0.000000000000e+00       0.000000000000e+00       0.000000000000e+00 
  483       8.662411938589e-14       1.334713584480e-15       5.282923890812e-15       5.735887588281e-16       0.000000000000e+00       0.000000000000e+00       0.000000000000e+00 
  484       8.728349693700e-14       1.318713546576e-15       5.339069161219e-15       5.689466311017e-16       0.000000000000e+00       0.000000000000e+00       0.000000000000e+00 
  485       8.796566148644e-14       1.302518109826e-15       5.390457442647e-15       5.643808670883e-16       0.000000000000e+00       0.000000000000e+00       0.000000000000e+00 
  486       8.866792148676e-14       1.286149400555e-15       5.437085990799e-15       5.598935627919e-16       0.000000000000e+00       0.000000000000e+00       0.000000000000e+00 
  487       8.938753797116e-14       1.269629922782e-15       5.478952778479e-15       5.554868319002e-16       0.000000000000e+00       0.000000000000e+00       0.000000000000e+00 
  488       9.012172430493e-14       1.252982560163e-15       5.516056500606e-15       5.511628058413e-16       0.000000000000e+00       0.000000000000e+00       0.000000000000e+00 
  489       9.086764593695e-14       1.236230577941e-15       5.548396579220e-15       5.469236338411e-16       0.000000000000e+00       0.000000000000e+00       0.000000000000e+00 
  490       9.162242015111e-14       1.219397624887e-15       5.575973168496e-15       5.427714829798e-16       0.000000000000e+00       0.000000000000e+00       0.000000000000e+00 
  491       9.238311581781e-14       1.202507735252e-15       5.598787159748e-15       5.387085382491e-16       0.000000000000e+00       0.000000000000e+00       0.000000000000e+00 
  492       9.314675314538e-14       1.185585330712e-15       5.616840186449e-15       5.347370026093e-16       0.000000000000e+00       0.000000000000e+00       0.000000000000e+00 
  493       9.391030343159e-14       1.168655222312e-15       5.630134629231e-15       5.308590970456e-16       0.000000000000e+00       0.000000000000e+00       0.000000000000e+00 
  494       9.467068881507e-14       1.151742612415e-15       5.638673620903e-15       5.270770606260e-16       0.000000000000e+00       0.000000000000e+00       0.000000000000e+00 
  495       9.542478202681e-14       1.134873096646e-15       5.642461051457e-15       5.233931505573e-16       0.000000000000e+00       0.000000000000e+00       0.000000000000e+00 
  496       9.616940614159e-14       1.118072665843e-15       5.641501573080e-15       5.198096422427e-16       0.000000000000e+00       0.000000000000e+00       0.000000000000e+00 
  497       9.690133432944e-14       1.101367707997e-15       5.635800605164e-15       5.163288293384e-16       0.000000000000e+00       0.000000000000e+00       0.000000000000e+00 
  498       9.761728960715e-14       1.084785010204e-15       5.625364339315e-15       5.129530238110e-16       0.000000000000e+00       0.000000000000e+00       0.000000000000e+00 
  499       9.831394458967e-14       1.068351760609e-15       5.610199744367e-15       5.096845559936e-16       0.000000000000e+00       0.000000000000e+00       0.000000000000e+00 
  500       9.898792124162e-14       1.052095550351e-15       5.590314571386e-15       5.065257746438e-16       0.000000000000e+00       0.000000000000e+00       0.000000000000e+00 
