# dimensionless [l(l+1)/2pi] C_l's for tensor mode
# for l=2 to 500, i.e. number of multipoles equal to 499
#
# -> if you prefer output in CAMB/HealPix/LensPix units/order, set 'format' to 'camb' in input file
# -> if you don't want to see such a header, set 'headers' to 'no' in input file
# -> for CMB lensing (phi), these are C_l^phi-phi for the lensing potential.
#    Remember the conversion factors:
#    C_l^dd (deflection) = l(l+1) C_l^phi-phi
#    C_l^gg (shear/convergence) = 1/4 (l(l+1))^2 C_l^phi-phi
#
# 1:l     2:TT                     3:EE                     4:TE                     5:BB                     6:phiphi                 7:TPhi                   8:Ephi               
    2       1.434927556728e-10       2.708935892710e-15       1.685883793851e-13       4.844285531316e-15       0.000000000000e+00       0.000000000000e+00       0.000000000000e+00 
    3       1.098981500428e-10       2.862510145104e-15      -7.768646570208e-15       4.873654008717e-15       0.000000000000e+00       0.000000000000e+00       0.000000000000e+00 
    4       9.844840712690e-11       2.624786498719e-15      -6.083110173806e-14       4.235329370533e-15       0.000000000000e+00       0.000000000000e+00       0.000000000000e+00 
    5       9.362900448316e-11       2.096618957064e-15      -7.185440357831e-14       3.315591940395e-15       0.000000000000e+00       0.000000000000e+00       0.000000000000e+00 
    6       9.077233428760e-11       1.510100812939e-15      -6.832484340741e-14       2.404324017395e-15       0.000000000000e+00       0.000000000000e+00       0.000000000000e+00 
    7       8.895634385921e-11       1.027264039850e-15      -6.062016065255e-14       1.660900794123e-15       0.000000000000e+00       0.000000000000e+00       0.000000000000e+00 
    8       8.772217452992e-11       7.140180896478e-16      -5.331255657318e-14       1.138329124199e-15       0.000000000000e+00       0.000000000000e+00       0.000000000000e+00 
    9       8.682050979995e-11       5.649978203976e-16      -4.809923142896e-14       8.243692129640e-16       0.000000000000e+00       0.000000000000e+00       0.000000000000e+00 
   10       8.610742913253e-11       5.403688005055e-16      -4.531308962056e-14       6.766791472135e-16       0.000000000000e+00       0.000000000000e+00       0.000000000000e+00 
   11       8.549861657077e-11       5.944326353314e-16      -4.472773275281e-14       6.467337015956e-16       0.000000000000e+00       0.000000000000e+00       0.000000000000e+00 
   12       8.494505154696e-11       6.912646204328e-16      -4.595163744665e-14       6.922767471785e-16       0.000000000000e+00       0.000000000000e+00       0.000000000000e+00 
   13       8.441754153796e-11       8.084208324048e-16      -4.859478012487e-14       7.824109527379e-16       0.000000000000e+00       0.000000000000e+00       0.000000000000e+00 
   14       8.389788126704e-11       9.352577862554e-16      -5.234830896116e-14       8.968503849197e-16       0.000000000000e+00       0.000000000000e+00       0.000000000000e+00 
   15       8.337463203033e-11       1.067747825943e-15      -5.699220681907e-14       1.024349430019e-15       0.000000000000e+00       0.000000000000e+00       0.000000000000e+00 
   16       8.284093573313e-11       1.205134872027e-15      -6.236817535871e-14       1.159384824602e-15       0.000000000000e+00       0.000000000000e+00       0.000000000000e+00 
   17       8.229299818716e-11       1.348168063043e-15      -6.836247095821e-14       1.299176480143e-15       0.000000000000e+00       0.000000000000e+00       0.000000000000e+00 
   18       8.172291257027e-11       1.496692927675e-15      -7.489889436404e-14       1.443384597527e-15       0.000000000000e+00       0.000000000000e+00       0.000000000000e+00 
   19       8.114797550894e-11       1.650584182834e-15      -8.192991160691e-14       1.591793743638e-15       0.000000000000e+00       0.000000000000e+00       0.000000000000e+00 
   20       8.054868227339e-11       1.809898193830e-15      -8.939267998630e-14       1.744166589866e-15       0.000000000000e+00       0.000000000000e+00       0.000000000000e+00 
   21       7.993556353022e-11       1.974432201008e-15      -9.725388647479e-14       1.900403583314e-15       0.000000000000e+00       0.000000000000e+00       0.000000000000e+00 
   22       7.930306672501e-11       2.143933423425e-15      -1.054795900102e-13       2.060520824224e-15       0.000000000000e+00       0.000000000000e+00       0.000000000000e+00 
   23       7.865861924731e-11       2.318259509812e-15      -1.140360845599e-13       2.224420786541e-15       0.000000000000e+00       0.000000000000e+00       0.000000000000e+00 
   24       7.799605160003e-11       2.497338571011e-15      -1.228841736819e-13       2.391997087513e-15       0.000000000000e+00       0.000000000000e+00       0.000000000000e+00 
   25       7.732126755368e-11       2.681112689383e-15      -1.319936272398e-13       2.563057808698e-15       0.000000000000e+00       0.000000000000e+00       0.000000000000e+00 
   26       7.663090761593e-11       2.869578976283e-15      -1.413342166624e-13       2.737390742508e-15       0.000000000000e+00       0.000000000000e+00       0.000000000000e+00 
   27       7.592739280863e-11       3.062839836672e-15      -1.508801651460e-13       2.914740275714e-15       0.000000000000e+00       0.000000000000e+00       0.000000000000e+00 
   28       7.520665550964e-11       3.261007658433e-15      -1.606057280387e-13       3.094848957529e-15       0.000000000000e+00       0.000000000000e+00       0.000000000000e+00 
   29       7.447655558901e-11       3.463903866882e-15      -1.704878538400e-13       3.277497305488e-15       0.000000000000e+00       0.000000000000e+00       0.000000000000e+00 
   30       7.373794982412e-11       3.671228881271e-15      -1.805029362860e-13       3.462491184790e-15       0.000000000000e+00       0.000000000000e+00       0.000000000000e+00 
   31       7.298260890555e-11       3.882651322875e-15      -1.906265698604e-13       3.649641497241e-15       0.000000000000e+00       0.000000000000e+00       0.000000000000e+00 
   32       7.221572842973e-11       4.097878852155e-15      -2.008375604132e-13       3.838709331203e-15       0.000000000000e+00       0.000000000000e+00       0.000000000000e+00 
   33       7.143957953067e-11       4.316608937053e-15      -2.111154060868e-13       4.029440616887e-15       0.000000000000e+00       0.000000000000e+00       0.000000000000e+00 
   34       7.065032813311e-11       4.538533596203e-15      -2.214397684278e-13       4.221585367627e-15       0.000000000000e+00       0.000000000000e+00       0.000000000000e+00 
   35       6.985130255060e-11       4.763427790505e-15      -2.317921575235e-13       4.414915889416e-15       0.000000000000e+00       0.000000000000e+00       0.000000000000e+00 
   36       6.904286897944e-11       4.991091108568e-15      -2.421549331256e-13       4.609215309904e-15       0.000000000000e+00       0.000000000000e+00       0.000000000000e+00 
   37       6.822153567540e-11       5.221329220578e-15      -2.525102513613e-13       4.804262880244e-15       0.000000000000e+00       0.000000000000e+00       0.000000000000e+00 
   38       6.739155366092e-11       5.453969653530e-15      -2.628377372353e-13       4.999798800213e-15       0.000000000000e+00       0.000000000000e+00       0.000000000000e+00 
   39       6.655614425049e-11       5.688851886255e-15      -2.731160955615e-13       5.195547395819e-15       0.000000000000e+00       0.000000000000e+00       0.000000000000e+00 
   40       6.571376460742e-11       5.925823794830e-15      -2.833237479696e-13       5.391225867066e-15       0.000000000000e+00       0.000000000000e+00       0.000000000000e+00 
   41       6.486045322223e-11       6.164736592989e-15      -2.934426452746e-13       5.586551380252e-15       0.000000000000e+00       0.000000000000e+00       0.000000000000e+00 
   42       6.399896652141e-11       6.405426417265e-15      -3.034711662524e-13       5.781266375927e-15       0.000000000000e+00       0.000000000000e+00       0.000000000000e+00 
   43       6.313178901640e-11       6.647727626014e-15      -3.134154395117e-13       5.975120621272e-15       0.000000000000e+00       0.000000000000e+00       0.000000000000e+00 
   44       6.225826168908e-11       6.891477999619e-15      -3.232861754895e-13       6.167864308721e-15       0.000000000000e+00       0.000000000000e+00       0.000000000000e+00 
   45       6.137627451750e-11       7.136506754068e-15      -3.330915763388e-13       6.359243828476e-15       0.000000000000e+00       0.000000000000e+00       0.000000000000e+00 
   46       6.048864712840e-11       7.382593993751e-15      -3.428128949458e-13       6.548987577013e-15       0.000000000000e+00       0.000000000000e+00       0.000000000000e+00 
   47       5.959815064554e-11       7.629499363829e-15      -3.524220331560e-13       6.736815907259e-15       0.000000000000e+00       0.000000000000e+00       0.000000000000e+00 
   48       5.870550624853e-11       7.876972568032e-15      -3.618881231236e-13       6.922444752154e-15       0.000000000000e+00       0.000000000000e+00       0.000000000000e+00 
   49       5.780920283254e-11       8.124752804215e-15      -3.711773761237e-13       7.105585381956e-15       0.000000000000e+00       0.000000000000e+00       0.000000000000e+00 
   50       5.690689610527e-11       8.372560927999e-15      -3.802558965527e-13       7.285957177780e-15       0.000000000000e+00       0.000000000000e+00       0.000000000000e+00 
   51       5.600047661867e-11       8.620074745580e-15      -3.890993751645e-13       7.463330602828e-15       0.000000000000e+00       0.000000000000e+00       0.000000000000e+00 
   52       5.509206221073e-11       8.866946038756e-15      -3.976857656170e-13       7.637495475694e-15       0.000000000000e+00       0.000000000000e+00       0.000000000000e+00 
   53       5.418243144237e-11       9.112806365537e-15      -4.059925378730e-13       7.808249334622e-15       0.000000000000e+00       0.000000000000e+00       0.000000000000e+00 
   54       5.327091567764e-11       9.357266153491e-15      -4.139966665510e-13       7.975397807333e-15       0.000000000000e+00       0.000000000000e+00       0.000000000000e+00 
   55       5.235635698446e-11       9.599951821880e-15      -4.216770706123e-13       8.138756872646e-15       0.000000000000e+00       0.000000000000e+00       0.000000000000e+00 
   56       5.144050773279e-11       9.840630024273e-15      -4.290226688366e-13       8.298159456009e-15       0.000000000000e+00       0.000000000000e+00       0.000000000000e+00 
   57       5.052528649976e-11       1.007911268239e-14      -4.360263050951e-13       8.453451120225e-15       0.000000000000e+00       0.000000000000e+00       0.000000000000e+00 
   58       4.961172129284e-11       1.031522222395e-14      -4.426825543749e-13       8.604488751093e-15       0.000000000000e+00       0.000000000000e+00       0.000000000000e+00 
   59       4.869988315563e-11       1.054879215765e-14      -4.489878066368e-13       8.751141000948e-15       0.000000000000e+00       0.000000000000e+00       0.000000000000e+00 
   60       4.778881977358e-11       1.077966764818e-14      -4.549403506723e-13       8.893288732195e-15       0.000000000000e+00       0.000000000000e+00       0.000000000000e+00 
   61       4.687736750672e-11       1.100769737968e-14      -4.605391331268e-13       9.030822934812e-15       0.000000000000e+00       0.000000000000e+00       0.000000000000e+00 
   62       4.596695068352e-11       1.123270571129e-14      -4.657795203577e-13       9.163636929227e-15       0.000000000000e+00       0.000000000000e+00       0.000000000000e+00 
   63       4.505929568033e-11       1.145451526350e-14      -4.706567297567e-13       9.291633192388e-15       0.000000000000e+00       0.000000000000e+00       0.000000000000e+00 
   64       4.415557018005e-11       1.167295537080e-14      -4.751671116330e-13       9.414726085549e-15       0.000000000000e+00       0.000000000000e+00       0.000000000000e+00 
   65       4.325634464971e-11       1.188786238029e-14      -4.793081910349e-13       9.532842217654e-15       0.000000000000e+00       0.000000000000e+00       0.000000000000e+00 
   66       4.236155381800e-11       1.209907995020e-14      -4.830787095709e-13       9.645920808726e-15       0.000000000000e+00       0.000000000000e+00       0.000000000000e+00 
   67       4.147045815286e-11       1.230645934850e-14      -4.864786672314e-13       9.753914053249e-15       0.000000000000e+00       0.000000000000e+00       0.000000000000e+00 
   68       4.058224624194e-11       1.250985436374e-14      -4.895087637163e-13       9.856778757513e-15       0.000000000000e+00       0.000000000000e+00       0.000000000000e+00 
   69       3.969806977972e-11       1.270910417256e-14      -4.921684974842e-13       9.954448471671e-15       0.000000000000e+00       0.000000000000e+00       0.000000000000e+00 
   70       3.881935361353e-11       1.290404752113e-14      -4.944577548807e-13       1.004685633777e-14       0.000000000000e+00       0.000000000000e+00       0.000000000000e+00 
   71       3.794716959015e-11       1.309452796364e-14      -4.963774025398e-13       1.013394345384e-14       0.000000000000e+00       0.000000000000e+00       0.000000000000e+00 
   72       3.708221442475e-11       1.328039402305e-14      -4.979293138480e-13       1.021565901416e-14       0.000000000000e+00       0.000000000000e+00       0.000000000000e+00 
   73       3.622478756982e-11       1.346149935191e-14      -4.991163954069e-13       1.029196044941e-14       0.000000000000e+00       0.000000000000e+00       0.000000000000e+00 
   74       3.537476908411e-11       1.363770289314e-14      -4.999426134975e-13       1.036281356694e-14       0.000000000000e+00       0.000000000000e+00       0.000000000000e+00 
   75       3.453159750152e-11       1.380886904078e-14      -5.004130205435e-13       1.042819269095e-14       0.000000000000e+00       0.000000000000e+00       0.000000000000e+00 
   76       3.369469173200e-11       1.397486907395e-14      -5.005331182496e-13       1.048808063393e-14       0.000000000000e+00       0.000000000000e+00       0.000000000000e+00 
   77       3.286485450641e-11       1.413558540497e-14      -5.003067544443e-13       1.054246829503e-14       0.000000000000e+00       0.000000000000e+00       0.000000000000e+00 
   78       3.204308583796e-11       1.429090840160e-14      -4.997378890129e-13       1.059135524284e-14       0.000000000000e+00       0.000000000000e+00       0.000000000000e+00 
   79       3.123014887927e-11       1.444073536654e-14      -4.988312358530e-13       1.063475001224e-14       0.000000000000e+00       0.000000000000e+00       0.000000000000e+00 
   80       3.042655689656e-11       1.458497072422e-14      -4.975922757352e-13       1.067267024113e-14       0.000000000000e+00       0.000000000000e+00       0.000000000000e+00 
   81       2.963256024382e-11       1.472352620782e-14      -4.960272691654e-13       1.070514280718e-14       0.000000000000e+00       0.000000000000e+00       0.000000000000e+00 
   82       2.884813333695e-11       1.485632104606e-14      -4.941432692455e-13       1.073220396459e-14       0.000000000000e+00       0.000000000000e+00       0.000000000000e+00 
   83       2.807296162797e-11       1.498328215012e-14      -4.919481345354e-13       1.075389948086e-14       0.000000000000e+00       0.000000000000e+00       0.000000000000e+00 
   84       2.730672406498e-11       1.510434136721e-14      -4.894499745770e-13       1.077027983155e-14       0.000000000000e+00       0.000000000000e+00       0.000000000000e+00 
   85       2.655002280694e-11       1.521942630863e-14      -4.866553526796e-13       1.078138456988e-14       0.000000000000e+00       0.000000000000e+00       0.000000000000e+00 
   86       2.580358447033e-11       1.532846833675e-14      -4.835708073899e-13       1.078725560459e-14       0.000000000000e+00       0.000000000000e+00       0.000000000000e+00 
   87       2.506797040602e-11       1.543140549876e-14      -4.802033966167e-13       1.078794196451e-14       0.000000000000e+00       0.000000000000e+00       0.000000000000e+00 
   88       2.434356863965e-11       1.552818266424e-14      -4.765607009572e-13       1.078349985216e-14       0.000000000000e+00       0.000000000000e+00       0.000000000000e+00 
   89       2.363058581190e-11       1.561875166275e-14      -4.726508270231e-13       1.077399269751e-14       0.000000000000e+00       0.000000000000e+00       0.000000000000e+00 
   90       2.292903911882e-11       1.570307142144e-14      -4.684824107678e-13       1.075949121164e-14       0.000000000000e+00       0.000000000000e+00       0.000000000000e+00 
   91       2.223874825215e-11       1.578110810260e-14      -4.640646208120e-13       1.074007344046e-14       0.000000000000e+00       0.000000000000e+00       0.000000000000e+00 
   92       2.155932733963e-11       1.585283524128e-14      -4.594071617704e-13       1.071582481837e-14       0.000000000000e+00       0.000000000000e+00       0.000000000000e+00 
   93       2.089041979701e-11       1.591823159816e-14      -4.545197866462e-13       1.068683423307e-14       0.000000000000e+00       0.000000000000e+00       0.000000000000e+00 
   94       2.023246079470e-11       1.597727404985e-14      -4.494107428987e-13       1.065318142625e-14       0.000000000000e+00       0.000000000000e+00       0.000000000000e+00 
   95       1.958601509823e-11       1.602994387872e-14      -4.440880977269e-13       1.061494778839e-14       0.000000000000e+00       0.000000000000e+00       0.000000000000e+00 
   96       1.895153971233e-11       1.607622906712e-14      -4.385602048103e-13       1.057222017781e-14       0.000000000000e+00       0.000000000000e+00       0.000000000000e+00 
   97       1.832937915566e-11       1.611612440360e-14      -4.328357008970e-13       1.052509091962e-14       0.000000000000e+00       0.000000000000e+00       0.000000000000e+00 
   98       1.771976073555e-11       1.614963158920e-14      -4.269235023905e-13       1.047365780463e-14       0.000000000000e+00       0.000000000000e+00       0.000000000000e+00 
   99       1.712278982269e-11       1.617675934360e-14      -4.208328019378e-13       1.041802408832e-14       0.000000000000e+00       0.000000000000e+00       0.000000000000e+00 
  100       1.653844512591e-11       1.619752351140e-14      -4.145730650164e-13       1.035829848976e-14       0.000000000000e+00       0.000000000000e+00       0.000000000000e+00 
  101       1.596657396685e-11       1.621194716833e-14      -4.081540265218e-13       1.029459519054e-14       0.000000000000e+00       0.000000000000e+00       0.000000000000e+00 
  102       1.540688755471e-11       1.622006072748e-14      -4.015856873552e-13       1.022703383374e-14       0.000000000000e+00       0.000000000000e+00       0.000000000000e+00 
  103       1.485895626097e-11       1.622190204552e-14      -3.948783110110e-13       1.015573952286e-14       0.000000000000e+00       0.000000000000e+00       0.000000000000e+00 
  104       1.432238961517e-11       1.621751302335e-14      -3.880420289587e-13       1.008083828062e-14       0.000000000000e+00       0.000000000000e+00       0.000000000000e+00 
  105       1.379741416149e-11       1.620692865624e-14      -3.810856034290e-13       1.000244272925e-14       0.000000000000e+00       0.000000000000e+00       0.000000000000e+00 
  106       1.328436521628e-11       1.619018669567e-14      -3.740174903583e-13       9.920664464799e-15       0.000000000000e+00       0.000000000000e+00       0.000000000000e+00 
  107       1.278350645483e-11       1.616733108972e-14      -3.668462080513e-13       9.835618374254e-15       0.000000000000e+00       0.000000000000e+00       0.000000000000e+00 
  108       1.229502721596e-11       1.613841205078e-14      -3.595803294690e-13       9.747422584527e-15       0.000000000000e+00       0.000000000000e+00       0.000000000000e+00 
  109       1.181903980664e-11       1.610348612324e-14      -3.522284745176e-13       9.656198411529e-15       0.000000000000e+00       0.000000000000e+00       0.000000000000e+00 
  110       1.135557680667e-11       1.606261625124e-14      -3.447993023372e-13       9.562070309209e-15       0.000000000000e+00       0.000000000000e+00       0.000000000000e+00 
  111       1.090458837322e-11       1.601587184631e-14      -3.373015035895e-13       9.465165818608e-15       0.000000000000e+00       0.000000000000e+00       0.000000000000e+00 
  112       1.046593954555e-11       1.596332885511e-14      -3.297437927472e-13       9.365615516901e-15       0.000000000000e+00       0.000000000000e+00       0.000000000000e+00 
  113       1.003940754956e-11       1.590506982714e-14      -3.221349003821e-13       9.263552966452e-15       0.000000000000e+00       0.000000000000e+00       0.000000000000e+00 
  114       9.624679102456e-12       1.584118398244e-14      -3.144835654535e-13       9.159114663857e-15       0.000000000000e+00       0.000000000000e+00       0.000000000000e+00 
  115       9.221347717359e-12       1.577176727930e-14      -3.067985275970e-13       9.052439988995e-15       0.000000000000e+00       0.000000000000e+00       0.000000000000e+00 
  116       8.829040679442e-12       1.569691839059e-14      -2.990883454707e-13       8.943667205207e-15       0.000000000000e+00       0.000000000000e+00       0.000000000000e+00 
  117       8.447823250751e-12       1.561672593327e-14      -2.913608432254e-13       8.832921017066e-15       0.000000000000e+00       0.000000000000e+00       0.000000000000e+00 
  118       8.077838776306e-12       1.553127980612e-14      -2.836235819414e-13       8.720323397143e-15       0.000000000000e+00       0.000000000000e+00       0.000000000000e+00 
  119       7.719181877848e-12       1.544067517342e-14      -2.758840183999e-13       8.605997314590e-15       0.000000000000e+00       0.000000000000e+00       0.000000000000e+00 
  120       7.371896904991e-12       1.534501249640e-14      -2.681494958337e-13       8.490066649273e-15       0.000000000000e+00       0.000000000000e+00       0.000000000000e+00 
  121       7.035976386365e-12       1.524439756483e-14      -2.604272346780e-13       8.372656105905e-15       0.000000000000e+00       0.000000000000e+00       0.000000000000e+00 
  122       6.711359480766e-12       1.513894152851e-14      -2.527243233202e-13       8.253891128178e-15       0.000000000000e+00       0.000000000000e+00       0.000000000000e+00 
  123       6.397930428299e-12       1.502876092884e-14      -2.450477088515e-13       8.133897812900e-15       0.000000000000e+00       0.000000000000e+00       0.000000000000e+00 
  124       6.095517001527e-12       1.491397773029e-14      -2.374041878163e-13       8.012802824124e-15       0.000000000000e+00       0.000000000000e+00       0.000000000000e+00 
  125       5.803888956617e-12       1.479471935201e-14      -2.298003969640e-13       7.890733307285e-15       0.000000000000e+00       0.000000000000e+00       0.000000000000e+00 
  126       5.522756484485e-12       1.467111869929e-14      -2.222428039984e-13       7.767816803334e-15       0.000000000000e+00       0.000000000000e+00       0.000000000000e+00 
  127       5.251768661945e-12       1.454331419513e-14      -2.147376983290e-13       7.644181162866e-15       0.000000000000e+00       0.000000000000e+00       0.000000000000e+00 
  128       4.990511902856e-12       1.441144981176e-14      -2.072911818215e-13       7.519954460260e-15       0.000000000000e+00       0.000000000000e+00       0.000000000000e+00 
  129       4.738606965713e-12       1.427566968905e-14      -1.999091660475e-13       7.395262188912e-15       0.000000000000e+00       0.000000000000e+00       0.000000000000e+00 
  130       4.496015298202e-12       1.413610125525e-14      -1.925973833404e-13       7.270218681447e-15       0.000000000000e+00       0.000000000000e+00       0.000000000000e+00 
  131       4.262763528450e-12       1.399287030554e-14      -1.853613594788e-13       7.144934581647e-15       0.000000000000e+00       0.000000000000e+00       0.000000000000e+00 
  132       4.038847085706e-12       1.384610624204e-14      -1.782063981832e-13       7.019519374685e-15       0.000000000000e+00       0.000000000000e+00       0.000000000000e+00 
  133       3.824229356725e-12       1.369594206661e-14      -1.711375719128e-13       6.894081281810e-15       0.000000000000e+00       0.000000000000e+00       0.000000000000e+00 
  134       3.618840842150e-12       1.354251437364e-14      -1.641597126630e-13       6.768727155018e-15       0.000000000000e+00       0.000000000000e+00       0.000000000000e+00 
  135       3.422578312887e-12       1.338596334283e-14      -1.572774027621e-13       6.643562371737e-15       0.000000000000e+00       0.000000000000e+00       0.000000000000e+00 
  136       3.235303966491e-12       1.322643273201e-14      -1.504949656687e-13       6.518690729501e-15       0.000000000000e+00       0.000000000000e+00       0.000000000000e+00 
  137       3.056844583542e-12       1.306406986994e-14      -1.438164567682e-13       6.394214340627e-15       0.000000000000e+00       0.000000000000e+00       0.000000000000e+00 
  138       2.886990684029e-12       1.289902564907e-14      -1.372456541706e-13       6.270233526897e-15       0.000000000000e+00       0.000000000000e+00       0.000000000000e+00 
  139       2.725495683730e-12       1.273145451840e-14      -1.307860495072e-13       6.146846714232e-15       0.000000000000e+00       0.000000000000e+00       0.000000000000e+00 
  140       2.572075050592e-12       1.256151447618e-14      -1.244408387274e-13       6.024150327374e-15       0.000000000000e+00       0.000000000000e+00       0.000000000000e+00 
  141       2.426405461109e-12       1.238936706282e-14      -1.182129128964e-13       5.902238684559e-15       0.000000000000e+00       0.000000000000e+00       0.000000000000e+00 
  142       2.288123956707e-12       1.221517735360e-14      -1.121048489916e-13       5.781203892201e-15       0.000000000000e+00       0.000000000000e+00       0.000000000000e+00 
  143       2.156827100124e-12       1.203911395148e-14      -1.061189007002e-13       5.661135739564e-15       0.000000000000e+00       0.000000000000e+00       0.000000000000e+00 
  144       2.032145966581e-12       1.186134269515e-14      -1.002572605858e-13       5.542121163880e-15       0.000000000000e+00       0.000000000000e+00       0.000000000000e+00 
  145       1.913981230646e-12       1.168200709907e-14      -9.452289514757e-14       5.424242808604e-15       0.000000000000e+00       0.000000000000e+00       0.000000000000e+00 
  146       1.802289760002e-12       1.150124596239e-14      -8.891877497564e-14       5.307580122145e-15       0.000000000000e+00       0.000000000000e+00       0.000000000000e+00 
  147       1.697010457594e-12       1.131919943763e-14      -8.344760319808e-14       5.192209667835e-15       0.000000000000e+00       0.000000000000e+00       0.000000000000e+00 
  148       1.598063853843e-12       1.113600898736e-14      -7.811180783754e-14       5.078205016134e-15       0.000000000000e+00       0.000000000000e+00       0.000000000000e+00 
  149       1.505351698858e-12       1.095181734092e-14      -7.291353416792e-14       4.965636636842e-15       0.000000000000e+00       0.000000000000e+00       0.000000000000e+00 
  150       1.418756554653e-12       1.076676845101e-14      -6.785463707102e-14       4.854571791307e-15       0.000000000000e+00       0.000000000000e+00       0.000000000000e+00 
  151       1.338141387350e-12       1.058100745046e-14      -6.293667339322e-14       4.745074424635e-15       0.000000000000e+00       0.000000000000e+00       0.000000000000e+00 
  152       1.263349159403e-12       1.039468060884e-14      -5.816089430212e-14       4.637205057898e-15       0.000000000000e+00       0.000000000000e+00       0.000000000000e+00 
  153       1.194202421801e-12       1.020793528916e-14      -5.352823764325e-14       4.531020680345e-15       0.000000000000e+00       0.000000000000e+00       0.000000000000e+00 
  154       1.130502906289e-12       1.002091990456e-14      -4.903932029667e-14       4.426574641610e-15       0.000000000000e+00       0.000000000000e+00       0.000000000000e+00 
  155       1.072031117574e-12       9.833783874965e-15      -4.469443053370e-14       4.323916543923e-15       0.000000000000e+00       0.000000000000e+00       0.000000000000e+00 
  156       1.018545925542e-12       9.646677583766e-15      -4.049352037354e-14       4.223092134316e-15       0.000000000000e+00       0.000000000000e+00       0.000000000000e+00 
  157       9.697841574681e-13       9.459752334508e-15      -3.643619793995e-14       4.124143196836e-15       0.000000000000e+00       0.000000000000e+00       0.000000000000e+00 
  158       9.254601902313e-13       9.273160307558e-15      -3.252171981791e-14       4.027107444750e-15       0.000000000000e+00       0.000000000000e+00       0.000000000000e+00 
  159       8.852655425257e-13       9.087054516779e-15      -2.874898341029e-14       3.932018412760e-15       0.000000000000e+00       0.000000000000e+00       0.000000000000e+00 
  160       8.488684670742e-13       8.901588766215e-15      -2.511651929452e-14       3.838905349205e-15       0.000000000000e+00       0.000000000000e+00       0.000000000000e+00 
  161       8.159669602844e-13       8.716911698532e-15      -2.162296104955e-14       3.747796365274e-15       0.000000000000e+00       0.000000000000e+00       0.000000000000e+00 
  162       7.864539153599e-13       8.533148439863e-15      -1.826851747402e-14       3.658728421865e-15       0.000000000000e+00       0.000000000000e+00       0.000000000000e+00 
  163       7.602658627664e-13       8.350417241413e-15      -1.505361655874e-14       3.571738023997e-15       0.000000000000e+00       0.000000000000e+00       0.000000000000e+00 
  164       7.373307056197e-13       8.168835171757e-15      -1.197843432265e-14       3.486857951174e-15       0.000000000000e+00       0.000000000000e+00       0.000000000000e+00 
  165       7.175675576661e-13       7.988518046329e-15      -9.042889366216e-15       3.404117164581e-15       0.000000000000e+00       0.000000000000e+00       0.000000000000e+00 
  166       7.008865812616e-13       7.809580356921e-15      -6.246637424925e-15       3.323540714278e-15       0.000000000000e+00       0.000000000000e+00       0.000000000000e+00 
  167       6.871888253517e-13       7.632135201169e-15      -3.589065922689e-15       3.245149646395e-15       0.000000000000e+00       0.000000000000e+00       0.000000000000e+00 
  168       6.763660634512e-13       7.456294212055e-15      -1.069288525306e-15       3.168960910323e-15       0.000000000000e+00       0.000000000000e+00       0.000000000000e+00 
  169       6.683006316236e-13       7.282167487394e-15       1.313860306094e-15       3.094987265916e-15       0.000000000000e+00       0.000000000000e+00       0.000000000000e+00 
  170       6.628652664606e-13       7.109863519333e-15       3.561830761605e-15       3.023237190674e-15       0.000000000000e+00       0.000000000000e+00       0.000000000000e+00 
  171       6.599229430625e-13       6.939489123838e-15       5.676363129100e-15       2.953714786949e-15       0.000000000000e+00       0.000000000000e+00       0.000000000000e+00 
  172       6.593267130169e-13       6.771149370196e-15       7.659493240785e-15       2.886419689131e-15       0.000000000000e+00       0.000000000000e+00       0.000000000000e+00 
  173       6.609195423791e-13       6.604947510500e-15       9.513557919757e-15       2.821346970845e-15       0.000000000000e+00       0.000000000000e+00       0.000000000000e+00 
  174       6.645341496513e-13       6.440984909150e-15       1.124120042655e-14       2.758487052146e-15       0.000000000000e+00       0.000000000000e+00       0.000000000000e+00 
  175       6.699928437625e-13       6.279360972341e-15       1.284537590571e-14       2.697825606712e-15       0.000000000000e+00       0.000000000000e+00       0.000000000000e+00 
  176       6.771073620480e-13       6.120173077561e-15       1.432935683232e-14       2.639343469040e-15       0.000000000000e+00       0.000000000000e+00       0.000000000000e+00 
  177       6.856787082290e-13       5.963516503082e-15       1.569673845858e-14       2.583016541638e-15       0.000000000000e+00       0.000000000000e+00       0.000000000000e+00 
  178       6.954969903927e-13       5.809484357452e-15       1.695144426034e-14       2.528815702222e-15       0.000000000000e+00       0.000000000000e+00       0.000000000000e+00 
  179       7.063412589714e-13       5.658167508995e-15       1.809773138368e-14       2.476706710906e-15       0.000000000000e+00       0.000000000000e+00       0.000000000000e+00 
  180       7.180127018159e-13       5.509651605758e-15       1.913954947356e-14       2.426657646920e-15       0.000000000000e+00       0.000000000000e+00       0.000000000000e+00 
  181       7.304375185318e-13       5.364008017769e-15       2.007854878954e-14       2.378662073634e-15       0.000000000000e+00       0.000000000000e+00       0.000000000000e+00 
  182       7.435719313466e-13       5.221302037727e-15       2.091592384930e-14       2.332717540952e-15       0.000000000000e+00       0.000000000000e+00       0.000000000000e+00 
  183       7.573695239840e-13       5.081595645198e-15       2.165304886118e-14       2.288818156650e-15       0.000000000000e+00       0.000000000000e+00       0.000000000000e+00 
  184       7.717812025054e-13       4.944947425388e-15       2.229148078913e-14       2.246954521307e-15       0.000000000000e+00       0.000000000000e+00       0.000000000000e+00 
  185       7.867551561522e-13       4.811412487927e-15       2.283296241760e-14       2.207113663233e-15       0.000000000000e+00       0.000000000000e+00       0.000000000000e+00 
  186       8.022368181874e-13       4.681042385641e-15       2.327942541645e-14       2.169278973394e-15       0.000000000000e+00       0.000000000000e+00       0.000000000000e+00 
  187       8.181688267374e-13       4.553885033331e-15       2.363299340581e-14       2.133430140340e-15       0.000000000000e+00       0.000000000000e+00       0.000000000000e+00 
  188       8.344909856341e-13       4.429984626550e-15       2.389598502108e-14       2.099543085133e-15       0.000000000000e+00       0.000000000000e+00       0.000000000000e+00 
  189       8.511402252567e-13       4.309381560378e-15       2.407091697773e-14       2.067589896277e-15       0.000000000000e+00       0.000000000000e+00       0.000000000000e+00 
  190       8.680505633735e-13       4.192112348202e-15       2.416050713629e-14       2.037538764637e-15       0.000000000000e+00       0.000000000000e+00       0.000000000000e+00 
  191       8.851530659838e-13       4.078209540493e-15       2.416767756719e-14       2.009353918377e-15       0.000000000000e+00       0.000000000000e+00       0.000000000000e+00 
  192       9.023758081599e-13       3.967701643581e-15       2.409555761571e-14       1.982995557877e-15       0.000000000000e+00       0.000000000000e+00       0.000000000000e+00 
  193       9.196438348887e-13       3.860613038433e-15       2.394748696687e-14       1.958419790669e-15       0.000000000000e+00       0.000000000000e+00       0.000000000000e+00 
  194       9.368791219141e-13       3.756963899429e-15       2.372701871032e-14       1.935578566360e-15       0.000000000000e+00       0.000000000000e+00       0.000000000000e+00 
  195       9.540005365781e-13       3.656770113144e-15       2.343792240528e-14       1.914419611558e-15       0.000000000000e+00       0.000000000000e+00       0.000000000000e+00 
  196       9.709237986634e-13       3.560043197117e-15       2.308418714540e-14       1.894886364802e-15       0.000000000000e+00       0.000000000000e+00       0.000000000000e+00 
  197       9.875614412348e-13       3.466790218636e-15       2.267002462371e-14       1.876917911491e-15       0.000000000000e+00       0.000000000000e+00       0.000000000000e+00 
  198       1.003822771482e-12       3.377013713509e-15       2.219987219749e-14       1.860448918805e-15       0.000000000000e+00       0.000000000000e+00       0.000000000000e+00 
  199       1.019613831559e-12       3.290711604845e-15       2.167839595320e-14       1.845409570639e-15       0.000000000000e+00       0.000000000000e+00       0.000000000000e+00 
  200       1.034837359429e-12       3.207877121830e-15       2.111049377136e-14       1.831725502525e-15       0.000000000000e+00       0.000000000000e+00       0.000000000000e+00 
  201       1.049408288123e-12       3.128502074913e-15       2.050064908316e-14       1.819328182366e-15       0.000000000000e+00       0.000000000000e+00       0.000000000000e+00 
  202       1.063301558728e-12       3.052587110990e-15       1.985093432418e-14       1.808187014266e-15       0.000000000000e+00       0.000000000000e+00       0.000000000000e+00 
  203       1.076507651190e-12       2.980132034978e-15       1.916287060977e-14       1.798279405091e-15       0.000000000000e+00       0.000000000000e+00       0.000000000000e+00 
  204       1.089017359593e-12       2.911132448394e-15       1.843806536359e-14       1.789580490794e-15       0.000000000000e+00       0.000000000000e+00       0.000000000000e+00 
  205       1.100821798924e-12       2.845579678061e-15       1.767821346352e-14       1.782063102222e-15       0.000000000000e+00       0.000000000000e+00       0.000000000000e+00 
  206       1.111912411836e-12       2.783460704794e-15       1.688509838747e-14       1.775697730908e-15       0.000000000000e+00       0.000000000000e+00       0.000000000000e+00 
  207       1.122280975420e-12       2.724758092107e-15       1.606059335927e-14       1.770452494878e-15       0.000000000000e+00       0.000000000000e+00       0.000000000000e+00 
  208       1.131919607962e-12       2.669449914903e-15       1.520666249454e-14       1.766293104449e-15       0.000000000000e+00       0.000000000000e+00       0.000000000000e+00 
  209       1.140820775718e-12       2.617509688177e-15       1.432536194654e-14       1.763182828028e-15       0.000000000000e+00       0.000000000000e+00       0.000000000000e+00 
  210       1.148977299675e-12       2.568906295707e-15       1.341884105201e-14       1.761082457911e-15       0.000000000000e+00       0.000000000000e+00       0.000000000000e+00 
  211       1.156382362317e-12       2.523603918755e-15       1.248934347709e-14       1.759950276086e-15       0.000000000000e+00       0.000000000000e+00       0.000000000000e+00 
  212       1.163029514392e-12       2.481561964763e-15       1.153920836310e-14       1.759742020034e-15       0.000000000000e+00       0.000000000000e+00       0.000000000000e+00 
  213       1.168912681681e-12       2.442734996050e-15       1.057087147249e-14       1.760410848522e-15       0.000000000000e+00       0.000000000000e+00       0.000000000000e+00 
  214       1.174026171756e-12       2.407072658508e-15       9.586866334620e-15       1.761907307414e-15       0.000000000000e+00       0.000000000000e+00       0.000000000000e+00 
  215       1.178364680756e-12       2.374519610303e-15       8.589825391691e-15       1.764179295459e-15       0.000000000000e+00       0.000000000000e+00       0.000000000000e+00 
  216       1.181923300144e-12       2.345015450564e-15       7.582481144559e-15       1.767172030102e-15       0.000000000000e+00       0.000000000000e+00       0.000000000000e+00 
  217       1.184697523479e-12       2.318494648089e-15       6.567667298617e-15       1.770828013275e-15       0.000000000000e+00       0.000000000000e+00       0.000000000000e+00 
  218       1.186683253179e-12       2.294886470037e-15       5.548319909652e-15       1.775086997206e-15       0.000000000000e+00       0.000000000000e+00       0.000000000000e+00 
  219       1.187876807288e-12       2.274114910626e-15       4.527478529710e-15       1.779885950211e-15       0.000000000000e+00       0.000000000000e+00       0.000000000000e+00 
  220       1.188274926241e-12       2.256098619831e-15       3.508287352952e-15       1.785159022497e-15       0.000000000000e+00       0.000000000000e+00       0.000000000000e+00 
  221       1.187874779632e-12       2.240750832077e-15       2.493996361524e-15       1.790837511966e-15       0.000000000000e+00       0.000000000000e+00       0.000000000000e+00 
  222       1.186673972979e-12       2.227979294943e-15       1.487962471409e-15       1.796849830007e-15       0.000000000000e+00       0.000000000000e+00       0.000000000000e+00 
  223       1.184670554489e-12       2.217686197853e-15       4.936506782952e-16       1.803121467305e-15       0.000000000000e+00       0.000000000000e+00       0.000000000000e+00 
  224       1.181865245829e-12       2.209779603858e-15      -4.858567416623e-16       1.809585465754e-15       0.000000000000e+00       0.000000000000e+00       0.000000000000e+00 
  225       1.178268279773e-12       2.204208709231e-15      -1.449370060217e-15       1.816214653067e-15       0.000000000000e+00       0.000000000000e+00       0.000000000000e+00 
  226       1.173893015328e-12       2.200930713122e-15      -2.396177136089e-15       1.822991414727e-15       0.000000000000e+00       0.000000000000e+00       0.000000000000e+00 
  227       1.168753765240e-12       2.199899474609e-15      -3.325560221474e-15       1.829897365040e-15       0.000000000000e+00       0.000000000000e+00       0.000000000000e+00 
  228       1.162865808058e-12       2.201065468779e-15      -4.236795987477e-15       1.836913337952e-15       0.000000000000e+00       0.000000000000e+00       0.000000000000e+00 
  229       1.156245400192e-12       2.204375742815e-15      -5.129155549548e-15       1.844019377864e-15       0.000000000000e+00       0.000000000000e+00       0.000000000000e+00 
  230       1.148909787975e-12       2.209773872082e-15      -6.001904492920e-15       1.851194730442e-15       0.000000000000e+00       0.000000000000e+00       0.000000000000e+00 
  231       1.140877219725e-12       2.217199916208e-15      -6.854302898045e-15       1.858417833436e-15       0.000000000000e+00       0.000000000000e+00       0.000000000000e+00 
  232       1.132166957806e-12       2.226590375178e-15      -7.685605366030e-15       1.865666307495e-15       0.000000000000e+00       0.000000000000e+00       0.000000000000e+00 
  233       1.122799290689e-12       2.237878145409e-15      -8.495061044071e-15       1.872916946978e-15       0.000000000000e+00       0.000000000000e+00       0.000000000000e+00 
  234       1.112795545012e-12       2.250992475845e-15      -9.281913650892e-15       1.880145710770e-15       0.000000000000e+00       0.000000000000e+00       0.000000000000e+00 
  235       1.102178097645e-12       2.265858924034e-15      -1.004540150218e-14       1.887327713100e-15       0.000000000000e+00       0.000000000000e+00       0.000000000000e+00 
  236       1.090970387747e-12       2.282399312218e-15      -1.078475753602e-14       1.894437214351e-15       0.000000000000e+00       0.000000000000e+00       0.000000000000e+00 
  237       1.079196928828e-12       2.300531683418e-15      -1.149920933834e-14       1.901447611876e-15       0.000000000000e+00       0.000000000000e+00       0.000000000000e+00 
  238       1.066883320814e-12       2.320170257518e-15      -1.218797916832e-14       1.908331430817e-15       0.000000000000e+00       0.000000000000e+00       0.000000000000e+00 
  239       1.054056262103e-12       2.341225387352e-15      -1.285028398388e-14       1.915060314911e-15       0.000000000000e+00       0.000000000000e+00       0.000000000000e+00 
  240       1.040743561629e-12       2.363603514787e-15      -1.348533546705e-14       1.921605017313e-15       0.000000000000e+00       0.000000000000e+00       0.000000000000e+00 
  241       1.026974150924e-12       2.387207126810e-15      -1.409234004946e-14       1.927935391405e-15       0.000000000000e+00       0.000000000000e+00       0.000000000000e+00 
  242       1.012778096177e-12       2.411934711613e-15      -1.467049893775e-14       1.934020381615e-15       0.000000000000e+00       0.000000000000e+00       0.000000000000e+00 
  243       9.981866102969e-13       2.437680714678e-15      -1.521900813902e-14       1.939828014228e-15       0.000000000000e+00       0.000000000000e+00       0.000000000000e+00 
  244       9.832320649722e-13       2.464335494862e-15      -1.573705848624e-14       1.945325388204e-15       0.000000000000e+00       0.000000000000e+00       0.000000000000e+00 
  245       9.679480027340e-13       2.491785280483e-15      -1.622383566373e-14       1.950478665987e-15       0.000000000000e+00       0.000000000000e+00       0.000000000000e+00 
  246       9.523691490162e-13       2.519912125408e-15      -1.667852023255e-14       1.955253064328e-15       0.000000000000e+00       0.000000000000e+00       0.000000000000e+00 
  247       9.365314242168e-13       2.548593865130e-15      -1.710028765597e-14       1.959612845093e-15       0.000000000000e+00       0.000000000000e+00       0.000000000000e+00 
  248       9.204719557591e-13       2.577704072864e-15      -1.748830832489e-14       1.963521306079e-15       0.000000000000e+00       0.000000000000e+00       0.000000000000e+00 
  249       9.042290901532e-13       2.607112015623e-15      -1.784174758327e-14       1.966940771831e-15       0.000000000000e+00       0.000000000000e+00       0.000000000000e+00 
  250       8.878378322121e-13       2.636699542647e-15      -1.815995128723e-14       1.969839193710e-15       0.000000000000e+00       0.000000000000e+00       0.000000000000e+00 
  251       8.713158459148e-13       2.666412922153e-15      -1.844301430560e-14       1.972210391476e-15       0.000000000000e+00       0.000000000000e+00       0.000000000000e+00 
  252       8.546766689099e-13       2.696213911420e-15      -1.869124488378e-14       1.974054962249e-15       0.000000000000e+00       0.000000000000e+00       0.000000000000e+00 
  253       8.379342159484e-13       2.726063082206e-15      -1.890498244122e-14       1.975373779829e-15       0.000000000000e+00       0.000000000000e+00       0.000000000000e+00 
  254       8.211027821999e-13       2.755919809223e-15      -1.908459795157e-14       1.976167998146e-15       0.000000000000e+00       0.000000000000e+00       0.000000000000e+00 
  255       8.041970465694e-13       2.785742258598e-15      -1.923049432300e-14       1.976439054716e-15       0.000000000000e+00       0.000000000000e+00       0.000000000000e+00 
  256       7.872320750131e-13       2.815487376339e-15      -1.934310677838e-14       1.976188674092e-15       0.000000000000e+00       0.000000000000e+00       0.000000000000e+00 
  257       7.702233238552e-13       2.845110876804e-15      -1.942290323557e-14       1.975418871321e-15       0.000000000000e+00       0.000000000000e+00       0.000000000000e+00 
  258       7.531866431040e-13       2.874567231163e-15      -1.947038468762e-14       1.974131955397e-15       0.000000000000e+00       0.000000000000e+00       0.000000000000e+00 
  259       7.361382797683e-13       2.903809655868e-15      -1.948608558306e-14       1.972330532714e-15       0.000000000000e+00       0.000000000000e+00       0.000000000000e+00 
  260       7.190948811736e-13       2.932790101114e-15      -1.947057420607e-14       1.970017510519e-15       0.000000000000e+00       0.000000000000e+00       0.000000000000e+00 
  261       7.020734982789e-13       2.961459239309e-15      -1.942445305680e-14       1.967196100370e-15       0.000000000000e+00       0.000000000000e+00       0.000000000000e+00 
  262       6.850915889924e-13       2.989766453539e-15      -1.934835923158e-14       1.963869821584e-15       0.000000000000e+00       0.000000000000e+00       0.000000000000e+00 
  263       6.681670214883e-13       3.017659826032e-15      -1.924296480312e-14       1.960042504697e-15       0.000000000000e+00       0.000000000000e+00       0.000000000000e+00 
  264       6.513180775231e-13       3.045086126625e-15      -1.910897720082e-14       1.955718294912e-15       0.000000000000e+00       0.000000000000e+00       0.000000000000e+00 
  265       6.345634557518e-13       3.071990801231e-15      -1.894713959097e-14       1.950901655557e-15       0.000000000000e+00       0.000000000000e+00       0.000000000000e+00 
  266       6.179222750440e-13       3.098317960304e-15      -1.875823125702e-14       1.945597371538e-15       0.000000000000e+00       0.000000000000e+00       0.000000000000e+00 
  267       6.014140778011e-13       3.124010367303e-15      -1.854306797977e-14       1.939810552791e-15       0.000000000000e+00       0.000000000000e+00       0.000000000000e+00 
  268       5.850588332716e-13       3.149009427161e-15      -1.830250241768e-14       1.933546637739e-15       0.000000000000e+00       0.000000000000e+00       0.000000000000e+00 
  269       5.688769408681e-13       3.173255174749e-15      -1.803742448705e-14       1.926811396743e-15       0.000000000000e+00       0.000000000000e+00       0.000000000000e+00 
  270       5.528892334836e-13       3.196686263344e-15      -1.774876174230e-14       1.919610935557e-15       0.000000000000e+00       0.000000000000e+00       0.000000000000e+00 
  271       5.371169808074e-13       3.219239953091e-15      -1.743747975621e-14       1.911951698782e-15       0.000000000000e+00       0.000000000000e+00       0.000000000000e+00 
  272       5.215818926419e-13       3.240852099472e-15      -1.710458250013e-14       1.903840473320e-15       0.000000000000e+00       0.000000000000e+00       0.000000000000e+00 
  273       5.063061222189e-13       3.261457141772e-15      -1.675111272426e-14       1.895284391827e-15       0.000000000000e+00       0.000000000000e+00       0.000000000000e+00 
  274       4.913122695157e-13       3.280988091542e-15      -1.637815233786e-14       1.886290936169e-15       0.000000000000e+00       0.000000000000e+00       0.000000000000e+00 
  275       4.766233845717e-13       3.299376521069e-15      -1.598682278954e-14       1.876867940872e-15       0.000000000000e+00       0.000000000000e+00       0.000000000000e+00 
  276       4.622629708043e-13       3.316552551836e-15      -1.557828544741e-14       1.867023596581e-15       0.000000000000e+00       0.000000000000e+00       0.000000000000e+00 
  277       4.482549883260e-13       3.332444842996e-15      -1.515374197944e-14       1.856766453509e-15       0.000000000000e+00       0.000000000000e+00       0.000000000000e+00 
  278       4.346238572600e-13       3.346980579831e-15      -1.471443473360e-14       1.846105424892e-15       0.000000000000e+00       0.000000000000e+00       0.000000000000e+00 
  279       4.213903372704e-13       3.360098571871e-15      -1.426151837991e-14       1.835049956520e-15       0.000000000000e+00       0.000000000000e+00       0.000000000000e+00 
  280       4.085589230290e-13       3.371789322122e-15      -1.379566669304e-14       1.823610537925e-15       0.000000000000e+00       0.000000000000e+00       0.000000000000e+00 
  281       3.961298021841e-13       3.382057011303e-15      -1.331744613841e-14       1.811798224406e-15       0.000000000000e+00       0.000000000000e+00       0.000000000000e+00 
  282       3.841029173236e-13       3.390906583744e-15      -1.282744295704e-14       1.799624477027e-15       0.000000000000e+00       0.000000000000e+00       0.000000000000e+00 
  283       3.724779629564e-13       3.398343755992e-15      -1.232626334809e-14       1.787101166330e-15       0.000000000000e+00       0.000000000000e+00       0.000000000000e+00 
  284       3.612543824945e-13       3.404375025411e-15      -1.181453365133e-14       1.774240576046e-15       0.000000000000e+00       0.000000000000e+00       0.000000000000e+00 
  285       3.504313652343e-13       3.409007678788e-15      -1.129290052961e-14       1.761055406796e-15       0.000000000000e+00       0.000000000000e+00       0.000000000000e+00 
  286       3.400078433393e-13       3.412249800935e-15      -1.076203115138e-14       1.747558779810e-15       0.000000000000e+00       0.000000000000e+00       0.000000000000e+00 
  287       3.299824888208e-13       3.414110283295e-15      -1.022261337313e-14       1.733764240628e-15       0.000000000000e+00       0.000000000000e+00       0.000000000000e+00 
  288       3.203537105206e-13       3.414598832543e-15      -9.675355921944e-15       1.719685762812e-15       0.000000000000e+00       0.000000000000e+00       0.000000000000e+00 
  289       3.111196510925e-13       3.413725979190e-15      -9.120988577918e-15       1.705337751658e-15       0.000000000000e+00       0.000000000000e+00       0.000000000000e+00 
  290       3.022781839837e-13       3.411503086189e-15      -8.560262356689e-15       1.690735047898e-15       0.000000000000e+00       0.000000000000e+00       0.000000000000e+00 
  291       2.938269104174e-13       3.407942357536e-15      -7.993949691910e-15       1.675892931415e-15       0.000000000000e+00       0.000000000000e+00       0.000000000000e+00 
  292       2.857631563738e-13       3.403056846874e-15      -7.422844617737e-15       1.660827124951e-15       0.000000000000e+00       0.000000000000e+00       0.000000000000e+00 
  293       2.780839695725e-13       3.396860466097e-15      -6.847762951316e-15       1.645553797812e-15       0.000000000000e+00       0.000000000000e+00       0.000000000000e+00 
  294       2.707861164539e-13       3.389367993954e-15      -6.269542475268e-15       1.630089569582e-15       0.000000000000e+00       0.000000000000e+00       0.000000000000e+00 
  295       2.638660791613e-13       3.380595084653e-15      -5.689043120182e-15       1.614451513829e-15       0.000000000000e+00       0.000000000000e+00       0.000000000000e+00 
  296       2.573200525225e-13       3.370558276462e-15      -5.107147147094e-15       1.598657161815e-15       0.000000000000e+00       0.000000000000e+00       0.000000000000e+00 
  297       2.511439410316e-13       3.359275000314e-15      -4.524759329982e-15       1.582724506205e-15       0.000000000000e+00       0.000000000000e+00       0.000000000000e+00 
  298       2.453333558310e-13       3.346763588414e-15      -3.942807138246e-15       1.566672004775e-15       0.000000000000e+00       0.000000000000e+00       0.000000000000e+00 
  299       2.398836116930e-13       3.333043282838e-15      -3.362240919197e-15       1.550518584122e-15       0.000000000000e+00       0.000000000000e+00       0.000000000000e+00 
  300       2.347897240016e-13       3.318134244135e-15      -2.784034080549e-15       1.534283643374e-15       0.000000000000e+00       0.000000000000e+00       0.000000000000e+00 
  301       2.300464057344e-13       3.302057559939e-15      -2.209183272897e-15       1.517987057895e-15       0.000000000000e+00       0.000000000000e+00       0.000000000000e+00 
  302       2.256480644445e-13       3.284835253565e-15      -1.638708572212e-15       1.501649182999e-15       0.000000000000e+00       0.000000000000e+00       0.000000000000e+00 
  303       2.215887992420e-13       3.266490292612e-15      -1.073653662323e-15       1.485290857655e-15       0.000000000000e+00       0.000000000000e+00       0.000000000000e+00 
  304       2.178623977761e-13       3.247046597575e-15      -5.150860174044e-16       1.468933408199e-15       0.000000000000e+00       0.000000000000e+00       0.000000000000e+00 
  305       2.144623332166e-13       3.226529050438e-15       3.590291553316e-17       1.452598652040e-15       0.000000000000e+00       0.000000000000e+00       0.000000000000e+00 
  306       2.113817612360e-13       3.204963503287e-15       5.781975341607e-16       1.436308901371e-15       0.000000000000e+00       0.000000000000e+00       0.000000000000e+00 
  307       2.086135169912e-13       3.182376786905e-15       1.110657898341e-15       1.420086966879e-15       0.000000000000e+00       0.000000000000e+00       0.000000000000e+00 
  308       2.061501121052e-13       3.158796719383e-15       1.632119547644e-15       1.403956161450e-15       0.000000000000e+00       0.000000000000e+00       0.000000000000e+00 
  309       2.039837316490e-13       3.134252114720e-15       2.141393318857e-15       1.387940303881e-15       0.000000000000e+00       0.000000000000e+00       0.000000000000e+00 
  310       2.021062311233e-13       3.108772791425e-15       2.637265163499e-15       1.372063722591e-15       0.000000000000e+00       0.000000000000e+00       0.000000000000e+00 
  311       2.005091334405e-13       3.082389581125e-15       3.118495965335e-15       1.356351259323e-15       0.000000000000e+00       0.000000000000e+00       0.000000000000e+00 
  312       1.991842134871e-13       3.055133444352e-15       3.584028628534e-15       1.340824705738e-15       0.000000000000e+00       0.000000000000e+00       0.000000000000e+00 
  313       1.981252879804e-13       3.027032754929e-15       4.033620336377e-15       1.325491922813e-15       0.000000000000e+00       0.000000000000e+00       0.000000000000e+00 
  314       1.973265027643e-13       2.998115906390e-15       4.467239272665e-15       1.310357223832e-15       0.000000000000e+00       0.000000000000e+00       0.000000000000e+00 
  315       1.967817504294e-13       2.968412200906e-15       4.884860067861e-15       1.295424895316e-15       0.000000000000e+00       0.000000000000e+00       0.000000000000e+00 
  316       1.964846680167e-13       2.937951856795e-15       5.286463871294e-15       1.280699196351e-15       0.000000000000e+00       0.000000000000e+00       0.000000000000e+00 
  317       1.964286347215e-13       2.906766016023e-15       5.672038423374e-15       1.266184357915e-15       0.000000000000e+00       0.000000000000e+00       0.000000000000e+00 
  318       1.966067695973e-13       2.874886751718e-15       6.041578127794e-15       1.251884582202e-15       0.000000000000e+00       0.000000000000e+00       0.000000000000e+00 
  319       1.970119292596e-13       2.842347075668e-15       6.395084123742e-15       1.237804041948e-15       0.000000000000e+00       0.000000000000e+00       0.000000000000e+00 
  320       1.976367055894e-13       2.809180945836e-15       6.732564358104e-15       1.223946879755e-15       0.000000000000e+00       0.000000000000e+00       0.000000000000e+00 
  321       1.984734234376e-13       2.775423273859e-15       7.054033657678e-15       1.210317207420e-15       0.000000000000e+00       0.000000000000e+00       0.000000000000e+00 
  322       1.995141383283e-13       2.741109932560e-15       7.359513801376e-15       1.196919105260e-15       0.000000000000e+00       0.000000000000e+00       0.000000000000e+00 
  323       2.007506341629e-13       2.706277763451e-15       7.649033592436e-15       1.183756621435e-15       0.000000000000e+00       0.000000000000e+00       0.000000000000e+00 
  324       2.021744209239e-13       2.670964584241e-15       7.922628930630e-15       1.170833771275e-15       0.000000000000e+00       0.000000000000e+00       0.000000000000e+00 
  325       2.037767323785e-13       2.635209196342e-15       8.180342884466e-15       1.158154536609e-15       0.000000000000e+00       0.000000000000e+00       0.000000000000e+00 
  326       2.055485237828e-13       2.599051392378e-15       8.422225763406e-15       1.145722865085e-15       0.000000000000e+00       0.000000000000e+00       0.000000000000e+00 
  327       2.074804695853e-13       2.562531963687e-15       8.648335190063e-15       1.133542669499e-15       0.000000000000e+00       0.000000000000e+00       0.000000000000e+00 
  328       2.095629611309e-13       2.525692707830e-15       8.858736172416e-15       1.121617827121e-15       0.000000000000e+00       0.000000000000e+00       0.000000000000e+00 
  329       2.117861043646e-13       2.488576436099e-15       9.053501176018e-15       1.109952179019e-15       0.000000000000e+00       0.000000000000e+00       0.000000000000e+00 
  330       2.141397175354e-13       2.451226981019e-15       9.232710196198e-15       1.098549529387e-15       0.000000000000e+00       0.000000000000e+00       0.000000000000e+00 
  331       2.166133289001e-13       2.413689203860e-15       9.396450830275e-15       1.087413644866e-15       0.000000000000e+00       0.000000000000e+00       0.000000000000e+00 
  332       2.191961744272e-13       2.376009002139e-15       9.544818349764e-15       1.076548253877e-15       0.000000000000e+00       0.000000000000e+00       0.000000000000e+00 
  333       2.218771955006e-13       2.338233317130e-15       9.677915772582e-15       1.065957045938e-15       0.000000000000e+00       0.000000000000e+00       0.000000000000e+00 
  334       2.246450366234e-13       2.300410141366e-15       9.795853935259e-15       1.055643670999e-15       0.000000000000e+00       0.000000000000e+00       0.000000000000e+00 
  335       2.274880431219e-13       2.262588526152e-15       9.898751565141e-15       1.045611738759e-15       0.000000000000e+00       0.000000000000e+00       0.000000000000e+00 
  336       2.303942588492e-13       2.224818589066e-15       9.986735352605e-15       1.035864817997e-15       0.000000000000e+00       0.000000000000e+00       0.000000000000e+00 
  337       2.333514238893e-13       2.187151521466e-15       1.005994002326e-14       1.026406435897e-15       0.000000000000e+00       0.000000000000e+00       0.000000000000e+00 
  338       2.363469722606e-13       2.149639595999e-15       1.011850841016e-14       1.017240077372e-15       0.000000000000e+00       0.000000000000e+00       0.000000000000e+00 
  339       2.393680296200e-13       2.112336174107e-15       1.016259152601e-14       1.008369184390e-15       0.000000000000e+00       0.000000000000e+00       0.000000000000e+00 
  340       2.424014109665e-13       2.075295713532e-15       1.019234863537e-14       9.997971553025e-16       0.000000000000e+00       0.000000000000e+00       0.000000000000e+00 
  341       2.454336183451e-13       2.038573775824e-15       1.020794732688e-14       9.915273441655e-16       0.000000000000e+00       0.000000000000e+00       0.000000000000e+00 
  342       2.484508385509e-13       2.002227033845e-15       1.020956358543e-14       9.835630600689e-16       0.000000000000e+00       0.000000000000e+00       0.000000000000e+00 
  343       2.514389408323e-13       1.966313279278e-15       1.019738186440e-14       9.759075664608e-16       0.000000000000e+00       0.000000000000e+00       0.000000000000e+00 
  344       2.543834745955e-13       1.930891430135e-15       1.017159515789e-14       9.685640804729e-16       0.000000000000e+00       0.000000000000e+00       0.000000000000e+00 
  345       2.572696671078e-13       1.896021538259e-15       1.013240507286e-14       9.615357722471e-16       0.000000000000e+00       0.000000000000e+00       0.000000000000e+00 
  346       2.600824212017e-13       1.861764796833e-15       1.008002190138e-14       9.548257642602e-16       0.000000000000e+00       0.000000000000e+00       0.000000000000e+00 
  347       2.628063129787e-13       1.828183547886e-15       1.001466469287e-14       9.484371306502e-16       0.000000000000e+00       0.000000000000e+00       0.000000000000e+00 
  348       2.654255895131e-13       1.795341289802e-15       9.936561326222e-15       9.423728965419e-16       0.000000000000e+00       0.000000000000e+00       0.000000000000e+00 
  349       2.679268255791e-13       1.763292526638e-15       9.845958144641e-15       9.366347581443e-16       0.000000000000e+00       0.000000000000e+00       0.000000000000e+00 
  350       2.703070203287e-13       1.732051835383e-15       9.743149153837e-15       9.312191857457e-16       0.000000000000e+00       0.000000000000e+00       0.000000000000e+00 
  351       2.725658324319e-13       1.701623528533e-15       9.628448178038e-15       9.261211575266e-16       0.000000000000e+00       0.000000000000e+00       0.000000000000e+00 
  352       2.747029517152e-13       1.672011693882e-15       9.502179488170e-15       9.213354222576e-16       0.000000000000e+00       0.000000000000e+00       0.000000000000e+00 
  353       2.767180994768e-13       1.643220192041e-15       9.364677883456e-15       9.168564973690e-16       0.000000000000e+00       0.000000000000e+00       0.000000000000e+00 
  354       2.786110288036e-13       1.615252653970e-15       9.216288773024e-15       9.126786670190e-16       0.000000000000e+00       0.000000000000e+00       0.000000000000e+00 
  355       2.803815248863e-13       1.588112478506e-15       9.057368257507e-15       9.087959801632e-16       0.000000000000e+00       0.000000000000e+00       0.000000000000e+00 
  356       2.820294053363e-13       1.561802829885e-15       8.888283210640e-15       9.052022486236e-16       0.000000000000e+00       0.000000000000e+00       0.000000000000e+00 
  357       2.835545205011e-13       1.536326635273e-15       8.709411360871e-15       9.018910451570e-16       0.000000000000e+00       0.000000000000e+00       0.000000000000e+00 
  358       2.849567537806e-13       1.511686582295e-15       8.521141372957e-15       8.988557015247e-16       0.000000000000e+00       0.000000000000e+00       0.000000000000e+00 
  359       2.862360219432e-13       1.487885116556e-15       8.323872929567e-15       8.960893065607e-16       0.000000000000e+00       0.000000000000e+00       0.000000000000e+00 
  360       2.873922754419e-13       1.464924439172e-15       8.118016812886e-15       8.935847042415e-16       0.000000000000e+00       0.000000000000e+00       0.000000000000e+00 
  361       2.884254987299e-13       1.442806504299e-15       7.903994986214e-15       8.913344917544e-16       0.000000000000e+00       0.000000000000e+00       0.000000000000e+00 
  362       2.893357105772e-13       1.421533016656e-15       7.682240675573e-15       8.893310175668e-16       0.000000000000e+00       0.000000000000e+00       0.000000000000e+00 
  363       2.901229643863e-13       1.401105429053e-15       7.453198451305e-15       8.875663794949e-16       0.000000000000e+00       0.000000000000e+00       0.000000000000e+00 
  364       2.907873485085e-13       1.381524939922e-15       7.217324309674e-15       8.860324227731e-16       0.000000000000e+00       0.000000000000e+00       0.000000000000e+00 
  365       2.913289865596e-13       1.362792490837e-15       6.975085754471e-15       8.847207381225e-16       0.000000000000e+00       0.000000000000e+00       0.000000000000e+00 
  366       2.917480377362e-13       1.344908764049e-15       6.726961878613e-15       8.836226598201e-16       0.000000000000e+00       0.000000000000e+00       0.000000000000e+00 
  367       2.920446971317e-13       1.327874180008e-15       6.473443445749e-15       8.827292637678e-16       0.000000000000e+00       0.000000000000e+00       0.000000000000e+00 
  368       2.922191960522e-13       1.311688894890e-15       6.215032971859e-15       8.820313655613e-16       0.000000000000e+00       0.000000000000e+00       0.000000000000e+00 
  369       2.922718023329e-13       1.296352798127e-15       5.952244806855e-15       8.815195185590e-16       0.000000000000e+00       0.000000000000e+00       0.000000000000e+00 
  370       2.922028206538e-13       1.281865509933e-15       5.685605216187e-15       8.811840119512e-16       0.000000000000e+00       0.000000000000e+00       0.000000000000e+00 
  371       2.920125928556e-13       1.268226378830e-15       5.415652462444e-15       8.810148688286e-16       0.000000000000e+00       0.000000000000e+00       0.000000000000e+00 
  372       2.917014982564e-13       1.255434479176e-15       5.142936886952e-15       8.810018442519e-16       0.000000000000e+00       0.000000000000e+00       0.000000000000e+00 
  373       2.912699539670e-13       1.243488608693e-15       4.868020991382e-15       8.811344233202e-16       0.000000000000e+00       0.000000000000e+00       0.000000000000e+00 
  374       2.907184152075e-13       1.232387285990e-15       4.591479519349e-15       8.814018192403e-16       0.000000000000e+00       0.000000000000e+00       0.000000000000e+00 
  375       2.900473756230e-13       1.222128748098e-15       4.313899538015e-15       8.817929713956e-16       0.000000000000e+00       0.000000000000e+00       0.000000000000e+00 
  376       2.892573675998e-13       1.212710947988e-15       4.035880519689e-15       8.822965434150e-16       0.000000000000e+00       0.000000000000e+00       0.000000000000e+00 
  377       2.883489625814e-13       1.204131552106e-15       3.758034423434e-15       8.829009212418e-16       0.000000000000e+00       0.000000000000e+00       0.000000000000e+00 
  378       2.873227713845e-13       1.196387937893e-15       3.480985776662e-15       8.835942112028e-16       0.000000000000e+00       0.000000000000e+00       0.000000000000e+00 
  379       2.861794445152e-13       1.189477191318e-15       3.205371756744e-15       8.843642380774e-16       0.000000000000e+00       0.000000000000e+00       0.000000000000e+00 
  380       2.849196724848e-13       1.183396104403e-15       2.931842272605e-15       8.851985431663e-16       0.000000000000e+00       0.000000000000e+00       0.000000000000e+00 
  381       2.835441861261e-13       1.178141172749e-15       2.661060046333e-15       8.860843823604e-16       0.000000000000e+00       0.000000000000e+00       0.000000000000e+00 
  382       2.820537569092e-13       1.173708593064e-15       2.393700694773e-15       8.870087242102e-16       0.000000000000e+00       0.000000000000e+00       0.000000000000e+00 
  383       2.804491972578e-13       1.170094260691e-15       2.130452811137e-15       8.879582479942e-16       0.000000000000e+00       0.000000000000e+00       0.000000000000e+00 
  384       2.787313608651e-13       1.167293767133e-15       1.872018046601e-15       8.889193417885e-16       0.000000000000e+00       0.000000000000e+00       0.000000000000e+00 
  385       2.769011430096e-13       1.165302397581e-15       1.619111191910e-15       8.898781005352e-16       0.000000000000e+00       0.000000000000e+00       0.000000000000e+00 
  386       2.749594808718e-13       1.164115128445e-15       1.372460258978e-15       8.908203241117e-16       0.000000000000e+00       0.000000000000e+00       0.000000000000e+00 
  387       2.729073538494e-13       1.163726624873e-15       1.132806562492e-15       8.917315153994e-16       0.000000000000e+00       0.000000000000e+00       0.000000000000e+00 
  388       2.707461200853e-13       1.164129075175e-15       9.007811389240e-16       8.925990268998e-16       0.000000000000e+00       0.000000000000e+00       0.000000000000e+00 
  389       2.684785392809e-13       1.165305609811e-15       6.765287408775e-16       8.934185930441e-16       0.000000000000e+00       0.000000000000e+00       0.000000000000e+00 
  390       2.661077887620e-13       1.167236631380e-15       4.600699381110e-16       8.941880384395e-16       0.000000000000e+00       0.000000000000e+00       0.000000000000e+00 
  391       2.636371313034e-13       1.169901951323e-15       2.514234934513e-16       8.949051511644e-16       0.000000000000e+00       0.000000000000e+00       0.000000000000e+00 
  392       2.610699157127e-13       1.173280785730e-15       5.060634607757e-17       8.955676825458e-16       0.000000000000e+00       0.000000000000e+00       0.000000000000e+00 
  393       2.584095774130e-13       1.177351751148e-15      -1.423664051962e-16       8.961733469358e-16       0.000000000000e+00       0.000000000000e+00       0.000000000000e+00 
  394       2.556596390271e-13       1.182092860386e-15      -3.274815186382e-16       8.967198214896e-16       0.000000000000e+00       0.000000000000e+00       0.000000000000e+00 
  395       2.528237109598e-13       1.187481518327e-15      -5.047276263156e-16       8.972047459422e-16       0.000000000000e+00       0.000000000000e+00       0.000000000000e+00 
  396       2.499054919824e-13       1.193494517731e-15      -6.740952508118e-16       8.976257223856e-16       0.000000000000e+00       0.000000000000e+00       0.000000000000e+00 
  397       2.469087698150e-13       1.200108035044e-15      -8.355768219437e-16       8.979803150462e-16       0.000000000000e+00       0.000000000000e+00       0.000000000000e+00 
  398       2.438374217106e-13       1.207297626204e-15      -9.891666934783e-16       8.982660500618e-16       0.000000000000e+00       0.000000000000e+00       0.000000000000e+00 
  399       2.406954150383e-13       1.215038222452e-15      -1.134861159850e-15       8.984804152591e-16       0.000000000000e+00       0.000000000000e+00       0.000000000000e+00 
  400       2.374868078661e-13       1.223304126134e-15      -1.272658472878e-15       8.986208599303e-16       0.000000000000e+00       0.000000000000e+00       0.000000000000e+00 
  401       2.342157495450e-13       1.232069006512e-15      -1.402558858483e-15       8.986847946110e-16       0.000000000000e+00       0.000000000000e+00       0.000000000000e+00 
  402       2.308864812920e-13       1.241305895573e-15      -1.524564533403e-15       8.986695908567e-16       0.000000000000e+00       0.000000000000e+00       0.000000000000e+00 
  403       2.275033367735e-13       1.250987183829e-15      -1.638679721914e-15       8.985725810207e-16       0.000000000000e+00       0.000000000000e+00       0.000000000000e+00 
  404       2.240707426885e-13       1.261084616132e-15      -1.744910672543e-15       8.983910580307e-16       0.000000000000e+00       0.000000000000e+00       0.000000000000e+00 
  405       2.205932193522e-13       1.271569287478e-15      -1.843265674787e-15       8.981222751663e-16       0.000000000000e+00       0.000000000000e+00       0.000000000000e+00 
  406       2.170753812792e-13       1.282411638813e-15      -1.933755075830e-15       8.977634458359e-16       0.000000000000e+00       0.000000000000e+00       0.000000000000e+00 
  407       2.135219377670e-13       1.293581452845e-15      -2.016391297261e-15       8.973117433545e-16       0.000000000000e+00       0.000000000000e+00       0.000000000000e+00 
  408       2.099376934790e-13       1.305047849845e-15      -2.091188851787e-15       8.967643007200e-16       0.000000000000e+00       0.000000000000e+00       0.000000000000e+00 
  409       2.063275490283e-13       1.316779283459e-15      -2.158164359957e-15       8.961182103912e-16       0.000000000000e+00       0.000000000000e+00       0.000000000000e+00 
  410       2.026965015607e-13       1.328743536514e-15      -2.217336566872e-15       8.953705240647e-16       0.000000000000e+00       0.000000000000e+00       0.000000000000e+00 
  411       1.990496453384e-13       1.340907716825e-15      -2.268726358906e-15       8.945182524518e-16       0.000000000000e+00       0.000000000000e+00       0.000000000000e+00 
  412       1.953921723228e-13       1.353238253001e-15      -2.312356780423e-15       8.935583650560e-16       0.000000000000e+00       0.000000000000e+00       0.000000000000e+00 
  413       1.917293727587e-13       1.365700890257e-15      -2.348253050492e-15       8.924877899504e-16       0.000000000000e+00       0.000000000000e+00       0.000000000000e+00 
  414       1.880666357566e-13       1.378260686215e-15      -2.376442579606e-15       8.913034135543e-16       0.000000000000e+00       0.000000000000e+00       0.000000000000e+00 
  415       1.844094498769e-13       1.390882006716e-15      -2.396954986400e-15       8.900020804109e-16       0.000000000000e+00       0.000000000000e+00       0.000000000000e+00 
  416       1.807634037130e-13       1.403528521625e-15      -2.409822114363e-15       8.885805929641e-16       0.000000000000e+00       0.000000000000e+00       0.000000000000e+00 
  417       1.771341864743e-13       1.416163200639e-15      -2.415078048561e-15       8.870357113363e-16       0.000000000000e+00       0.000000000000e+00       0.000000000000e+00 
  418       1.735275885703e-13       1.428748309095e-15      -2.412759132351e-15       8.853641531047e-16       0.000000000000e+00       0.000000000000e+00       0.000000000000e+00 
  419       1.699495021930e-13       1.441245403776e-15      -2.402903984099e-15       8.835625930793e-16       0.000000000000e+00       0.000000000000e+00       0.000000000000e+00 
  420       1.664059219012e-13       1.453615328720e-15      -2.385553513895e-15       8.816276630795e-16       0.000000000000e+00       0.000000000000e+00       0.000000000000e+00 
  421       1.629029452031e-13       1.465818211024e-15      -2.360750940275e-15       8.795559517120e-16       0.000000000000e+00       0.000000000000e+00       0.000000000000e+00 
  422       1.594467731400e-13       1.477813456656e-15      -2.328541806932e-15       8.773440041470e-16       0.000000000000e+00       0.000000000000e+00       0.000000000000e+00 
  423       1.560437108698e-13       1.489559746258e-15      -2.288973999436e-15       8.749883218963e-16       0.000000000000e+00       0.000000000000e+00       0.000000000000e+00 
  424       1.527001682499e-13       1.501015030956e-15      -2.242097761953e-15       8.724853625899e-16       0.000000000000e+00       0.000000000000e+00       0.000000000000e+00 
  425       1.494226604210e-13       1.512136528167e-15      -2.187965713958e-15       8.698315397537e-16       0.000000000000e+00       0.000000000000e+00       0.000000000000e+00 
  426       1.462178083902e-13       1.522880717406e-15      -2.126632866956e-15       8.670232225860e-16       0.000000000000e+00       0.000000000000e+00       0.000000000000e+00 
  427       1.430912156284e-13       1.533210165176e-15      -2.058179229544e-15       8.640578961760e-16       0.000000000000e+00       0.000000000000e+00       0.000000000000e+00 
  428       1.400440545791e-13       1.543114263927e-15      -1.982778435588e-15       8.609376860844e-16       0.000000000000e+00       0.000000000000e+00       0.000000000000e+00 
  429       1.370763651638e-13       1.552589190430e-15      -1.900631483760e-15       8.576659532368e-16       0.000000000000e+00       0.000000000000e+00       0.000000000000e+00 
  430       1.341881681208e-13       1.561631140734e-15      -1.811944391598e-15       8.542461448545e-16       0.000000000000e+00       0.000000000000e+00       0.000000000000e+00 
  431       1.313794648507e-13       1.570236330456e-15      -1.716928227058e-15       8.506817949942e-16       0.000000000000e+00       0.000000000000e+00       0.000000000000e+00 
  432       1.286502372616e-13       1.578400995073e-15      -1.615799140058e-15       8.469765250868e-16       0.000000000000e+00       0.000000000000e+00       0.000000000000e+00 
  433       1.260004476147e-13       1.586121390212e-15      -1.508778394031e-15       8.431340444764e-16       0.000000000000e+00       0.000000000000e+00       0.000000000000e+00 
  434       1.234300383691e-13       1.593393791945e-15      -1.396092397469e-15       8.391581509599e-16       0.000000000000e+00       0.000000000000e+00       0.000000000000e+00 
  435       1.209389320277e-13       1.600214497076e-15      -1.277972735479e-15       8.350527313257e-16       0.000000000000e+00       0.000000000000e+00       0.000000000000e+00 
  436       1.185270309822e-13       1.606579823435e-15      -1.154656201323e-15       8.308217618933e-16       0.000000000000e+00       0.000000000000e+00       0.000000000000e+00 
  437       1.161942173585e-13       1.612486110168e-15      -1.026384827976e-15       8.264693090519e-16       0.000000000000e+00       0.000000000000e+00       0.000000000000e+00 
  438       1.139403528621e-13       1.617929718031e-15      -8.934059196668e-16       8.219995298001e-16       0.000000000000e+00       0.000000000000e+00       0.000000000000e+00 
  439       1.117652786232e-13       1.622907029678e-15      -7.559720834336e-16       8.174166722846e-16       0.000000000000e+00       0.000000000000e+00       0.000000000000e+00 
  440       1.096688150425e-13       1.627414449954e-15      -6.143412606679e-16       8.127250763399e-16       0.000000000000e+00       0.000000000000e+00       0.000000000000e+00 
  441       1.076507616358e-13       1.631448406186e-15      -4.687767586657e-16       8.079291740267e-16       0.000000000000e+00       0.000000000000e+00       0.000000000000e+00 
  442       1.057108968800e-13       1.635005348475e-15      -3.195472821763e-16       8.030334901717e-16       0.000000000000e+00       0.000000000000e+00       0.000000000000e+00 
  443       1.038489780582e-13       1.638081749988e-15      -1.669269649503e-16       7.980426429065e-16       0.000000000000e+00       0.000000000000e+00       0.000000000000e+00 
  444       1.020647411049e-13       1.640674107246e-15      -1.119540128929e-17       7.929613442066e-16       0.000000000000e+00       0.000000000000e+00       0.000000000000e+00 
  445       1.003579004514e-13       1.642778940419e-15       1.473623224056e-16       7.877944004309e-16       0.000000000000e+00       0.000000000000e+00       0.000000000000e+00 
  446       9.872814887119e-14       1.644392793618e-15       3.084555960849e-16       7.825467128605e-16       0.000000000000e+00       0.000000000000e+00       0.000000000000e+00 
  447       9.717515732524e-14       1.645512235180e-15       4.717882545017e-16       7.772232782382e-16       0.000000000000e+00       0.000000000000e+00       0.000000000000e+00 
  448       9.569857480734e-14       1.646133857969e-15       6.370585456632e-16       7.718291893073e-16       0.000000000000e+00       0.000000000000e+00       0.000000000000e+00 
  449       9.429802818938e-14       1.646254279659e-15       8.039590992812e-16       7.663696353509e-16       0.000000000000e+00       0.000000000000e+00       0.000000000000e+00 
  450       9.297312206672e-14       1.645870143028e-15       9.721768952239e-16       7.608499027312e-16       0.000000000000e+00       0.000000000000e+00       0.000000000000e+00 
  451       9.172343860351e-14       1.644978116254e-15       1.141393231967e-15       7.552753754284e-16       0.000000000000e+00       0.000000000000e+00       0.000000000000e+00 
  452       9.054853737800e-14       1.643574893198e-15       1.311283695043e-15       7.496515355801e-16       0.000000000000e+00       0.000000000000e+00       0.000000000000e+00 
  453       8.944795522789e-14       1.641657193702e-15       1.481518125496e-15       7.439839640200e-16       0.000000000000e+00       0.000000000000e+00       0.000000000000e+00 
  454       8.842120609564e-14       1.639221763877e-15       1.651760588330e-15       7.382783408178e-16       0.000000000000e+00       0.000000000000e+00       0.000000000000e+00 
  455       8.746778087381e-14       1.636265376398e-15       1.821669340959e-15       7.325404458176e-16       0.000000000000e+00       0.000000000000e+00       0.000000000000e+00 
  456       8.658714725037e-14       1.632784830790e-15       1.990896801663e-15       7.267761591774e-16       0.000000000000e+00       0.000000000000e+00       0.000000000000e+00 
  457       8.577874955405e-14       1.628776953723e-15       2.159089518033e-15       7.209914619084e-16       0.000000000000e+00       0.000000000000e+00       0.000000000000e+00 
  458       8.504200859965e-14       1.624238599304e-15       2.325888135428e-15       7.151924364137e-16       0.000000000000e+00       0.000000000000e+00       0.000000000000e+00 
  459       8.437632153336e-14       1.619166649366e-15       2.490927365420e-15       7.093852670279e-16       0.000000000000e+00       0.000000000000e+00       0.000000000000e+00 
  460       8.378106167812e-14       1.613558013760e-15       2.653835954252e-15       7.035762405561e-16       0.000000000000e+00       0.000000000000e+00       0.000000000000e+00 
  461       8.325557837890e-14       1.607409630647e-15       2.814236651282e-15       6.977717468128e-16       0.000000000000e+00       0.000000000000e+00       0.000000000000e+00 
  462       8.279919684808e-14       1.600718466790e-15       2.971746177440e-15       6.919782791616e-16       0.000000000000e+00       0.000000000000e+00       0.000000000000e+00 
  463       8.241121801073e-14       1.593481517844e-15       3.125975193675e-15       6.862024350537e-16       0.000000000000e+00       0.000000000000e+00       0.000000000000e+00 
  464       8.209091834996e-14       1.585695808647e-15       3.276528269411e-15       6.804509165674e-16       0.000000000000e+00       0.000000000000e+00       0.000000000000e+00 
  465       8.183754975225e-14       1.577358393514e-15       3.423003850991e-15       6.747305309475e-16       0.000000000000e+00       0.000000000000e+00       0.000000000000e+00 
  466       8.165016798875e-14       1.568469371931e-15       3.565059864865e-15       6.690473247152e-16       0.000000000000e+00       0.000000000000e+00       0.000000000000e+00 
  467       8.152711258478e-14       1.559041038598e-15       3.702612843778e-15       6.634039551722e-16       0.000000000000e+00       0.000000000000e+00       0.000000000000e+00 
  468       8.146651041819e-14       1.549089019434e-15       3.835644951036e-15       6.578022379516e-16       0.000000000000e+00       0.000000000000e+00       0.000000000000e+00 
  469       8.146644536797e-14       1.538629283927e-15       3.964138912004e-15       6.522440060945e-16       0.000000000000e+00       0.000000000000e+00       0.000000000000e+00 
  470       8.152495806509e-14       1.527678147089e-15       4.088078018742e-15       6.467311101114e-16       0.000000000000e+00       0.000000000000e+00       0.000000000000e+00 
  471       8.164004564337e-14       1.516252271404e-15       4.207446134654e-15       6.412654180438e-16       0.000000000000e+00       0.000000000000e+00       0.000000000000e+00 
  472       8.180966149025e-14       1.504368668791e-15       4.322227699125e-15       6.358488155252e-16       0.000000000000e+00       0.000000000000e+00       0.000000000000e+00 
  473       8.203171499768e-14       1.492044702553e-15       4.432407732171e-15       6.304832058430e-16       0.000000000000e+00       0.000000000000e+00       0.000000000000e+00 
  474       8.230407131293e-14       1.479298089331e-15       4.537971839077e-15       6.251705099994e-16       0.000000000000e+00       0.000000000000e+00       0.000000000000e+00 
  475       8.262455108944e-14       1.466146901058e-15       4.638906215040e-15       6.199126667731e-16       0.000000000000e+00       0.000000000000e+00       0.000000000000e+00 
  476       8.299093023762e-14       1.452609566917e-15       4.735197649818e-15       6.147116327805e-16       0.000000000000e+00       0.000000000000e+00       0.000000000000e+00 
  477       8.340093967572e-14       1.438704875290e-15       4.826833532365e-15       6.095693825373e-16       0.000000000000e+00       0.000000000000e+00       0.000000000000e+00 
  478       8.385226508065e-14       1.424451975716e-15       4.913801855479e-15       6.044879085197e-16       0.000000000000e+00       0.000000000000e+00       0.000000000000e+00 
  479       8.434254663883e-14       1.409870380842e-15       4.996091220446e-15       5.994692212259e-16       0.000000000000e+00       0.000000000000e+00       0.000000000000e+00 
  480       8.486937879699e-14       1.394979968380e-15       5.073690841678e-15       5.945153492375e-16       0.000000000000e+00       0.000000000000e+00       0.000000000000e+00 
  481       8.543031001304e-14       1.379800983058e-15       5.146590551362e-15       5.896283392806e-16       0.000000000000e+00       0.000000000000e+00       0.000000000000e+00 
  482       8.602284250687e-14       1.364354038578e-15       5.214780804098e-15       5.848102562877e-16       0.000000000000e+00       0.000000000000e+00       0.000000000000e+00 
  483       8.664443201124e-14       1.348660119566e-15       5.278252681547e-15       5.800631834586e-16       0.000000000000e+00       0.000000000000e+00       0.000000000000e+00 
  484       8.729248752253e-14       1.332740583530e-15       5.336997897070e-15       5.753892223223e-16       0.000000000000e+00       0.000000000000e+00       0.000000000000e+00 
  485       8.796437105166e-14       1.316617162811e-15       5.391008800371e-15       5.707904927976e-16       0.000000000000e+00       0.000000000000e+00       0.000000000000e+00 
  486       8.865739737488e-14       1.300311966539e-15       5.440278382146e-15       5.662691332555e-16       0.000000000000e+00       0.000000000000e+00       0.000000000000e+00 
  487       8.936883378460e-14       1.283847482584e-15       5.484800278718e-15       5.618273005798e-16       0.000000000000e+00       0.000000000000e+00       0.000000000000e+00 
  488       9.009589984024e-14       1.267246579517e-15       5.524568776685e-15       5.574671702287e-16       0.000000000000e+00       0.000000000000e+00       0.000000000000e+00 
  489       9.083576711906e-14       1.250532508556e-15       5.559578817563e-15       5.531909362965e-16       0.000000000000e+00       0.000000000000e+00       0.000000000000e+00 
  490       9.158555896700e-14       1.233728905526e-15       5.589826002427e-15       5.490008115745e-16       0.000000000000e+00       0.000000000000e+00       0.000000000000e+00 
  491       9.234235024952e-14       1.216859792809e-15       5.615306596556e-15       5.448990276126e-16       0.000000000000e+00       0.000000000000e+00       0.000000000000e+00 
  492       9.310316710238e-14       1.199949581301e-15       5.636017534073e-15       5.408878347810e-16       0.000000000000e+00       0.000000000000e+00       0.000000000000e+00 
  493       9.386498668257e-14       1.183023072366e-15       5.651956422594e-15       5.369695023311e-16       0.000000000000e+00       0.000000000000e+00       0.000000000000e+00 
  494       9.462473691905e-14       1.166105459788e-15       5.663121547865e-15       5.331463184570e-16       0.000000000000e+00       0.000000000000e+00       0.000000000000e+00 
  495       9.537929626366e-14       1.149222331726e-15       5.669511878408e-15       5.294205903571e-16       0.000000000000e+00       0.000000000000e+00       0.000000000000e+00 
  496       9.612549344190e-14       1.132399672671e-15       5.671127070164e-15       5.257946442955e-16       0.000000000000e+00       0.000000000000e+00       0.000000000000e+00 
  497       9.686010720379e-14       1.115663865394e-15       5.667967471135e-15       5.222708256629e-16       0.000000000000e+00       0.000000000000e+00       0.000000000000e+00 
  498       9.757986607469e-14       1.099041692907e-15       5.660034126029e-15       5.188514990388e-16       0.000000000000e+00       0.000000000000e+00       0.000000000000e+00 
  499       9.828144810617e-14       1.082560340413e-15       5.647328780901e-15       5.155390482520e-16       0.000000000000e+00       0.000000000000e+00       0.000000000000e+00 
  500       9.896148062680e-14       1.066247397259e-15       5.629853887797e-15       5.123358764428e-16       0.000000000000e+00       0.000000000000e+00       0.000000000000e+00 
