# Matter power spectrum P(k) at redshift z=0
# for k=1.03892e-05 to 104.924 h/Mpc,
# number of wavenumbers equal to 622
#    1:k (h/Mpc)              2:P (Mpc/h)^3        
       1.038922642939e-05       5.116730799435e+01 
       2.321812845909e-05       1.108985049535e+02 
       3.609173376214e-05       1.695113111073e+02 
       4.904439972694e-05       2.276638575413e+02 
       6.211104704304e-05       2.857257562091e+02 
       7.532746857735e-05       3.439710638098e+02 
       8.873064804491e-05       4.026322439714e+02 
       1.023590926816e-04       4.619221325513e+02 
       1.162531841578e-04       5.220451589276e+02 
       1.304555520066e-04       5.832040712575e+02 
       1.450114738457e-04       6.456045489990e+02 
       1.599693066204e-04       7.094587695608e+02 
       1.753809529236e-04       7.749883996405e+02 
       1.913023661048e-04       8.424273159661e+02 
       2.077940972509e-04       9.120241919658e+02 
       2.249218861033e-04       9.840450205409e+02 
       2.427572963948e-04       1.058775668424e+03 
       2.613783937365e-04       1.136524406699e+03 
       2.808704608154e-04       1.217624463367e+03 
       3.013267399410e-04       1.302436524324e+03 
       3.228491865615e-04       1.391351125429e+03 
       3.455492088575e-04       1.484790795730e+03 
       3.695483575494e-04       1.583211841281e+03 
       3.949789163640e-04       1.687105477875e+03 
       4.219843271948e-04       1.796998132987e+03 
       4.507193653101e-04       1.913450465923e+03 
       4.813499602484e-04       2.037054771485e+03 
       5.140525396193e-04       2.168430245794e+03 
       5.490127597170e-04       2.308215666026e+03 
       5.864234841228e-04       2.457058935758e+03 
       6.264818863381e-04       2.615603239478e+03 
       6.693855925968e-04       2.784469532615e+03 
       7.153278528513e-04       2.964235581270e+03 
       7.644918338936e-04       3.155412147742e+03 
       8.170442633386e-04       3.358417520390e+03 
       8.731288006755e-04       3.573552050161e+03 
       9.328596442615e-04       3.800974858917e+03 
       9.963159659542e-04       4.040685199425e+03 
       1.063537764581e-03       4.292510713124e+03 
       1.134523626239e-03       4.556104376928e+03 
       1.209230679194e-03       4.830951034634e+03 
       1.287576767919e-03       5.116382867487e+03 
       1.369444599257e-03       5.411587813416e+03 
       1.454687391959e-03       5.715656621397e+03 
       1.543135431684e-03       6.027646378758e+03 
       1.634602912099e-03       6.346551759064e+03 
       1.728894515478e-03       6.671357382968e+03 
       1.825811320550e-03       7.001062175610e+03 
       1.925155782887e-03       7.334699121095e+03 
       2.026735681319e-03       7.671349946606e+03 
       2.130367042364e-03       8.010155526319e+03 
       2.235876135455e-03       8.350322803966e+03 
       2.343100676636e-03       8.691125969350e+03 
       2.451890394377e-03       9.031908125719e+03 
       2.562107107073e-03       9.372078594422e+03 
       2.673624445823e-03       9.711109471316e+03 
       2.786327334635e-03       1.004853253032e+04 
       2.900111317649e-03       1.038393346581e+04 
       3.014881802039e-03       1.071694918289e+04 
       3.130553267074e-03       1.104725980777e+04 
       3.247048475047e-03       1.137458873751e+04 
       3.364297708069e-03       1.169869293736e+04 
       3.482238045923e-03       1.201936514839e+04 
       3.600812693636e-03       1.233642360252e+04 
       3.719970362791e-03       1.264971714785e+04 
       3.839664707406e-03       1.295911172260e+04 
       3.959853813072e-03       1.326449801641e+04 
       4.080499736700e-03       1.356578468883e+04 
       4.201568093487e-03       1.386289228885e+04 
       4.323027687306e-03       1.415576235776e+04 
       4.444850180647e-03       1.444433970987e+04 
       4.567009800288e-03       1.472859345382e+04 
       4.689483075068e-03       1.500848894919e+04 
       4.812248602367e-03       1.528400945476e+04 
       4.935286840186e-03       1.555514746142e+04 
       5.058579921982e-03       1.582188843388e+04 
       5.182111491712e-03       1.608424320471e+04 
       5.305866556801e-03       1.634221090840e+04 
       5.429831356981e-03       1.659580510359e+04 
       5.553993247203e-03       1.684504278411e+04 
       5.678340593006e-03       1.708993570232e+04 
       5.802862676925e-03       1.733051198782e+04 
       5.927549614681e-03       1.756680249018e+04 
       6.052392280055e-03       1.779885436445e+04 
       6.177382237450e-03       1.802663053336e+04 
       6.302511681309e-03       1.825018150658e+04 
       6.427773381594e-03       1.846956906689e+04 
       6.553160634691e-03       1.868479459055e+04 
       6.678667219122e-03       1.889577995708e+04 
       6.804287355565e-03       1.910280860878e+04 
       6.930015670697e-03       1.930579509364e+04 
       7.055847164479e-03       1.950478566207e+04 
       7.181777180500e-03       1.969980595251e+04 
       7.307801379070e-03       1.989089361566e+04 
       7.433915712780e-03       2.007810393101e+04 
       7.560116404275e-03       2.026145943639e+04 
       7.686399926014e-03       2.044100453393e+04 
       7.812762981824e-03       2.061677863300e+04 
       7.939202490069e-03       2.078881934590e+04 
       8.065715568266e-03       2.095716280237e+04 
       8.192299519032e-03       2.112185444246e+04 
       8.318951817208e-03       2.128292646524e+04 
       8.445670098061e-03       2.144041766793e+04 
       8.572452146473e-03       2.159436791907e+04 
       8.699295887004e-03       2.174482159198e+04 
       8.826199374762e-03       2.189181070612e+04 
       8.953160787016e-03       2.203537654535e+04 
       9.080178415458e-03       2.217554988533e+04 
       9.207250659091e-03       2.231239745114e+04 
       9.334376017655e-03       2.244592179837e+04 
       9.461553085571e-03       2.257617484427e+04 
       9.588780546346e-03       2.270319203312e+04 
       9.716057167395e-03       2.282700829476e+04 
       9.843381795261e-03       2.294765930787e+04 
       9.970753351188e-03       2.306519613750e+04 
       1.009817082702e-02       2.317963165862e+04 
       1.022563328138e-02       2.329101581708e+04 
       1.035313983621e-02       2.339937838075e+04 
       1.048068967341e-02       2.350473464747e+04 
       1.060828203188e-02       2.360717109855e+04 
       1.073591620467e-02       2.370669748976e+04 
       1.086359153639e-02       2.380330501527e+04 
       1.099130742072e-02       2.389708680835e+04 
       1.111906329821e-02       2.398806633578e+04 
       1.124685865418e-02       2.407623141896e+04 
       1.137469301670e-02       2.416164628379e+04 
       1.150256595483e-02       2.424436998911e+04 
       1.163047707693e-02       2.432438554885e+04 
       1.175842602905e-02       2.440176942145e+04 
       1.188641249350e-02       2.447650944303e+04 
       1.201443618746e-02       2.454866498027e+04 
       1.214249686173e-02       2.461826019363e+04 
       1.227059429957e-02       2.468531414791e+04 
       1.239872831558e-02       2.474989559728e+04 
       1.252689875467e-02       2.481199143081e+04 
       1.265510549116e-02       2.487163856802e+04 
       1.278334842789e-02       2.492889191018e+04 
       1.291162749538e-02       2.498374904502e+04 
       1.303994265110e-02       2.503626847885e+04 
       1.316829387881e-02       2.508645365677e+04 
       1.329668118784e-02       2.513435420918e+04 
       1.342510461258e-02       2.517997142717e+04 
       1.355356421189e-02       2.522335974453e+04 
       1.368206006859e-02       2.526453697128e+04 
       1.381059228906e-02       2.530354005005e+04 
       1.393916100277e-02       2.534037922923e+04 
       1.406776636193e-02       2.537507587620e+04 
       1.419640854111e-02       2.540768931506e+04 
       1.432508773700e-02       2.543821747171e+04 
       1.445380416806e-02       2.546670415634e+04 
       1.458255807434e-02       2.549316573630e+04 
       1.471134971720e-02       2.551762153649e+04 
       1.484017937920e-02       2.554010486028e+04 
       1.496904736387e-02       2.556064773963e+04 
       1.509795399561e-02       2.557927344099e+04 
       1.522689961960e-02       2.559599337383e+04 
       1.535588460168e-02       2.561085298987e+04 
       1.548490932832e-02       2.562385942220e+04 
       1.561397420656e-02       2.563503731965e+04 
       1.574307966400e-02       2.564443472462e+04 
       1.587222614882e-02       2.565205265146e+04 
       1.600141412980e-02       2.565790976044e+04 
       1.613064409636e-02       2.566203541864e+04 
       1.625991655862e-02       2.566447263721e+04 
       1.638923204749e-02       2.566522219516e+04 
       1.651859111480e-02       2.566431422107e+04 
       1.664799433338e-02       2.566178875172e+04 
       1.677744229721e-02       2.565764165239e+04 
       1.690693562161e-02       2.565193950220e+04 
       1.703647494338e-02       2.564460630600e+04 
       1.716606092099e-02       2.563576887167e+04 
       1.729569423481e-02       2.562539998850e+04 
       1.742537558732e-02       2.561352172933e+04 
       1.755510570338e-02       2.560018781400e+04 
       1.768488533045e-02       2.558540281753e+04 
       1.781471523888e-02       2.556916778484e+04 
       1.794459622222e-02       2.555152893269e+04 
       1.807452909752e-02       2.553246642825e+04 
       1.820451470563e-02       2.551205170160e+04 
       1.833455391158e-02       2.549031236347e+04 
       1.846464760492e-02       2.546723335215e+04 
       1.859479670009e-02       2.544282175618e+04 
       1.872500213684e-02       2.541715818050e+04 
       1.885526488061e-02       2.539020027455e+04 
       1.898558592297e-02       2.536198755507e+04 
       1.911596628205e-02       2.533256394615e+04 
       1.924640700304e-02       2.530190433309e+04 
       1.937690915863e-02       2.527008567207e+04 
       1.950747384953e-02       2.523707641297e+04 
       1.963810220498e-02       2.520293636472e+04 
       1.976879538328e-02       2.516764949782e+04 
       1.989955457238e-02       2.513125181088e+04 
       2.003038099040e-02       2.509374453564e+04 
       2.016127588626e-02       2.505520065319e+04 
       2.029224054028e-02       2.501559075163e+04 
       2.042327626483e-02       2.497489590605e+04 
       2.055438440499e-02       2.493321378144e+04 
       2.068556633919e-02       2.489052447302e+04 
       2.081682347996e-02       2.484687302863e+04 
       2.094815727463e-02       2.480221039893e+04 
       2.107956920606e-02       2.475663209083e+04 
       2.121106079346e-02       2.471010641409e+04 
       2.134263359312e-02       2.466267730369e+04 
       2.147428919931e-02       2.461433926020e+04 
       2.160602924503e-02       2.456510990581e+04 
       2.173785540298e-02       2.451503977576e+04 
       2.186976938640e-02       2.446411898799e+04 
       2.200177295002e-02       2.441230027749e+04 
       2.213386789099e-02       2.435975913178e+04 
       2.226605604995e-02       2.430641119617e+04 
       2.239833931192e-02       2.425223070670e+04 
       2.253071960749e-02       2.419732833939e+04 
       2.266319891380e-02       2.414168051944e+04 
       2.279577925570e-02       2.408528016228e+04 
       2.292846270690e-02       2.402814318621e+04 
       2.306125139117e-02       2.397033060645e+04 
       2.319414748354e-02       2.391175379604e+04 
       2.332715321158e-02       2.385258552687e+04 
       2.346027085672e-02       2.379273649657e+04 
       2.359350275556e-02       2.373224163244e+04 
       2.372685130130e-02       2.367111369734e+04 
       2.386031894513e-02       2.360935666474e+04 
       2.399390819777e-02       2.354699903885e+04 
       2.412762163093e-02       2.348412412881e+04 
       2.426146187892e-02       2.342063404931e+04 
       2.439543164029e-02       2.335655863791e+04 
       2.452953367946e-02       2.329192439799e+04 
       2.466377082853e-02       2.322677823887e+04 
       2.479814598899e-02       2.316113073423e+04 
       2.493266213362e-02       2.309499493218e+04 
       2.506732230841e-02       2.302835625630e+04 
       2.520212963448e-02       2.296120652243e+04 
       2.533708731018e-02       2.289360837508e+04 
       2.547219861317e-02       2.282551715461e+04 
       2.560746690259e-02       2.275700745022e+04 
       2.574289562134e-02       2.268811966769e+04 
       2.587848829840e-02       2.261877513186e+04 
       2.601424855124e-02       2.254904958801e+04 
       2.615018008833e-02       2.247885752819e+04 
       2.628628671169e-02       2.240833475173e+04 
       2.642257231958e-02       2.233746117830e+04 
       2.655904090928e-02       2.226620103189e+04 
       2.669569657994e-02       2.219456721405e+04 
       2.683254353554e-02       2.212270825799e+04 
       2.696958608796e-02       2.205040052893e+04 
       2.710682866019e-02       2.197784183396e+04 
       2.724427578962e-02       2.190496432181e+04 
       2.738193213142e-02       2.183178927827e+04 
       2.751980246214e-02       2.175834038298e+04 
       2.765789168337e-02       2.168460620657e+04 
       2.779620482556e-02       2.161065576855e+04 
       2.793474705194e-02       2.153638640386e+04 
       2.807352366270e-02       2.146191022457e+04 
       2.821254009921e-02       2.138714593115e+04 
       2.835180194844e-02       2.131224219473e+04 
       2.849131494763e-02       2.123708323667e+04 
       2.863108498899e-02       2.116175011006e+04 
       2.877111812472e-02       2.108613242019e+04 
       2.891142057220e-02       2.101034983654e+04 
       2.905199871931e-02       2.093445145889e+04 
       2.919285913007e-02       2.085836600832e+04 
       2.933400855045e-02       2.078209058267e+04 
       2.947545391441e-02       2.070565405438e+04 
       2.961720235026e-02       2.062910323184e+04 
       2.975926118717e-02       2.055235413769e+04 
       2.990163796208e-02       2.047556690965e+04 
       3.004434042682e-02       2.039860903234e+04 
       3.018737655555e-02       2.032154893688e+04 
       3.033075455253e-02       2.024434007728e+04 
       3.047448286026e-02       2.016706480211e+04 
       3.061857016788e-02       2.008968745527e+04 
       3.076302542009e-02       2.001218878344e+04 
       3.090785782629e-02       1.993464428262e+04 
       3.105307687032e-02       1.985706101326e+04 
       3.119869232049e-02       1.977934435339e+04 
       3.134471424015e-02       1.970161323764e+04 
       3.149115299874e-02       1.962377381121e+04 
       3.163801928332e-02       1.954595650110e+04 
       3.178532411072e-02       1.946805928593e+04 
       3.193307884016e-02       1.939005045805e+04 
       3.208129518661e-02       1.931214009301e+04 
       3.222998523465e-02       1.923416665035e+04 
       3.237916145315e-02       1.915608847008e+04 
       3.252883671060e-02       1.907799509150e+04 
       3.267902429119e-02       1.899993664031e+04 
       3.282973791180e-02       1.892186866241e+04 
       3.298099173971e-02       1.884382675250e+04 
       3.313280041138e-02       1.876577166763e+04 
       3.328517905210e-02       1.868759781399e+04 
       3.343814329670e-02       1.860957346533e+04 
       3.359170931139e-02       1.853151449458e+04 
       3.374589381675e-02       1.845349138329e+04 
       3.390071411198e-02       1.837545017410e+04 
       3.405618810047e-02       1.829747307329e+04 
       3.421233431678e-02       1.821946376399e+04 
       3.436917195518e-02       1.814149073130e+04 
       3.452672089976e-02       1.806359112268e+04 
       3.468500175632e-02       1.798572538549e+04 
       3.484403588603e-02       1.790785706094e+04 
       3.500384544118e-02       1.783005533134e+04 
       3.516445340293e-02       1.775225432394e+04 
       3.532588362145e-02       1.767453869631e+04 
       3.548816085839e-02       1.759683142484e+04 
       3.565131083206e-02       1.751919574393e+04 
       3.581536026535e-02       1.744160902164e+04 
       3.598033693675e-02       1.736400054658e+04 
       3.614626973450e-02       1.728654832879e+04 
       3.631318871440e-02       1.720909047737e+04 
       3.648112516130e-02       1.713161318722e+04 
       3.665011165467e-02       1.705426799967e+04 
       3.682018213864e-02       1.697691645119e+04 
       3.699137199672e-02       1.689962917107e+04 
       3.716371813175e-02       1.682243878241e+04 
       3.733725905139e-02       1.674526465202e+04 
       3.751203495968e-02       1.666816744874e+04 
       3.768808785517e-02       1.659099088984e+04 
       3.786546163621e-02       1.651397149653e+04 
       3.804420221400e-02       1.643696560924e+04 
       3.822435763412e-02       1.636002762797e+04 
       3.840597820729e-02       1.628309704000e+04 
       3.858911665021e-02       1.620626928631e+04 
       3.877382823744e-02       1.612935422049e+04 
       3.896017096531e-02       1.605255865430e+04 
       3.914820572912e-02       1.597572019157e+04 
       3.933799651479e-02       1.589897455905e+04 
       3.952961060649e-02       1.582220924729e+04 
       3.972311881184e-02       1.574549310642e+04 
       3.991859570646e-02       1.566873177513e+04 
       4.011611989981e-02       1.559200942076e+04 
       4.031577432478e-02       1.551527126266e+04 
       4.051764655330e-02       1.543858788218e+04 
       4.072182914103e-02       1.536178176574e+04 
       4.092842000427e-02       1.528507263789e+04 
       4.113752283270e-02       1.520830242044e+04 
       4.134924754215e-02       1.513141352989e+04 
       4.156371077200e-02       1.505455333339e+04 
       4.178103643268e-02       1.497763901711e+04 
       4.200135630908e-02       1.490066294138e+04 
       4.222481072715e-02       1.482362392711e+04 
       4.245154929133e-02       1.474648775565e+04 
       4.268173170212e-02       1.466928452565e+04 
       4.291552866429e-02       1.459196142839e+04 
       4.315312289772e-02       1.451443634710e+04 
       4.339471026507e-02       1.443684210018e+04 
       4.364050103247e-02       1.435916392226e+04 
       4.389072128218e-02       1.428124561244e+04 
       4.414561449944e-02       1.420318595385e+04 
       4.440544335924e-02       1.412487689736e+04 
       4.467049174356e-02       1.404633655663e+04 
       4.494106702499e-02       1.396757699353e+04 
       4.521750265889e-02       1.388865364812e+04 
       4.550016113459e-02       1.380928694386e+04 
       4.578943734550e-02       1.372966763874e+04 
       4.608576244959e-02       1.364967866147e+04 
       4.638960830630e-02       1.356931758893e+04 
       4.670149259324e-02       1.348852037241e+04 
       4.702198472785e-02       1.340729558497e+04 
       4.735171274612e-02       1.332558336291e+04 
       4.769137132355e-02       1.324325534328e+04 
       4.804173116565e-02       1.316039958474e+04 
       4.840365004720e-02       1.307685957802e+04 
       4.877808584554e-02       1.299261749311e+04 
       4.916611199626e-02       1.290759845261e+04 
       4.956893590514e-02       1.282167804095e+04 
       4.998792098422e-02       1.273477343187e+04 
       5.042461315084e-02       1.264682851600e+04 
       5.088077284597e-02       1.255767727741e+04 
       5.135841390588e-02       1.246724530517e+04 
       5.185985097268e-02       1.237531268723e+04 
       5.238775757251e-02       1.228167973120e+04 
       5.294523753989e-02       1.218623654866e+04 
       5.353591313136e-02       1.208846687480e+04 
       5.416403393891e-02       1.198824527186e+04 
       5.483461152136e-02       1.188510966786e+04 
       5.555358534914e-02       1.177855294453e+04 
       5.632802581481e-02       1.166791987522e+04 
       5.716637887099e-02       1.155239430886e+04 
       5.807875266862e-02       1.143084036779e+04 
       5.907723625763e-02       1.130186946622e+04 
       6.017621843407e-02       1.116357017570e+04 
       6.139263231738e-02       1.101341330346e+04 
       6.274597681226e-02       1.084794495264e+04 
       6.425785303434e-02       1.066276412441e+04 
       6.595062403837e-02       1.045208886637e+04 
       6.784476184348e-02       1.020899693466e+04 
       6.995472178243e-02       9.926069479816e+03 
       7.228405531364e-02       9.596770681160e+03 
       7.482177445369e-02       9.217906961476e+03 
       7.754252339651e-02       8.792029751438e+03 
       8.041144658631e-02       8.328589181465e+03 
       8.339154302514e-02       7.843164440662e+03 
       8.644988656117e-02       7.354643910146e+03 
       8.956066710663e-02       6.882019099298e+03 
       9.270538144213e-02       6.441659789572e+03 
       9.587154477471e-02       6.045536347098e+03 
       9.905106129801e-02       5.700524170460e+03 
       1.022388126709e-01       5.408554111468e+03 
       1.054316138810e-01       5.167551274508e+03 
       1.086275022457e-01       4.971744110947e+03 
       1.118252754596e-01       4.813156512614e+03 
       1.150241995918e-01       4.682307741919e+03 
       1.182238275066e-01       4.569045196162e+03 
       1.214238870508e-01       4.463667945460e+03 
       1.246242126085e-01       4.357654660995e+03 
       1.278247033504e-01       4.244349655275e+03 
       1.310252978217e-01       4.119468255297e+03 
       1.342259584931e-01       3.981323024312e+03 
       1.374266623763e-01       3.830695331297e+03 
       1.406273953242e-01       3.670459669067e+03 
       1.438281485712e-01       3.504907837184e+03 
       1.470289166315e-01       3.339089172926e+03 
       1.502296960226e-01       3.177951082408e+03 
       1.534304844897e-01       3.026118555721e+03 
       1.566312805340e-01       2.887076106137e+03 
       1.598320831255e-01       2.763133048810e+03 
       1.630328915276e-01       2.655347581605e+03 
       1.662337051901e-01       2.563498256868e+03 
       1.694345236836e-01       2.486282007080e+03 
       1.726353466587e-01       2.421580014816e+03 
       1.758361738207e-01       2.366639845465e+03 
       1.790370049142e-01       2.318446931269e+03 
       1.822378397126e-01       2.274086955873e+03 
       1.854386780118e-01       2.231155183744e+03 
       1.886395196254e-01       2.186753036118e+03 
       1.918403643822e-01       2.139018389535e+03 
       1.950412121239e-01       2.086938511395e+03 
       1.982420627033e-01       2.030303655602e+03 
       2.014429159831e-01       1.969674920612e+03 
       2.046437718350e-01       1.906196715921e+03 
       2.078446301391e-01       1.841457665483e+03 
       2.110454907826e-01       1.777069795121e+03 
       2.142463536599e-01       1.714540028288e+03 
       2.174472186716e-01       1.655184859545e+03 
       2.206480857239e-01       1.599997560815e+03 
       2.238489547288e-01       1.549610543555e+03 
       2.270498256030e-01       1.504311298066e+03 
       2.302506982680e-01       1.464102702453e+03 
       2.334515726498e-01       1.428657719605e+03 
       2.366524486781e-01       1.397373225306e+03 
       2.398533262865e-01       1.369426499053e+03 
       2.430542054123e-01       1.343880685946e+03 
       2.462550859959e-01       1.319716652618e+03 
       2.494559679809e-01       1.296047210995e+03 
       2.526568513135e-01       1.272155930210e+03 
       2.558577359430e-01       1.247509560449e+03 
       2.590586218210e-01       1.221796460283e+03 
       2.622595089015e-01       1.194935404306e+03 
       2.654603971406e-01       1.167009019809e+03 
       2.686612864968e-01       1.138283074433e+03 
       2.718621769304e-01       1.109123448573e+03 
       2.750630684036e-01       1.080020063748e+03 
       2.782639608802e-01       1.051482729435e+03 
       2.814648543258e-01       1.023947651538e+03 
       2.846657487076e-01       9.978311539718e+02 
       2.878666439942e-01       9.734172390387e+02 
       2.910675401555e-01       9.507963834108e+02 
       2.942684371628e-01       9.299982114196e+02 
       2.974693349888e-01       9.108804324883e+02 
       3.006702336071e-01       8.932379906265e+02 
       3.038711329925e-01       8.768207401847e+02 
       3.070720331209e-01       8.613565651490e+02 
       3.102729339693e-01       8.465640000706e+02 
       3.134738355154e-01       8.321814971551e+02 
       3.166747377380e-01       8.179422536990e+02 
       3.198756406167e-01       8.036565250333e+02 
       3.230765441318e-01       7.891888404677e+02 
       3.262774482646e-01       7.744888790337e+02 
       3.294783529970e-01       7.595487723933e+02 
       3.326792583115e-01       7.444752897896e+02 
       3.358801641915e-01       7.293661751039e+02 
       3.390810706209e-01       7.143885924803e+02 
       3.422819775842e-01       6.996528988588e+02 
       3.454828850664e-01       6.853022792150e+02 
       3.486837930532e-01       6.714459435261e+02 
       3.518847015309e-01       6.581477723987e+02 
       3.550856104860e-01       6.454871610520e+02 
       3.582865199056e-01       6.334944388102e+02 
       3.614874297775e-01       6.221405158729e+02 
       3.646883400896e-01       6.113814992651e+02 
       3.678892508305e-01       6.011706942665e+02 
       3.710901619889e-01       5.913721735676e+02 
       3.742910735541e-01       5.819125080299e+02 
       3.774919855157e-01       5.726835550146e+02 
       3.806928978636e-01       5.636103425759e+02 
       3.838938105883e-01       5.546443483794e+02 
       3.870947236802e-01       5.457416576365e+02 
       3.902956371303e-01       5.368669046267e+02 
       3.934965509299e-01       5.280366035953e+02 
       3.966974650704e-01       5.192478094451e+02 
       3.998983795436e-01       5.105148895125e+02 
       4.030992943416e-01       5.018672524380e+02 
       4.063002094566e-01       4.933590278562e+02 
       4.095011248812e-01       4.849961611445e+02 
       4.127020406082e-01       4.768569216707e+02 
       4.159029566306e-01       4.689572115101e+02 
       4.191038729415e-01       4.613040787802e+02 
       4.223047895344e-01       4.538989328259e+02 
       4.255057064028e-01       4.467545170760e+02 
       4.287066235407e-01       4.398396289348e+02 
       4.319075409419e-01       4.331448000932e+02 
       4.351084586007e-01       4.266641353396e+02 
       4.383093765114e-01       4.203828017189e+02 
       4.415102946684e-01       4.142581169633e+02 
       4.447112130665e-01       4.082795584143e+02 
       4.479121317005e-01       4.024130149688e+02 
       4.511130505653e-01       3.966352028569e+02 
       4.543139696560e-01       3.909146752573e+02 
       4.575148889678e-01       3.852705297826e+02 
       4.607158084962e-01       3.796831830080e+02 
       4.639167282367e-01       3.741678756562e+02 
       4.671176481848e-01       3.687271041697e+02 
       4.703185683363e-01       3.633572748719e+02 
       4.735194886871e-01       3.580827948300e+02 
       4.767204092332e-01       3.528823742397e+02 
       4.799213299706e-01       3.477919708324e+02 
       4.831222508955e-01       3.428139146888e+02 
       4.863231720042e-01       3.379519087968e+02 
       4.895240932930e-01       3.332209920574e+02 
       4.927250147586e-01       3.286197383655e+02 
       4.959259363973e-01       3.241417026814e+02 
       4.991268582060e-01       3.197860896058e+02 
       5.023277801812e-01       3.155143733180e+02 
       5.055287023199e-01       3.113383968083e+02 
       5.087296246190e-01       3.072408939891e+02 
       5.119305470754e-01       3.032309806443e+02 
       5.151314696862e-01       2.992743837999e+02 
       5.183323924485e-01       2.953943119122e+02 
       5.215333153596e-01       2.915604701357e+02 
       5.247342384166e-01       2.877922301869e+02 
       5.279351616170e-01       2.840525504570e+02 
       5.311360849582e-01       2.803824339171e+02 
       5.343370084375e-01       2.767564043870e+02 
       5.375379320525e-01       2.731874355194e+02 
       5.407388558009e-01       2.696789215881e+02 
       5.439397796802e-01       2.662413353708e+02 
       5.471407036881e-01       2.628715466922e+02 
       5.503416278224e-01       2.595625802358e+02 
       5.535425520809e-01       2.563116700666e+02 
       5.567434764615e-01       2.531270147417e+02 
       5.599444009620e-01       2.500085336643e+02 
       5.631453255803e-01       2.469385739926e+02 
       5.663462503146e-01       2.439396012845e+02 
       5.695471751628e-01       2.409972540913e+02 
       5.727481001230e-01       2.381086209154e+02 
       5.759490251934e-01       2.352733319135e+02 
       5.791499503720e-01       2.324765742760e+02 
       5.823508756572e-01       2.297208908823e+02 
       5.855518010471e-01       2.270099054743e+02 
       5.887527265401e-01       2.243420764871e+02 
       5.919536521345e-01       2.217207266594e+02 
       5.951545778286e-01       2.191337010739e+02 
       5.983555036208e-01       2.165820033714e+02 
       6.015564295096e-01       2.140702688387e+02 
       6.047573554934e-01       2.116013395894e+02 
       6.079582815708e-01       2.091576652031e+02 
       6.111592077402e-01       2.067552768977e+02 
       6.143601340001e-01       2.043932671786e+02 
       6.175610603493e-01       2.020789582320e+02 
       6.207619867863e-01       1.997975756910e+02 
       6.239629133097e-01       1.975552561375e+02 
       6.271638399183e-01       1.953550234384e+02 
       6.303647666107e-01       1.931832530698e+02 
       6.335656933856e-01       1.910527135406e+02 
       6.367666202418e-01       1.889509781982e+02 
       6.399675471782e-01       1.868787726651e+02 
       6.431684741934e-01       1.848473577006e+02 
       6.463694012863e-01       1.828479198933e+02 
       6.495703284557e-01       1.808766832415e+02 
       6.527712557006e-01       1.789299969925e+02 
       6.559721830198e-01       1.770172210640e+02 
       6.591731104123e-01       1.751220476964e+02 
       6.623740378769e-01       1.732605829518e+02 
       6.655749654126e-01       1.714222996544e+02 
       6.687758930184e-01       1.696098541591e+02 
       6.719768206934e-01       1.678329105347e+02 
       6.751777484364e-01       1.660728071493e+02 
       6.783786762466e-01       1.643461688375e+02 
       6.815796041230e-01       1.626377441633e+02 
       6.847805320647e-01       1.609502811633e+02 
       6.879814600707e-01       1.592935920440e+02 
       6.911823881402e-01       1.576590223506e+02 
       6.943833162722e-01       1.560513174895e+02 
       6.975842444660e-01       1.544652510382e+02 
       7.007851727206e-01       1.529091622074e+02 
       7.039861010353e-01       1.513656983354e+02 
       7.071870294092e-01       1.498476836838e+02 
       7.103879578415e-01       1.483494087221e+02 
       7.135888863315e-01       1.468715348171e+02 
       7.167898148783e-01       1.454186428286e+02 
       7.199907434811e-01       1.439812663478e+02 
       7.231916721394e-01       1.425656115562e+02 
       7.263926008522e-01       1.411716600385e+02 
       7.295935296190e-01       1.397924934928e+02 
       7.327944584389e-01       1.384330653752e+02 
       7.359953873113e-01       1.370918978224e+02 
       7.391963162356e-01       1.357645706798e+02 
       7.423972452109e-01       1.344563336494e+02 
       7.455981742368e-01       1.331690172156e+02 
       7.487991033125e-01       1.318986623487e+02 
       8.175393302959e-01       1.082532719891e+02 
       9.166195684582e-01       8.345894638722e+01 
       1.073647767312e+00       5.797886540997e+01 
       1.322926368989e+00       3.555615686111e+01 
       1.662966716654e+00       2.061333607909e+01 
       2.093505716456e+00       1.180165482112e+01 
       2.635567386141e+00       6.700937091567e+00 
       3.317982756829e+00       3.776743069779e+00 
       4.177092808467e+00       2.114295391778e+00 
       5.258648284002e+00       1.176454211230e+00 
       6.620245956418e+00       6.509461760599e-01 
       8.334395866863e+00       3.583094170147e-01 
       1.049238274875e+01       1.963034364173e-01 
       1.320912727267e+01       1.070727705026e-01 
       1.662930599118e+01       5.816446632487e-02 
       2.093505589280e+01       3.147497778413e-02 
       2.635567386078e+01       1.696961156203e-02 
       3.317982756829e+01       9.116411093676e-03 
       4.177092808467e+01       4.879931056920e-03 
       5.258648284002e+01       2.602327053728e-03 
       6.620245956418e+01       1.381958285691e-03 
       8.334395866863e+01       7.302563841369e-04 
       1.049238274875e+02       3.834787454550e-04 
