# dimensionless [l(l+1)/2pi] C_l's for tensor mode
# for l=2 to 500, i.e. number of multipoles equal to 499
#
# -> if you prefer output in CAMB/HealPix/LensPix units/order, set 'format' to 'camb' in input file
# -> if you don't want to see such a header, set 'headers' to 'no' in input file
# -> for CMB lensing (phi), these are C_l^phi-phi for the lensing potential.
#    Remember the conversion factors:
#    C_l^dd (deflection) = l(l+1) C_l^phi-phi
#    C_l^gg (shear/convergence) = 1/4 (l(l+1))^2 C_l^phi-phi
#
# 1:l     2:TT                     3:EE                     4:TE                     5:BB                     6:phiphi                 7:TPhi                   8:Ephi               
    2       1.417235212459e-10       2.681829193036e-15       1.659107879315e-13       4.793255667366e-15       0.000000000000e+00       0.000000000000e+00       0.000000000000e+00 
    3       1.087370383721e-10       2.838842833034e-15      -8.065334982621e-15       4.828063874776e-15       0.000000000000e+00       0.000000000000e+00       0.000000000000e+00 
    4       9.751757647956e-11       2.605299136868e-15      -6.048397038667e-14       4.199334638572e-15       0.000000000000e+00       0.000000000000e+00       0.000000000000e+00 
    5       9.281643222692e-11       2.082415937376e-15      -7.136600198472e-14       3.289749128958e-15       0.000000000000e+00       0.000000000000e+00       0.000000000000e+00 
    6       9.004014071136e-11       1.500843878702e-15      -6.785043593492e-14       2.387172497552e-15       0.000000000000e+00       0.000000000000e+00       0.000000000000e+00 
    7       8.828348602953e-11       1.021757952276e-15      -6.020364555712e-14       1.650242195394e-15       0.000000000000e+00       0.000000000000e+00       0.000000000000e+00 
    8       8.709586053949e-11       7.108922404005e-16      -5.295442967755e-14       1.132015982250e-15       0.000000000000e+00       0.000000000000e+00       0.000000000000e+00 
    9       8.623240177585e-11       5.631137745519e-16      -4.778564479016e-14       8.206678801288e-16       0.000000000000e+00       0.000000000000e+00       0.000000000000e+00 
   10       8.555177437524e-11       5.389543442114e-16      -4.502793248335e-14       6.743564534428e-16       0.000000000000e+00       0.000000000000e+00       0.000000000000e+00 
   11       8.497124365783e-11       5.930468883486e-16      -4.445705959071e-14       6.449988346158e-16       0.000000000000e+00       0.000000000000e+00       0.000000000000e+00 
   12       8.444279596895e-11       6.896967126592e-16      -4.568473695909e-14       6.906703268869e-16       0.000000000000e+00       0.000000000000e+00       0.000000000000e+00 
   13       8.393791208953e-11       8.065901238017e-16      -4.832393334489e-14       7.806921688184e-16       0.000000000000e+00       0.000000000000e+00       0.000000000000e+00 
   14       8.343886031717e-11       9.331417075191e-16      -5.206811070489e-14       8.949079766601e-16       0.000000000000e+00       0.000000000000e+00       0.000000000000e+00 
   15       8.293454733997e-11       1.065343175071e-15      -5.669888289902e-14       1.022139101369e-15       0.000000000000e+00       0.000000000000e+00       0.000000000000e+00 
   16       8.241837308245e-11       1.202440679495e-15      -6.205908211262e-14       1.156892496941e-15       0.000000000000e+00       0.000000000000e+00       0.000000000000e+00 
   17       8.188674054541e-11       1.345180048026e-15      -6.803575418146e-14       1.296399939955e-15       0.000000000000e+00       0.000000000000e+00       0.000000000000e+00 
   18       8.133194996315e-11       1.493405535441e-15      -7.455324696383e-14       1.440323147010e-15       0.000000000000e+00       0.000000000000e+00       0.000000000000e+00 
   19       8.077126463883e-11       1.646991500601e-15      -8.156432486579e-14       1.588446528865e-15       0.000000000000e+00       0.000000000000e+00       0.000000000000e+00 
   20       8.018544980035e-11       1.805993695919e-15      -8.900651293946e-14       1.740532076101e-15       0.000000000000e+00       0.000000000000e+00       0.000000000000e+00 
   21       7.958503601458e-11       1.970209649971e-15      -9.684667611388e-14       1.896479745715e-15       0.000000000000e+00       0.000000000000e+00       0.000000000000e+00 
   22       7.896459012025e-11       2.139387035072e-15      -1.050510448837e-13       2.056304926897e-15       0.000000000000e+00       0.000000000000e+00       0.000000000000e+00 
   23       7.833154625336e-11       2.313383626004e-15      -1.135860445854e-13       2.219909891252e-15       0.000000000000e+00       0.000000000000e+00       0.000000000000e+00 
   24       7.767984216851e-11       2.492127443156e-15      -1.224126251812e-13       2.387188125488e-15       0.000000000000e+00       0.000000000000e+00       0.000000000000e+00 
   25       7.701538745032e-11       2.675560459228e-15      -1.315006471113e-13       2.557947934241e-15       0.000000000000e+00       0.000000000000e+00       0.000000000000e+00 
   26       7.633489298516e-11       2.863679575398e-15      -1.408199697518e-13       2.731977423861e-15       0.000000000000e+00       0.000000000000e+00       0.000000000000e+00 
   27       7.564080145010e-11       3.056586929213e-15      -1.503448804874e-13       2.909021399440e-15       0.000000000000e+00       0.000000000000e+00       0.000000000000e+00 
   28       7.492911071481e-11       3.254394704878e-15      -1.600496978089e-13       3.088822846618e-15       0.000000000000e+00       0.000000000000e+00       0.000000000000e+00 
   29       7.420765683003e-11       3.456924807891e-15      -1.699114083918e-13       3.271162680799e-15       0.000000000000e+00       0.000000000000e+00       0.000000000000e+00 
   30       7.347731912887e-11       3.663878462557e-15      -1.799064448705e-13       3.455847142857e-15       0.000000000000e+00       0.000000000000e+00       0.000000000000e+00 
   31       7.272995279285e-11       3.874925200575e-15      -1.900104458651e-13       3.642687515333e-15       0.000000000000e+00       0.000000000000e+00       0.000000000000e+00 
   32       7.197074231231e-11       4.089773429820e-15      -2.002022427588e-13       3.831445342295e-15       0.000000000000e+00       0.000000000000e+00       0.000000000000e+00 
   33       7.120196468805e-11       4.308121389891e-15      -2.104613577569e-13       4.021867047089e-15       0.000000000000e+00       0.000000000000e+00       0.000000000000e+00 
   34       7.041983122872e-11       4.529661886919e-15      -2.207674783477e-13       4.213703137012e-15       0.000000000000e+00       0.000000000000e+00       0.000000000000e+00 
   35       6.962766708352e-11       4.754170382010e-15      -2.311021286889e-13       4.406726334109e-15       0.000000000000e+00       0.000000000000e+00       0.000000000000e+00 
   36       6.882585283440e-11       4.981446878836e-15      -2.414476810897e-13       4.600720159420e-15       0.000000000000e+00       0.000000000000e+00       0.000000000000e+00 
   37       6.801093497935e-11       5.211297450255e-15      -2.517863068380e-13       4.795464262203e-15       0.000000000000e+00       0.000000000000e+00       0.000000000000e+00 
   38       6.718715309208e-11       5.443549986487e-15      -2.620976478941e-13       4.990699261603e-15       0.000000000000e+00       0.000000000000e+00       0.000000000000e+00 
   39       6.635772226624e-11       5.678044308870e-15      -2.723604295775e-13       5.186149916686e-15       0.000000000000e+00       0.000000000000e+00       0.000000000000e+00 
   40       6.552112182276e-11       5.914628622686e-15      -2.825530986958e-13       5.381533872608e-15       0.000000000000e+00       0.000000000000e+00       0.000000000000e+00 
   41       6.467342648571e-11       6.153154440604e-15      -2.926576235072e-13       5.576568738524e-15       0.000000000000e+00       0.000000000000e+00       0.000000000000e+00 
   42       6.381738798053e-11       6.393458109994e-15      -3.026723487299e-13       5.770997341495e-15       0.000000000000e+00       0.000000000000e+00       0.000000000000e+00 
   43       6.295548683904e-11       6.635374151159e-15      -3.126033481161e-13       5.964569819043e-15       0.000000000000e+00       0.000000000000e+00       0.000000000000e+00 
   44       6.208707775516e-11       6.878740471968e-15      -3.224612681336e-13       6.157036733888e-15       0.000000000000e+00       0.000000000000e+00       0.000000000000e+00 
   45       6.121007239669e-11       7.123386439412e-15      -3.322542561584e-13       6.348144847419e-15       0.000000000000e+00       0.000000000000e+00       0.000000000000e+00 
   46       6.032728383096e-11       7.369092529456e-15      -3.419635813868e-13       6.537622928885e-15       0.000000000000e+00       0.000000000000e+00       0.000000000000e+00 
   47       5.944147638408e-11       7.615618839504e-15      -3.515611893427e-13       6.725191706915e-15       0.000000000000e+00       0.000000000000e+00       0.000000000000e+00 
   48       5.855337537637e-11       7.862715554593e-15      -3.610162671847e-13       6.910567494253e-15       0.000000000000e+00       0.000000000000e+00       0.000000000000e+00 
   49       5.766148567110e-11       8.110122385313e-15      -3.702950933908e-13       7.093461946126e-15       0.000000000000e+00       0.000000000000e+00       0.000000000000e+00 
   50       5.676348317934e-11       8.357560732633e-15      -3.793638405218e-13       7.273594807256e-15       0.000000000000e+00       0.000000000000e+00       0.000000000000e+00 
   51       5.586125562345e-11       8.604708979165e-15      -3.881982291275e-13       7.450736792544e-15       0.000000000000e+00       0.000000000000e+00       0.000000000000e+00 
   52       5.495691638216e-11       8.851219519398e-15      -3.967762344548e-13       7.624677928184e-15       0.000000000000e+00       0.000000000000e+00       0.000000000000e+00 
   53       5.405124623993e-11       9.096724563703e-15      -4.050753513209e-13       7.795215941141e-15       0.000000000000e+00       0.000000000000e+00       0.000000000000e+00 
   54       5.314358595714e-11       9.340835233989e-15      -4.130725827659e-13       7.962156628743e-15       0.000000000000e+00       0.000000000000e+00       0.000000000000e+00 
   55       5.223278933952e-11       9.583178598689e-15      -4.207468724558e-13       8.125316119093e-15       0.000000000000e+00       0.000000000000e+00       0.000000000000e+00 
   56       5.132060581519e-11       9.823521623310e-15      -4.280871354916e-13       8.284527463148e-15       0.000000000000e+00       0.000000000000e+00       0.000000000000e+00 
   57       5.040894999057e-11       1.006167642783e-14      -4.350862027506e-13       8.439636327633e-15       0.000000000000e+00       0.000000000000e+00       0.000000000000e+00 
   58       4.949885010075e-11       1.029746560648e-14      -4.417386339681e-13       8.590499681319e-15       0.000000000000e+00       0.000000000000e+00       0.000000000000e+00 
   59       4.859038189775e-11       1.053072280157e-14      -4.480408016019e-13       8.736986238288e-15       0.000000000000e+00       0.000000000000e+00       0.000000000000e+00 
   60       4.768260253890e-11       1.076129327728e-14      -4.539909746963e-13       8.878976901196e-15       0.000000000000e+00       0.000000000000e+00       0.000000000000e+00 
   61       4.677435874312e-11       1.098902580901e-14      -4.595880799460e-13       9.016362683951e-15       0.000000000000e+00       0.000000000000e+00       0.000000000000e+00 
   62       4.586707279942e-11       1.121374492589e-14      -4.648274701955e-13       9.149036932065e-15       0.000000000000e+00       0.000000000000e+00       0.000000000000e+00 
   63       4.496246743756e-11       1.143527342768e-14      -4.697043506296e-13       9.276902134708e-15       0.000000000000e+00       0.000000000000e+00       0.000000000000e+00 
   64       4.406170913022e-11       1.165344081180e-14      -4.742150588247e-13       9.399872647300e-15       0.000000000000e+00       0.000000000000e+00       0.000000000000e+00 
   65       4.316536972124e-11       1.186808357160e-14      -4.783571066415e-13       9.517875054798e-15       0.000000000000e+00       0.000000000000e+00       0.000000000000e+00 
   66       4.227338805375e-11       1.207904549460e-14      -4.821292221175e-13       9.630848534983e-15       0.000000000000e+00       0.000000000000e+00       0.000000000000e+00 
   67       4.138503159839e-11       1.228617796075e-14      -4.855313913601e-13       9.738745221748e-15       0.000000000000e+00       0.000000000000e+00       0.000000000000e+00 
   68       4.049949618219e-11       1.248933486177e-14      -4.885642996362e-13       9.841521854805e-15       0.000000000000e+00       0.000000000000e+00       0.000000000000e+00 
   69       3.961793206020e-11       1.268835549704e-14      -4.912274294914e-13       9.939111951972e-15       0.000000000000e+00       0.000000000000e+00       0.000000000000e+00 
   70       3.874176133277e-11       1.288307873183e-14      -4.935206507471e-13       1.003144862498e-14       0.000000000000e+00       0.000000000000e+00       0.000000000000e+00 
   71       3.787205451211e-11       1.307334822740e-14      -4.954448132572e-13       1.011847293205e-14       0.000000000000e+00       0.000000000000e+00       0.000000000000e+00 
   72       3.700950847016e-11       1.325901260168e-14      -4.970017734354e-13       1.020013401837e-14       0.000000000000e+00       0.000000000000e+00       0.000000000000e+00 
   73       3.615442438650e-11       1.343992558996e-14      -4.981944207819e-13       1.027638925647e-14       0.000000000000e+00       0.000000000000e+00       0.000000000000e+00 
   74       3.530668569620e-11       1.361594620559e-14      -4.990267044106e-13       1.034720438671e-14       0.000000000000e+00       0.000000000000e+00       0.000000000000e+00 
   75       3.446573603778e-11       1.378693890066e-14      -4.995036595757e-13       1.041255365765e-14       0.000000000000e+00       0.000000000000e+00       0.000000000000e+00 
   76       3.363099943202e-11       1.395277500129e-14      -4.996307707305e-13       1.047241979633e-14       0.000000000000e+00       0.000000000000e+00       0.000000000000e+00 
   77       3.280327802402e-11       1.411333696053e-14      -4.994118679698e-13       1.052679360200e-14       0.000000000000e+00       0.000000000000e+00       0.000000000000e+00 
   78       3.198357034614e-11       1.426851517652e-14      -4.988508934052e-13       1.057567453311e-14       0.000000000000e+00       0.000000000000e+00       0.000000000000e+00 
   79       3.117263892512e-11       1.441820697052e-14      -4.979525433170e-13       1.061907100564e-14       0.000000000000e+00       0.000000000000e+00       0.000000000000e+00 
   80       3.037099729825e-11       1.456231677372e-14      -4.967222810763e-13       1.065700053008e-14       0.000000000000e+00       0.000000000000e+00       0.000000000000e+00 
   81       2.957889702963e-11       1.470075631409e-14      -4.951663500666e-13       1.068948984838e-14       0.000000000000e+00       0.000000000000e+00       0.000000000000e+00 
   82       2.879631472631e-11       1.483344480315e-14      -4.932917866062e-13       1.071657507086e-14       0.000000000000e+00       0.000000000000e+00       0.000000000000e+00 
   83       2.802293905448e-11       1.496030912285e-14      -4.911064328702e-13       1.073830181320e-14       0.000000000000e+00       0.000000000000e+00       0.000000000000e+00 
   84       2.725845214206e-11       1.508128108455e-14      -4.886183820761e-13       1.075472039559e-14       0.000000000000e+00       0.000000000000e+00       0.000000000000e+00 
   85       2.650345582742e-11       1.519628827458e-14      -4.858341800588e-13       1.076587022604e-14       0.000000000000e+00       0.000000000000e+00       0.000000000000e+00 
   86       2.575867587183e-11       1.530526202653e-14      -4.827603478605e-13       1.077179306721e-14       0.000000000000e+00       0.000000000000e+00       0.000000000000e+00 
   87       2.502467330801e-11       1.540814034977e-14      -4.794039262893e-13       1.077253779712e-14       0.000000000000e+00       0.000000000000e+00       0.000000000000e+00 
   88       2.430183640400e-11       1.550486806708e-14      -4.757724792991e-13       1.076816046312e-14       0.000000000000e+00       0.000000000000e+00       0.000000000000e+00 
   89       2.359037262701e-11       1.559539695221e-14      -4.718740973701e-13       1.075872433583e-14       0.000000000000e+00       0.000000000000e+00       0.000000000000e+00 
   90       2.289030060730e-11       1.567968586757e-14      -4.677174008891e-13       1.074429996308e-14       0.000000000000e+00       0.000000000000e+00       0.000000000000e+00 
   91       2.220144210204e-11       1.575770090180e-14      -4.633115435294e-13       1.072496522393e-14       0.000000000000e+00       0.000000000000e+00       0.000000000000e+00 
   92       2.152341395919e-11       1.582941550741e-14      -4.586662156314e-13       1.070080538253e-14       0.000000000000e+00       0.000000000000e+00       0.000000000000e+00 
   93       2.085586216655e-11       1.589480835686e-14      -4.537911559878e-13       1.067190915392e-14       0.000000000000e+00       0.000000000000e+00       0.000000000000e+00 
   94       2.019922172040e-11       1.595385624306e-14      -4.486945958649e-13       1.063835610705e-14       0.000000000000e+00       0.000000000000e+00       0.000000000000e+00 
   95       1.955405671496e-11       1.600654036061e-14      -4.433845861230e-13       1.060022745809e-14       0.000000000000e+00       0.000000000000e+00       0.000000000000e+00 
   96       1.892082379015e-11       1.605284859702e-14      -4.378694646364e-13       1.055760988906e-14       0.000000000000e+00       0.000000000000e+00       0.000000000000e+00 
   97       1.829986741859e-11       1.609277563904e-14      -4.321578529262e-13       1.051059554710e-14       0.000000000000e+00       0.000000000000e+00       0.000000000000e+00 
   98       1.769141519250e-11       1.612632307894e-14      -4.262586527925e-13       1.045928204360e-14       0.000000000000e+00       0.000000000000e+00       0.000000000000e+00 
   99       1.709557311062e-11       1.615349952083e-14      -4.201810429458e-13       1.040377245348e-14       0.000000000000e+00       0.000000000000e+00       0.000000000000e+00 
  100       1.651232086517e-11       1.617432068696e-14      -4.139344756402e-13       1.034417531436e-14       0.000000000000e+00       0.000000000000e+00       0.000000000000e+00 
  101       1.594150712874e-11       1.618880952399e-14      -4.075286733050e-13       1.028060462577e-14       0.000000000000e+00       0.000000000000e+00       0.000000000000e+00 
  102       1.538284484128e-11       1.619699630934e-14      -4.009736251771e-13       1.021317984838e-14       0.000000000000e+00       0.000000000000e+00       0.000000000000e+00 
  103       1.483590649695e-11       1.619891875743e-14      -3.942795839329e-13       1.014202590320e-14       0.000000000000e+00       0.000000000000e+00       0.000000000000e+00 
  104       1.430030359249e-11       1.619461862370e-14      -3.874566702751e-13       1.006726863028e-14       0.000000000000e+00       0.000000000000e+00       0.000000000000e+00 
  105       1.377626273075e-11       1.618413076500e-14      -3.805136331111e-13       9.989020467863e-15       0.000000000000e+00       0.000000000000e+00       0.000000000000e+00 
  106       1.326411891613e-11       1.616749279270e-14      -3.734589148345e-13       9.907392828222e-15       0.000000000000e+00       0.000000000000e+00       0.000000000000e+00 
  107       1.276413568578e-11       1.614474851006e-14      -3.663010208316e-13       9.822500415334e-15       0.000000000000e+00       0.000000000000e+00       0.000000000000e+00 
  108       1.227650242035e-11       1.611594798001e-14      -3.590485118052e-13       9.734461174197e-15       0.000000000000e+00       0.000000000000e+00       0.000000000000e+00 
  109       1.180133165461e-11       1.608114759304e-14      -3.517099960992e-13       9.643396240144e-15       0.000000000000e+00       0.000000000000e+00       0.000000000000e+00 
  110       1.133865638816e-11       1.604041013492e-14      -3.442941220219e-13       9.549429888155e-15       0.000000000000e+00       0.000000000000e+00       0.000000000000e+00 
  111       1.088842739610e-11       1.599380485458e-14      -3.368095701704e-13       9.452689482172e-15       0.000000000000e+00       0.000000000000e+00       0.000000000000e+00 
  112       1.045051053973e-11       1.594140753190e-14      -3.292650457546e-13       9.353305424415e-15       0.000000000000e+00       0.000000000000e+00       0.000000000000e+00 
  113       1.002468407722e-11       1.588330054553e-14      -3.216692709211e-13       9.251411104693e-15       0.000000000000e+00       0.000000000000e+00       0.000000000000e+00 
  114       9.610635974294e-12       1.581957294069e-14      -3.140309770773e-13       9.147142849721e-15       0.000000000000e+00       0.000000000000e+00       0.000000000000e+00 
  115       9.207961214891e-12       1.575032049699e-14      -3.063588972151e-13       9.040639872432e-15       0.000000000000e+00       0.000000000000e+00       0.000000000000e+00 
  116       8.816288441344e-12       1.567564170691e-14      -2.986615833282e-13       8.932040270397e-15       0.000000000000e+00       0.000000000000e+00       0.000000000000e+00 
  117       8.435683091981e-12       1.559562501157e-14      -2.909468498895e-13       8.821468577508e-15       0.000000000000e+00       0.000000000000e+00       0.000000000000e+00 
  118       8.066288455445e-12       1.551036013317e-14      -2.832222479816e-13       8.709046596588e-15       0.000000000000e+00       0.000000000000e+00       0.000000000000e+00 
  119       7.708199197876e-12       1.541994205681e-14      -2.754952250273e-13       8.594897130179e-15       0.000000000000e+00       0.000000000000e+00       0.000000000000e+00 
  120       7.361459817085e-12       1.532447106214e-14      -2.677731155674e-13       8.479143894919e-15       0.000000000000e+00       0.000000000000e+00       0.000000000000e+00 
  121       7.026063096733e-12       1.522405275500e-14      -2.600631320378e-13       8.361911435923e-15       0.000000000000e+00       0.000000000000e+00       0.000000000000e+00 
  122       6.701948560507e-12       1.511879809906e-14      -2.523723555474e-13       8.243325041171e-15       0.000000000000e+00       0.000000000000e+00       0.000000000000e+00 
  123       6.389000926302e-12       1.500882344754e-14      -2.447077266555e-13       8.123510655881e-15       0.000000000000e+00       0.000000000000e+00       0.000000000000e+00 
  124       6.087048560397e-12       1.489425057480e-14      -2.370760361491e-13       8.002594796896e-15       0.000000000000e+00       0.000000000000e+00       0.000000000000e+00 
  125       5.795861931631e-12       1.477520670804e-14      -2.294839158209e-13       7.880704467062e-15       0.000000000000e+00       0.000000000000e+00       0.000000000000e+00 
  126       5.515152065584e-12       1.465182455894e-14      -2.219378292463e-13       7.757967069611e-15       0.000000000000e+00       0.000000000000e+00       0.000000000000e+00 
  127       5.244568998755e-12       1.452424235531e-14      -2.144440625612e-13       7.634510322544e-15       0.000000000000e+00       0.000000000000e+00       0.000000000000e+00 
  128       4.983700232735e-12       1.439260387274e-14      -2.070087152395e-13       7.510462173007e-15       0.000000000000e+00       0.000000000000e+00       0.000000000000e+00 
  129       4.732167521398e-12       1.425705305486e-14      -1.996376963339e-13       7.385947988478e-15       0.000000000000e+00       0.000000000000e+00       0.000000000000e+00 
  130       4.489932520420e-12       1.411771713940e-14      -1.923367323215e-13       7.261081963783e-15       0.000000000000e+00       0.000000000000e+00       0.000000000000e+00 
  131       4.257021902688e-12       1.397472173226e-14      -1.851113426943e-13       7.135974605230e-15       0.000000000000e+00       0.000000000000e+00       0.000000000000e+00 
  132       4.033431197010e-12       1.382819604597e-14      -1.779668254799e-13       7.010735265234e-15       0.000000000000e+00       0.000000000000e+00       0.000000000000e+00 
  133       3.819123945928e-12       1.367827289264e-14      -1.709082480583e-13       6.885472037214e-15       0.000000000000e+00       0.000000000000e+00       0.000000000000e+00 
  134       3.614030863533e-12       1.352508867689e-14      -1.639404379783e-13       6.760291650492e-15       0.000000000000e+00       0.000000000000e+00       0.000000000000e+00 
  135       3.418048993276e-12       1.336878338880e-14      -1.570679737743e-13       6.635299365179e-15       0.000000000000e+00       0.000000000000e+00       0.000000000000e+00 
  136       3.231040865781e-12       1.320950059683e-14      -1.502951757826e-13       6.510598867080e-15       0.000000000000e+00       0.000000000000e+00       0.000000000000e+00 
  137       3.052833656660e-12       1.304738744074e-14      -1.436260969586e-13       6.386292162582e-15       0.000000000000e+00       0.000000000000e+00       0.000000000000e+00 
  138       2.883218344324e-12       1.288259462457e-14      -1.370645136925e-13       6.262479473554e-15       0.000000000000e+00       0.000000000000e+00       0.000000000000e+00 
  139       2.721948867799e-12       1.271527640952e-14      -1.306139166270e-13       6.139259132238e-15       0.000000000000e+00       0.000000000000e+00       0.000000000000e+00 
  140       2.568741284536e-12       1.254559060693e-14      -1.242775014730e-13       6.016727476147e-15       0.000000000000e+00       0.000000000000e+00       0.000000000000e+00 
  141       2.423272928224e-12       1.237369857117e-14      -1.180581598266e-13       5.894978742958e-15       0.000000000000e+00       0.000000000000e+00       0.000000000000e+00 
  142       2.285181566607e-12       1.219976519262e-14      -1.119584699859e-13       5.774104965408e-15       0.000000000000e+00       0.000000000000e+00       0.000000000000e+00 
  143       2.154064559292e-12       1.202395889056e-14      -1.059806877672e-13       5.654195866192e-15       0.000000000000e+00       0.000000000000e+00       0.000000000000e+00 
  144       2.029553705654e-12       1.184644532184e-14      -1.001270075264e-13       5.535338316195e-15       0.000000000000e+00       0.000000000000e+00       0.000000000000e+00 
  145       1.911549882925e-12       1.166736782264e-14      -9.440039361176e-14       5.417614870913e-15       0.000000000000e+00       0.000000000000e+00       0.000000000000e+00 
  146       1.800010047007e-12       1.148686501611e-14      -8.880381380581e-14       5.301104889272e-15       0.000000000000e+00       0.000000000000e+00       0.000000000000e+00 
  147       1.694873215949e-12       1.130507688072e-14      -8.333996891802e-14       5.185884850667e-15       0.000000000000e+00       0.000000000000e+00       0.000000000000e+00 
  148       1.596060062762e-12       1.112214470711e-14      -7.801128515446e-14       5.072028247353e-15       0.000000000000e+00       0.000000000000e+00       0.000000000000e+00 
  149       1.503472508233e-12       1.093821105484e-14      -7.281990648735e-14       4.959605476825e-15       0.000000000000e+00       0.000000000000e+00       0.000000000000e+00 
  150       1.416993313737e-12       1.075341970929e-14      -6.776768702449e-14       4.848683734203e-15       0.000000000000e+00       0.000000000000e+00       0.000000000000e+00 
  151       1.336485674053e-12       1.056791563841e-14      -6.285618337882e-14       4.739326904622e-15       0.000000000000e+00       0.000000000000e+00       0.000000000000e+00 
  152       1.261792810174e-12       1.038184494958e-14      -5.808664703791e-14       4.631595455615e-15       0.000000000000e+00       0.000000000000e+00       0.000000000000e+00 
  153       1.192737562123e-12       1.019535484641e-14      -5.346001673350e-14       4.525546329500e-15       0.000000000000e+00       0.000000000000e+00       0.000000000000e+00 
  154       1.129121981767e-12       1.000859358554e-14      -4.897691081097e-14       4.421232835762e-15       0.000000000000e+00       0.000000000000e+00       0.000000000000e+00 
  155       1.070726925629e-12       9.821710433500e-15      -4.463761959889e-14       4.318704543442e-15       0.000000000000e+00       0.000000000000e+00       0.000000000000e+00 
  156       1.017311647704e-12       9.634855623494e-15      -4.044209777852e-14       4.218007173524e-15       0.000000000000e+00       0.000000000000e+00       0.000000000000e+00 
  157       9.686133922678e-13       9.448180312229e-15      -3.638995675330e-14       4.119182491314e-15       0.000000000000e+00       0.000000000000e+00       0.000000000000e+00 
  158       9.243469866968e-13       9.261836536728e-15      -3.248045701839e-14       4.022268198834e-15       0.000000000000e+00       0.000000000000e+00       0.000000000000e+00 
  159       8.842044342771e-13       9.075977171151e-15      -2.871250053018e-14       3.927297827201e-15       0.000000000000e+00       0.000000000000e+00       0.000000000000e+00 
  160       8.478545070199e-13       8.890755883614e-15      -2.508462307578e-14       3.834300629015e-15       0.000000000000e+00       0.000000000000e+00       0.000000000000e+00 
  161       8.149956709389e-13       8.706321183381e-15      -2.159546298334e-14       3.743304717536e-15       0.000000000000e+00       0.000000000000e+00       0.000000000000e+00 
  162       7.855209763772e-13       8.522798061543e-15      -1.824522985211e-14       3.654347022098e-15       0.000000000000e+00       0.000000000000e+00       0.000000000000e+00 
  163       7.593670390587e-13       8.340304636689e-15      -1.503435172773e-14       3.567464011508e-15       0.000000000000e+00       0.000000000000e+00       0.000000000000e+00 
  164       7.364618585749e-13       8.158957848695e-15      -1.196300504744e-14       3.482688434499e-15       0.000000000000e+00       0.000000000000e+00       0.000000000000e+00 
  165       7.167246565739e-13       7.978873388348e-15      -9.031109201250e-15       3.400049227055e-15       0.000000000000e+00       0.000000000000e+00       0.000000000000e+00 
  166       7.000657149509e-13       7.800165626972e-15      -6.238321092993e-15       3.319571419729e-15       0.000000000000e+00       0.000000000000e+00       0.000000000000e+00 
  167       6.863862140368e-13       7.622947546062e-15      -3.584029701430e-15       3.241276044975e-15       0.000000000000e+00       0.000000000000e+00       0.000000000000e+00 
  168       6.755780707883e-13       7.447330666907e-15      -1.067350641352e-15       3.165180044464e-15       0.000000000000e+00       0.000000000000e+00       0.000000000000e+00 
  169       6.675237769775e-13       7.273424980222e-15       1.312879275333e-15       3.091296176412e-15       0.000000000000e+00       0.000000000000e+00       0.000000000000e+00 
  170       6.620962373809e-13       7.101338875769e-15       3.558107478497e-15       3.019632922903e-15       0.000000000000e+00       0.000000000000e+00       0.000000000000e+00 
  171       6.591586079698e-13       6.931179071994e-15       5.670071078698e-15       2.950194397212e-15       0.000000000000e+00       0.000000000000e+00       0.000000000000e+00 
  172       6.585641340989e-13       6.763050545649e-15       7.650802306089e-15       2.882980251129e-15       0.000000000000e+00       0.000000000000e+00       0.000000000000e+00 
  173       6.601559886966e-13       6.597056461421e-15       9.502633949316e-15       2.817985582282e-15       0.000000000000e+00       0.000000000000e+00       0.000000000000e+00 
  174       6.637671104542e-13       6.433298101562e-15       1.122820479442e-14       2.755200841460e-15       0.000000000000e+00       0.000000000000e+00       0.000000000000e+00 
  175       6.692200420156e-13       6.271874795513e-15       1.283046506376e-14       2.694611739942e-15       0.000000000000e+00       0.000000000000e+00       0.000000000000e+00 
  176       6.763267681666e-13       6.112883849536e-15       1.431268185489e-14       2.636199156811e-15       0.000000000000e+00       0.000000000000e+00       0.000000000000e+00 
  177       6.848885540249e-13       5.956420476341e-15       1.567844457948e-14       2.579939046288e-15       0.000000000000e+00       0.000000000000e+00       0.000000000000e+00 
  178       6.946957832290e-13       5.802577724712e-15       1.693167040221e-14       2.525802345048e-15       0.000000000000e+00       0.000000000000e+00       0.000000000000e+00 
  179       7.055277961286e-13       5.651446409138e-15       1.807660967970e-14       2.473754879546e-15       0.000000000000e+00       0.000000000000e+00       0.000000000000e+00 
  180       7.171860402295e-13       5.503112125168e-15       1.911720583669e-14       2.423764789787e-15       0.000000000000e+00       0.000000000000e+00       0.000000000000e+00 
  181       7.295968062427e-13       5.357646177192e-15       2.005510673359e-14       2.375825654105e-15       0.000000000000e+00       0.000000000000e+00       0.000000000000e+00 
  182       7.427163666243e-13       5.215113792708e-15       2.089150530256e-14       2.329935028841e-15       0.000000000000e+00       0.000000000000e+00       0.000000000000e+00 
  183       7.564983583437e-13       5.075576891265e-15       2.162777394437e-14       2.286087032553e-15       0.000000000000e+00       0.000000000000e+00       0.000000000000e+00 
  184       7.708937437701e-13       4.939094003356e-15       2.226546758956e-14       2.244272281030e-15       0.000000000000e+00       0.000000000000e+00       0.000000000000e+00 
  185       7.858507715592e-13       4.805720189311e-15       2.280632675956e-14       2.204477822293e-15       0.000000000000e+00       0.000000000000e+00       0.000000000000e+00 
  186       8.013149375397e-13       4.675506958190e-15       2.325228062788e-14       2.166687071609e-15       0.000000000000e+00       0.000000000000e+00       0.000000000000e+00 
  187       8.172289456001e-13       4.548502186680e-15       2.360545008117e-14       2.130879746499e-15       0.000000000000e+00       0.000000000000e+00       0.000000000000e+00 
  188       8.335326685752e-13       4.424750037986e-15       2.386815078043e-14       2.097031801744e-15       0.000000000000e+00       0.000000000000e+00       0.000000000000e+00 
  189       8.501631091328e-13       4.304290880727e-15       2.404289622213e-14       2.065115364395e-15       0.000000000000e+00       0.000000000000e+00       0.000000000000e+00 
  190       8.670543606603e-13       4.187161207830e-15       2.413240079935e-14       2.035098668784e-15       0.000000000000e+00       0.000000000000e+00       0.000000000000e+00 
  191       8.841375681511e-13       4.073393555422e-15       2.413958286289e-14       2.006945991526e-15       0.000000000000e+00       0.000000000000e+00       0.000000000000e+00 
  192       9.013408890919e-13       3.963016421727e-15       2.406756778248e-14       1.980617586535e-15       0.000000000000e+00       0.000000000000e+00       0.000000000000e+00 
  193       9.185894543485e-13       3.856054185957e-15       2.391969100786e-14       1.956069620028e-15       0.000000000000e+00       0.000000000000e+00       0.000000000000e+00 
  194       9.358053290529e-13       3.752527027209e-15       2.369950112996e-14       1.933254105534e-15       0.000000000000e+00       0.000000000000e+00       0.000000000000e+00 
  195       9.529074734899e-13       3.652450843354e-15       2.341076294200e-14       1.912118838904e-15       0.000000000000e+00       0.000000000000e+00       0.000000000000e+00 
  196       9.698117039835e-13       3.555837169940e-15       2.305746050067e-14       1.892607333320e-15       0.000000000000e+00       0.000000000000e+00       0.000000000000e+00 
  197       9.864306537840e-13       3.462693099075e-15       2.264380018726e-14       1.874658754298e-15       0.000000000000e+00       0.000000000000e+00       0.000000000000e+00 
  198       1.002673733954e-12       3.373021198329e-15       2.217421376879e-14       1.858207854706e-15       0.000000000000e+00       0.000000000000e+00       0.000000000000e+00 
  199       1.018447094255e-12       3.286819429627e-15       2.165336145916e-14       1.843184909763e-15       0.000000000000e+00       0.000000000000e+00       0.000000000000e+00 
  200       1.033653584036e-12       3.204081068138e-15       2.108613498029e-14       1.829515652055e-15       0.000000000000e+00       0.000000000000e+00       0.000000000000e+00 
  201       1.048208233517e-12       3.124797967663e-15       2.047701215886e-14       1.817131638354e-15       0.000000000000e+00       0.000000000000e+00       0.000000000000e+00 
  202       1.062086011329e-12       3.048970785372e-15       1.982806297515e-14       1.806002310463e-15       0.000000000000e+00       0.000000000000e+00       0.000000000000e+00 
  203       1.075277406895e-12       2.976599331871e-15       1.914080682164e-14       1.796105101847e-15       0.000000000000e+00       0.000000000000e+00       0.000000000000e+00 
  204       1.087773223350e-12       2.907679219593e-15       1.841684930304e-14       1.787415177712e-15       0.000000000000e+00       0.000000000000e+00       0.000000000000e+00 
  205       1.099564584305e-12       2.842201791592e-15       1.765788338090e-14       1.779905400845e-15       0.000000000000e+00       0.000000000000e+00       0.000000000000e+00 
  206       1.110642940600e-12       2.780154050318e-15       1.686569051819e-14       1.773546297455e-15       0.000000000000e+00       0.000000000000e+00       0.000000000000e+00 
  207       1.121000077062e-12       2.721518586411e-15       1.604214182393e-14       1.768306023011e-15       0.000000000000e+00       0.000000000000e+00       0.000000000000e+00 
  208       1.130628119266e-12       2.666273507477e-15       1.518919919770e-14       1.764150328085e-15       0.000000000000e+00       0.000000000000e+00       0.000000000000e+00 
  209       1.139519540289e-12       2.614392366878e-15       1.430891647433e-14       1.761042524191e-15       0.000000000000e+00       0.000000000000e+00       0.000000000000e+00 
  210       1.147667167469e-12       2.565844092518e-15       1.340344056842e-14       1.758943449622e-15       0.000000000000e+00       0.000000000000e+00       0.000000000000e+00 
  211       1.155064189160e-12       2.520592915621e-15       1.247501261897e-14       1.757811435295e-15       0.000000000000e+00       0.000000000000e+00       0.000000000000e+00 
  212       1.161704161493e-12       2.478598299521e-15       1.152596913394e-14       1.757602270585e-15       0.000000000000e+00       0.000000000000e+00       0.000000000000e+00 
  213       1.167581015134e-12       2.439814868445e-15       1.055874313488e-14       1.758269169172e-15       0.000000000000e+00       0.000000000000e+00       0.000000000000e+00 
  214       1.172689062035e-12       2.404192336299e-15       9.575865301494e-15       1.759762734874e-15       0.000000000000e+00       0.000000000000e+00       0.000000000000e+00 
  215       1.177023002198e-12       2.371675435450e-15       8.579965116249e-15       1.762030927491e-15       0.000000000000e+00       0.000000000000e+00       0.000000000000e+00 
  216       1.180577930433e-12       2.342203845511e-15       7.573772008952e-15       1.765019028646e-15       0.000000000000e+00       0.000000000000e+00       0.000000000000e+00 
  217       1.183349343107e-12       2.315712122130e-15       6.560116501348e-15       1.768669607621e-15       0.000000000000e+00       0.000000000000e+00       0.000000000000e+00 
  218       1.185333144912e-12       2.292129625768e-15       5.541931351717e-15       1.772922487199e-15       0.000000000000e+00       0.000000000000e+00       0.000000000000e+00 
  219       1.186525655617e-12       2.271380450487e-15       4.522252699459e-15       1.777714709505e-15       0.000000000000e+00       0.000000000000e+00       0.000000000000e+00 
  220       1.186923616824e-12       2.253383352737e-15       3.504221209689e-15       1.782980501844e-15       0.000000000000e+00       0.000000000000e+00       0.000000000000e+00 
  221       1.186524198730e-12       2.238051680136e-15       2.491083217830e-15       1.788651242543e-15       0.000000000000e+00       0.000000000000e+00       0.000000000000e+00 
  222       1.185325006881e-12       2.225293300257e-15       1.486191874203e-15       1.794655426788e-15       0.000000000000e+00       0.000000000000e+00       0.000000000000e+00 
  223       1.183324088931e-12       2.215010529413e-15       4.930082886184e-16       1.800918632469e-15       0.000000000000e+00       0.000000000000e+00       0.000000000000e+00 
  224       1.180522163408e-12       2.207111548627e-15      -4.853887144995e-16       1.807373979738e-15       0.000000000000e+00       0.000000000000e+00       0.000000000000e+00 
  225       1.176929451214e-12       2.201545614499e-15      -1.447810719182e-15       1.813994327577e-15       0.000000000000e+00       0.000000000000e+00       0.000000000000e+00 
  226       1.172559296487e-12       2.198269974628e-15      -2.393546355085e-15       1.820762081427e-15       0.000000000000e+00       0.000000000000e+00       0.000000000000e+00 
  227       1.167425996054e-12       2.197238540320e-15      -3.321878649715e-15       1.827658876420e-15       0.000000000000e+00       0.000000000000e+00       0.000000000000e+00 
  228       1.161544811479e-12       2.198401842728e-15      -4.232085053809e-15       1.834665568210e-15       0.000000000000e+00       0.000000000000e+00       0.000000000000e+00 
  229       1.154931981110e-12       2.201706988982e-15      -5.123437466724e-15       1.841762223795e-15       0.000000000000e+00       0.000000000000e+00       0.000000000000e+00 
  230       1.147604732130e-12       2.207097618326e-15      -5.995202261813e-15       1.848928112345e-15       0.000000000000e+00       0.000000000000e+00       0.000000000000e+00 
  231       1.139581292600e-12       2.214513858254e-15      -6.846640311813e-15       1.856141696022e-15       0.000000000000e+00       0.000000000000e+00       0.000000000000e+00 
  232       1.130880903512e-12       2.223892280642e-15      -7.677007014225e-15       1.863380620811e-15       0.000000000000e+00       0.000000000000e+00       0.000000000000e+00 
  233       1.121523830835e-12       2.235165857888e-15      -8.485552316699e-15       1.870621707340e-15       0.000000000000e+00       0.000000000000e+00       0.000000000000e+00 
  234       1.111531377562e-12       2.248263919040e-15      -9.271520742415e-15       1.877840941707e-15       0.000000000000e+00       0.000000000000e+00       0.000000000000e+00 
  235       1.100925895759e-12       2.263112105940e-15      -1.003415141547e-14       1.885013466307e-15       0.000000000000e+00       0.000000000000e+00       0.000000000000e+00 
  236       1.089730798611e-12       2.279632329352e-15      -1.077267808625e-14       1.892113570654e-15       0.000000000000e+00       0.000000000000e+00       0.000000000000e+00 
  237       1.077970572475e-12       2.297742725098e-15      -1.148632915683e-14       1.899114682207e-15       0.000000000000e+00       0.000000000000e+00       0.000000000000e+00 
  238       1.065670788922e-12       2.317357610197e-15      -1.217432770634e-14       1.905989357195e-15       0.000000000000e+00       0.000000000000e+00       0.000000000000e+00 
  239       1.052858116790e-12       2.338387438997e-15      -1.283589151637e-14       1.912709271443e-15       0.000000000000e+00       0.000000000000e+00       0.000000000000e+00 
  240       1.039560334226e-12       2.360738759308e-15      -1.347023309632e-14       1.919245211194e-15       0.000000000000e+00       0.000000000000e+00       0.000000000000e+00 
  241       1.025806340742e-12       2.384314168543e-15      -1.407655970882e-14       1.925567063940e-15       0.000000000000e+00       0.000000000000e+00       0.000000000000e+00 
  242       1.011626169254e-12       2.409012269848e-15      -1.465407339508e-14       1.931643809240e-15       0.000000000000e+00       0.000000000000e+00       0.000000000000e+00 
  243       9.970509981387e-13       2.434727628240e-15      -1.520197100029e-14       1.937443509549e-15       0.000000000000e+00       0.000000000000e+00       0.000000000000e+00 
  244       9.821131632746e-13       2.461350726738e-15      -1.571944419901e-14       1.942933301042e-15       0.000000000000e+00       0.000000000000e+00       0.000000000000e+00 
  245       9.668461700935e-13       2.488767922504e-15      -1.620567952053e-14       1.948079384442e-15       0.000000000000e+00       0.000000000000e+00       0.000000000000e+00 
  246       9.512847056276e-13       2.516861402974e-15      -1.665985837429e-14       1.952847015838e-15       0.000000000000e+00       0.000000000000e+00       0.000000000000e+00 
  247       9.354646505574e-13       2.545509141994e-15      -1.708115707522e-14       1.957200497518e-15       0.000000000000e+00       0.000000000000e+00       0.000000000000e+00 
  248       9.194230912599e-13       2.574584855954e-15      -1.746874686914e-14       1.961103168787e-15       0.000000000000e+00       0.000000000000e+00       0.000000000000e+00 
  249       9.031983318562e-13       2.603957959927e-15      -1.782179395816e-14       1.964517396798e-15       0.000000000000e+00       0.000000000000e+00       0.000000000000e+00 
  250       8.868253384752e-13       2.633510436873e-15      -1.813964486721e-14       1.967411169203e-15       0.000000000000e+00       0.000000000000e+00       0.000000000000e+00 
  251       8.703217556085e-13       2.663188615447e-15      -1.842239435479e-14       1.969778312979e-15       0.000000000000e+00       0.000000000000e+00       0.000000000000e+00 
  252       8.537011059906e-13       2.692954295718e-15      -1.867035033253e-14       1.971619424859e-15       0.000000000000e+00       0.000000000000e+00       0.000000000000e+00 
  253       8.369772890480e-13       2.722768093571e-15      -1.888385185159e-14       1.972935377943e-15       0.000000000000e+00       0.000000000000e+00       0.000000000000e+00 
  254       8.201645842124e-13       2.752589429179e-15      -1.906326948248e-14       1.973727325158e-15       0.000000000000e+00       0.000000000000e+00       0.000000000000e+00 
  255       8.032776542330e-13       2.782376515486e-15      -1.920900569486e-14       1.973996702698e-15       0.000000000000e+00       0.000000000000e+00       0.000000000000e+00 
  256       7.863315484898e-13       2.812086346684e-15      -1.932149523740e-14       1.973745233480e-15       0.000000000000e+00       0.000000000000e+00       0.000000000000e+00 
  257       7.693417063059e-13       2.841674686693e-15      -1.940120551755e-14       1.972974930595e-15       0.000000000000e+00       0.000000000000e+00       0.000000000000e+00 
  258       7.523239602605e-13       2.871096057639e-15      -1.944863698140e-14       1.971688100752e-15       0.000000000000e+00       0.000000000000e+00       0.000000000000e+00 
  259       7.352945395017e-13       2.900303728334e-15      -1.946432349349e-14       1.969887347734e-15       0.000000000000e+00       0.000000000000e+00       0.000000000000e+00 
  260       7.182700730590e-13       2.929249702752e-15      -1.944883271661e-14       1.967575575846e-15       0.000000000000e+00       0.000000000000e+00       0.000000000000e+00 
  261       7.012675931563e-13       2.957884708512e-15      -1.940276649165e-14       1.964755993363e-15       0.000000000000e+00       0.000000000000e+00       0.000000000000e+00 
  262       6.843045385248e-13       2.986158185351e-15      -1.932676121742e-14       1.961432115983e-15       0.000000000000e+00       0.000000000000e+00       0.000000000000e+00 
  263       6.673987577153e-13       3.014018273610e-15      -1.922148823042e-14       1.957607770276e-15       0.000000000000e+00       0.000000000000e+00       0.000000000000e+00 
  264       6.505685124113e-13       3.041411802707e-15      -1.908765418474e-14       1.953287097134e-15       0.000000000000e+00       0.000000000000e+00       0.000000000000e+00 
  265       6.338324807418e-13       3.068284279618e-15      -1.892600143180e-14       1.948474555220e-15       0.000000000000e+00       0.000000000000e+00       0.000000000000e+00 
  266       6.172097605938e-13       3.094579877356e-15      -1.873730840024e-14       1.943174924419e-15       0.000000000000e+00       0.000000000000e+00       0.000000000000e+00 
  267       6.007198729254e-13       3.120241423449e-15      -1.852238997569e-14       1.937393309289e-15       0.000000000000e+00       0.000000000000e+00       0.000000000000e+00 
  268       5.843827650781e-13       3.145210388419e-15      -1.828209788061e-14       1.931135142509e-15       0.000000000000e+00       0.000000000000e+00       0.000000000000e+00 
  269       5.682188140901e-13       3.169426874262e-15      -1.801732105413e-14       1.924406188331e-15       0.000000000000e+00       0.000000000000e+00       0.000000000000e+00 
  270       5.522488300087e-13       3.192829602925e-15      -1.772898603181e-14       1.917212546028e-15       0.000000000000e+00       0.000000000000e+00       0.000000000000e+00 
  271       5.364940592032e-13       3.215355904786e-15      -1.741805732554e-14       1.909560653345e-15       0.000000000000e+00       0.000000000000e+00       0.000000000000e+00 
  272       5.209761876776e-13       3.236941707133e-15      -1.708553780330e-14       1.901457289950e-15       0.000000000000e+00       0.000000000000e+00       0.000000000000e+00 
  273       5.057173443833e-13       3.257521522640e-15      -1.673246906899e-14       1.892909580883e-15       0.000000000000e+00       0.000000000000e+00       0.000000000000e+00 
  274       4.907401045321e-13       3.277028437850e-15      -1.635993184229e-14       1.883925000006e-15       0.000000000000e+00       0.000000000000e+00       0.000000000000e+00 
  275       4.760674929088e-13       3.295394101652e-15      -1.596904633843e-14       1.874511373452e-15       0.000000000000e+00       0.000000000000e+00       0.000000000000e+00 
  276       4.617229871839e-13       3.312548713759e-15      -1.556097264803e-14       1.864676883079e-15       0.000000000000e+00       0.000000000000e+00       0.000000000000e+00 
  277       4.477305212265e-13       3.328421013186e-15      -1.513691111693e-14       1.854430069914e-15       0.000000000000e+00       0.000000000000e+00       0.000000000000e+00 
  278       4.341144884169e-13       3.342938266732e-15      -1.469810272600e-14       1.843779837609e-15       0.000000000000e+00       0.000000000000e+00       0.000000000000e+00 
  279       4.208956256447e-13       3.356039352666e-15      -1.424570087229e-14       1.832735621708e-15       0.000000000000e+00       0.000000000000e+00       0.000000000000e+00 
  280       4.080784224426e-13       3.367714785808e-15      -1.378037857801e-14       1.821307900074e-15       0.000000000000e+00       0.000000000000e+00       0.000000000000e+00 
  281       3.956630659895e-13       3.377968743652e-15      -1.330270167153e-14       1.809507715631e-15       0.000000000000e+00       0.000000000000e+00       0.000000000000e+00 
  282       3.836494986684e-13       3.386806166491e-15      -1.281325573443e-14       1.797346516608e-15       0.000000000000e+00       0.000000000000e+00       0.000000000000e+00 
  283       3.720374150519e-13       3.394232766010e-15      -1.231264628386e-14       1.784836160249e-15       0.000000000000e+00       0.000000000000e+00       0.000000000000e+00 
  284       3.608262588867e-13       3.400255033881e-15      -1.180149895478e-14       1.771988916512e-15       0.000000000000e+00       0.000000000000e+00       0.000000000000e+00 
  285       3.500152200793e-13       3.404880250357e-15      -1.128045968223e-14       1.758817471779e-15       0.000000000000e+00       0.000000000000e+00       0.000000000000e+00 
  286       3.396032316806e-13       3.408116492865e-15      -1.075019488364e-14       1.745334932558e-15       0.000000000000e+00       0.000000000000e+00       0.000000000000e+00 
  287       3.295889668713e-13       3.409972644606e-15      -1.021139164108e-14       1.731554829187e-15       0.000000000000e+00       0.000000000000e+00       0.000000000000e+00 
  288       3.199708359470e-13       3.410458403140e-15      -9.664757883575e-15       1.717491119541e-15       0.000000000000e+00       0.000000000000e+00       0.000000000000e+00 
  289       3.107469833028e-13       3.409584288990e-15      -9.111022569345e-15       1.703158192735e-15       0.000000000000e+00       0.000000000000e+00       0.000000000000e+00 
  290       3.019152844192e-13       3.407361654229e-15      -8.550935868113e-15       1.688570872831e-15       0.000000000000e+00       0.000000000000e+00       0.000000000000e+00 
  291       2.934733428465e-13       3.403802691078e-15      -7.985269343379e-15       1.673744422540e-15       0.000000000000e+00       0.000000000000e+00       0.000000000000e+00 
  292       2.854184871903e-13       3.398920440499e-15      -7.414816134696e-15       1.658694546927e-15       0.000000000000e+00       0.000000000000e+00       0.000000000000e+00 
  293       2.777477680962e-13       3.392728800791e-15      -6.840391139951e-15       1.643437397118e-15       0.000000000000e+00       0.000000000000e+00       0.000000000000e+00 
  294       2.704579552354e-13       3.385242536182e-15      -6.262831197649e-15       1.627989574003e-15       0.000000000000e+00       0.000000000000e+00       0.000000000000e+00 
  295       2.635455342893e-13       3.376477285425e-15      -5.682995269189e-15       1.612368131942e-15       0.000000000000e+00       0.000000000000e+00       0.000000000000e+00 
  296       2.570067039350e-13       3.366449570391e-15      -5.101764621144e-15       1.596590582467e-15       0.000000000000e+00       0.000000000000e+00       0.000000000000e+00 
  297       2.508373728300e-13       3.355176804665e-15      -4.520043007546e-15       1.580674897991e-15       0.000000000000e+00       0.000000000000e+00       0.000000000000e+00 
  298       2.450331565976e-13       3.342677302140e-15      -3.938756852160e-15       1.564639515509e-15       0.000000000000e+00       0.000000000000e+00       0.000000000000e+00 
  299       2.395893748119e-13       3.328970285608e-15      -3.358855430767e-15       1.548503340303e-15       0.000000000000e+00       0.000000000000e+00       0.000000000000e+00 
  300       2.345010479827e-13       3.314075895360e-15      -2.781311053445e-15       1.532285749651e-15       0.000000000000e+00       0.000000000000e+00       0.000000000000e+00 
  301       2.297628945411e-13       3.298015197777e-15      -2.207119246846e-15       1.516006596526e-15       0.000000000000e+00       0.000000000000e+00       0.000000000000e+00 
  302       2.253693278237e-13       3.280810193922e-15      -1.637298936479e-15       1.499686213305e-15       0.000000000000e+00       0.000000000000e+00       0.000000000000e+00 
  303       2.213144530588e-13       3.262483828140e-15      -1.072892628990e-15       1.483345415472e-15       0.000000000000e+00       0.000000000000e+00       0.000000000000e+00 
  304       2.175920643506e-13       3.243059996649e-15      -5.149665944399e-16       1.467005505320e-15       0.000000000000e+00       0.000000000000e+00       0.000000000000e+00 
  305       2.141956416647e-13       3.222563556134e-15       3.538895141467e-17       1.450688275664e-15       0.000000000000e+00       0.000000000000e+00       0.000000000000e+00 
  306       2.111183478130e-13       3.201020332342e-15       5.770596648398e-16       1.434416013535e-15       0.000000000000e+00       0.000000000000e+00       0.000000000000e+00 
  307       2.083530254390e-13       3.178457128675e-15       1.108906891846e-15       1.418211503894e-15       0.000000000000e+00       0.000000000000e+00       0.000000000000e+00 
  308       2.058921940029e-13       3.154901734789e-15       1.629767485906e-15       1.402098033331e-15       0.000000000000e+00       0.000000000000e+00       0.000000000000e+00 
  309       2.037280467663e-13       3.130382935183e-15       2.138453625677e-15       1.386099393773e-15       0.000000000000e+00       0.000000000000e+00       0.000000000000e+00 
  310       2.018524477777e-13       3.104930517795e-15       2.633752632721e-15       1.370239886185e-15       0.000000000000e+00       0.000000000000e+00       0.000000000000e+00 
  311       2.002569288576e-13       3.078575282597e-15       3.114426789221e-15       1.354544324279e-15       0.000000000000e+00       0.000000000000e+00       0.000000000000e+00 
  312       1.989332736316e-13       3.051348157788e-15       3.579420196264e-15       1.339034475054e-15       0.000000000000e+00       0.000000000000e+00       0.000000000000e+00 
  313       1.978753057666e-13       3.023277485424e-15       4.028490330700e-15       1.323718190289e-15       0.000000000000e+00       0.000000000000e+00       0.000000000000e+00 
  314       1.970771778183e-13       2.994391626631e-15       4.461605436236e-15       1.308599777990e-15       0.000000000000e+00       0.000000000000e+00       0.000000000000e+00 
  315       1.965327893800e-13       2.964719850117e-15       4.878740196652e-15       1.293683519420e-15       0.000000000000e+00       0.000000000000e+00       0.000000000000e+00 
  316       1.962357847885e-13       2.934292339673e-15       5.279875807935e-15       1.278973668424e-15       0.000000000000e+00       0.000000000000e+00       0.000000000000e+00 
  317       1.961795508309e-13       2.903140201669e-15       5.665000050408e-15       1.264474450755e-15       0.000000000000e+00       0.000000000000e+00       0.000000000000e+00 
  318       1.963572144508e-13       2.871295472549e-15       6.034107360863e-15       1.250190063399e-15       0.000000000000e+00       0.000000000000e+00       0.000000000000e+00 
  319       1.967616404552e-13       2.838791126335e-15       6.387198904697e-15       1.236124673906e-15       0.000000000000e+00       0.000000000000e+00       0.000000000000e+00 
  320       1.973854292203e-13       2.805661082117e-15       6.724282648037e-15       1.222282419709e-15       0.000000000000e+00       0.000000000000e+00       0.000000000000e+00 
  321       1.982209143986e-13       2.771940211558e-15       7.045373429879e-15       1.208667407458e-15       0.000000000000e+00       0.000000000000e+00       0.000000000000e+00 
  322       1.992601606250e-13       2.737664346387e-15       7.350493034213e-15       1.195283712341e-15       0.000000000000e+00       0.000000000000e+00       0.000000000000e+00 
  323       2.004949612231e-13       2.702870285899e-15       7.639670262164e-15       1.182135377412e-15       0.000000000000e+00       0.000000000000e+00       0.000000000000e+00 
  324       2.019168359122e-13       2.667595804451e-15       7.912941004113e-15       1.169226412918e-15       0.000000000000e+00       0.000000000000e+00       0.000000000000e+00 
  325       2.035170285134e-13       2.631879658961e-15       8.170348311839e-15       1.156560795624e-15       0.000000000000e+00       0.000000000000e+00       0.000000000000e+00 
  326       2.052865046559e-13       2.595761596406e-15       8.411942470644e-15       1.144142468141e-15       0.000000000000e+00       0.000000000000e+00       0.000000000000e+00 
  327       2.072159494838e-13       2.559282361319e-15       8.637781071491e-15       1.131975338250e-15       0.000000000000e+00       0.000000000000e+00       0.000000000000e+00 
  328       2.092957653625e-13       2.522483703286e-15       8.847929083130e-15       1.120063278232e-15       0.000000000000e+00       0.000000000000e+00       0.000000000000e+00 
  329       2.115160695848e-13       2.485408384447e-15       9.042458924233e-15       1.108410124189e-15       0.000000000000e+00       0.000000000000e+00       0.000000000000e+00 
  330       2.138666920779e-13       2.448100186990e-15       9.221450535527e-15       1.097019675375e-15       0.000000000000e+00       0.000000000000e+00       0.000000000000e+00 
  331       2.163371731095e-13       2.410603920649e-15       9.384991451925e-15       1.085895693522e-15       0.000000000000e+00       0.000000000000e+00       0.000000000000e+00 
  332       2.189167609943e-13       2.372965430204e-15       9.533176874658e-15       1.075041902161e-15       0.000000000000e+00       0.000000000000e+00       0.000000000000e+00 
  333       2.215944098005e-13       2.335231602979e-15       9.666109743404e-15       1.064461985957e-15       0.000000000000e+00       0.000000000000e+00       0.000000000000e+00 
  334       2.243587770563e-13       2.297450376336e-15       9.783900808426e-15       1.054159590028e-15       0.000000000000e+00       0.000000000000e+00       0.000000000000e+00 
  335       2.271982214563e-13       2.259670745176e-15       9.886668702700e-15       1.044138319273e-15       0.000000000000e+00       0.000000000000e+00       0.000000000000e+00 
  336       2.301008005679e-13       2.221942769437e-15       9.974540014048e-15       1.034401737702e-15       0.000000000000e+00       0.000000000000e+00       0.000000000000e+00 
  337       2.330542685379e-13       2.184317581590e-15       1.004764935727e-14       1.024953367756e-15       0.000000000000e+00       0.000000000000e+00       0.000000000000e+00 
  338       2.360460737989e-13       2.146847394137e-15       1.010613944628e-14       1.015796689642e-15       0.000000000000e+00       0.000000000000e+00       0.000000000000e+00 
  339       2.390633567757e-13       2.109585507108e-15       1.015016116621e-14       1.006935140649e-15       0.000000000000e+00       0.000000000000e+00       0.000000000000e+00 
  340       2.420929475918e-13       2.072586315561e-15       1.017987364561e-14       9.983721144824e-16       0.000000000000e+00       0.000000000000e+00       0.000000000000e+00 
  341       2.451213637758e-13       2.035905317081e-15       1.019544432851e-14       9.901109605871e-16       0.000000000000e+00       0.000000000000e+00       0.000000000000e+00 
  342       2.481348079680e-13       1.999599119270e-15       1.019704904656e-14       9.821549834737e-16       0.000000000000e+00       0.000000000000e+00       0.000000000000e+00 
  343       2.511191656268e-13       1.963725447255e-15       1.018487209121e-14       9.745074420457e-16       0.000000000000e+00       0.000000000000e+00       0.000000000000e+00 
  344       2.540600027350e-13       1.928343151178e-15       1.015910628581e-14       9.671715489252e-16       0.000000000000e+00       0.000000000000e+00       0.000000000000e+00 
  345       2.569425635064e-13       1.893512213697e-15       1.011995305772e-14       9.601504697796e-16       0.000000000000e+00       0.000000000000e+00       0.000000000000e+00 
  346       2.597517680923e-13       1.859293757484e-15       1.006762251049e-14       9.534473226476e-16       0.000000000000e+00       0.000000000000e+00       0.000000000000e+00 
  347       2.624722102879e-13       1.825750052721e-15       1.000233349596e-14       9.470651772660e-16       0.000000000000e+00       0.000000000000e+00       0.000000000000e+00 
  348       2.650881552386e-13       1.792944524601e-15       9.924313686400e-15       9.410070543954e-16       0.000000000000e+00       0.000000000000e+00       0.000000000000e+00 
  349       2.675861931727e-13       1.760931614056e-15       9.833809186991e-15       9.352746475741e-16       0.000000000000e+00       0.000000000000e+00       0.000000000000e+00 
  350       2.699633269504e-13       1.729725879784e-15       9.731113666415e-15       9.298644311547e-16       0.000000000000e+00       0.000000000000e+00       0.000000000000e+00 
  351       2.722192159591e-13       1.699331627487e-15       9.616540577544e-15       9.247713892859e-16       0.000000000000e+00       0.000000000000e+00       0.000000000000e+00 
  352       2.743535507139e-13       1.669752938368e-15       9.490413807470e-15       9.199902769764e-16       0.000000000000e+00       0.000000000000e+00       0.000000000000e+00 
  353       2.763660531734e-13       1.640993666658e-15       9.353067759012e-15       9.155156181667e-16       0.000000000000e+00       0.000000000000e+00       0.000000000000e+00 
  354       2.782564770555e-13       1.613057437151e-15       9.204847432215e-15       9.113417037998e-16       0.000000000000e+00       0.000000000000e+00       0.000000000000e+00 
  355       2.800246081532e-13       1.585947642728e-15       9.046108505857e-15       9.074625898928e-16       0.000000000000e+00       0.000000000000e+00       0.000000000000e+00 
  356       2.816702646502e-13       1.559667441891e-15       8.877217418956e-15       9.038720956078e-16       0.000000000000e+00       0.000000000000e+00       0.000000000000e+00 
  357       2.831932974368e-13       1.534219756288e-15       8.698551452271e-15       9.005638013236e-16       0.000000000000e+00       0.000000000000e+00       0.000000000000e+00 
  358       2.845935904254e-13       1.509607268248e-15       8.510498809807e-15       8.975310467065e-16       0.000000000000e+00       0.000000000000e+00       0.000000000000e+00 
  359       2.858710608665e-13       1.485832418307e-15       8.313458700320e-15       8.947669287818e-16       0.000000000000e+00       0.000000000000e+00       0.000000000000e+00 
  360       2.870256596642e-13       1.462897402736e-15       8.107841418824e-15       8.922643000048e-16       0.000000000000e+00       0.000000000000e+00       0.000000000000e+00 
  361       2.880573716921e-13       1.440804171076e-15       7.894068428089e-15       8.900157663323e-16       0.000000000000e+00       0.000000000000e+00       0.000000000000e+00 
  362       2.889662161088e-13       1.419554423663e-15       7.672572440153e-15       8.880136852938e-16       0.000000000000e+00       0.000000000000e+00       0.000000000000e+00 
  363       2.897522466740e-13       1.399149609160e-15       7.443797497820e-15       8.862501640623e-16       0.000000000000e+00       0.000000000000e+00       0.000000000000e+00 
  364       2.904155520639e-13       1.379590922083e-15       7.208199056168e-15       8.847170575264e-16       0.000000000000e+00       0.000000000000e+00       0.000000000000e+00 
  365       2.909562561872e-13       1.360879300336e-15       6.966244064055e-15       8.834059663605e-16       0.000000000000e+00       0.000000000000e+00       0.000000000000e+00 
  366       2.913745185005e-13       1.343015422737e-15       6.718411045618e-15       8.823082350969e-16       0.000000000000e+00       0.000000000000e+00       0.000000000000e+00 
  367       2.916705343245e-13       1.325999706548e-15       6.465190181783e-15       8.814149501967e-16       0.000000000000e+00       0.000000000000e+00       0.000000000000e+00 
  368       2.918445351591e-13       1.309832305005e-15       6.207083391764e-15       8.807169381208e-16       0.000000000000e+00       0.000000000000e+00       0.000000000000e+00 
  369       2.918967889999e-13       1.294513104847e-15       5.944604414573e-15       8.802047634016e-16       0.000000000000e+00       0.000000000000e+00       0.000000000000e+00 
  370       2.918276006531e-13       1.280041723847e-15       5.678278890522e-15       8.798687267138e-16       0.000000000000e+00       0.000000000000e+00       0.000000000000e+00 
  371       2.916373120520e-13       1.266417508340e-15       5.408644442727e-15       8.796988629460e-16       0.000000000000e+00       0.000000000000e+00       0.000000000000e+00 
  372       2.913263025723e-13       1.253639530753e-15       5.136250758611e-15       8.796849392718e-16       0.000000000000e+00       0.000000000000e+00       0.000000000000e+00 
  373       2.908949893478e-13       1.241706587135e-15       4.861659671412e-15       8.798164532209e-16       0.000000000000e+00       0.000000000000e+00       0.000000000000e+00 
  374       2.903438275865e-13       1.230617194687e-15       4.585445241686e-15       8.800826307504e-16       0.000000000000e+00       0.000000000000e+00       0.000000000000e+00 
  375       2.896733108858e-13       1.220369589290e-15       4.308193838810e-15       8.804724243162e-16       0.000000000000e+00       0.000000000000e+00       0.000000000000e+00 
  376       2.888839715488e-13       1.210961723035e-15       4.030504222487e-15       8.809745109441e-16       0.000000000000e+00       0.000000000000e+00       0.000000000000e+00 
  377       2.879763808996e-13       1.202391261755e-15       3.752987624254e-15       8.815772903012e-16       0.000000000000e+00       0.000000000000e+00       0.000000000000e+00 
  378       2.869511495992e-13       1.194655582552e-15       3.476267828980e-15       8.822688827666e-16       0.000000000000e+00       0.000000000000e+00       0.000000000000e+00 
  379       2.858089279613e-13       1.187751771324e-15       3.200981256376e-15       8.830371275034e-16       0.000000000000e+00       0.000000000000e+00       0.000000000000e+00 
  380       2.845504062679e-13       1.181676620303e-15       2.927777042497e-15       8.838695805295e-16       0.000000000000e+00       0.000000000000e+00       0.000000000000e+00 
  381       2.831763150851e-13       1.176426625575e-15       2.657317121245e-15       8.847535127887e-16       0.000000000000e+00       0.000000000000e+00       0.000000000000e+00 
  382       2.816874255789e-13       1.171997984617e-15       2.390276305878e-15       8.856759082224e-16       0.000000000000e+00       0.000000000000e+00       0.000000000000e+00 
  383       2.800845498307e-13       1.168386593822e-15       2.127342370510e-15       8.866234618404e-16       0.000000000000e+00       0.000000000000e+00       0.000000000000e+00 
  384       2.783685411533e-13       1.165588046029e-15       1.869216131618e-15       8.875825777924e-16       0.000000000000e+00       0.000000000000e+00       0.000000000000e+00 
  385       2.765402944065e-13       1.163597628056e-15       1.616611529544e-15       8.885393674391e-16       0.000000000000e+00       0.000000000000e+00       0.000000000000e+00 
  386       2.746007463128e-13       1.162410318226e-15       1.370255710002e-15       8.894796474234e-16       0.000000000000e+00       0.000000000000e+00       0.000000000000e+00 
  387       2.725508757734e-13       1.162020783897e-15       1.130889105582e-15       8.903889377419e-16       0.000000000000e+00       0.000000000000e+00       0.000000000000e+00 
  388       2.703920398557e-13       1.162421219297e-15       8.991419981843e-16       8.912546058926e-16       0.000000000000e+00       0.000000000000e+00       0.000000000000e+00 
  389       2.681269949685e-13       1.163594774898e-15       6.751589497510e-16       8.920723916741e-16       0.000000000000e+00       0.000000000000e+00       0.000000000000e+00 
  390       2.657589145048e-13       1.165521877416e-15       4.589604830343e-16       8.928401226664e-16       0.000000000000e+00       0.000000000000e+00       0.000000000000e+00 
  391       2.632910571987e-13       1.168182363134e-15       2.505653154833e-16       8.935555899707e-16       0.000000000000e+00       0.000000000000e+00       0.000000000000e+00 
  392       2.607267677087e-13       1.171555473723e-15       4.999034254295e-17       8.942165479868e-16       0.000000000000e+00       0.000000000000e+00       0.000000000000e+00 
  393       2.580694772001e-13       1.175619852046e-15      -1.427493790463e-16       8.948207141911e-16       0.000000000000e+00       0.000000000000e+00       0.000000000000e+00 
  394       2.553227039274e-13       1.180353537978e-15      -3.276406479495e-16       8.953657689133e-16       0.000000000000e+00       0.000000000000e+00       0.000000000000e+00 
  395       2.524900538171e-13       1.185733964211e-15      -5.046721349373e-16       8.958493551146e-16       0.000000000000e+00       0.000000000000e+00       0.000000000000e+00 
  396       2.495752210504e-13       1.191737952076e-15      -6.738343995873e-16       8.962690781649e-16       0.000000000000e+00       0.000000000000e+00       0.000000000000e+00 
  397       2.465819886455e-13       1.198341707344e-15      -8.351199069840e-16       8.966225056203e-16       0.000000000000e+00       0.000000000000e+00       0.000000000000e+00 
  398       2.435142290405e-13       1.205520816050e-15      -9.885230444198e-16       8.969071670007e-16       0.000000000000e+00       0.000000000000e+00       0.000000000000e+00 
  399       2.403759046761e-13       1.213250240296e-15      -1.134040138096e-15       8.971205535671e-16       0.000000000000e+00       0.000000000000e+00       0.000000000000e+00 
  400       2.371710685778e-13       1.221504314069e-15      -1.271669469821e-15       8.972601180992e-16       0.000000000000e+00       0.000000000000e+00       0.000000000000e+00 
  401       2.339038649389e-13       1.230256739052e-15      -1.401411293717e-15       8.973232746729e-16       0.000000000000e+00       0.000000000000e+00       0.000000000000e+00 
  402       2.305785297027e-13       1.239480580436e-15      -1.523267852911e-15       8.973073984381e-16       0.000000000000e+00       0.000000000000e+00       0.000000000000e+00 
  403       2.271993911457e-13       1.249148262733e-15      -1.637243396247e-15       8.972098253955e-16       0.000000000000e+00       0.000000000000e+00       0.000000000000e+00 
  404       2.237708704597e-13       1.259231565589e-15      -1.743344194976e-15       8.970278521747e-16       0.000000000000e+00       0.000000000000e+00       0.000000000000e+00 
  405       2.202974823347e-13       1.269701619596e-15      -1.841578559462e-15       8.967587358115e-16       0.000000000000e+00       0.000000000000e+00       0.000000000000e+00 
  406       2.167838355412e-13       1.280528902103e-15      -1.931956855884e-15       8.963996935253e-16       0.000000000000e+00       0.000000000000e+00       0.000000000000e+00 
  407       2.132346335134e-13       1.291683233030e-15      -2.014491522934e-15       8.959479024968e-16       0.000000000000e+00       0.000000000000e+00       0.000000000000e+00 
  408       2.096546749310e-13       1.303133770683e-15      -2.089197088515e-15       8.954004996453e-16       0.000000000000e+00       0.000000000000e+00       0.000000000000e+00 
  409       2.060488543026e-13       1.314849007560e-15      -2.156090186449e-15       8.947545814062e-16       0.000000000000e+00       0.000000000000e+00       0.000000000000e+00 
  410       2.024221625478e-13       1.326796766169e-15      -2.215189573170e-15       8.940072035089e-16       0.000000000000e+00       0.000000000000e+00       0.000000000000e+00 
  411       1.987796875799e-13       1.338944194840e-15      -2.266516144431e-15       8.931553807535e-16       0.000000000000e+00       0.000000000000e+00       0.000000000000e+00 
  412       1.951266148888e-13       1.351257763535e-15      -2.310092951999e-15       8.921960867892e-16       0.000000000000e+00       0.000000000000e+00       0.000000000000e+00 
  413       1.914682281232e-13       1.363703259661e-15      -2.345945220361e-15       8.911262538910e-16       0.000000000000e+00       0.000000000000e+00       0.000000000000e+00 
  414       1.878099096736e-13       1.376245783884e-15      -2.374100363419e-15       8.899427727378e-16       0.000000000000e+00       0.000000000000e+00       0.000000000000e+00 
  415       1.841571412545e-13       1.388849745942e-15      -2.394588001195e-15       8.886424921896e-16       0.000000000000e+00       0.000000000000e+00       0.000000000000e+00 
  416       1.805155044874e-13       1.401478860454e-15      -2.407439976530e-15       8.872222190650e-16       0.000000000000e+00       0.000000000000e+00       0.000000000000e+00 
  417       1.768906814831e-13       1.414096142737e-15      -2.412690371786e-15       8.856787179188e-16       0.000000000000e+00       0.000000000000e+00       0.000000000000e+00 
  418       1.732884554248e-13       1.426663904613e-15      -2.410375525543e-15       8.840087108194e-16       0.000000000000e+00       0.000000000000e+00       0.000000000000e+00 
  419       1.697147111499e-13       1.439143750227e-15      -2.400534049305e-15       8.822088771263e-16       0.000000000000e+00       0.000000000000e+00       0.000000000000e+00 
  420       1.661754357335e-13       1.451496571858e-15      -2.383206844195e-15       8.802758532677e-16       0.000000000000e+00       0.000000000000e+00       0.000000000000e+00 
  421       1.626767190703e-13       1.463682545728e-15      -2.358437117660e-15       8.782062325179e-16       0.000000000000e+00       0.000000000000e+00       0.000000000000e+00 
  422       1.592247544577e-13       1.475661127818e-15      -2.326270400170e-15       8.759965647749e-16       0.000000000000e+00       0.000000000000e+00       0.000000000000e+00 
  423       1.558258391782e-13       1.487391049681e-15      -2.286754561917e-15       8.736433563377e-16       0.000000000000e+00       0.000000000000e+00       0.000000000000e+00 
  424       1.524863750820e-13       1.498830314252e-15      -2.239939829518e-15       8.711430696839e-16       0.000000000000e+00       0.000000000000e+00       0.000000000000e+00 
  425       1.492128691696e-13       1.509936191660e-15      -2.185878802717e-15       8.684921232475e-16       0.000000000000e+00       0.000000000000e+00       0.000000000000e+00 
  426       1.460119341745e-13       1.520665215045e-15      -2.124626471080e-15       8.656868911957e-16       0.000000000000e+00       0.000000000000e+00       0.000000000000e+00 
  427       1.428891665265e-13       1.530979997352e-15      -2.056262781447e-15       8.627248621091e-16       0.000000000000e+00       0.000000000000e+00       0.000000000000e+00 
  428       1.398457370107e-13       1.540869945692e-15      -1.980961151856e-15       8.596081588899e-16       0.000000000000e+00       0.000000000000e+00       0.000000000000e+00 
  429       1.368816852621e-13       1.550331243487e-15      -1.898922321411e-15       8.563401381694e-16       0.000000000000e+00       0.000000000000e+00       0.000000000000e+00 
  430       1.339970317512e-13       1.559360093450e-15      -1.810352041554e-15       8.529242427625e-16       0.000000000000e+00       0.000000000000e+00       0.000000000000e+00 
  431       1.311917776292e-13       1.567952717876e-15      -1.715461107568e-15       8.493640022062e-16       0.000000000000e+00       0.000000000000e+00       0.000000000000e+00 
  432       1.284659045738e-13       1.576105358932e-15      -1.614465390091e-15       8.456630332979e-16       0.000000000000e+00       0.000000000000e+00       0.000000000000e+00 
  433       1.258193746343e-13       1.583814278948e-15      -1.507585866618e-15       8.418250406341e-16       0.000000000000e+00       0.000000000000e+00       0.000000000000e+00 
  434       1.232521300773e-13       1.591075760711e-15      -1.395048653014e-15       8.378538171486e-16       0.000000000000e+00       0.000000000000e+00       0.000000000000e+00 
  435       1.207640932325e-13       1.597886107752e-15      -1.277085035017e-15       8.337532446512e-16       0.000000000000e+00       0.000000000000e+00       0.000000000000e+00 
  436       1.183551663374e-13       1.604241644641e-15      -1.153931499749e-15       8.295272943659e-16       0.000000000000e+00       0.000000000000e+00       0.000000000000e+00 
  437       1.160252313835e-13       1.610138717277e-15      -1.025829767221e-15       8.251800274694e-16       0.000000000000e+00       0.000000000000e+00       0.000000000000e+00 
  438       1.137741499616e-13       1.615573693178e-15      -8.930268218445e-16       8.207155956297e-16       0.000000000000e+00       0.000000000000e+00       0.000000000000e+00 
  439       1.116017631072e-13       1.620542961773e-15      -7.557749439355e-16       8.161382415445e-16       0.000000000000e+00       0.000000000000e+00       0.000000000000e+00 
  440       1.095078911457e-13       1.625042934696e-15      -6.143317412244e-16       8.114522994794e-16       0.000000000000e+00       0.000000000000e+00       0.000000000000e+00 
  441       1.074923335387e-13       1.629070046071e-15      -4.689601803632e-16       8.066621958067e-16       0.000000000000e+00       0.000000000000e+00       0.000000000000e+00 
  442       1.055548687285e-13       1.632620752810e-15      -3.199286184331e-16       8.017724495435e-16       0.000000000000e+00       0.000000000000e+00       0.000000000000e+00 
  443       1.036952539845e-13       1.635691534900e-15      -1.675108344524e-16       7.967876728906e-16       0.000000000000e+00       0.000000000000e+00       0.000000000000e+00 
  444       1.019132252478e-13       1.638278895694e-15      -1.198606088433e-17       7.917125717704e-16       0.000000000000e+00       0.000000000000e+00       0.000000000000e+00 
  445       1.002084969775e-13       1.640379362207e-15       1.463609848555e-16       7.865519463657e-16       0.000000000000e+00       0.000000000000e+00       0.000000000000e+00 
  446       9.858076199577e-14       1.641989485400e-15       3.072400688910e-16       7.813106916583e-16       0.000000000000e+00       0.000000000000e+00       0.000000000000e+00 
  447       9.702969133320e-14       1.643105840477e-15       4.703554093781e-16       7.759937979668e-16       0.000000000000e+00       0.000000000000e+00       0.000000000000e+00 
  448       9.555493407463e-14       1.643725027176e-15       6.354056449969e-16       7.706063514859e-16       0.000000000000e+00       0.000000000000e+00       0.000000000000e+00 
  449       9.415611720444e-14       1.643843670056e-15       8.020838034439e-16       7.651535348239e-16       0.000000000000e+00       0.000000000000e+00       0.000000000000e+00 
  450       9.283284545210e-14       1.643458418791e-15       9.700772699243e-16       7.596406275422e-16       0.000000000000e+00       0.000000000000e+00       0.000000000000e+00 
  451       9.158470113761e-14       1.642565948462e-15       1.139067755644e-15       7.540730066928e-16       0.000000000000e+00       0.000000000000e+00       0.000000000000e+00 
  452       9.041124401701e-14       1.641162959847e-15       1.308731266303e-15       7.484561473572e-16       0.000000000000e+00       0.000000000000e+00       0.000000000000e+00 
  453       8.931201112788e-14       1.639246179712e-15       1.478738070586e-15       7.427956231851e-16       0.000000000000e+00       0.000000000000e+00       0.000000000000e+00 
  454       8.828651663481e-14       1.636812361105e-15       1.648752668655e-15       7.370971069321e-16       0.000000000000e+00       0.000000000000e+00       0.000000000000e+00 
  455       8.733425167487e-14       1.633858283641e-15       1.818433760643e-15       7.313663709988e-16       0.000000000000e+00       0.000000000000e+00       0.000000000000e+00 
  456       8.645468420315e-14       1.630380753800e-15       1.987434215144e-15       7.256092879692e-16       0.000000000000e+00       0.000000000000e+00       0.000000000000e+00 
  457       8.564725883816e-14       1.626376605215e-15       2.155401037708e-15       7.198318311486e-16       0.000000000000e+00       0.000000000000e+00       0.000000000000e+00 
  458       8.491139670740e-14       1.621842698963e-15       2.321975339330e-15       7.140400751027e-16       0.000000000000e+00       0.000000000000e+00       0.000000000000e+00 
  459       8.424649529282e-14       1.616775923858e-15       2.486792304945e-15       7.082401961957e-16       0.000000000000e+00       0.000000000000e+00       0.000000000000e+00 
  460       8.365192827625e-14       1.611173196740e-15       2.649481161920e-15       7.024384731288e-16       0.000000000000e+00       0.000000000000e+00       0.000000000000e+00 
  461       8.312704538499e-14       1.605031462768e-15       2.809665148543e-15       6.966412874786e-16       0.000000000000e+00       0.000000000000e+00       0.000000000000e+00 
  462       8.267117223721e-14       1.598347695710e-15       2.966961482519e-15       6.908551242357e-16       0.000000000000e+00       0.000000000000e+00       0.000000000000e+00 
  463       8.228361018746e-14       1.591118898235e-15       3.120981329463e-15       6.850865723431e-16       0.000000000000e+00       0.000000000000e+00       0.000000000000e+00 
  464       8.196363617218e-14       1.583342102205e-15       3.271329771387e-15       6.793423252344e-16       0.000000000000e+00       0.000000000000e+00       0.000000000000e+00 
  465       8.171050255514e-14       1.575014368965e-15       3.417605775196e-15       6.736291813727e-16       0.000000000000e+00       0.000000000000e+00       0.000000000000e+00 
  466       8.152326593518e-14       1.566135800476e-15       3.559467713891e-15       6.679531794187e-16       0.000000000000e+00       0.000000000000e+00       0.000000000000e+00 
  467       8.140026800564e-14       1.556718675517e-15       3.696832243917e-15       6.623169729475e-16       0.000000000000e+00       0.000000000000e+00       0.000000000000e+00 
  468       8.133963819393e-14       1.546778599100e-15       3.829681570591e-15       6.567223748853e-16       0.000000000000e+00       0.000000000000e+00       0.000000000000e+00 
  469       8.133946298711e-14       1.536331519339e-15       3.957998460905e-15       6.511712155368e-16       0.000000000000e+00       0.000000000000e+00       0.000000000000e+00 
  470       8.139778568303e-14       1.525393729402e-15       4.081766248168e-15       6.456653426457e-16       0.000000000000e+00       0.000000000000e+00       0.000000000000e+00 
  471       8.151260614153e-14       1.513981869460e-15       4.200968836647e-15       6.402066214566e-16       0.000000000000e+00       0.000000000000e+00       0.000000000000e+00 
  472       8.168188053561e-14       1.502112928645e-15       4.315590706198e-15       6.347969347763e-16       0.000000000000e+00       0.000000000000e+00       0.000000000000e+00 
  473       8.190352110258e-14       1.489804246993e-15       4.425616916915e-15       6.294381830344e-16       0.000000000000e+00       0.000000000000e+00       0.000000000000e+00 
  474       8.217539589526e-14       1.477073517403e-15       4.531033113762e-15       6.241322843454e-16       0.000000000000e+00       0.000000000000e+00       0.000000000000e+00 
  475       8.249532853315e-14       1.463938787582e-15       4.631825531212e-15       6.188811745694e-16       0.000000000000e+00       0.000000000000e+00       0.000000000000e+00 
  476       8.286109795359e-14       1.450418462002e-15       4.727980997893e-15       6.136868073735e-16       0.000000000000e+00       0.000000000000e+00       0.000000000000e+00 
  477       8.327043816293e-14       1.436531303848e-15       4.819486941219e-15       6.085511542933e-16       0.000000000000e+00       0.000000000000e+00       0.000000000000e+00 
  478       8.372103798773e-14       1.422296436970e-15       4.906331392032e-15       6.034762047938e-16       0.000000000000e+00       0.000000000000e+00       0.000000000000e+00 
  479       8.421054082590e-14       1.407733347835e-15       4.988502989242e-15       5.984639663310e-16       0.000000000000e+00       0.000000000000e+00       0.000000000000e+00 
  480       8.473654439791e-14       1.392861887480e-15       5.065990984464e-15       5.935164644130e-16       0.000000000000e+00       0.000000000000e+00       0.000000000000e+00 
  481       8.529660049793e-14       1.377702273459e-15       5.138785246661e-15       5.886357426611e-16       0.000000000000e+00       0.000000000000e+00       0.000000000000e+00 
  482       8.588821474500e-14       1.362275091800e-15       5.206876266776e-15       5.838238628716e-16       0.000000000000e+00       0.000000000000e+00       0.000000000000e+00 
  483       8.650884633424e-14       1.346601298952e-15       5.270255162377e-15       5.790829050764e-16       0.000000000000e+00       0.000000000000e+00       0.000000000000e+00 
  484       8.715590778801e-14       1.330702223738e-15       5.328913682295e-15       5.744149676049e-16       0.000000000000e+00       0.000000000000e+00       0.000000000000e+00 
  485       8.782676470704e-14       1.314599569309e-15       5.382844211261e-15       5.698221671447e-16       0.000000000000e+00       0.000000000000e+00       0.000000000000e+00 
  486       8.851873552168e-14       1.298315415090e-15       5.432039774546e-15       5.653066388032e-16       0.000000000000e+00       0.000000000000e+00       0.000000000000e+00 
  487       8.922909124299e-14       1.281872218736e-15       5.476494042600e-15       5.608705361690e-16       0.000000000000e+00       0.000000000000e+00       0.000000000000e+00 
  488       8.995505521399e-14       1.265292818083e-15       5.516201335691e-15       5.565160313727e-16       0.000000000000e+00       0.000000000000e+00       0.000000000000e+00 
  489       9.069380286079e-14       1.248600433097e-15       5.551156628544e-15       5.522453151486e-16       0.000000000000e+00       0.000000000000e+00       0.000000000000e+00 
  490       9.144246144374e-14       1.231818667827e-15       5.581355554980e-15       5.480605968958e-16       0.000000000000e+00       0.000000000000e+00       0.000000000000e+00 
  491       9.219810980868e-14       1.214971512357e-15       5.606794412555e-15       5.439641047394e-16       0.000000000000e+00       0.000000000000e+00       0.000000000000e+00 
  492       9.295777813804e-14       1.198083344756e-15       5.627470167199e-15       5.399580855920e-16       0.000000000000e+00       0.000000000000e+00       0.000000000000e+00 
  493       9.371844770204e-14       1.181178933033e-15       5.643380457855e-15       5.360448052145e-16       0.000000000000e+00       0.000000000000e+00       0.000000000000e+00 
  494       9.447705060987e-14       1.164283437081e-15       5.654523601118e-15       5.322265482781e-16       0.000000000000e+00       0.000000000000e+00       0.000000000000e+00 
  495       9.523046956086e-14       1.147422410638e-15       5.660898595873e-15       5.285056184249e-16       0.000000000000e+00       0.000000000000e+00       0.000000000000e+00 
  496       9.597553759565e-14       1.130621803230e-15       5.662505127936e-15       5.248843383294e-16       0.000000000000e+00       0.000000000000e+00       0.000000000000e+00 
  497       9.670903784735e-14       1.113907962129e-15       5.659343574692e-15       5.213650497600e-16       0.000000000000e+00       0.000000000000e+00       0.000000000000e+00 
  498       9.742770329275e-14       1.097307634299e-15       5.651415009732e-15       5.179501136397e-16       0.000000000000e+00       0.000000000000e+00       0.000000000000e+00 
  499       9.812821650344e-14       1.080847968351e-15       5.638721207497e-15       5.146419101081e-16       0.000000000000e+00       0.000000000000e+00       0.000000000000e+00 
  500       9.880720939703e-14       1.064556516496e-15       5.621264647910e-15       5.114428385820e-16       0.000000000000e+00       0.000000000000e+00       0.000000000000e+00 
