# Matter power spectrum P(k) at redshift z=0
# for k=1.03892e-05 to 104.924 h/Mpc,
# number of wavenumbers equal to 622
#    1:k (h/Mpc)              2:P (Mpc/h)^3        
       1.038922642939e-05       5.107910230528e+01 
       2.321812845909e-05       1.107073466875e+02 
       3.609173376214e-05       1.692191035313e+02 
       4.904439972694e-05       2.272714052818e+02 
       6.211104704304e-05       2.852332147363e+02 
       7.532746857735e-05       3.433781181485e+02 
       8.873064804491e-05       4.019381765550e+02 
       1.023590926816e-04       4.611258594376e+02 
       1.162531841578e-04       5.211452446611e+02 
       1.304555520066e-04       5.821987295831e+02 
       1.450114738457e-04       6.444916408102e+02 
       1.599693066204e-04       7.082357880043e+02 
       1.753809529236e-04       7.736524571346e+02 
       1.913023661048e-04       8.409751224225e+02 
       2.077940972509e-04       9.104520248832e+02 
       2.249218861033e-04       9.823487051895e+02 
       2.427572963948e-04       1.056950530189e+03 
       2.613783937365e-04       1.134565246557e+03 
       2.808704608154e-04       1.215525504389e+03 
       3.013267399410e-04       1.300191370822e+03 
       3.228491865615e-04       1.388952703549e+03 
       3.455492088575e-04       1.482231310338e+03 
       3.695483575494e-04       1.580482703234e+03 
       3.949789163640e-04       1.684197263329e+03 
       4.219843271948e-04       1.793900504023e+03 
       4.507193653101e-04       1.910152122929e+03 
       4.813499602484e-04       2.033543392364e+03 
       5.140525396193e-04       2.164692448674e+03 
       5.490127597170e-04       2.304236965328e+03 
       5.864234841228e-04       2.452823739458e+03 
       6.264818863381e-04       2.611094854358e+03 
       6.693855925968e-04       2.779670197421e+03 
       7.153278528513e-04       2.959126545194e+03 
       7.644918338936e-04       3.149973793448e+03 
       8.170442633386e-04       3.352629515488e+03 
       8.731288006755e-04       3.567393562703e+03 
       9.328596442615e-04       3.794424780679e+03 
       9.963159659542e-04       4.033722438991e+03 
       1.063537764581e-03       4.285114479211e+03 
       1.134523626239e-03       4.548254495898e+03 
       1.209230679194e-03       4.822628121197e+03 
       1.287576767919e-03       5.107568812785e+03 
       1.369444599257e-03       5.402265775992e+03 
       1.454687391959e-03       5.705811357611e+03 
       1.543135431684e-03       6.017264229230e+03 
       1.634602912099e-03       6.335620784041e+03 
       1.728894515478e-03       6.659867320643e+03 
       1.825811320550e-03       6.989004523406e+03 
       1.925155782887e-03       7.322066983112e+03 
       2.026735681319e-03       7.658138106518e+03 
       2.130367042364e-03       7.996360219307e+03 
       2.235876135455e-03       8.335941448906e+03 
       2.343100676636e-03       8.676157649345e+03 
       2.451890394377e-03       9.016352825681e+03 
       2.562107107073e-03       9.355937419955e+03 
       2.673624445823e-03       9.694384623704e+03 
       2.786327334635e-03       1.003122677045e+04 
       2.900111317649e-03       1.036605020745e+04 
       3.014881802039e-03       1.069849264550e+04 
       3.130553267074e-03       1.102823477281e+04 
       3.247048475047e-03       1.135500035115e+04 
       3.364297708069e-03       1.167854675725e+04 
       3.482238045923e-03       1.199866716464e+04 
       3.600812693636e-03       1.231517995797e+04 
       3.719970362791e-03       1.262793425437e+04 
       3.839664707406e-03       1.293679622660e+04 
       3.959853813072e-03       1.324165671789e+04 
       4.080499736700e-03       1.354242460661e+04 
       4.201568093487e-03       1.383902056353e+04 
       4.323027687306e-03       1.413138658707e+04 
       4.444850180647e-03       1.441946682467e+04 
       4.567009800288e-03       1.470323089871e+04 
       4.689483075068e-03       1.498264443579e+04 
       4.812248602367e-03       1.525769057043e+04 
       4.935286840186e-03       1.552836063313e+04 
       5.058579921982e-03       1.579464570622e+04 
       5.182111491712e-03       1.605654651157e+04 
       5.305866556801e-03       1.631407152616e+04 
       5.429831356981e-03       1.656722882991e+04 
       5.553993247203e-03       1.681603702817e+04 
       5.678340593006e-03       1.706050842824e+04 
       5.802862676925e-03       1.730067059199e+04 
       5.927549614681e-03       1.753655430297e+04 
       6.052392280055e-03       1.776820662637e+04 
       6.177382237450e-03       1.799559120302e+04 
       6.302511681309e-03       1.821875662163e+04 
       6.427773381594e-03       1.843776629111e+04 
       6.553160634691e-03       1.865262131328e+04 
       6.678667219122e-03       1.886324337601e+04 
       6.804287355565e-03       1.906991557151e+04 
       6.930015670697e-03       1.927255258398e+04 
       7.055847164479e-03       1.947120059962e+04 
       7.181777180500e-03       1.966588519133e+04 
       7.307801379070e-03       1.985664404218e+04 
       7.433915712780e-03       2.004353210071e+04 
       7.560116404275e-03       2.022657202742e+04 
       7.686399926014e-03       2.040580795798e+04 
       7.812762981824e-03       2.058127946771e+04 
       7.939202490069e-03       2.075302404973e+04 
       8.065715568266e-03       2.092107761268e+04 
       8.192299519032e-03       2.108548566325e+04 
       8.318951817208e-03       2.124628036751e+04 
       8.445670098061e-03       2.140350034756e+04 
       8.572452146473e-03       2.155718548614e+04 
       8.699295887004e-03       2.170738008977e+04 
       8.826199374762e-03       2.185411978836e+04 
       8.953160787016e-03       2.199743488881e+04 
       9.080178415458e-03       2.213736693871e+04 
       9.207250659091e-03       2.227397884843e+04 
       9.334376017655e-03       2.240727346236e+04 
       9.461553085571e-03       2.253730221941e+04 
       9.588780546346e-03       2.266410080758e+04 
       9.716057167395e-03       2.278770408130e+04 
       9.843381795261e-03       2.290814732541e+04 
       9.970753351188e-03       2.302548183947e+04 
       1.009817082702e-02       2.313972036447e+04 
       1.022563328138e-02       2.325091274362e+04 
       1.035313983621e-02       2.335908783575e+04 
       1.048068967341e-02       2.346426367758e+04 
       1.060828203188e-02       2.356652376993e+04 
       1.073591620467e-02       2.366587867677e+04 
       1.086359153639e-02       2.376231982583e+04 
       1.099130742072e-02       2.385594031651e+04 
       1.111906329821e-02       2.394676296129e+04 
       1.124685865418e-02       2.403476645584e+04 
       1.137469301670e-02       2.412004399199e+04 
       1.150256595483e-02       2.420262509967e+04 
       1.163047707693e-02       2.428249638254e+04 
       1.175842602905e-02       2.435974573480e+04 
       1.188641249350e-02       2.443436559645e+04 
       1.201443618746e-02       2.450639589028e+04 
       1.214249686173e-02       2.457586950665e+04 
       1.227059429957e-02       2.464282562830e+04 
       1.239872831558e-02       2.470728505146e+04 
       1.252689875467e-02       2.476926722420e+04 
       1.265510549116e-02       2.482881032229e+04 
       1.278334842789e-02       2.488596236309e+04 
       1.291162749538e-02       2.494072415900e+04 
       1.303994265110e-02       2.499315378483e+04 
       1.316829387881e-02       2.504325431855e+04 
       1.329668118784e-02       2.509107242994e+04 
       1.342510461258e-02       2.513661586461e+04 
       1.355356421189e-02       2.517993378911e+04 
       1.368206006859e-02       2.522103180960e+04 
       1.381059228906e-02       2.525997293696e+04 
       1.393916100277e-02       2.529673964224e+04 
       1.406776636193e-02       2.533138588533e+04 
       1.419640854111e-02       2.536394215991e+04 
       1.432508773700e-02       2.539443050761e+04 
       1.445380416806e-02       2.542285499633e+04 
       1.458255807434e-02       2.544926827841e+04 
       1.471134971720e-02       2.547368530272e+04 
       1.484017937920e-02       2.549613530210e+04 
       1.496904736387e-02       2.551664164340e+04 
       1.509795399561e-02       2.553522996376e+04 
       1.522689961960e-02       2.555192486199e+04 
       1.535588460168e-02       2.556675515420e+04 
       1.548490932832e-02       2.557973987746e+04 
       1.561397420656e-02       2.559090401575e+04 
       1.574307966400e-02       2.560027861601e+04 
       1.587222614882e-02       2.560788890846e+04 
       1.600141412980e-02       2.561373598946e+04 
       1.613064409636e-02       2.561785573893e+04 
       1.625991655862e-02       2.562028608042e+04 
       1.638923204749e-02       2.562103738605e+04 
       1.651859111480e-02       2.562013062435e+04 
       1.664799433338e-02       2.561761136426e+04 
       1.677744229721e-02       2.561346801679e+04 
       1.690693562161e-02       2.560776559204e+04 
       1.703647494338e-02       2.560046424198e+04 
       1.716606092099e-02       2.559161659277e+04 
       1.729569423481e-02       2.558127305855e+04 
       1.742537558732e-02       2.556941463145e+04 
       1.755510570338e-02       2.555611448625e+04 
       1.768488533045e-02       2.554133394016e+04 
       1.781471523888e-02       2.552513945390e+04 
       1.794459622222e-02       2.550753353095e+04 
       1.807452909752e-02       2.548850261924e+04 
       1.820451470563e-02       2.546812695228e+04 
       1.833455391158e-02       2.544642592596e+04 
       1.846464760492e-02       2.542338148003e+04 
       1.859479670009e-02       2.539901946561e+04 
       1.872500213684e-02       2.537339689761e+04 
       1.885526488061e-02       2.534648980341e+04 
       1.898558592297e-02       2.531832535367e+04 
       1.911596628205e-02       2.528894650400e+04 
       1.924640700304e-02       2.525835204173e+04 
       1.937690915863e-02       2.522656933110e+04 
       1.950747384953e-02       2.519363304583e+04 
       1.963810220498e-02       2.515953716355e+04 
       1.976879538328e-02       2.512431944194e+04 
       1.989955457238e-02       2.508799313434e+04 
       2.003038099040e-02       2.505053240672e+04 
       2.016127588626e-02       2.501206922460e+04 
       2.029224054028e-02       2.497251479963e+04 
       2.042327626483e-02       2.493188543253e+04 
       2.055438440499e-02       2.489027807940e+04 
       2.068556633919e-02       2.484767264118e+04 
       2.081682347996e-02       2.480409362713e+04 
       2.094815727463e-02       2.475950375263e+04 
       2.107956920606e-02       2.471400925076e+04 
       2.121106079346e-02       2.466756390427e+04 
       2.134263359312e-02       2.462021018145e+04 
       2.147428919931e-02       2.457195533805e+04 
       2.160602924503e-02       2.452282100164e+04 
       2.173785540298e-02       2.447283287713e+04 
       2.186976938640e-02       2.442198858868e+04 
       2.200177295002e-02       2.437026363335e+04 
       2.213386789099e-02       2.431781937872e+04 
       2.226605604995e-02       2.426456190607e+04 
       2.239833931192e-02       2.421046803920e+04 
       2.253071960749e-02       2.415565968900e+04 
       2.266319891380e-02       2.410010498690e+04 
       2.279577925570e-02       2.404381015689e+04 
       2.292846270690e-02       2.398676844048e+04 
       2.306125139117e-02       2.392905461638e+04 
       2.319414748354e-02       2.387058693504e+04 
       2.332715321158e-02       2.381152634579e+04 
       2.346027085672e-02       2.375176660462e+04 
       2.359350275556e-02       2.369137927245e+04 
       2.372685130130e-02       2.363034730694e+04 
       2.386031894513e-02       2.356871502512e+04 
       2.399390819777e-02       2.350646046138e+04 
       2.412762163093e-02       2.344369617193e+04 
       2.426146187892e-02       2.338030025041e+04 
       2.439543164029e-02       2.331634767676e+04 
       2.452953367946e-02       2.325180991856e+04 
       2.466377082853e-02       2.318678996201e+04 
       2.479814598899e-02       2.312124831884e+04 
       2.493266213362e-02       2.305523257134e+04 
       2.506732230841e-02       2.298870626652e+04 
       2.520212963448e-02       2.292166505319e+04 
       2.533708731018e-02       2.285417967140e+04 
       2.547219861317e-02       2.278621532988e+04 
       2.560746690259e-02       2.271783792360e+04 
       2.574289562134e-02       2.264905974709e+04 
       2.587848829840e-02       2.257982346564e+04 
       2.601424855124e-02       2.251022623224e+04 
       2.615018008833e-02       2.244014544433e+04 
       2.628628671169e-02       2.236975181819e+04 
       2.642257231958e-02       2.229900491005e+04 
       2.655904090928e-02       2.222787132873e+04 
       2.669569657994e-02       2.215635139863e+04 
       2.683254353554e-02       2.208461465035e+04 
       2.696958608796e-02       2.201243607367e+04 
       2.710682866019e-02       2.193999575520e+04 
       2.724427578962e-02       2.186723831870e+04 
       2.738193213142e-02       2.179420647275e+04 
       2.751980246214e-02       2.172088796426e+04 
       2.765789168337e-02       2.164726566459e+04 
       2.779620482556e-02       2.157344682937e+04 
       2.793474705194e-02       2.149930532964e+04 
       2.807352366270e-02       2.142494650216e+04 
       2.821254009921e-02       2.135031922778e+04 
       2.835180194844e-02       2.127554390472e+04 
       2.849131494763e-02       2.120051032171e+04 
       2.863108498899e-02       2.112531125462e+04 
       2.877111812472e-02       2.104983227349e+04 
       2.891142057220e-02       2.097416533701e+04 
       2.905199871931e-02       2.089839741402e+04 
       2.919285913007e-02       2.082244590235e+04 
       2.933400855045e-02       2.074630097925e+04 
       2.947545391441e-02       2.066999894754e+04 
       2.961720235026e-02       2.059359310850e+04 
       2.975926118717e-02       2.051695817005e+04 
       2.990163796208e-02       2.044030476341e+04 
       3.004434042682e-02       2.036349228385e+04 
       3.018737655555e-02       2.028655999009e+04 
       3.033075455253e-02       2.020948627500e+04 
       3.047448286026e-02       2.013233874180e+04 
       3.061857016788e-02       2.005509753820e+04 
       3.076302542009e-02       1.997773542498e+04 
       3.090785782629e-02       1.990032326444e+04 
       3.105307687032e-02       1.982287255499e+04 
       3.119869232049e-02       1.974528300365e+04 
       3.134471424015e-02       1.966769198120e+04 
       3.149115299874e-02       1.958997793646e+04 
       3.163801928332e-02       1.951230294332e+04 
       3.178532411072e-02       1.943454021037e+04 
       3.193307884016e-02       1.935667096309e+04 
       3.208129518661e-02       1.927889601489e+04 
       3.222998523465e-02       1.920104708464e+04 
       3.237916145315e-02       1.912310843784e+04 
       3.252883671060e-02       1.904513317261e+04 
       3.267902429119e-02       1.896722813559e+04 
       3.282973791180e-02       1.888928492599e+04 
       3.298099173971e-02       1.881137358413e+04 
       3.313280041138e-02       1.873345320218e+04 
       3.328517905210e-02       1.865543266766e+04 
       3.343814329670e-02       1.857754871742e+04 
       3.359170931139e-02       1.849960327217e+04 
       3.374589381675e-02       1.842170867981e+04 
       3.390071411198e-02       1.834380614050e+04 
       3.405618810047e-02       1.826595636705e+04 
       3.421233431678e-02       1.818808547482e+04 
       3.436917195518e-02       1.811025198902e+04 
       3.452672089976e-02       1.803248944507e+04 
       3.468500175632e-02       1.795475149816e+04 
       3.484403588603e-02       1.787702254090e+04 
       3.500384544118e-02       1.779935445832e+04 
       3.516445340293e-02       1.772169257470e+04 
       3.532588362145e-02       1.764410748537e+04 
       3.548816085839e-02       1.756652896280e+04 
       3.565131083206e-02       1.748902065228e+04 
       3.581536026535e-02       1.741158853158e+04 
       3.598033693675e-02       1.733410943518e+04 
       3.614626973450e-02       1.725679131194e+04 
       3.631318871440e-02       1.717946172445e+04 
       3.648112516130e-02       1.710211692403e+04 
       3.665011165467e-02       1.702490461766e+04 
       3.682018213864e-02       1.694768344364e+04 
       3.699137199672e-02       1.687053156020e+04 
       3.716371813175e-02       1.679347475275e+04 
       3.733725905139e-02       1.671643626068e+04 
       3.751203495968e-02       1.663946824143e+04 
       3.768808785517e-02       1.656243809493e+04 
       3.786546163621e-02       1.648554133635e+04 
       3.804420221400e-02       1.640866826531e+04 
       3.822435763412e-02       1.633186050997e+04 
       3.840597820729e-02       1.625506087801e+04 
       3.858911665021e-02       1.617836193201e+04 
       3.877382823744e-02       1.610158518004e+04 
       3.896017096531e-02       1.602491589869e+04 
       3.914820572912e-02       1.594821405533e+04 
       3.933799651479e-02       1.587160507429e+04 
       3.952961060649e-02       1.579496746985e+04 
       3.972311881184e-02       1.571838111445e+04 
       3.991859570646e-02       1.564174571981e+04 
       4.011611989981e-02       1.556515289290e+04 
       4.031577432478e-02       1.548855807494e+04 
       4.051764655330e-02       1.541200871476e+04 
       4.072182914103e-02       1.533534096838e+04 
       4.092842000427e-02       1.525876646472e+04 
       4.113752283270e-02       1.518211327250e+04 
       4.134924754215e-02       1.510534736808e+04 
       4.156371077200e-02       1.502863311720e+04 
       4.178103643268e-02       1.495184729904e+04 
       4.200135630908e-02       1.487501516398e+04 
       4.222481072715e-02       1.479810019359e+04 
       4.245154929133e-02       1.472110571161e+04 
       4.268173170212e-02       1.464402437705e+04 
       4.291552866429e-02       1.456683318830e+04 
       4.315312289772e-02       1.448945711713e+04 
       4.339471026507e-02       1.441199385773e+04 
       4.364050103247e-02       1.433444353477e+04 
       4.389072128218e-02       1.425665664080e+04 
       4.414561449944e-02       1.417872066079e+04 
       4.440544335924e-02       1.410056283111e+04 
       4.467049174356e-02       1.402215799026e+04 
       4.494106702499e-02       1.394353728499e+04 
       4.521750265889e-02       1.386473630951e+04 
       4.550016113459e-02       1.378550970150e+04 
       4.578943734550e-02       1.370602895557e+04 
       4.608576244959e-02       1.362617430463e+04 
       4.638960830630e-02       1.354595931787e+04 
       4.670149259324e-02       1.346529240693e+04 
       4.702198472785e-02       1.338421079516e+04 
       4.735171274612e-02       1.330264637652e+04 
       4.769137132355e-02       1.322046125161e+04 
       4.804173116565e-02       1.313774051024e+04 
       4.840365004720e-02       1.305434463049e+04 
       4.877808584554e-02       1.297024291986e+04 
       4.916611199626e-02       1.288536843099e+04 
       4.956893590514e-02       1.279960310288e+04 
       4.998792098422e-02       1.271284492527e+04 
       5.042461315084e-02       1.262505420841e+04 
       5.088077284597e-02       1.253605004064e+04 
       5.135841390588e-02       1.244577422207e+04 
       5.185985097268e-02       1.235400871100e+04 
       5.238775757251e-02       1.226053711234e+04 
       5.294523753989e-02       1.216525356839e+04 
       5.353591313136e-02       1.206765082595e+04 
       5.416403393891e-02       1.196759854879e+04 
       5.483461152136e-02       1.186464004508e+04 
       5.555358534914e-02       1.175827734910e+04 
       5.632802581481e-02       1.164783387042e+04 
       5.716637887099e-02       1.153250521404e+04 
       5.807875266862e-02       1.141116320038e+04 
       5.907723625763e-02       1.128240853380e+04 
       6.017621843407e-02       1.114435099652e+04 
       6.139263231738e-02       1.099445621857e+04 
       6.274597681226e-02       1.082926789919e+04 
       6.425785303434e-02       1.064440825246e+04 
       6.595062403837e-02       1.043409259222e+04 
       6.784476184348e-02       1.019141842217e+04 
       6.995472178243e-02       9.908980689206e+03 
       7.228405531364e-02       9.580246407648e+03 
       7.482177445369e-02       9.202038371442e+03 
       7.754252339651e-02       8.776891959666e+03 
       8.041144658631e-02       8.314248744626e+03 
       8.339154302514e-02       7.829663326276e+03 
       8.644988656117e-02       7.341979854791e+03 
       8.956066710663e-02       6.870167889577e+03 
       9.270538144213e-02       6.430569825677e+03 
       9.587154477471e-02       6.035125011969e+03 
       9.905106129801e-02       5.690709838680e+03 
       1.022388126709e-01       5.399244010112e+03 
       1.054316138810e-01       5.158652650028e+03 
       1.086275022457e-01       4.963181915046e+03 
       1.118252754596e-01       4.804867769482e+03 
       1.150241995918e-01       4.674243964638e+03 
       1.182238275066e-01       4.561179354350e+03 
       1.214238870508e-01       4.455981095508e+03 
       1.246242126085e-01       4.350151441565e+03 
       1.278247033504e-01       4.237041686356e+03 
       1.310252978217e-01       4.112375099444e+03 
       1.342259584931e-01       3.974467484383e+03 
       1.374266623763e-01       3.824098884562e+03 
       1.406273953242e-01       3.664138315241e+03 
       1.438281485712e-01       3.498874011120e+03 
       1.470289166315e-01       3.333338363088e+03 
       1.502296960226e-01       3.172478004275e+03 
       1.534304844897e-01       3.020906480252e+03 
       1.566312805340e-01       2.882104315576e+03 
       1.598320831255e-01       2.758376812047e+03 
       1.630328915276e-01       2.650773651692e+03 
       1.662337051901e-01       2.559082863633e+03 
       1.694345236836e-01       2.482004265361e+03 
       1.726353466587e-01       2.417411220492e+03 
       1.758361738207e-01       2.362564175039e+03 
       1.790370049142e-01       2.314456438657e+03 
       1.822378397126e-01       2.270173930772e+03 
       1.854386780118e-01       2.227314561802e+03 
       1.886395196254e-01       2.182986639240e+03 
       1.918403643822e-01       2.135338178614e+03 
       1.950412121239e-01       2.083342997706e+03 
       1.982420627033e-01       2.026809425505e+03 
       2.014429159831e-01       1.966281434820e+03 
       2.046437718350e-01       1.902910224495e+03 
       2.078446301391e-01       1.838287886868e+03 
       2.110454907826e-01       1.774008195246e+03 
       2.142463536599e-01       1.711584085080e+03 
       2.174472186716e-01       1.652335439565e+03 
       2.206480857239e-01       1.597244466041e+03 
       2.238489547288e-01       1.546940927566e+03 
       2.270498256030e-01       1.501717932193e+03 
       2.302506982680e-01       1.461585281533e+03 
       2.334515726498e-01       1.426195758218e+03 
       2.366524486781e-01       1.394969014727e+03 
       2.398533262865e-01       1.367068131672e+03 
       2.430542054123e-01       1.341574367074e+03 
       2.462550859959e-01       1.317436378568e+03 
       2.494559679809e-01       1.293830314350e+03 
       2.526568513135e-01       1.269963159401e+03 
       2.558577359430e-01       1.245361727657e+03 
       2.590586218210e-01       1.219694777215e+03 
       2.622595089015e-01       1.192869864301e+03 
       2.654603971406e-01       1.164997617748e+03 
       2.686612864968e-01       1.136317496127e+03 
       2.718621769304e-01       1.107208284006e+03 
       2.750630684036e-01       1.078165663022e+03 
       2.782639608802e-01       1.049672864070e+03 
       2.814648543258e-01       1.022173612051e+03 
       2.846657487076e-01       9.961146505777e+02 
       2.878666439942e-01       9.717284891370e+02 
       2.910675401555e-01       9.491714148200e+02 
       2.942684371628e-01       9.283967184830e+02 
       2.974693349888e-01       9.093098887603e+02 
       3.006702336071e-01       8.917006748886e+02 
       3.038711329925e-01       8.753126506506e+02 
       3.070720331209e-01       8.598735183430e+02 
       3.102729339693e-01       8.451095347288e+02 
       3.134738355154e-01       8.307474045574e+02 
       3.166747377380e-01       8.165330358939e+02 
       3.198756406167e-01       8.022748507926e+02 
       3.230765441318e-01       7.878312297768e+02 
       3.262774482646e-01       7.731528277937e+02 
       3.294783529970e-01       7.582483597947e+02 
       3.326792583115e-01       7.431904230633e+02 
       3.358801641915e-01       7.281166417368e+02 
       3.390810706209e-01       7.131574227089e+02 
       3.422819775842e-01       6.984549787033e+02 
       3.454828850664e-01       6.841293823112e+02 
       3.486837930532e-01       6.702900701944e+02 
       3.518847015309e-01       6.570164256535e+02 
       3.550856104860e-01       6.443781627736e+02 
       3.582865199056e-01       6.323946127823e+02 
       3.614874297775e-01       6.210572837751e+02 
       3.646883400896e-01       6.103267660522e+02 
       3.678892508305e-01       6.001312344040e+02 
       3.710901619889e-01       5.903609167860e+02 
       3.742910735541e-01       5.809083648617e+02 
       3.774919855157e-01       5.716960732976e+02 
       3.806928978636e-01       5.626406445079e+02 
       3.838938105883e-01       5.536889209441e+02 
       3.870947236802e-01       5.447897808158e+02 
       3.902956371303e-01       5.359495837512e+02 
       3.934965509299e-01       5.271283158851e+02 
       3.966974650704e-01       5.183624325061e+02 
       3.998983795436e-01       5.096385548229e+02 
       4.030992943416e-01       5.010116147008e+02 
       4.063002094566e-01       4.925002274161e+02 
       4.095011248812e-01       4.841648621964e+02 
       4.127020406082e-01       4.760389303816e+02 
       4.159029566306e-01       4.681565189843e+02 
       4.191038729415e-01       4.605102967516e+02 
       4.223047895344e-01       4.531262351580e+02 
       4.255057064028e-01       4.459769473402e+02 
       4.287066235407e-01       4.390825848348e+02 
       4.319075409419e-01       4.323938217639e+02 
       4.351084586007e-01       4.259245367282e+02 
       4.383093765114e-01       4.196578983756e+02 
       4.415102946684e-01       4.135390390744e+02 
       4.447112130665e-01       4.075710130315e+02 
       4.479121317005e-01       4.017200704598e+02 
       4.511130505653e-01       3.959424755255e+02 
       4.543139696560e-01       3.902476652982e+02 
       4.575148889678e-01       3.846022169530e+02 
       4.607158084962e-01       3.790332558165e+02 
       4.639167282367e-01       3.735280735741e+02 
       4.671176481848e-01       3.680944594495e+02 
       4.703185683363e-01       3.627367660525e+02 
       4.735194886871e-01       3.574652989418e+02 
       4.767204092332e-01       3.522810501906e+02 
       4.799213299706e-01       3.471932384345e+02 
       4.831222508955e-01       3.422260088448e+02 
       4.863231720042e-01       3.373685986474e+02 
       4.895240932930e-01       3.326527058096e+02 
       4.927250147586e-01       3.280623736766e+02 
       4.959259363973e-01       3.235853236140e+02 
       4.991268582060e-01       3.192252126677e+02 
       5.023277801812e-01       3.149761577320e+02 
       5.055287023199e-01       3.107970913343e+02 
       5.087296246190e-01       3.067093105485e+02 
       5.119305470754e-01       3.027015121917e+02 
       5.151314696862e-01       2.987596388188e+02 
       5.183323924485e-01       2.948922921708e+02 
       5.215333153596e-01       2.910619218611e+02 
       5.247342384166e-01       2.872963927095e+02 
       5.279351616170e-01       2.835692093417e+02 
       5.311360849582e-01       2.799016262405e+02 
       5.343370084375e-01       2.762748950526e+02 
       5.375379320525e-01       2.727174431697e+02 
       5.407388558009e-01       2.692143351868e+02 
       5.439397796802e-01       2.657816616833e+02 
       5.471407036881e-01       2.624160295161e+02 
       5.503416278224e-01       2.591143774237e+02 
       5.535425520809e-01       2.558763459674e+02 
       5.567434764615e-01       2.526909711135e+02 
       5.599444009620e-01       2.495767990918e+02 
       5.631453255803e-01       2.465196474823e+02 
       5.663462503146e-01       2.435258535470e+02 
       5.695471751628e-01       2.405818399014e+02 
       5.727481001230e-01       2.377051576882e+02 
       5.759490251934e-01       2.348711763916e+02 
       5.791499503720e-01       2.320770431978e+02 
       5.823508756572e-01       2.293254014087e+02 
       5.855518010471e-01       2.266229130266e+02 
       5.887527265401e-01       2.239553225911e+02 
       5.919536521345e-01       2.213325096404e+02 
       5.951545778286e-01       2.187504370808e+02 
       5.983555036208e-01       2.162085592784e+02 
       6.015564295096e-01       2.137026396924e+02 
       6.047573554934e-01       2.112309067713e+02 
       6.079582815708e-01       2.087995553976e+02 
       6.111592077402e-01       2.063999374627e+02 
       6.143601340001e-01       2.040433535990e+02 
       6.175610603493e-01       2.017264877387e+02 
       6.207619867863e-01       1.994534416937e+02 
       6.239629133097e-01       1.972199445330e+02 
       6.271638399183e-01       1.950174451746e+02 
       6.303647666107e-01       1.928498042504e+02 
       6.335656933856e-01       1.907225370559e+02 
       6.367666202418e-01       1.886229273573e+02 
       6.399675471782e-01       1.865566090264e+02 
       6.431684741934e-01       1.845265458458e+02 
       6.463694012863e-01       1.825288191484e+02 
       6.495703284557e-01       1.805646028284e+02 
       6.527712557006e-01       1.786239950523e+02 
       6.559721830198e-01       1.767107805206e+02 
       6.591731104123e-01       1.748235467700e+02 
       6.623740378769e-01       1.729581115508e+02 
       6.655749654126e-01       1.711254165200e+02 
       6.687758930184e-01       1.693186588049e+02 
       6.719768206934e-01       1.675399505855e+02 
       6.751777484364e-01       1.657869276153e+02 
       6.783786762466e-01       1.640584853296e+02 
       6.815796041230e-01       1.623559064840e+02 
       6.847805320647e-01       1.606769604311e+02 
       6.879814600707e-01       1.590174266501e+02 
       6.911823881402e-01       1.573868734720e+02 
       6.943833162722e-01       1.557799062368e+02 
       6.975842444660e-01       1.542014296057e+02 
       7.007851727206e-01       1.526413297554e+02 
       7.039861010353e-01       1.511052592054e+02 
       7.071870294092e-01       1.495889486633e+02 
       7.103879578415e-01       1.480925916193e+02 
       7.135888863315e-01       1.466223495761e+02 
       7.167898148783e-01       1.451689932205e+02 
       7.199907434811e-01       1.437319881542e+02 
       7.231916721394e-01       1.423203220792e+02 
       7.263926008522e-01       1.409315511071e+02 
       7.295935296190e-01       1.395566175532e+02 
       7.327944584389e-01       1.381932061447e+02 
       7.359953873113e-01       1.368517542747e+02 
       7.391963162356e-01       1.355326287727e+02 
       7.423972452109e-01       1.342253842995e+02 
       7.455981742368e-01       1.329396215020e+02 
       7.487991033125e-01       1.316708664739e+02 
       8.175393302960e-01       1.080662327638e+02 
       9.166195684582e-01       8.331713618773e+01 
       1.073647767312e+00       5.787847364662e+01 
       1.322926368989e+00       3.549491471045e+01 
       1.662966716654e+00       2.057820978944e+01 
       2.093505716456e+00       1.178127849651e+01 
       2.635567386141e+00       6.689492666670e+00 
       3.317982756829e+00       3.770329682944e+00 
       4.177092808467e+00       2.110723484642e+00 
       5.258648284002e+00       1.174424833351e+00 
       6.620245956418e+00       6.498035130240e-01 
       8.334395866863e+00       3.576914978949e-01 
       1.049238274875e+01       1.959653896128e-01 
       1.320912727267e+01       1.068886719708e-01 
       1.662930599118e+01       5.806405750429e-02 
       2.093505589280e+01       3.142087176830e-02 
       2.635567386078e+01       1.694070809648e-02 
       3.317982756829e+01       9.100971782147e-03 
       4.177092808467e+01       4.871623776813e-03 
       5.258648284002e+01       2.598040567812e-03 
       6.620245956418e+01       1.379683465582e-03 
       8.334395866863e+01       7.291107209534e-04 
       1.049238274875e+02       3.829226591523e-04 
