# dimensionless [l(l+1)/2pi] C_l's for tensor mode
# for l=2 to 500, i.e. number of multipoles equal to 499
#
# -> if you prefer output in CAMB/HealPix/LensPix units/order, set 'format' to 'camb' in input file
# -> if you don't want to see such a header, set 'headers' to 'no' in input file
# -> for CMB lensing (phi), these are C_l^phi-phi for the lensing potential.
#    Remember the conversion factors:
#    C_l^dd (deflection) = l(l+1) C_l^phi-phi
#    C_l^gg (shear/convergence) = 1/4 (l(l+1))^2 C_l^phi-phi
#
# 1:l     2:TT                     3:EE                     4:TE                     5:BB                     6:phiphi                 7:TPhi                   8:Ephi               
    2       1.422195609645e-10       2.674889687177e-15       1.673641041337e-13       4.784857296059e-15       0.000000000000e+00       0.000000000000e+00       0.000000000000e+00 
    3       1.089391616997e-10       2.825265832040e-15      -7.280676409296e-15       4.813678363596e-15       0.000000000000e+00       0.000000000000e+00       0.000000000000e+00 
    4       9.770818145551e-11       2.588535284284e-15      -5.970886885998e-14       4.181784021231e-15       0.000000000000e+00       0.000000000000e+00       0.000000000000e+00 
    5       9.300186249670e-11       2.065786466340e-15      -7.065818718599e-14       3.272137753452e-15       0.000000000000e+00       0.000000000000e+00       0.000000000000e+00 
    6       9.022249491136e-11       1.486914432745e-15      -6.723948850125e-14       2.371851178820e-15       0.000000000000e+00       0.000000000000e+00       0.000000000000e+00 
    7       8.846636641579e-11       1.011816171843e-15      -5.970825334332e-14       1.638403446014e-15       0.000000000000e+00       0.000000000000e+00       0.000000000000e+00 
    8       8.727956254989e-11       7.049479262446e-16      -5.257726876106e-14       1.123911143460e-15       0.000000000000e+00       0.000000000000e+00       0.000000000000e+00 
    9       8.641671670636e-11       5.604283270780e-16      -4.751464509007e-14       8.158668131662e-16       0.000000000000e+00       0.000000000000e+00       0.000000000000e+00 
   10       8.573634659165e-11       5.384653100945e-16      -4.484620478279e-14       6.721814488824e-16       0.000000000000e+00       0.000000000000e+00       0.000000000000e+00 
   11       8.515570021062e-11       5.938810398874e-16      -4.435040917951e-14       6.446550083909e-16       0.000000000000e+00       0.000000000000e+00       0.000000000000e+00 
   12       8.462681073001e-11       6.911908049741e-16      -4.563657109050e-14       6.915547314960e-16       0.000000000000e+00       0.000000000000e+00       0.000000000000e+00 
   13       8.412122755410e-11       8.084263365705e-16      -4.832143287101e-14       7.823241063263e-16       0.000000000000e+00       0.000000000000e+00       0.000000000000e+00 
   14       8.362128306958e-11       9.352237274762e-16      -5.210422378949e-14       8.969646750027e-16       0.000000000000e+00       0.000000000000e+00       0.000000000000e+00 
   15       8.311593624395e-11       1.067553693624e-15      -5.676626441924e-14       1.024562842669e-15       0.000000000000e+00       0.000000000000e+00       0.000000000000e+00 
   16       8.259862837036e-11       1.204972552645e-15      -6.215229215533e-14       1.159444647117e-15       0.000000000000e+00       0.000000000000e+00       0.000000000000e+00 
   17       8.206579161217e-11       1.347848344166e-15      -6.815356897933e-14       1.299279125225e-15       0.000000000000e+00       0.000000000000e+00       0.000000000000e+00 
   18       8.150973149231e-11       1.496343774109e-15      -7.469324951634e-14       1.443437926052e-15       0.000000000000e+00       0.000000000000e+00       0.000000000000e+00 
   19       8.094776164629e-11       1.650360267380e-15      -8.172530894421e-14       1.591713092395e-15       0.000000000000e+00       0.000000000000e+00       0.000000000000e+00 
   20       8.036061636796e-11       1.809784426466e-15      -8.918978044848e-14       1.744066789473e-15       0.000000000000e+00       0.000000000000e+00       0.000000000000e+00 
   21       7.975885122297e-11       1.974375680903e-15      -9.705210841649e-14       1.900402086505e-15       0.000000000000e+00       0.000000000000e+00       0.000000000000e+00 
   22       7.913701952115e-11       2.143887037484e-15      -1.052762102279e-13       2.060663232679e-15       0.000000000000e+00       0.000000000000e+00       0.000000000000e+00 
   23       7.850257081341e-11       2.318172670705e-15      -1.138301061807e-13       2.224705467328e-15       0.000000000000e+00       0.000000000000e+00       0.000000000000e+00 
   24       7.784942862753e-11       2.497173295350e-15      -1.226774169934e-13       2.392382701439e-15       0.000000000000e+00       0.000000000000e+00       0.000000000000e+00 
   25       7.718351499130e-11       2.680928835363e-15      -1.317873283403e-13       2.563494403625e-15       0.000000000000e+00       0.000000000000e+00       0.000000000000e+00 
   26       7.650153258171e-11       2.869536854804e-15      -1.411280783547e-13       2.737841353682e-15       0.000000000000e+00       0.000000000000e+00       0.000000000000e+00 
   27       7.580592645687e-11       3.063004753929e-15      -1.506740192235e-13       2.915228319079e-15       0.000000000000e+00       0.000000000000e+00       0.000000000000e+00 
   28       7.509268222998e-11       3.261298730139e-15      -1.604000421741e-13       3.095464242167e-15       0.000000000000e+00       0.000000000000e+00       0.000000000000e+00 
   29       7.436965249381e-11       3.464242780349e-15      -1.702831916247e-13       3.278307942904e-15       0.000000000000e+00       0.000000000000e+00       0.000000000000e+00 
   30       7.363771890609e-11       3.671596658056e-15      -1.802997976530e-13       3.463505388012e-15       0.000000000000e+00       0.000000000000e+00       0.000000000000e+00 
   31       7.288871934984e-11       3.883089564179e-15      -1.904254298099e-13       3.650807437286e-15       0.000000000000e+00       0.000000000000e+00       0.000000000000e+00 
   32       7.212784994118e-11       4.098428373716e-15      -2.006390481632e-13       3.839977569550e-15       0.000000000000e+00       0.000000000000e+00       0.000000000000e+00 
   33       7.135739295257e-11       4.317287428209e-15      -2.109204045478e-13       4.030787753050e-15       0.000000000000e+00       0.000000000000e+00       0.000000000000e+00 
   34       7.057355169892e-11       4.539336409759e-15      -2.212493792627e-13       4.223015496563e-15       0.000000000000e+00       0.000000000000e+00       0.000000000000e+00 
   35       6.977965854361e-11       4.764354668198e-15      -2.316073054439e-13       4.416438910030e-15       0.000000000000e+00       0.000000000000e+00       0.000000000000e+00 
   36       6.897609472286e-11       4.992156123648e-15      -2.419762013737e-13       4.610840519506e-15       0.000000000000e+00       0.000000000000e+00       0.000000000000e+00 
   37       6.815939897994e-11       5.222558662951e-15      -2.523378785151e-13       4.805998561314e-15       0.000000000000e+00       0.000000000000e+00       0.000000000000e+00 
   38       6.733381995236e-11       5.455381178194e-15      -2.626718572330e-13       5.001651544532e-15       0.000000000000e+00       0.000000000000e+00       0.000000000000e+00 
   39       6.650257953741e-11       5.690446087984e-15      -2.729568138225e-13       5.197521551270e-15       0.000000000000e+00       0.000000000000e+00       0.000000000000e+00 
   40       6.566415347723e-11       5.927580502905e-15      -2.831711542888e-13       5.393323011845e-15       0.000000000000e+00       0.000000000000e+00       0.000000000000e+00 
   41       6.481460770574e-11       6.166618020432e-15      -2.932968503815e-13       5.588771187645e-15       0.000000000000e+00       0.000000000000e+00       0.000000000000e+00 
   42       6.395670005712e-11       6.407404107708e-15      -3.033324150301e-13       5.783612274444e-15       0.000000000000e+00       0.000000000000e+00       0.000000000000e+00 
   43       6.309291670613e-11       6.649792964445e-15      -3.132841750317e-13       5.977602165056e-15       0.000000000000e+00       0.000000000000e+00       0.000000000000e+00 
   44       6.222261121835e-11       6.893646561558e-15      -3.231630859998e-13       6.170498322920e-15       0.000000000000e+00       0.000000000000e+00       0.000000000000e+00 
   45       6.134369097502e-11       7.138816210466e-15      -3.329775574388e-13       6.362052176550e-15       0.000000000000e+00       0.000000000000e+00       0.000000000000e+00 
   46       6.045897523805e-11       7.385079779247e-15      -3.427087200114e-13       6.551983438689e-15       0.000000000000e+00       0.000000000000e+00       0.000000000000e+00 
   47       5.957123435601e-11       7.632186371482e-15      -3.523282334013e-13       6.739998219866e-15       0.000000000000e+00       0.000000000000e+00       0.000000000000e+00 
   48       5.868119521258e-11       7.879872843215e-15      -3.618049459046e-13       6.925795665117e-15       0.000000000000e+00       0.000000000000e+00       0.000000000000e+00 
   49       5.778735937858e-11       8.127863109872e-15      -3.711047411883e-13       7.109067577062e-15       0.000000000000e+00       0.000000000000e+00       0.000000000000e+00 
   50       5.688739764929e-11       8.375864539831e-15      -3.801934364344e-13       7.289518310501e-15       0.000000000000e+00       0.000000000000e+00       0.000000000000e+00 
   51       5.598320179549e-11       8.623557588995e-15      -3.890467596991e-13       7.466931696910e-15       0.000000000000e+00       0.000000000000e+00       0.000000000000e+00 
   52       5.507688971786e-11       8.870602154611e-15      -3.976428159072e-13       7.641121634319e-15       0.000000000000e+00       0.000000000000e+00       0.000000000000e+00 
   53       5.416924379824e-11       9.116639432232e-15      -4.059592627499e-13       7.811913966864e-15       0.000000000000e+00       0.000000000000e+00       0.000000000000e+00 
   54       5.325960323461e-11       9.361291085542e-15      -4.139733010378e-13       7.979147061821e-15       0.000000000000e+00       0.000000000000e+00       0.000000000000e+00 
   55       5.234681921851e-11       9.604192831294e-15      -4.216640520119e-13       8.142664959491e-15       0.000000000000e+00       0.000000000000e+00       0.000000000000e+00 
   56       5.143264498816e-11       9.845106866143e-15      -4.290204029583e-13       8.302293508154e-15       0.000000000000e+00       0.000000000000e+00       0.000000000000e+00 
   57       5.051899935346e-11       1.008383591493e-14      -4.360350937154e-13       8.457859311249e-15       0.000000000000e+00       0.000000000000e+00       0.000000000000e+00 
   58       4.960691282492e-11       1.032019176212e-14      -4.427025820128e-13       8.609196916508e-15       0.000000000000e+00       0.000000000000e+00       0.000000000000e+00 
   59       4.869646135802e-11       1.055399576245e-14      -4.490191268237e-13       8.756149103622e-15       0.000000000000e+00       0.000000000000e+00       0.000000000000e+00 
   60       4.778670009757e-11       1.078507935162e-14      -4.549828717150e-13       8.898567171912e-15       0.000000000000e+00       0.000000000000e+00       0.000000000000e+00 
   61       4.687647328500e-11       1.101327986862e-14      -4.605926295374e-13       9.036315949643e-15       0.000000000000e+00       0.000000000000e+00       0.000000000000e+00 
   62       4.596720630495e-11       1.123842577163e-14      -4.658437291567e-13       9.169289485120e-15       0.000000000000e+00       0.000000000000e+00       0.000000000000e+00 
   63       4.506062562382e-11       1.146034899476e-14      -4.707313801422e-13       9.297399404126e-15       0.000000000000e+00       0.000000000000e+00       0.000000000000e+00 
   64       4.415790023441e-11       1.167888969831e-14      -4.752519304762e-13       9.420570927879e-15       0.000000000000e+00       0.000000000000e+00       0.000000000000e+00 
   65       4.325960320031e-11       1.189389663068e-14      -4.794029086998e-13       9.538743310517e-15       0.000000000000e+00       0.000000000000e+00       0.000000000000e+00 
   66       4.236567320019e-11       1.210522749029e-14      -4.831830660588e-13       9.651870276575e-15       0.000000000000e+00       0.000000000000e+00       0.000000000000e+00 
   67       4.147537607216e-11       1.231274928749e-14      -4.865924186486e-13       9.759920458468e-15       0.000000000000e+00       0.000000000000e+00       0.000000000000e+00 
   68       4.058790587680e-11       1.251632921080e-14      -4.896316836401e-13       9.862865350098e-15       0.000000000000e+00       0.000000000000e+00       0.000000000000e+00 
   69       3.970441547261e-11       1.271580426755e-14      -4.923003610933e-13       9.960639355322e-15       0.000000000000e+00       0.000000000000e+00       0.000000000000e+00 
   70       3.882633019562e-11       1.291100611349e-14      -4.945983373950e-13       1.005317239297e-14       0.000000000000e+00       0.000000000000e+00       0.000000000000e+00 
   71       3.795472304199e-11       1.310177012115e-14      -4.965264829606e-13       1.014040178053e-14       0.000000000000e+00       0.000000000000e+00       0.000000000000e+00 
   72       3.709029256832e-11       1.328793549886e-14      -4.980866788829e-13       1.022227235236e-14       0.000000000000e+00       0.000000000000e+00       0.000000000000e+00 
   73       3.623334079196e-11       1.346934540985e-14      -4.992818435811e-13       1.029873657791e-14       0.000000000000e+00       0.000000000000e+00       0.000000000000e+00 
   74       3.538375109132e-11       1.364584709124e-14      -5.001159594498e-13       1.036975467986e-14       0.000000000000e+00       0.000000000000e+00       0.000000000000e+00 
   75       3.454096610621e-11       1.381729197316e-14      -5.005940995080e-13       1.043529475238e-14       0.000000000000e+00       0.000000000000e+00       0.000000000000e+00 
   76       3.370440875717e-11       1.398354010559e-14      -5.007217786849e-13       1.049533392352e-14       0.000000000000e+00       0.000000000000e+00       0.000000000000e+00 
   77       3.287488279111e-11       1.414447410785e-14      -5.005028121986e-13       1.054986182579e-14       0.000000000000e+00       0.000000000000e+00       0.000000000000e+00 
   78       3.205338866784e-11       1.429998799097e-14      -4.999411132440e-13       1.059887797614e-14       0.000000000000e+00       0.000000000000e+00       0.000000000000e+00 
   79       3.124069029561e-11       1.444998327962e-14      -4.990413463025e-13       1.064239092528e-14       0.000000000000e+00       0.000000000000e+00       0.000000000000e+00 
   80       3.043730201791e-11       1.459436921946e-14      -4.978089399422e-13       1.068041839724e-14       0.000000000000e+00       0.000000000000e+00       0.000000000000e+00 
   81       2.964347560029e-11       1.473306298456e-14      -4.962500996183e-13       1.071298742906e-14       0.000000000000e+00       0.000000000000e+00       0.000000000000e+00 
   82       2.885918721723e-11       1.486598988478e-14      -4.943718204726e-13       1.074013451034e-14       0.000000000000e+00       0.000000000000e+00       0.000000000000e+00 
   83       2.808412443895e-11       1.499308357316e-14      -4.921819001340e-13       1.076190572288e-14       0.000000000000e+00       0.000000000000e+00       0.000000000000e+00 
   84       2.731796835825e-11       1.511428182207e-14      -4.896883990323e-13       1.077835195996e-14       0.000000000000e+00       0.000000000000e+00       0.000000000000e+00 
   85       2.656132221462e-11       1.522951259276e-14      -4.868978905051e-13       1.078951336776e-14       0.000000000000e+00       0.000000000000e+00       0.000000000000e+00 
   86       2.581491357309e-11       1.533870602591e-14      -4.838169427154e-13       1.079543256865e-14       0.000000000000e+00       0.000000000000e+00       0.000000000000e+00 
   87       2.507930493769e-11       1.544179879859e-14      -4.804526488073e-13       1.079615940826e-14       0.000000000000e+00       0.000000000000e+00       0.000000000000e+00 
   88       2.435488569856e-11       1.553873425708e-14      -4.768126304210e-13       1.079175101239e-14       0.000000000000e+00       0.000000000000e+00       0.000000000000e+00 
   89       2.364186407919e-11       1.562946254987e-14      -4.729050412070e-13       1.078227184394e-14       0.000000000000e+00       0.000000000000e+00       0.000000000000e+00 
   90       2.294025908352e-11       1.571394076053e-14      -4.687385703411e-13       1.076779375983e-14       0.000000000000e+00       0.000000000000e+00       0.000000000000e+00 
   91       2.224989244312e-11       1.579213304065e-14      -4.643224460387e-13       1.074839606791e-14       0.000000000000e+00       0.000000000000e+00       0.000000000000e+00 
   92       2.157038056440e-11       1.586401074273e-14      -4.596664390696e-13       1.072416558387e-14       0.000000000000e+00       0.000000000000e+00       0.000000000000e+00 
   93       2.090136899843e-11       1.592955069293e-14      -4.547803602569e-13       1.069519238678e-14       0.000000000000e+00       0.000000000000e+00       0.000000000000e+00 
   94       2.024329368061e-11       1.598872942320e-14      -4.496724588901e-13       1.066155623164e-14       0.000000000000e+00       0.000000000000e+00       0.000000000000e+00 
   95       1.959671982535e-11       1.604152831334e-14      -4.443507888107e-13       1.062333818902e-14       0.000000000000e+00       0.000000000000e+00       0.000000000000e+00 
   96       1.896210494427e-11       1.608793547991e-14      -4.388236895791e-13       1.058062476223e-14       0.000000000000e+00       0.000000000000e+00       0.000000000000e+00 
   97       1.833979412238e-11       1.612794588358e-14      -4.330997830437e-13       1.053350788527e-14       0.000000000000e+00       0.000000000000e+00       0.000000000000e+00 
   98       1.773001529436e-11       1.616156143650e-14      -4.271879699091e-13       1.048208492063e-14       0.000000000000e+00       0.000000000000e+00       0.000000000000e+00 
   99       1.713287452078e-11       1.618879110972e-14      -4.210974263049e-13       1.042645865720e-14       0.000000000000e+00       0.000000000000e+00       0.000000000000e+00 
  100       1.654835126435e-11       1.620965104055e-14      -4.148376003542e-13       1.036673730814e-14       0.000000000000e+00       0.000000000000e+00       0.000000000000e+00 
  101       1.597629366611e-11       1.622416463995e-14      -4.084182087423e-13       1.030303450877e-14       0.000000000000e+00       0.000000000000e+00       0.000000000000e+00 
  102       1.541641382174e-11       1.623236269991e-14      -4.018492332854e-13       1.023546931439e-14       0.000000000000e+00       0.000000000000e+00       0.000000000000e+00 
  103       1.486828305771e-11       1.623428350082e-14      -3.951409174989e-13       1.016416619823e-14       0.000000000000e+00       0.000000000000e+00       0.000000000000e+00 
  104       1.433151183213e-11       1.622996930553e-14      -3.883033774099e-13       1.008925064872e-14       0.000000000000e+00       0.000000000000e+00       0.000000000000e+00 
  105       1.380632728825e-11       1.621945507082e-14      -3.813453815097e-13       1.001083528879e-14       0.000000000000e+00       0.000000000000e+00       0.000000000000e+00 
  106       1.329306527676e-11       1.620277840410e-14      -3.742753988262e-13       9.929031868812e-15       0.000000000000e+00       0.000000000000e+00       0.000000000000e+00 
  107       1.279199003582e-11       1.617998310742e-14      -3.671019623851e-13       9.843955449831e-15       0.000000000000e+00       0.000000000000e+00       0.000000000000e+00 
  108       1.230329149613e-11       1.615111924519e-14      -3.598336615393e-13       9.755724353074e-15       0.000000000000e+00       0.000000000000e+00       0.000000000000e+00 
  109       1.182708258603e-11       1.611624321181e-14      -3.524791342985e-13       9.664460109464e-15       0.000000000000e+00       0.000000000000e+00       0.000000000000e+00 
  110       1.136339653656e-11       1.607541779936e-14      -3.450470596586e-13       9.570287409144e-15       0.000000000000e+00       0.000000000000e+00       0.000000000000e+00 
  111       1.091218418656e-11       1.602871226529e-14      -3.375461499314e-13       9.473334050984e-15       0.000000000000e+00       0.000000000000e+00       0.000000000000e+00 
  112       1.047331128771e-11       1.597620240009e-14      -3.299851430742e-13       9.373730892104e-15       0.000000000000e+00       0.000000000000e+00       0.000000000000e+00 
  113       1.004655580964e-11       1.591797059494e-14      -3.223727950189e-13       9.271611797386e-15       0.000000000000e+00       0.000000000000e+00       0.000000000000e+00 
  114       9.631605244974e-12       1.585410590943e-14      -3.147178720020e-13       9.167113588993e-15       0.000000000000e+00       0.000000000000e+00       0.000000000000e+00 
  115       9.228053914447e-12       1.578470413918e-14      -3.070291428939e-13       9.060375995881e-15       0.000000000000e+00       0.000000000000e+00       0.000000000000e+00 
  116       8.835529815461e-12       1.570986382496e-14      -2.993151916936e-13       8.951537600163e-15       0.000000000000e+00       0.000000000000e+00       0.000000000000e+00 
  117       8.454098425761e-12       1.562967358463e-14      -2.915838455486e-13       8.840723224993e-15       0.000000000000e+00       0.000000000000e+00       0.000000000000e+00 
  118       8.083903162538e-12       1.554422336088e-14      -2.838426624654e-13       8.728054911346e-15       0.000000000000e+00       0.000000000000e+00       0.000000000000e+00 
  119       7.725038699135e-12       1.545360837352e-14      -2.760990957620e-13       8.613655699026e-15       0.000000000000e+00       0.000000000000e+00       0.000000000000e+00 
  120       7.377549415517e-12       1.535792915122e-14      -2.683604848074e-13       8.497649540785e-15       0.000000000000e+00       0.000000000000e+00       0.000000000000e+00 
  121       7.041427848731e-12       1.525729156335e-14      -2.606340457610e-13       8.380161216446e-15       0.000000000000e+00       0.000000000000e+00       0.000000000000e+00 
  122       6.716613143375e-12       1.515180685171e-14      -2.529268623124e-13       8.261316247026e-15       0.000000000000e+00       0.000000000000e+00       0.000000000000e+00 
  123       6.402989502066e-12       1.504159166239e-14      -2.452458764204e-13       8.141240808854e-15       0.000000000000e+00       0.000000000000e+00       0.000000000000e+00 
  124       6.100384635903e-12       1.492676807749e-14      -2.375978790528e-13       8.020061647694e-15       0.000000000000e+00       0.000000000000e+00       0.000000000000e+00 
  125       5.808568214934e-12       1.480746364699e-14      -2.299895009259e-13       7.897905992864e-15       0.000000000000e+00       0.000000000000e+00       0.000000000000e+00 
  126       5.527250318622e-12       1.468381142044e-14      -2.224272032436e-13       7.774901471361e-15       0.000000000000e+00       0.000000000000e+00       0.000000000000e+00 
  127       5.256079886311e-12       1.455594997886e-14      -2.149172684374e-13       7.651176021980e-15       0.000000000000e+00       0.000000000000e+00       0.000000000000e+00 
  128       4.994643167692e-12       1.442402346644e-14      -2.074657909056e-13       7.526857809434e-15       0.000000000000e+00       0.000000000000e+00       0.000000000000e+00 
  129       4.742560810313e-12       1.428817618809e-14      -2.000786777931e-13       7.402072421765e-15       0.000000000000e+00       0.000000000000e+00       0.000000000000e+00 
  130       4.499794455215e-12       1.414853566434e-14      -1.927616710988e-13       7.276934297374e-15       0.000000000000e+00       0.000000000000e+00       0.000000000000e+00 
  131       4.266371003482e-12       1.400522776892e-14      -1.855203105041e-13       7.151554190851e-15       0.000000000000e+00       0.000000000000e+00       0.000000000000e+00 
  132       4.042286158701e-12       1.385838198947e-14      -1.783599144518e-13       7.026041701107e-15       0.000000000000e+00       0.000000000000e+00       0.000000000000e+00 
  133       3.827503583236e-12       1.370813142037e-14      -1.712855709576e-13       6.900505166052e-15       0.000000000000e+00       0.000000000000e+00       0.000000000000e+00 
  134       3.621954054505e-12       1.355461275569e-14      -1.643021284210e-13       6.775051557279e-15       0.000000000000e+00       0.000000000000e+00       0.000000000000e+00 
  135       3.425534621259e-12       1.339796628208e-14      -1.574141864369e-13       6.649786374744e-15       0.000000000000e+00       0.000000000000e+00       0.000000000000e+00 
  136       3.238107759855e-12       1.323833587165e-14      -1.506260866066e-13       6.524813541448e-15       0.000000000000e+00       0.000000000000e+00       0.000000000000e+00 
  137       3.059500530535e-12       1.307586897493e-14      -1.439419033497e-13       6.400235298116e-15       0.000000000000e+00       0.000000000000e+00       0.000000000000e+00 
  138       2.889503733703e-12       1.291071661372e-14      -1.373654347148e-13       6.276152097883e-15       0.000000000000e+00       0.000000000000e+00       0.000000000000e+00 
  139       2.727871066202e-12       1.274303337403e-14      -1.309001931913e-13       6.152662500971e-15       0.000000000000e+00       0.000000000000e+00       0.000000000000e+00 
  140       2.574318277588e-12       1.257297739897e-14      -1.245493965203e-13       6.029863069373e-15       0.000000000000e+00       0.000000000000e+00       0.000000000000e+00 
  141       2.428522326409e-12       1.240071038166e-14      -1.183159585064e-13       5.907848261535e-15       0.000000000000e+00       0.000000000000e+00       0.000000000000e+00 
  142       2.290120536482e-12       1.222639755811e-14      -1.122024798287e-13       5.786710327033e-15       0.000000000000e+00       0.000000000000e+00       0.000000000000e+00 
  143       2.158709753168e-12       1.205020770016e-14      -1.062112388519e-13       5.666539201261e-15       0.000000000000e+00       0.000000000000e+00       0.000000000000e+00 
  144       2.033921277191e-12       1.187230681338e-14      -1.003444496968e-13       5.547421959145e-15       0.000000000000e+00       0.000000000000e+00       0.000000000000e+00 
  145       1.915655773257e-12       1.169283854546e-14      -9.460508452185e-14       5.429441337945e-15       0.000000000000e+00       0.000000000000e+00       0.000000000000e+00 
  146       1.803870024217e-12       1.151194182386e-14      -8.899611521733e-14       5.312676867941e-15       0.000000000000e+00       0.000000000000e+00       0.000000000000e+00 
  147       1.698502828454e-12       1.132975693451e-14      -8.352024584128e-14       5.197205193415e-15       0.000000000000e+00       0.000000000000e+00       0.000000000000e+00 
  148       1.599474591669e-12       1.114642547850e-14      -7.817990496668e-14       5.083099964802e-15       0.000000000000e+00       0.000000000000e+00       0.000000000000e+00 
  149       1.506686918657e-12       1.096209032882e-14      -7.297723802880e-14       4.970431730839e-15       0.000000000000e+00       0.000000000000e+00       0.000000000000e+00 
  150       1.420022205091e-12       1.077689558708e-14      -6.791409967250e-14       4.859267830706e-15       0.000000000000e+00       0.000000000000e+00       0.000000000000e+00 
  151       1.339343229297e-12       1.059098654026e-14      -6.299204609947e-14       4.749672286178e-15       0.000000000000e+00       0.000000000000e+00       0.000000000000e+00 
  152       1.264492744038e-12       1.040450961740e-14      -5.821232741554e-14       4.641705693771e-15       0.000000000000e+00       0.000000000000e+00       0.000000000000e+00 
  153       1.195293068290e-12       1.021761234635e-14      -5.357587997801e-14       4.535425116888e-15       0.000000000000e+00       0.000000000000e+00       0.000000000000e+00 
  154       1.131545679026e-12       1.003044331052e-14      -4.908331874289e-14       4.430883977968e-15       0.000000000000e+00       0.000000000000e+00       0.000000000000e+00 
  155       1.073030802991e-12       9.843152105530e-15      -4.473492961221e-14       4.328131950632e-15       0.000000000000e+00       0.000000000000e+00       0.000000000000e+00 
  156       1.019507008487e-12       9.655889296018e-15      -4.053066178132e-14       4.227214851830e-15       0.000000000000e+00       0.000000000000e+00       0.000000000000e+00 
  157       9.707107971490e-13       9.468806372321e-15      -3.647012008615e-14       4.128174533989e-15       0.000000000000e+00       0.000000000000e+00       0.000000000000e+00 
  158       9.263561957257e-13       9.282055707213e-15      -3.255255735054e-14       4.031048777159e-15       0.000000000000e+00       0.000000000000e+00       0.000000000000e+00 
  159       8.861343478601e-13       9.095790512632e-15      -2.877686673352e-14       3.935871181162e-15       0.000000000000e+00       0.000000000000e+00       0.000000000000e+00 
  160       8.497131058689e-13       8.910164796405e-15      -2.514157407656e-14       3.842671057737e-15       0.000000000000e+00       0.000000000000e+00       0.000000000000e+00 
  161       8.167901057821e-13       8.725327395616e-15      -2.164530840576e-14       3.751476577499e-15       0.000000000000e+00       0.000000000000e+00       0.000000000000e+00 
  162       7.872581240109e-13       8.541403574611e-15      -1.828827626201e-14       3.662324749975e-15       0.000000000000e+00       0.000000000000e+00       0.000000000000e+00 
  163       7.610536315138e-13       8.358511709373e-15      -1.507090373119e-14       3.575252124113e-15       0.000000000000e+00       0.000000000000e+00       0.000000000000e+00 
  164       7.381044648601e-13       8.176768994560e-15      -1.199336460621e-14       3.490291520714e-15       0.000000000000e+00       0.000000000000e+00       0.000000000000e+00 
  165       7.183296640789e-13       7.996291372973e-15      -9.055574934201e-15       3.407471939548e-15       0.000000000000e+00       0.000000000000e+00       0.000000000000e+00 
  166       7.016393105085e-13       7.817193465029e-15      -6.257187563745e-15       3.326818466479e-15       0.000000000000e+00       0.000000000000e+00       0.000000000000e+00 
  167       6.879343646465e-13       7.639588498240e-15      -3.597586692102e-15       3.248352180589e-15       0.000000000000e+00       0.000000000000e+00       0.000000000000e+00 
  168       6.771065039991e-13       7.463588236682e-15      -1.075882412430e-15       3.172090061297e-15       0.000000000000e+00       0.000000000000e+00       0.000000000000e+00 
  169       6.690379609305e-13       7.289302910469e-15       1.309094739001e-15       3.098044895483e-15       0.000000000000e+00       0.000000000000e+00       0.000000000000e+00 
  170       6.636013605125e-13       7.116841145229e-15       3.558799235582e-15       3.026225184609e-15       0.000000000000e+00       0.000000000000e+00       0.000000000000e+00 
  171       6.606595583746e-13       6.946309891576e-15       5.674976013148e-15       2.956635051842e-15       0.000000000000e+00       0.000000000000e+00       0.000000000000e+00 
  172       6.600654785525e-13       6.777814354584e-15       7.659665922754e-15       2.889274149177e-15       0.000000000000e+00       0.000000000000e+00       0.000000000000e+00 
  173       6.616619513389e-13       6.611457923259e-15       9.515211183457e-15       2.824137564557e-15       0.000000000000e+00       0.000000000000e+00       0.000000000000e+00 
  174       6.652815511321e-13       6.447342100017e-15       1.124426083509e-14       2.761215728994e-15       0.000000000000e+00       0.000000000000e+00       0.000000000000e+00 
  175       6.707464342858e-13       6.285566430153e-15       1.284977619106e-14       2.700494323697e-15       0.000000000000e+00       0.000000000000e+00       0.000000000000e+00 
  176       6.778681769592e-13       6.126228431316e-15       1.433503629109e-14       2.641954187188e-15       0.000000000000e+00       0.000000000000e+00       0.000000000000e+00 
  177       6.864476129656e-13       5.969423522985e-15       1.570364335403e-14       2.585571222427e-15       0.000000000000e+00       0.000000000000e+00       0.000000000000e+00 
  178       6.962746716229e-13       5.815244955939e-15       1.695952823064e-14       2.531316303933e-15       0.000000000000e+00       0.000000000000e+00       0.000000000000e+00 
  179       7.071282156025e-13       5.663783741734e-15       1.810695585634e-14       2.479155184909e-15       0.000000000000e+00       0.000000000000e+00       0.000000000000e+00 
  180       7.188092688826e-13       5.515125661774e-15       1.914988223815e-14       2.429055936947e-15       0.000000000000e+00       0.000000000000e+00       0.000000000000e+00 
  181       7.312439929168e-13       5.369342176004e-15       2.008995686853e-14       2.381012124480e-15       0.000000000000e+00       0.000000000000e+00       0.000000000000e+00 
  182       7.443886035324e-13       5.226498654445e-15       2.092837162839e-14       2.335021298363e-15       0.000000000000e+00       0.000000000000e+00       0.000000000000e+00 
  183       7.581966775136e-13       5.086657151962e-15       2.166649802638e-14       2.291077564150e-15       0.000000000000e+00       0.000000000000e+00       0.000000000000e+00 
  184       7.726191134350e-13       4.949876326969e-15       2.230589026322e-14       2.249171516968e-15       0.000000000000e+00       0.000000000000e+00       0.000000000000e+00 
  185       7.876040924945e-13       4.816211360157e-15       2.284828829596e-14       2.209290176375e-15       0.000000000000e+00       0.000000000000e+00       0.000000000000e+00 
  186       8.030970393473e-13       4.685713873204e-15       2.329562090239e-14       2.171416921235e-15       0.000000000000e+00       0.000000000000e+00       0.000000000000e+00 
  187       8.190405829387e-13       4.558431847494e-15       2.365000874528e-14       2.135531424577e-15       0.000000000000e+00       0.000000000000e+00       0.000000000000e+00 
  188       8.353745173378e-13       4.434409542835e-15       2.391376743678e-14       2.101609588466e-15       0.000000000000e+00       0.000000000000e+00       0.000000000000e+00 
  189       8.520357625707e-13       4.313687416176e-15       2.408941060268e-14       2.069623478868e-15       0.000000000000e+00       0.000000000000e+00       0.000000000000e+00 
  190       8.689583254541e-13       4.196302040322e-15       2.417965294676e-14       2.039541260518e-15       0.000000000000e+00       0.000000000000e+00       0.000000000000e+00 
  191       8.860732604283e-13       4.082286022654e-15       2.418741331512e-14       2.011327131783e-15       0.000000000000e+00       0.000000000000e+00       0.000000000000e+00 
  192       9.033086303909e-13       3.971667923845e-15       2.411581776049e-14       1.984941259531e-15       0.000000000000e+00       0.000000000000e+00       0.000000000000e+00 
  193       9.205894675299e-13       3.864472176575e-15       2.396820260656e-14       1.960339713999e-15       0.000000000000e+00       0.000000000000e+00       0.000000000000e+00 
  194       9.378377341574e-13       3.760719004254e-15       2.374811751229e-14       1.937474403656e-15       0.000000000000e+00       0.000000000000e+00       0.000000000000e+00 
  195       9.549722835427e-13       3.660424339730e-15       2.345932853626e-14       1.916293010071e-15       0.000000000000e+00       0.000000000000e+00       0.000000000000e+00 
  196       9.719088207455e-13       3.563599744016e-15       2.310582120097e-14       1.896738922779e-15       0.000000000000e+00       0.000000000000e+00       0.000000000000e+00 
  197       9.885598634499e-13       3.470252324999e-15       2.269180355716e-14       1.878751174150e-15       0.000000000000e+00       0.000000000000e+00       0.000000000000e+00 
  198       1.004834702797e-12       3.380384656162e-15       2.222170924815e-14       1.862264374250e-15       0.000000000000e+00       0.000000000000e+00       0.000000000000e+00 
  199       1.020639364219e-12       3.293994695300e-15       2.170020057416e-14       1.847208645715e-15       0.000000000000e+00       0.000000000000e+00       0.000000000000e+00 
  200       1.035876568272e-12       3.211075703235e-15       2.113217155661e-14       1.833509558611e-15       0.000000000000e+00       0.000000000000e+00       0.000000000000e+00 
  201       1.050461224231e-12       3.131619516265e-15       2.052210287762e-14       1.821098519966e-15       0.000000000000e+00       0.000000000000e+00       0.000000000000e+00 
  202       1.064368225652e-12       3.055626793023e-15       1.987206897762e-14       1.809944904843e-15       0.000000000000e+00       0.000000000000e+00       0.000000000000e+00 
  203       1.077587997341e-12       2.983097343661e-15       1.918359434627e-14       1.800026097485e-15       0.000000000000e+00       0.000000000000e+00       0.000000000000e+00 
  204       1.090111276148e-12       2.914026770994e-15       1.845828999390e-14       1.791317208932e-15       0.000000000000e+00       0.000000000000e+00       0.000000000000e+00 
  205       1.101929117710e-12       2.848406399133e-15       1.769785460028e-14       1.783791042778e-15       0.000000000000e+00       0.000000000000e+00       0.000000000000e+00 
  206       1.113032903188e-12       2.786223202109e-15       1.690407566337e-14       1.777418060945e-15       0.000000000000e+00       0.000000000000e+00       0.000000000000e+00 
  207       1.123414346010e-12       2.727459732504e-15       1.607883064815e-14       1.772166349442e-15       0.000000000000e+00       0.000000000000e+00       0.000000000000e+00 
  208       1.133065498611e-12       2.672094050083e-15       1.522408813534e-14       1.768001584131e-15       0.000000000000e+00       0.000000000000e+00       0.000000000000e+00 
  209       1.141978759175e-12       2.620099650418e-15       1.434190897021e-14       1.764886996498e-15       0.000000000000e+00       0.000000000000e+00       0.000000000000e+00 
  210       1.150146878373e-12       2.571445393522e-15       1.343444741136e-14       1.762783339410e-15       0.000000000000e+00       0.000000000000e+00       0.000000000000e+00 
  211       1.157562966107e-12       2.526095432476e-15       1.250395227948e-14       1.761648852890e-15       0.000000000000e+00       0.000000000000e+00       0.000000000000e+00 
  212       1.164220498249e-12       2.484009142056e-15       1.155276810615e-14       1.761439229873e-15       0.000000000000e+00       0.000000000000e+00       0.000000000000e+00 
  213       1.170113323381e-12       2.445141047367e-15       1.058333628258e-14       1.762107581977e-15       0.000000000000e+00       0.000000000000e+00       0.000000000000e+00 
  214       1.175235669539e-12       2.409440752467e-15       9.598196208428e-15       1.763604405268e-15       0.000000000000e+00       0.000000000000e+00       0.000000000000e+00 
  215       1.179582150948e-12       2.376852868999e-15       8.599986440562e-15       1.765877546025e-15       0.000000000000e+00       0.000000000000e+00       0.000000000000e+00 
  216       1.183147774771e-12       2.347316944821e-15       7.591445841827e-15       1.768872166503e-15       0.000000000000e+00       0.000000000000e+00       0.000000000000e+00 
  217       1.185927947839e-12       2.320767392632e-15       6.575414729835e-15       1.772530710703e-15       0.000000000000e+00       0.000000000000e+00       0.000000000000e+00 
  218       1.187918483404e-12       2.297133418604e-15       5.554836025736e-15       1.776792870132e-15       0.000000000000e+00       0.000000000000e+00       0.000000000000e+00 
  219       1.189115607868e-12       2.276338951008e-15       4.532756403000e-15       1.781595549575e-15       0.000000000000e+00       0.000000000000e+00       0.000000000000e+00 
  220       1.189515967534e-12       2.258302568848e-15       3.512327436192e-15       1.786872832854e-15       0.000000000000e+00       0.000000000000e+00       0.000000000000e+00 
  221       1.189116635338e-12       2.242937430484e-15       2.496806749749e-15       1.792555948597e-15       0.000000000000e+00       0.000000000000e+00       0.000000000000e+00 
  222       1.187915117595e-12       2.230151202267e-15       1.489559166756e-15       1.798573236002e-15       0.000000000000e+00       0.000000000000e+00       0.000000000000e+00 
  223       1.185909360741e-12       2.219845987163e-15       4.940578577293e-16       1.804850110604e-15       0.000000000000e+00       0.000000000000e+00       0.000000000000e+00 
  224       1.183100009781e-12       2.211929765671e-15      -4.866078541094e-16       1.811319546651e-15       0.000000000000e+00       0.000000000000e+00       0.000000000000e+00 
  225       1.179497331012e-12       2.206351683604e-15      -1.451246613356e-15       1.817954343885e-15       0.000000000000e+00       0.000000000000e+00       0.000000000000e+00 
  226       1.175114747501e-12       2.203068895243e-15      -2.399146049685e-15       1.824736869324e-15       0.000000000000e+00       0.000000000000e+00       0.000000000000e+00 
  227       1.169966639410e-12       2.202035211293e-15      -3.329588211174e-15       1.831648717997e-15       0.000000000000e+00       0.000000000000e+00       0.000000000000e+00 
  228       1.164068356099e-12       2.203201054925e-15      -4.241849590155e-15       1.838670703751e-15       0.000000000000e+00       0.000000000000e+00       0.000000000000e+00 
  229       1.157436228233e-12       2.206513417815e-15      -5.135201149068e-15       1.845782850057e-15       0.000000000000e+00       0.000000000000e+00       0.000000000000e+00 
  230       1.150087579876e-12       2.211915816183e-15      -6.008908346303e-15       1.852964380810e-15       0.000000000000e+00       0.000000000000e+00       0.000000000000e+00 
  231       1.142040740601e-12       2.219348246832e-15      -6.862231162060e-15       1.860193711141e-15       0.000000000000e+00       0.000000000000e+00       0.000000000000e+00 
  232       1.133315057584e-12       2.228747143187e-15      -7.694424124191e-15       1.867448438218e-15       0.000000000000e+00       0.000000000000e+00       0.000000000000e+00 
  233       1.123930907714e-12       2.240045331337e-15      -8.504736334052e-15       1.874705332049e-15       0.000000000000e+00       0.000000000000e+00       0.000000000000e+00 
  234       1.113909709688e-12       2.253171986072e-15      -9.292411492357e-15       1.881940326293e-15       0.000000000000e+00       0.000000000000e+00       0.000000000000e+00 
  235       1.103273936117e-12       2.268052586920e-15      -1.005668792502e-14       1.889128509058e-15       0.000000000000e+00       0.000000000000e+00       0.000000000000e+00 
  236       1.092047125628e-12       2.284608874192e-15      -1.079679860902e-14       1.896244113712e-15       0.000000000000e+00       0.000000000000e+00       0.000000000000e+00 
  237       1.080253894963e-12       2.302758805016e-15      -1.151197119823e-14       1.903260509684e-15       0.000000000000e+00       0.000000000000e+00       0.000000000000e+00 
  238       1.067919951084e-12       2.322416509381e-15      -1.220142804928e-14       1.910150193271e-15       0.000000000000e+00       0.000000000000e+00       0.000000000000e+00 
  239       1.055072103274e-12       2.343492246173e-15      -1.286438624740e-14       1.916884778442e-15       0.000000000000e+00       0.000000000000e+00       0.000000000000e+00 
  240       1.041738275239e-12       2.365892359213e-15      -1.350005763230e-14       1.923434987644e-15       0.000000000000e+00       0.000000000000e+00       0.000000000000e+00 
  241       1.027947517209e-12       2.389519233301e-15      -1.410764882396e-14       1.929770642604e-15       0.000000000000e+00       0.000000000000e+00       0.000000000000e+00 
  242       1.013730018041e-12       2.414271250253e-15      -1.468636124854e-14       1.935860655140e-15       0.000000000000e+00       0.000000000000e+00       0.000000000000e+00 
  243       9.991171173200e-13       2.440042744939e-15      -1.523539116420e-14       1.941673017959e-15       0.000000000000e+00       0.000000000000e+00       0.000000000000e+00 
  244       9.841413174637e-13       2.466723961323e-15      -1.575392968694e-14       1.947174795467e-15       0.000000000000e+00       0.000000000000e+00       0.000000000000e+00 
  245       9.688362958208e-13       2.494201008505e-15      -1.624116281647e-14       1.952332114572e-15       0.000000000000e+00       0.000000000000e+00       0.000000000000e+00 
  246       9.532369167754e-13       2.522355816757e-15      -1.669627146208e-14       1.957110155488e-15       0.000000000000e+00       0.000000000000e+00       0.000000000000e+00 
  247       9.373792438478e-13       2.551066093562e-15      -1.711843146844e-14       1.961473142543e-15       0.000000000000e+00       0.000000000000e+00       0.000000000000e+00 
  248       9.213005517970e-13       2.580205279656e-15      -1.750681364147e-14       1.965384334981e-15       0.000000000000e+00       0.000000000000e+00       0.000000000000e+00 
  249       9.050393387227e-13       2.609642505067e-15      -1.786058377422e-14       1.968806017769e-15       0.000000000000e+00       0.000000000000e+00       0.000000000000e+00 
  250       8.886307334156e-13       2.639259495145e-15      -1.817908813371e-14       1.971706108646e-15       0.000000000000e+00       0.000000000000e+00       0.000000000000e+00 
  251       8.720923985008e-13       2.669002461378e-15      -1.846242173945e-14       1.974078421113e-15       0.000000000000e+00       0.000000000000e+00       0.000000000000e+00 
  252       8.554378370995e-13       2.698833120443e-15      -1.871089293737e-14       1.975923553207e-15       0.000000000000e+00       0.000000000000e+00       0.000000000000e+00 
  253       8.386809276408e-13       2.728712002241e-15      -1.892484126898e-14       1.977242379939e-15       0.000000000000e+00       0.000000000000e+00       0.000000000000e+00 
  254       8.218359271579e-13       2.758598438358e-15      -1.910463785184e-14       1.978036056755e-15       0.000000000000e+00       0.000000000000e+00       0.000000000000e+00 
  255       8.049174745838e-13       2.788450550509e-15      -1.925068576012e-14       1.978306022990e-15       0.000000000000e+00       0.000000000000e+00       0.000000000000e+00 
  256       7.879405940477e-13       2.818225239000e-15      -1.936342040509e-14       1.978054005326e-15       0.000000000000e+00       0.000000000000e+00       0.000000000000e+00 
  257       7.709206981710e-13       2.847878171179e-15      -1.944330991565e-14       1.977282021251e-15       0.000000000000e+00       0.000000000000e+00       0.000000000000e+00 
  258       7.538735913635e-13       2.877363769887e-15      -1.949085551882e-14       1.975992382516e-15       0.000000000000e+00       0.000000000000e+00       0.000000000000e+00 
  259       7.368154731189e-13       2.906635201915e-15      -1.950659192031e-14       1.974187698593e-15       0.000000000000e+00       0.000000000000e+00       0.000000000000e+00 
  260       7.197629413116e-13       2.935644366458e-15      -1.949108768497e-14       1.971870880130e-15       0.000000000000e+00       0.000000000000e+00       0.000000000000e+00 
  261       7.027329954925e-13       2.964341883563e-15      -1.944494561736e-14       1.969045142413e-15       0.000000000000e+00       0.000000000000e+00       0.000000000000e+00 
  262       6.857430401849e-13       2.992677082592e-15      -1.936880314225e-14       1.965714008820e-15       0.000000000000e+00       0.000000000000e+00       0.000000000000e+00 
  263       6.688108881805e-13       3.020597990666e-15      -1.926333268511e-14       1.961881314279e-15       0.000000000000e+00       0.000000000000e+00       0.000000000000e+00 
  264       6.519547638361e-13       3.048051321124e-15      -1.912924205267e-14       1.957551208729e-15       0.000000000000e+00       0.000000000000e+00       0.000000000000e+00 
  265       6.351933063690e-13       3.074982461979e-15      -1.896727481341e-14       1.952728160570e-15       0.000000000000e+00       0.000000000000e+00       0.000000000000e+00 
  266       6.185455731532e-13       3.101335464363e-15      -1.877821067808e-14       1.947416960130e-15       0.000000000000e+00       0.000000000000e+00       0.000000000000e+00 
  267       6.020310430157e-13       3.127053030991e-15      -1.856286588023e-14       1.941622723116e-15       0.000000000000e+00       0.000000000000e+00       0.000000000000e+00 
  268       5.856696195326e-13       3.152076504606e-15      -1.832209355670e-14       1.935350894074e-15       0.000000000000e+00       0.000000000000e+00       0.000000000000e+00 
  269       5.694816343248e-13       3.176345856438e-15      -1.805678412817e-14       1.928607249845e-15       0.000000000000e+00       0.000000000000e+00       0.000000000000e+00 
  270       5.534878503543e-13       3.199799674656e-15      -1.776786567963e-14       1.921397903024e-15       0.000000000000e+00       0.000000000000e+00       0.000000000000e+00 
  271       5.377094652203e-13       3.222375152821e-15      -1.745630434096e-14       1.913729305419e-15       0.000000000000e+00       0.000000000000e+00       0.000000000000e+00 
  272       5.221681144554e-13       3.244008078340e-15      -1.712310466738e-14       1.905608251505e-15       0.000000000000e+00       0.000000000000e+00       0.000000000000e+00 
  273       5.068858748213e-13       3.264632820920e-15      -1.676931002003e-14       1.897041881883e-15       0.000000000000e+00       0.000000000000e+00       0.000000000000e+00 
  274       4.918852676051e-13       3.284182321022e-15      -1.639600294643e-14       1.888037686739e-15       0.000000000000e+00       0.000000000000e+00       0.000000000000e+00 
  275       4.771892619154e-13       3.302588078313e-15      -1.600430556103e-14       1.878603509301e-15       0.000000000000e+00       0.000000000000e+00       0.000000000000e+00 
  276       4.628212779783e-13       3.319780140124e-15      -1.559537992572e-14       1.868747549293e-15       0.000000000000e+00       0.000000000000e+00       0.000000000000e+00 
  277       4.488051904335e-13       3.335687089895e-15      -1.517042843035e-14       1.858478366399e-15       0.000000000000e+00       0.000000000000e+00       0.000000000000e+00 
  278       4.351653316302e-13       3.350236035639e-15      -1.473069417322e-14       1.847804883716e-15       0.000000000000e+00       0.000000000000e+00       0.000000000000e+00 
  279       4.219223916354e-13       3.363365722186e-15      -1.427733258139e-14       1.836736557393e-15       0.000000000000e+00       0.000000000000e+00       0.000000000000e+00 
  280       4.090808763511e-13       3.375066643649e-15      -1.381101812635e-14       1.825283888169e-15       0.000000000000e+00       0.000000000000e+00       0.000000000000e+00 
  281       3.966410060392e-13       3.385342986643e-15      -1.333231797409e-14       1.813457943073e-15       0.000000000000e+00       0.000000000000e+00       0.000000000000e+00 
  282       3.846027570891e-13       3.394199702246e-15      -1.284181909192e-14       1.801270195325e-15       0.000000000000e+00       0.000000000000e+00       0.000000000000e+00 
  283       3.729658590109e-13       3.401642514612e-15      -1.234012843124e-14       1.788732528054e-15       0.000000000000e+00       0.000000000000e+00       0.000000000000e+00 
  284       3.617297914282e-13       3.407677929587e-15      -1.182787311020e-14       1.775857238002e-15       0.000000000000e+00       0.000000000000e+00       0.000000000000e+00 
  285       3.508937810716e-13       3.412313243317e-15      -1.130570059650e-14       1.762657039245e-15       0.000000000000e+00       0.000000000000e+00       0.000000000000e+00 
  286       3.404567987711e-13       3.415556550864e-15      -1.077427889008e-14       1.749145066901e-15       0.000000000000e+00       0.000000000000e+00       0.000000000000e+00 
  287       3.304175564493e-13       3.417416754821e-15      -1.023429670584e-14       1.735334880846e-15       0.000000000000e+00       0.000000000000e+00       0.000000000000e+00 
  288       3.207745041149e-13       3.417903573921e-15      -9.686463656394e-15       1.721240469424e-15       0.000000000000e+00       0.000000000000e+00       0.000000000000e+00 
  289       3.115258268550e-13       3.417027551653e-15      -9.131510434783e-15       1.706876253160e-15       0.000000000000e+00       0.000000000000e+00       0.000000000000e+00 
  290       3.026694418285e-13       3.414800064875e-15      -8.570188997207e-15       1.692257088477e-15       0.000000000000e+00       0.000000000000e+00       0.000000000000e+00 
  291       2.942029952592e-13       3.411233332424e-15      -8.003272745754e-15       1.677398271402e-15       0.000000000000e+00       0.000000000000e+00       0.000000000000e+00 
  292       2.861238594286e-13       3.406340423732e-15      -7.431556711126e-15       1.662315541285e-15       0.000000000000e+00       0.000000000000e+00       0.000000000000e+00 
  293       2.784291296689e-13       3.400135267441e-15      -6.855857735366e-15       1.647025084510e-15       0.000000000000e+00       0.000000000000e+00       0.000000000000e+00 
  294       2.711156213563e-13       3.392632660009e-15      -6.277014654591e-15       1.631543538204e-15       0.000000000000e+00       0.000000000000e+00       0.000000000000e+00 
  295       2.641798669037e-13       3.383848274333e-15      -5.695888481715e-15       1.615887993957e-15       0.000000000000e+00       0.000000000000e+00       0.000000000000e+00 
  296       2.576181127538e-13       3.373798668352e-15      -5.113362589181e-15       1.600076001528e-15       0.000000000000e+00       0.000000000000e+00       0.000000000000e+00 
  297       2.514263163723e-13       3.362501293667e-15      -4.530342891687e-15       1.584125572561e-15       0.000000000000e+00       0.000000000000e+00       0.000000000000e+00 
  298       2.456001432407e-13       3.349974504151e-15      -3.947758028914e-15       1.568055184300e-15       0.000000000000e+00       0.000000000000e+00       0.000000000000e+00 
  299       2.401349638495e-13       3.336237564565e-15      -3.366559548256e-15       1.551883783297e-15       0.000000000000e+00       0.000000000000e+00       0.000000000000e+00 
  300       2.350258506909e-13       3.321310659166e-15      -2.787722087545e-15       1.535630789127e-15       0.000000000000e+00       0.000000000000e+00       0.000000000000e+00 
  301       2.302675752522e-13       3.305214900325e-15      -2.212243557782e-15       1.519316098103e-15       0.000000000000e+00       0.000000000000e+00       0.000000000000e+00 
  302       2.258546050085e-13       3.287972337138e-15      -1.641145325865e-15       1.502960086985e-15       0.000000000000e+00       0.000000000000e+00       0.000000000000e+00 
  303       2.217811004162e-13       3.269605964039e-15      -1.075472397317e-15       1.486583616697e-15       0.000000000000e+00       0.000000000000e+00       0.000000000000e+00 
  304       2.180409119052e-13       3.250139729414e-15      -5.162935990098e-16       1.470208036034e-15       0.000000000000e+00       0.000000000000e+00       0.000000000000e+00 
  305       2.146275768727e-13       3.229598544213e-15       3.529823810037e-17       1.453855185383e-15       0.000000000000e+00       0.000000000000e+00       0.000000000000e+00 
  306       2.115343166759e-13       3.208008290563e-15       5.781860962504e-16       1.437547400427e-15       0.000000000000e+00       0.000000000000e+00       0.000000000000e+00 
  307       2.087540336249e-13       3.185395830383e-15       1.111228588140e-15       1.421307515865e-15       0.000000000000e+00       0.000000000000e+00       0.000000000000e+00 
  308       2.062793079759e-13       3.161789013994e-15       1.633259774203e-15       1.405158869120e-15       0.000000000000e+00       0.000000000000e+00       0.000000000000e+00 
  309       2.041023949242e-13       3.137216688736e-15       2.143088979882e-15       1.389125304055e-15       0.000000000000e+00       0.000000000000e+00       0.000000000000e+00 
  310       2.022152215972e-13       3.111708707577e-15       2.639500612896e-15       1.373231174685e-15       0.000000000000e+00       0.000000000000e+00       0.000000000000e+00 
  311       2.006093840473e-13       3.085295937729e-15       3.121253980517e-15       1.357501348886e-15       0.000000000000e+00       0.000000000000e+00       0.000000000000e+00 
  312       1.992767162765e-13       3.058009374911e-15       3.587290654177e-15       1.341957641176e-15       0.000000000000e+00       0.000000000000e+00       0.000000000000e+00 
  313       1.982110326580e-13       3.029877423050e-15       4.037367572220e-15       1.326607920472e-15       0.000000000000e+00       0.000000000000e+00       0.000000000000e+00 
  314       1.974064604881e-13       3.000928505184e-15       4.471452955958e-15       1.311456504186e-15       0.000000000000e+00       0.000000000000e+00       0.000000000000e+00 
  315       1.968568729493e-13       2.971191953917e-15       4.889521482748e-15       1.296507682927e-15       0.000000000000e+00       0.000000000000e+00       0.000000000000e+00 
  316       1.965558868058e-13       2.940698018933e-15       5.291554358304e-15       1.281765719828e-15       0.000000000000e+00       0.000000000000e+00       0.000000000000e+00 
  317       1.964968600999e-13       2.909477874505e-15       5.677539388997e-15       1.267234849865e-15       0.000000000000e+00       0.000000000000e+00       0.000000000000e+00 
  318       1.966728898476e-13       2.877563627017e-15       6.047471054167e-15       1.252919279188e-15       0.000000000000e+00       0.000000000000e+00       0.000000000000e+00 
  319       1.970768097350e-13       2.844988322472e-15       6.401350578426e-15       1.238823184444e-15       0.000000000000e+00       0.000000000000e+00       0.000000000000e+00 
  320       1.977011878135e-13       2.811785954007e-15       6.739186003969e-15       1.224950712100e-15       0.000000000000e+00       0.000000000000e+00       0.000000000000e+00 
  321       1.985383241965e-13       2.777991469411e-15       7.060992262873e-15       1.211305977770e-15       0.000000000000e+00       0.000000000000e+00       0.000000000000e+00 
  322       1.995802487547e-13       2.743640778635e-15       7.366791249415e-15       1.197893065539e-15       0.000000000000e+00       0.000000000000e+00       0.000000000000e+00 
  323       2.008187188126e-13       2.708770761307e-15       7.656611892366e-15       1.184716027287e-15       0.000000000000e+00       0.000000000000e+00       0.000000000000e+00 
  324       2.022452168438e-13       2.673419274246e-15       7.930490227309e-15       1.171778882017e-15       0.000000000000e+00       0.000000000000e+00       0.000000000000e+00 
  325       2.038509481676e-13       2.637625158980e-15       8.188469468939e-15       1.159085615175e-15       0.000000000000e+00       0.000000000000e+00       0.000000000000e+00 
  326       2.056268386443e-13       2.601428249252e-15       8.430600083369e-15       1.146640177978e-15       0.000000000000e+00       0.000000000000e+00       0.000000000000e+00 
  327       2.075635323717e-13       2.564869378544e-15       8.656939860443e-15       1.134446486741e-15       0.000000000000e+00       0.000000000000e+00       0.000000000000e+00 
  328       2.096513893805e-13       2.527990387581e-15       8.867553986037e-15       1.122508422196e-15       0.000000000000e+00       0.000000000000e+00       0.000000000000e+00 
  329       2.118804833308e-13       2.490834131854e-15       9.062515114366e-15       1.110829828822e-15       0.000000000000e+00       0.000000000000e+00       0.000000000000e+00 
  330       2.142405992073e-13       2.453444489128e-15       9.241903440294e-15       1.099414514166e-15       0.000000000000e+00       0.000000000000e+00       0.000000000000e+00 
  331       2.167212310161e-13       2.415866366960e-15       9.405806771639e-15       1.088266248172e-15       0.000000000000e+00       0.000000000000e+00       0.000000000000e+00 
  332       2.193115794799e-13       2.378145710209e-15       9.554320601479e-15       1.077388762502e-15       0.000000000000e+00       0.000000000000e+00       0.000000000000e+00 
  333       2.220005497343e-13       2.340329508556e-15       9.687548180458e-15       1.066785749863e-15       0.000000000000e+00       0.000000000000e+00       0.000000000000e+00 
  334       2.247767490235e-13       2.302465804011e-15       9.805600589096e-15       1.056460863331e-15       0.000000000000e+00       0.000000000000e+00       0.000000000000e+00 
  335       2.276284843967e-13       2.264603698434e-15       9.908596810091e-15       1.046417715676e-15       0.000000000000e+00       0.000000000000e+00       0.000000000000e+00 
  336       2.305437604034e-13       2.226793361043e-15       9.996663800632e-15       1.036659878689e-15       0.000000000000e+00       0.000000000000e+00       0.000000000000e+00 
  337       2.335102767897e-13       2.189086035933e-15       1.006993656470e-14       1.027190882501e-15       0.000000000000e+00       0.000000000000e+00       0.000000000000e+00 
  338       2.365154261943e-13       2.151534049588e-15       1.012855822537e-14       1.018014214916e-15       0.000000000000e+00       0.000000000000e+00       0.000000000000e+00 
  339       2.395462918441e-13       2.114190818393e-15       1.017268009714e-14       1.009133320728e-15       0.000000000000e+00       0.000000000000e+00       0.000000000000e+00 
  340       2.425896452505e-13       2.077110856154e-15       1.020246175820e-14       1.000551601052e-15       0.000000000000e+00       0.000000000000e+00       0.000000000000e+00 
  341       2.456319439050e-13       2.040349781605e-15       1.021807112279e-14       9.922724126442e-16       0.000000000000e+00       0.000000000000e+00       0.000000000000e+00 
  342       2.486593289755e-13       2.003964325928e-15       1.021968451345e-14       9.842990672304e-16       0.000000000000e+00       0.000000000000e+00       0.000000000000e+00 
  343       2.516576230017e-13       1.968012340262e-15       1.020748673337e-14       9.766348308286e-16       0.000000000000e+00       0.000000000000e+00       0.000000000000e+00 
  344       2.546123275917e-13       1.932552803223e-15       1.018167113866e-14       9.692829230749e-16       0.000000000000e+00       0.000000000000e+00       0.000000000000e+00 
  345       2.575086211173e-13       1.897645828412e-15       1.014243971072e-14       9.622465165480e-16       0.000000000000e+00       0.000000000000e+00       0.000000000000e+00 
  346       2.603313564104e-13       1.863352671934e-15       1.009000312845e-14       9.555287360941e-16       0.000000000000e+00       0.000000000000e+00       0.000000000000e+00 
  347       2.630650584585e-13       1.829735739908e-15       1.002458084066e-14       9.491326581518e-16       0.000000000000e+00       0.000000000000e+00       0.000000000000e+00 
  348       2.656939221012e-13       1.796858595985e-15       9.946401138292e-15       9.430613100768e-16       0.000000000000e+00       0.000000000000e+00       0.000000000000e+00 
  349       2.682044772500e-13       1.764775799945e-15       9.855710755720e-15       9.373163891051e-16       0.000000000000e+00       0.000000000000e+00       0.000000000000e+00 
  350       2.705937114516e-13       1.733501942267e-15       9.752803966720e-15       9.318943618925e-16       0.000000000000e+00       0.000000000000e+00       0.000000000000e+00 
  351       2.728612802026e-13       1.703041338054e-15       9.637994838665e-15       9.267902016379e-16       0.000000000000e+00       0.000000000000e+00       0.000000000000e+00 
  352       2.750068701842e-13       1.673398077417e-15       9.511607893999e-15       9.219986519000e-16       0.000000000000e+00       0.000000000000e+00       0.000000000000e+00 
  353       2.770301995785e-13       1.644576023002e-15       9.373978191905e-15       9.175142246646e-16       0.000000000000e+00       0.000000000000e+00       0.000000000000e+00 
  354       2.789310183852e-13       1.616578807515e-15       9.225451409972e-15       9.133311984117e-16       0.000000000000e+00       0.000000000000e+00       0.000000000000e+00 
  355       2.807091087377e-13       1.589409831247e-15       9.066383925863e-15       9.094436161822e-16       0.000000000000e+00       0.000000000000e+00       0.000000000000e+00 
  356       2.823642852201e-13       1.563072259592e-15       8.897142898984e-15       9.058452836453e-16       0.000000000000e+00       0.000000000000e+00       0.000000000000e+00 
  357       2.838963951833e-13       1.537569020578e-15       8.718106352151e-15       9.025297671652e-16       0.000000000000e+00       0.000000000000e+00       0.000000000000e+00 
  358       2.853053190618e-13       1.512902802390e-15       8.529663253259e-15       8.994903918685e-16       0.000000000000e+00       0.000000000000e+00       0.000000000000e+00 
  359       2.865909706900e-13       1.489076050891e-15       8.332213596948e-15       8.967202397109e-16       0.000000000000e+00       0.000000000000e+00       0.000000000000e+00 
  360       2.877532976188e-13       1.466090967148e-15       8.126168486272e-15       8.942121475442e-16       0.000000000000e+00       0.000000000000e+00       0.000000000000e+00 
  361       2.887922814320e-13       1.443949504958e-15       7.911950214368e-15       8.919587051836e-16       0.000000000000e+00       0.000000000000e+00       0.000000000000e+00 
  362       2.897079380631e-13       1.422653368368e-15       7.689992346121e-15       8.899522534747e-16       0.000000000000e+00       0.000000000000e+00       0.000000000000e+00 
  363       2.905003181113e-13       1.402204009204e-15       7.460739799834e-15       8.881848823601e-16       0.000000000000e+00       0.000000000000e+00       0.000000000000e+00 
  364       2.911695071585e-13       1.382602624591e-15       7.224648928898e-15       8.866484289470e-16       0.000000000000e+00       0.000000000000e+00       0.000000000000e+00 
  365       2.917156260855e-13       1.363850154480e-15       6.982187603455e-15       8.853344755739e-16       0.000000000000e+00       0.000000000000e+00       0.000000000000e+00 
  366       2.921388313887e-13       1.345947279172e-15       6.733835292068e-15       8.842343478777e-16       0.000000000000e+00       0.000000000000e+00       0.000000000000e+00 
  367       2.924393154963e-13       1.328894416839e-15       6.480083143392e-15       8.833391128605e-16       0.000000000000e+00       0.000000000000e+00       0.000000000000e+00 
  368       2.926173070851e-13       1.312691721052e-15       6.221434067836e-15       8.826395769572e-16       0.000000000000e+00       0.000000000000e+00       0.000000000000e+00 
  369       2.926730713971e-13       1.297339078303e-15       5.958402819237e-15       8.821262841019e-16       0.000000000000e+00       0.000000000000e+00       0.000000000000e+00 
  370       2.926069105555e-13       1.282836105532e-15       5.691516076523e-15       8.817895137953e-16       0.000000000000e+00       0.000000000000e+00       0.000000000000e+00 
  371       2.924191638816e-13       1.269182147646e-15       5.421312525384e-15       8.816192791715e-16       0.000000000000e+00       0.000000000000e+00       0.000000000000e+00 
  372       2.921102082113e-13       1.256376275049e-15       5.148342939939e-15       8.816053250653e-16       0.000000000000e+00       0.000000000000e+00       0.000000000000e+00 
  373       2.916804582116e-13       1.244417281160e-15       4.873170264402e-15       8.817371260790e-16       0.000000000000e+00       0.000000000000e+00       0.000000000000e+00 
  374       2.911303666966e-13       1.233303679945e-15       4.596369694754e-15       8.820038846495e-16       0.000000000000e+00       0.000000000000e+00       0.000000000000e+00 
  375       2.904604249450e-13       1.223033703433e-15       4.318528760406e-15       8.823945291153e-16       0.000000000000e+00       0.000000000000e+00       0.000000000000e+00 
  376       2.896711630155e-13       1.213605299246e-15       4.040247405873e-15       8.828977117835e-16       0.000000000000e+00       0.000000000000e+00       0.000000000000e+00 
  377       2.887631500643e-13       1.205016128121e-15       3.762138072435e-15       8.835018069969e-16       0.000000000000e+00       0.000000000000e+00       0.000000000000e+00 
  378       2.877369946607e-13       1.197263561433e-15       3.484825779809e-15       8.841949092010e-16       0.000000000000e+00       0.000000000000e+00       0.000000000000e+00 
  379       2.865933451043e-13       1.190344678722e-15       3.208948207818e-15       8.849648310112e-16       0.000000000000e+00       0.000000000000e+00       0.000000000000e+00 
  380       2.853328897412e-13       1.184256265216e-15       2.935155778055e-15       8.857991012793e-16       0.000000000000e+00       0.000000000000e+00       0.000000000000e+00 
  381       2.839563572805e-13       1.178994809352e-15       2.664111735554e-15       8.866849631611e-16       0.000000000000e+00       0.000000000000e+00       0.000000000000e+00 
  382       2.824645171108e-13       1.174556500306e-15       2.396492230457e-15       8.876093721831e-16       0.000000000000e+00       0.000000000000e+00       0.000000000000e+00 
  383       2.808581796169e-13       1.170937225513e-15       2.132986399682e-15       8.885589943097e-16       0.000000000000e+00       0.000000000000e+00       0.000000000000e+00 
  384       2.791381964959e-13       1.168132568193e-15       1.874296448589e-15       8.895202040102e-16       0.000000000000e+00       0.000000000000e+00       0.000000000000e+00 
  385       2.773054610743e-13       1.166137804875e-15       1.621137732651e-15       8.904790823256e-16       0.000000000000e+00       0.000000000000e+00       0.000000000000e+00 
  386       2.753609086238e-13       1.164947902918e-15       1.374238839121e-15       8.914214149359e-16       0.000000000000e+00       0.000000000000e+00       0.000000000000e+00 
  387       2.733055166784e-13       1.164557518041e-15       1.134341668699e-15       8.923326902270e-16       0.000000000000e+00       0.000000000000e+00       0.000000000000e+00 
  388       2.711406437431e-13       1.164958827430e-15       9.020777733809e-16       8.932002481195e-16       0.000000000000e+00       0.000000000000e+00       0.000000000000e+00 
  389       2.688690587426e-13       1.166134944777e-15       6.775921038371e-16       8.940198191119e-16       0.000000000000e+00       0.000000000000e+00       0.000000000000e+00 
  390       2.664939507014e-13       1.168066254066e-15       4.609053482927e-16       8.947892260418e-16       0.000000000000e+00       0.000000000000e+00       0.000000000000e+00 
  391       2.640185944113e-13       1.170732547564e-15       2.520363888415e-16       8.955062551884e-16       0.000000000000e+00       0.000000000000e+00       0.000000000000e+00 
  392       2.614463510177e-13       1.174113021623e-15       5.100228472958e-17       8.961686560495e-16       0.000000000000e+00       0.000000000000e+00       0.000000000000e+00 
  393       2.587806686049e-13       1.178186272484e-15      -1.421817443606e-16       8.967741411186e-16       0.000000000000e+00       0.000000000000e+00       0.000000000000e+00 
  394       2.560250827812e-13       1.182930292081e-15      -3.275023350258e-16       8.973203856617e-16       0.000000000000e+00       0.000000000000e+00       0.000000000000e+00 
  395       2.531832172652e-13       1.188322463843e-15      -5.049479968582e-16       8.978050274947e-16       0.000000000000e+00       0.000000000000e+00       0.000000000000e+00 
  396       2.502587844706e-13       1.194339558498e-15      -6.745091291609e-16       8.982256667600e-16       0.000000000000e+00       0.000000000000e+00       0.000000000000e+00 
  397       2.472555860924e-13       1.200957729876e-15      -8.361780376639e-16       8.985798657036e-16       0.000000000000e+00       0.000000000000e+00       0.000000000000e+00 
  398       2.441775136921e-13       1.208152510712e-15      -9.899489512404e-16       8.988651484524e-16       0.000000000000e+00       0.000000000000e+00       0.000000000000e+00 
  399       2.410285492830e-13       1.215898808451e-15      -1.135818038622e-15       8.990790007908e-16       0.000000000000e+00       0.000000000000e+00       0.000000000000e+00 
  400       2.378127659164e-13       1.224170901050e-15      -1.273783425114e-15       8.992188699382e-16       0.000000000000e+00       0.000000000000e+00       0.000000000000e+00 
  401       2.345343282666e-13       1.232942432782e-15      -1.403845209314e-15       8.992821643254e-16       0.000000000000e+00       0.000000000000e+00       0.000000000000e+00 
  402       2.311974932167e-13       1.242186410037e-15      -1.526005479824e-15       8.992662533720e-16       0.000000000000e+00       0.000000000000e+00       0.000000000000e+00 
  403       2.278066104440e-13       1.251875197130e-15      -1.640268331969e-15       8.991684672636e-16       0.000000000000e+00       0.000000000000e+00       0.000000000000e+00 
  404       2.243661230057e-13       1.261980512100e-15      -1.746639884511e-15       8.989860967282e-16       0.000000000000e+00       0.000000000000e+00       0.000000000000e+00 
  405       2.208805679243e-13       1.272473422514e-15      -1.845128296368e-15       8.987163928138e-16       0.000000000000e+00       0.000000000000e+00       0.000000000000e+00 
  406       2.173545767733e-13       1.283324341274e-15      -1.935743783326e-15       8.983565666650e-16       0.000000000000e+00       0.000000000000e+00       0.000000000000e+00 
  407       2.137928762625e-13       1.294503022416e-15      -2.018498634755e-15       8.979037893004e-16       0.000000000000e+00       0.000000000000e+00       0.000000000000e+00 
  408       2.102002888238e-13       1.305978556915e-15      -2.093407230330e-15       8.973551913892e-16       0.000000000000e+00       0.000000000000e+00       0.000000000000e+00 
  409       2.065817331968e-13       1.317719368488e-15      -2.160486056740e-15       8.967078630284e-16       0.000000000000e+00       0.000000000000e+00       0.000000000000e+00 
  410       2.029422250138e-13       1.329693209399e-15      -2.219753724410e-15       8.959588535199e-16       0.000000000000e+00       0.000000000000e+00       0.000000000000e+00 
  411       1.992868773861e-13       1.341867156259e-15      -2.271230984210e-15       8.951051711475e-16       0.000000000000e+00       0.000000000000e+00       0.000000000000e+00 
  412       1.956209014891e-13       1.354207605834e-15      -2.314940744179e-15       8.941437829537e-16       0.000000000000e+00       0.000000000000e+00       0.000000000000e+00 
  413       1.919496071478e-13       1.366680270844e-15      -2.350908086235e-15       8.930716145168e-16       0.000000000000e+00       0.000000000000e+00       0.000000000000e+00 
  414       1.882784034226e-13       1.379250175768e-15      -2.379160282891e-15       8.918855497281e-16       0.000000000000e+00       0.000000000000e+00       0.000000000000e+00 
  415       1.846127991947e-13       1.391881652647e-15      -2.399726813975e-15       8.905824305687e-16       0.000000000000e+00       0.000000000000e+00       0.000000000000e+00 
  416       1.809584037516e-13       1.404538336890e-15      -2.412639383341e-15       8.891590568866e-16       0.000000000000e+00       0.000000000000e+00       0.000000000000e+00 
  417       1.773209273728e-13       1.417183163072e-15      -2.417931935588e-15       8.876121861735e-16       0.000000000000e+00       0.000000000000e+00       0.000000000000e+00 
  418       1.737061819151e-13       1.429778360742e-15      -2.415640672776e-15       8.859385333423e-16       0.000000000000e+00       0.000000000000e+00       0.000000000000e+00 
  419       1.701200813985e-13       1.442285450226e-15      -2.405804071138e-15       8.841347705037e-16       0.000000000000e+00       0.000000000000e+00       0.000000000000e+00 
  420       1.665686425915e-13       1.454665238426e-15      -2.388462897802e-15       8.821975267431e-16       0.000000000000e+00       0.000000000000e+00       0.000000000000e+00 
  421       1.630579855966e-13       1.466877814630e-15      -2.363660227502e-15       8.801233878980e-16       0.000000000000e+00       0.000000000000e+00       0.000000000000e+00 
  422       1.595943344361e-13       1.478882546309e-15      -2.331441459295e-15       8.779088963350e-16       0.000000000000e+00       0.000000000000e+00       0.000000000000e+00 
  423       1.561840176371e-13       1.490638074924e-15      -2.291854333277e-15       8.755505507264e-16       0.000000000000e+00       0.000000000000e+00       0.000000000000e+00 
  424       1.528334688180e-13       1.502102311728e-15      -2.244948947299e-15       8.730448058275e-16       0.000000000000e+00       0.000000000000e+00       0.000000000000e+00 
  425       1.495492272730e-13       1.513232433572e-15      -2.190777773686e-15       8.703880722535e-16       0.000000000000e+00       0.000000000000e+00       0.000000000000e+00 
  426       1.463379385584e-13       1.523984878703e-15      -2.129395675945e-15       8.675767162569e-16       0.000000000000e+00       0.000000000000e+00       0.000000000000e+00 
  427       1.432052261488e-13       1.534322178449e-15      -2.060882590452e-15       8.646082209357e-16       0.000000000000e+00       0.000000000000e+00       0.000000000000e+00 
  428       1.401522629345e-13       1.544233716797e-15      -1.985412387321e-15       8.614847138266e-16       0.000000000000e+00       0.000000000000e+00       0.000000000000e+00 
  429       1.371790842319e-13       1.553715668838e-15      -1.903186385160e-15       8.582095588881e-16       0.000000000000e+00       0.000000000000e+00       0.000000000000e+00 
  430       1.342857060181e-13       1.562764228995e-15      -1.814410929279e-15       8.547862064511e-16       0.000000000000e+00       0.000000000000e+00       0.000000000000e+00 
  431       1.314721247756e-13       1.571375611316e-15      -1.719297423292e-15       8.512181937572e-16       0.000000000000e+00       0.000000000000e+00       0.000000000000e+00 
  432       1.287383173361e-13       1.579546049766e-15      -1.618062360708e-15       8.475091454996e-16       0.000000000000e+00       0.000000000000e+00       0.000000000000e+00 
  433       1.260842407251e-13       1.587271798515e-15      -1.510927356535e-15       8.436627743618e-16       0.000000000000e+00       0.000000000000e+00       0.000000000000e+00 
  434       1.235098320061e-13       1.594549132236e-15      -1.398119178876e-15       8.396828815577e-16       0.000000000000e+00       0.000000000000e+00       0.000000000000e+00 
  435       1.210150081248e-13       1.601374346391e-15      -1.279869780526e-15       8.355733573708e-16       0.000000000000e+00       0.000000000000e+00       0.000000000000e+00 
  436       1.185996657534e-13       1.607743757526e-15      -1.156416330571e-15       8.313381816945e-16       0.000000000000e+00       0.000000000000e+00       0.000000000000e+00 
  437       1.162636811349e-13       1.613653703563e-15      -1.028001245986e-15       8.269814245711e-16       0.000000000000e+00       0.000000000000e+00       0.000000000000e+00 
  438       1.140069099275e-13       1.619100544092e-15      -8.948722232321e-16       8.225072467315e-16       0.000000000000e+00       0.000000000000e+00       0.000000000000e+00 
  439       1.118291870486e-13       1.624080660660e-15      -7.572822698564e-16       8.179199001352e-16       0.000000000000e+00       0.000000000000e+00       0.000000000000e+00 
  440       1.097303265193e-13       1.628590457067e-15      -6.154897360874e-16       8.132237285097e-16       0.000000000000e+00       0.000000000000e+00       0.000000000000e+00 
  441       1.077101213086e-13       1.632626359654e-15      -4.697583464347e-16       8.084231678898e-16       0.000000000000e+00       0.000000000000e+00       0.000000000000e+00 
  442       1.057683431777e-13       1.636184817597e-15      -3.203572312865e-16       8.035227471579e-16       0.000000000000e+00       0.000000000000e+00       0.000000000000e+00 
  443       1.039047425241e-13       1.639262303200e-15      -1.675609585076e-16       7.985270885830e-16       0.000000000000e+00       0.000000000000e+00       0.000000000000e+00 
  444       1.021190482264e-13       1.641855312184e-15      -1.164956503725e-17       7.934409083607e-16       0.000000000000e+00       0.000000000000e+00       0.000000000000e+00 
  445       1.004109674878e-13       1.643960363981e-15       1.470914115127e-16       7.882690171525e-16       0.000000000000e+00       0.000000000000e+00       0.000000000000e+00 
  446       9.878018568098e-14       1.645574002025e-15       3.083709012599e-16       7.830163206259e-16       0.000000000000e+00       0.000000000000e+00       0.000000000000e+00 
  447       9.722636619217e-14       1.646692794044e-15       4.718922704536e-16       7.776878199934e-16       0.000000000000e+00       0.000000000000e+00       0.000000000000e+00 
  448       9.574915026540e-14       1.647313332351e-15       6.373532898767e-16       7.722886125528e-16       0.000000000000e+00       0.000000000000e+00       0.000000000000e+00 
  449       9.434815684684e-14       1.647432234138e-15       8.044461032474e-16       7.668238922263e-16       0.000000000000e+00       0.000000000000e+00       0.000000000000e+00 
  450       9.302298242904e-14       1.647046141766e-15       9.728571956219e-16       7.612989501002e-16       0.000000000000e+00       0.000000000000e+00       0.000000000000e+00 
  451       9.177320089519e-14       1.646151723058e-15       1.142267361796e-15       7.557191749648e-16       0.000000000000e+00       0.000000000000e+00       0.000000000000e+00 
  452       9.059836336345e-14       1.644745671590e-15       1.312351674706e-15       7.500900538537e-16       0.000000000000e+00       0.000000000000e+00       0.000000000000e+00 
  453       8.949799803118e-14       1.642824706983e-15       1.482779453835e-15       7.444171725838e-16       0.000000000000e+00       0.000000000000e+00       0.000000000000e+00 
  454       8.847161001923e-14       1.640385575197e-15       1.653214233608e-15       7.387062162944e-16       0.000000000000e+00       0.000000000000e+00       0.000000000000e+00 
  455       8.751868121621e-14       1.637425048817e-15       1.823313731801e-15       7.329629699873e-16       0.000000000000e+00       0.000000000000e+00       0.000000000000e+00 
  456       8.663867012279e-14       1.633939927352e-15       1.992729817938e-15       7.271933190662e-16       0.000000000000e+00       0.000000000000e+00       0.000000000000e+00 
  457       8.583101169594e-14       1.629927037524e-15       2.161108481694e-15       7.214032498762e-16       0.000000000000e+00       0.000000000000e+00       0.000000000000e+00 
  458       8.509511719324e-14       1.625383233558e-15       2.328089801301e-15       7.155988502437e-16       0.000000000000e+00       0.000000000000e+00       0.000000000000e+00 
  459       8.443037401712e-14       1.620305397476e-15       2.493307911944e-15       7.097863100160e-16       0.000000000000e+00       0.000000000000e+00       0.000000000000e+00 
  460       8.383614555917e-14       1.614690439387e-15       2.656390974168e-15       7.039719216006e-16       0.000000000000e+00       0.000000000000e+00       0.000000000000e+00 
  461       8.331177104441e-14       1.608535297784e-15       2.816961142275e-15       6.981620805051e-16       0.000000000000e+00       0.000000000000e+00       0.000000000000e+00 
  462       8.285656537553e-14       1.601836939827e-15       2.974634532733e-15       6.923632858770e-16       0.000000000000e+00       0.000000000000e+00       0.000000000000e+00 
  463       8.246981897722e-14       1.594592361644e-15       3.129021192571e-15       6.865821410427e-16       0.000000000000e+00       0.000000000000e+00       0.000000000000e+00 
  464       8.215079764040e-14       1.586798588617e-15       3.279725067785e-15       6.808253540478e-16       0.000000000000e+00       0.000000000000e+00       0.000000000000e+00 
  465       8.189874236653e-14       1.578452675675e-15       3.426343971739e-15       6.750997381962e-16       0.000000000000e+00       0.000000000000e+00       0.000000000000e+00 
  466       8.171269946002e-14       1.569554725005e-15       3.568535313399e-15       6.694113453312e-16       0.000000000000e+00       0.000000000000e+00       0.000000000000e+00 
  467       8.159100528863e-14       1.560117042189e-15       3.706215603077e-15       6.637628348206e-16       0.000000000000e+00       0.000000000000e+00       0.000000000000e+00 
  468       8.153178514144e-14       1.550155266305e-15       3.839367108891e-15       6.581560235487e-16       0.000000000000e+00       0.000000000000e+00       0.000000000000e+00 
  469       8.153312127894e-14       1.539685380282e-15       3.967972664246e-15       6.525927458155e-16       0.000000000000e+00       0.000000000000e+00       0.000000000000e+00 
  470       8.159305268374e-14       1.528723712855e-15       4.092015672496e-15       6.470748533988e-16       0.000000000000e+00       0.000000000000e+00       0.000000000000e+00 
  471       8.170957481115e-14       1.517286940523e-15       4.211480111606e-15       6.416042156152e-16       0.000000000000e+00       0.000000000000e+00       0.000000000000e+00 
  472       8.188063933998e-14       1.505392089502e-15       4.326350538819e-15       6.361827193815e-16       0.000000000000e+00       0.000000000000e+00       0.000000000000e+00 
  473       8.210415392309e-14       1.493056537685e-15       4.436612095314e-15       6.308122692765e-16       0.000000000000e+00       0.000000000000e+00       0.000000000000e+00 
  474       8.237798193814e-14       1.480298016592e-15       4.542250510873e-15       6.254947876019e-16       0.000000000000e+00       0.000000000000e+00       0.000000000000e+00 
  475       8.269994223824e-14       1.467134613330e-15       4.643252108541e-15       6.202322144439e-16       0.000000000000e+00       0.000000000000e+00       0.000000000000e+00 
  476       8.306780890262e-14       1.453584772547e-15       4.739603809291e-15       6.150265077349e-16       0.000000000000e+00       0.000000000000e+00       0.000000000000e+00 
  477       8.347931098729e-14       1.439667298387e-15       4.831293136685e-15       6.098796433143e-16       0.000000000000e+00       0.000000000000e+00       0.000000000000e+00 
  478       8.393213227575e-14       1.425401356450e-15       4.918308221540e-15       6.047936149903e-16       0.000000000000e+00       0.000000000000e+00       0.000000000000e+00 
  479       8.442391102961e-14       1.410806475742e-15       5.000637806588e-15       5.997704346015e-16       0.000000000000e+00       0.000000000000e+00       0.000000000000e+00 
  480       8.495223973930e-14       1.395902550632e-15       5.078271251140e-15       5.948121320778e-16       0.000000000000e+00       0.000000000000e+00       0.000000000000e+00 
  481       8.551466487474e-14       1.380709842812e-15       5.151198535750e-15       5.899207555019e-16       0.000000000000e+00       0.000000000000e+00       0.000000000000e+00 
  482       8.610868663600e-14       1.365248983248e-15       5.219410266877e-15       5.850983711712e-16       0.000000000000e+00       0.000000000000e+00       0.000000000000e+00 
  483       8.673175870397e-14       1.349540974137e-15       5.282897681547e-15       5.803470636585e-16       0.000000000000e+00       0.000000000000e+00       0.000000000000e+00 
  484       8.738128799104e-14       1.333607190865e-15       5.341652652017e-15       5.756689358741e-16       0.000000000000e+00       0.000000000000e+00       0.000000000000e+00 
  485       8.805463439178e-14       1.317469383958e-15       5.395667690441e-15       5.710661091264e-16       0.000000000000e+00       0.000000000000e+00       0.000000000000e+00 
  486       8.874911053359e-14       1.301149681042e-15       5.444935953526e-15       5.665407231842e-16       0.000000000000e+00       0.000000000000e+00       0.000000000000e+00 
  487       8.946198152739e-14       1.284670588798e-15       5.489451247201e-15       5.620949363374e-16       0.000000000000e+00       0.000000000000e+00       0.000000000000e+00 
  488       9.019046471829e-14       1.268054994915e-15       5.529208031278e-15       5.577309254586e-16       0.000000000000e+00       0.000000000000e+00       0.000000000000e+00 
  489       9.093172943625e-14       1.251326170050e-15       5.564201424114e-15       5.534508860647e-16       0.000000000000e+00       0.000000000000e+00       0.000000000000e+00 
  490       9.168289674678e-14       1.234507769780e-15       5.594427207277e-15       5.492570323781e-16       0.000000000000e+00       0.000000000000e+00       0.000000000000e+00 
  491       9.244103920157e-14       1.217623836559e-15       5.619881830204e-15       5.451515973882e-16       0.000000000000e+00       0.000000000000e+00       0.000000000000e+00 
  492       9.320318058921e-14       1.200698801673e-15       5.640562414869e-15       5.411368329128e-16       0.000000000000e+00       0.000000000000e+00       0.000000000000e+00 
  493       9.396629568581e-14       1.183757487199e-15       5.656466760443e-15       5.372150096592e-16       0.000000000000e+00       0.000000000000e+00       0.000000000000e+00 
  494       9.472731000573e-14       1.166825107957e-15       5.667593347959e-15       5.333884172863e-16       0.000000000000e+00       0.000000000000e+00       0.000000000000e+00 
  495       9.548309955219e-14       1.149927273466e-15       5.673941344970e-15       5.296593644651e-16       0.000000000000e+00       0.000000000000e+00       0.000000000000e+00 
  496       9.623049056801e-14       1.133089989902e-15       5.675510610221e-15       5.260301789409e-16       0.000000000000e+00       0.000000000000e+00       0.000000000000e+00 
  497       9.696625928623e-14       1.116339662051e-15       5.672301698304e-15       5.225032075944e-16       0.000000000000e+00       0.000000000000e+00       0.000000000000e+00 
  498       9.768713168078e-14       1.099703095269e-15       5.664315864323e-15       5.190808165027e-16       0.000000000000e+00       0.000000000000e+00       0.000000000000e+00 
  499       9.838978321721e-14       1.083207497430e-15       5.651555068560e-15       5.157653910015e-16       0.000000000000e+00       0.000000000000e+00       0.000000000000e+00 
  500       9.907083860328e-14       1.066880480892e-15       5.634021981133e-15       5.125593357459e-16       0.000000000000e+00       0.000000000000e+00       0.000000000000e+00 
