# dimensionless [l(l+1)/2pi] C_l's for tensor mode
# for l=2 to 500, i.e. number of multipoles equal to 499
#
# -> if you prefer output in CAMB/HealPix/LensPix units/order, set 'format' to 'camb' in input file
# -> if you don't want to see such a header, set 'headers' to 'no' in input file
# -> for CMB lensing (phi), these are C_l^phi-phi for the lensing potential.
#    Remember the conversion factors:
#    C_l^dd (deflection) = l(l+1) C_l^phi-phi
#    C_l^gg (shear/convergence) = 1/4 (l(l+1))^2 C_l^phi-phi
#
# 1:l     2:TT                     3:EE                     4:TE                     5:BB                     6:phiphi                 7:TPhi                   8:Ephi               
    2       1.421814007049e-10       2.679760598536e-15       1.648993273405e-13       4.782451445075e-15       0.000000000000e+00       0.000000000000e+00       0.000000000000e+00 
    3       1.090141369880e-10       2.845891803072e-15      -9.296826781127e-15       4.826041849839e-15       0.000000000000e+00       0.000000000000e+00       0.000000000000e+00 
    4       9.773960834971e-11       2.619402352661e-15      -6.179109413829e-14       4.206030875041e-15       0.000000000000e+00       0.000000000000e+00       0.000000000000e+00 
    5       9.301916818201e-11       2.099870249138e-15      -7.261221724325e-14       3.301924783643e-15       0.000000000000e+00       0.000000000000e+00       0.000000000000e+00 
    6       9.023148879606e-11       1.517642141884e-15      -6.894831914448e-14       2.401074777302e-15       0.000000000000e+00       0.000000000000e+00       0.000000000000e+00 
    7       8.846726677686e-11       1.035126491862e-15      -6.111216097019e-14       1.662916397113e-15       0.000000000000e+00       0.000000000000e+00       0.000000000000e+00 
    8       8.727421458501e-11       7.196938697872e-16      -5.366518514063e-14       1.141867222253e-15       0.000000000000e+00       0.000000000000e+00       0.000000000000e+00 
    9       8.640695084533e-11       5.676982131102e-16      -4.831246137386e-14       8.271867116092e-16       0.000000000000e+00       0.000000000000e+00       0.000000000000e+00 
   10       8.572377779483e-11       5.403553484896e-16      -4.539803447392e-14       6.778697643970e-16       0.000000000000e+00       0.000000000000e+00       0.000000000000e+00 
   11       8.514162109040e-11       5.925053576307e-16      -4.469827878212e-14       6.461134708396e-16       0.000000000000e+00       0.000000000000e+00       0.000000000000e+00 
   12       8.461213048493e-11       6.880710512178e-16      -4.582470866102e-14       6.901903692568e-16       0.000000000000e+00       0.000000000000e+00       0.000000000000e+00 
   13       8.410661567804e-11       8.045744805904e-16      -4.838661154704e-14       7.791115821670e-16       0.000000000000e+00       0.000000000000e+00       0.000000000000e+00 
   14       8.360730851265e-11       9.308564817138e-16      -5.207090075765e-14       8.927825765326e-16       0.000000000000e+00       0.000000000000e+00       0.000000000000e+00 
   15       8.310301500577e-11       1.062899450032e-15      -5.665297761192e-14       1.019647771257e-15       0.000000000000e+00       0.000000000000e+00       0.000000000000e+00 
   16       8.258702846867e-11       1.199811312130e-15      -6.197254524031e-14       1.154148326360e-15       0.000000000000e+00       0.000000000000e+00       0.000000000000e+00 
   17       8.205569366805e-11       1.342269126335e-15      -6.791708602688e-14       1.293492967309e-15       0.000000000000e+00       0.000000000000e+00       0.000000000000e+00 
   18       8.150125920486e-11       1.490182230760e-15      -7.440574510468e-14       1.437242242830e-15       0.000000000000e+00       0.000000000000e+00       0.000000000000e+00 
   19       8.094101898441e-11       1.643481151911e-15      -8.139085547548e-14       1.585178924345e-15       0.000000000000e+00       0.000000000000e+00       0.000000000000e+00 
   20       8.035570338679e-11       1.802261012322e-15      -8.881096506379e-14       1.737096995377e-15       0.000000000000e+00       0.000000000000e+00       0.000000000000e+00 
   21       7.975583479722e-11       1.966276981660e-15      -9.663082205838e-14       1.892879007560e-15       0.000000000000e+00       0.000000000000e+00       0.000000000000e+00 
   22       7.913593504933e-11       2.135203842859e-15      -1.048137007398e-13       2.052505344536e-15       0.000000000000e+00       0.000000000000e+00       0.000000000000e+00 
   23       7.850346855517e-11       2.308874984420e-15      -1.133274604099e-13       2.215865211859e-15       0.000000000000e+00       0.000000000000e+00       0.000000000000e+00 
   24       7.785238900073e-11       2.487232485575e-15      -1.221357042203e-13       2.382845995206e-15       0.000000000000e+00       0.000000000000e+00       0.000000000000e+00 
   25       7.718859420383e-11       2.670338016613e-15      -1.312080904994e-13       2.553248318153e-15       0.000000000000e+00       0.000000000000e+00       0.000000000000e+00 
   26       7.650875510645e-11       2.858311865668e-15      -1.405132773000e-13       2.726869758808e-15       0.000000000000e+00       0.000000000000e+00       0.000000000000e+00 
   27       7.581533557039e-11       3.051139303952e-15      -1.500250132849e-13       2.903545299849e-15       0.000000000000e+00       0.000000000000e+00       0.000000000000e+00 
   28       7.510435482464e-11       3.248746231940e-15      -1.597172449002e-13       3.083121512361e-15       0.000000000000e+00       0.000000000000e+00       0.000000000000e+00 
   29       7.438365605526e-11       3.450920570281e-15      -1.695668032060e-13       3.265358433243e-15       0.000000000000e+00       0.000000000000e+00       0.000000000000e+00 
   30       7.365409758403e-11       3.657381929518e-15      -1.795500008881e-13       3.449988337339e-15       0.000000000000e+00       0.000000000000e+00       0.000000000000e+00 
   31       7.290749737890e-11       3.867833725505e-15      -1.896424476581e-13       3.636747103969e-15       0.000000000000e+00       0.000000000000e+00       0.000000000000e+00 
   32       7.214905351681e-11       4.082048867193e-15      -1.998234988914e-13       3.825399028316e-15       0.000000000000e+00       0.000000000000e+00       0.000000000000e+00 
   33       7.138106147496e-11       4.299813696427e-15      -2.100734807086e-13       4.015721867608e-15       0.000000000000e+00       0.000000000000e+00       0.000000000000e+00 
   34       7.059973818913e-11       4.520907089217e-15      -2.203728354269e-13       4.207490593663e-15       0.000000000000e+00       0.000000000000e+00       0.000000000000e+00 
   35       6.980840670729e-11       4.745107751257e-15      -2.307030213318e-13       4.400441488898e-15       0.000000000000e+00       0.000000000000e+00       0.000000000000e+00 
   36       6.900743146456e-11       4.972188296589e-15      -2.410460189705e-13       4.594295036205e-15       0.000000000000e+00       0.000000000000e+00       0.000000000000e+00 
   37       6.819333570592e-11       5.201918469137e-15      -2.513835348860e-13       4.788778151552e-15       0.000000000000e+00       0.000000000000e+00       0.000000000000e+00 
   38       6.737036296508e-11       5.434084980849e-15      -2.616948765743e-13       4.983669830302e-15       0.000000000000e+00       0.000000000000e+00       0.000000000000e+00 
   39       6.654173457334e-11       5.668477692495e-15      -2.719584185361e-13       5.178770945915e-15       0.000000000000e+00       0.000000000000e+00       0.000000000000e+00 
   40       6.570592808464e-11       5.904884117503e-15      -2.821521802964e-13       5.373892804800e-15       0.000000000000e+00       0.000000000000e+00       0.000000000000e+00 
   41       6.485901177831e-11       6.143105917072e-15      -2.922577727221e-13       5.568836775325e-15       0.000000000000e+00       0.000000000000e+00       0.000000000000e+00 
   42       6.400373959876e-11       6.383015170764e-15      -3.022737599339e-13       5.763323761422e-15       0.000000000000e+00       0.000000000000e+00       0.000000000000e+00 
   43       6.314259252136e-11       6.624516194843e-15      -3.122066626142e-13       5.957042776993e-15       0.000000000000e+00       0.000000000000e+00       0.000000000000e+00 
   44       6.227491954183e-11       6.867531481017e-15      -3.220676710640e-13       6.149669105387e-15       0.000000000000e+00       0.000000000000e+00       0.000000000000e+00 
   45       6.139862369995e-11       7.111966936249e-15      -3.318655074162e-13       6.340880013220e-15       0.000000000000e+00       0.000000000000e+00       0.000000000000e+00 
   46       6.051651862716e-11       7.357592854494e-15      -3.415818109606e-13       6.530409480895e-15       0.000000000000e+00       0.000000000000e+00       0.000000000000e+00 
   47       5.963136893956e-11       7.604129060509e-15      -3.511888680072e-13       6.718008400052e-15       0.000000000000e+00       0.000000000000e+00       0.000000000000e+00 
   48       5.874389616463e-11       7.851276547928e-15      -3.606562448575e-13       6.903429544553e-15       0.000000000000e+00       0.000000000000e+00       0.000000000000e+00 
   49       5.785259693845e-11       8.098716419397e-15      -3.699506393407e-13       7.086427680825e-15       0.000000000000e+00       0.000000000000e+00       0.000000000000e+00 
   50       5.695513794858e-11       8.346118142613e-15      -3.790385730148e-13       7.266760970009e-15       0.000000000000e+00       0.000000000000e+00       0.000000000000e+00 
   51       5.605340892677e-11       8.593169419311e-15      -3.878956737127e-13       7.444195367094e-15       0.000000000000e+00       0.000000000000e+00       0.000000000000e+00 
   52       5.514952697677e-11       8.839552591825e-15      -3.964996560094e-13       7.618501606617e-15       0.000000000000e+00       0.000000000000e+00       0.000000000000e+00 
   53       5.424427465548e-11       9.084935429045e-15      -4.048276863410e-13       7.789454182316e-15       0.000000000000e+00       0.000000000000e+00       0.000000000000e+00 
   54       5.333699236990e-11       9.328970504945e-15      -4.128563682189e-13       7.956831518262e-15       0.000000000000e+00       0.000000000000e+00       0.000000000000e+00 
   55       5.242653224237e-11       9.571322397727e-15      -4.205642488536e-13       8.120424598427e-15       0.000000000000e+00       0.000000000000e+00       0.000000000000e+00 
   56       5.151464370263e-11       9.811758623487e-15      -4.279401020961e-13       8.280064973753e-15       0.000000000000e+00       0.000000000000e+00       0.000000000000e+00 
   57       5.060324047445e-11       1.005008020386e-14      -4.349766772589e-13       8.435604012400e-15       0.000000000000e+00       0.000000000000e+00       0.000000000000e+00 
   58       4.969334799036e-11       1.028609627697e-14      -4.416684396220e-13       8.586905540692e-15       0.000000000000e+00       0.000000000000e+00       0.000000000000e+00 
   59       4.878503714456e-11       1.051962455987e-14      -4.480116538842e-13       8.733846343802e-15       0.000000000000e+00       0.000000000000e+00       0.000000000000e+00 
   60       4.787735804592e-11       1.075049181097e-14      -4.540044676144e-13       8.876316666445e-15       0.000000000000e+00       0.000000000000e+00       0.000000000000e+00 
   61       4.696915031873e-11       1.097852998605e-14      -4.596456791706e-13       9.014215814334e-15       0.000000000000e+00       0.000000000000e+00       0.000000000000e+00 
   62       4.606183641353e-11       1.120356265166e-14      -4.649305294993e-13       9.147436672158e-15       0.000000000000e+00       0.000000000000e+00       0.000000000000e+00 
   63       4.515714058172e-11       1.142541632880e-14      -4.698541095472e-13       9.275878583163e-15       0.000000000000e+00       0.000000000000e+00       0.000000000000e+00 
   64       4.425622998078e-11       1.164392484961e-14      -4.744126333265e-13       9.399452280132e-15       0.000000000000e+00       0.000000000000e+00       0.000000000000e+00 
   65       4.335967623943e-11       1.185892968319e-14      -4.786034796254e-13       9.518080230623e-15       0.000000000000e+00       0.000000000000e+00       0.000000000000e+00 
   66       4.246741702272e-11       1.207028026141e-14      -4.824252337186e-13       9.631696982208e-15       0.000000000000e+00       0.000000000000e+00       0.000000000000e+00 
   67       4.157871759725e-11       1.227783430469e-14      -4.858777290773e-13       9.740249507716e-15       0.000000000000e+00       0.000000000000e+00       0.000000000000e+00 
   68       4.069277151755e-11       1.248145150616e-14      -4.889615141955e-13       9.843690150648e-15       0.000000000000e+00       0.000000000000e+00       0.000000000000e+00 
   69       3.981072993669e-11       1.268097236975e-14      -4.916760343777e-13       9.941953029829e-15       0.000000000000e+00       0.000000000000e+00       0.000000000000e+00 
   70       3.893401633069e-11       1.287623564970e-14      -4.940211547713e-13       1.003497345195e-14       0.000000000000e+00       0.000000000000e+00       0.000000000000e+00 
   71       3.806370206624e-11       1.306708476602e-14      -4.959977291771e-13       1.012269504157e-14       0.000000000000e+00       0.000000000000e+00       0.000000000000e+00 
   72       3.720048431169e-11       1.325336796038e-14      -4.976076270567e-13       1.020506989708e-14       0.000000000000e+00       0.000000000000e+00       0.000000000000e+00 
   73       3.634466394794e-11       1.343493845207e-14      -4.988537605403e-13       1.028205874670e-14       0.000000000000e+00       0.000000000000e+00       0.000000000000e+00 
   74       3.549612347948e-11       1.361165459393e-14      -4.997401114340e-13       1.035363110446e-14       0.000000000000e+00       0.000000000000e+00       0.000000000000e+00 
   75       3.465430494528e-11       1.378338002833e-14      -5.002717582276e-13       1.041976542619e-14       0.000000000000e+00       0.000000000000e+00       0.000000000000e+00 
   76       3.381863081274e-11       1.394998500639e-14      -5.004541997902e-13       1.048044774772e-14       0.000000000000e+00       0.000000000000e+00       0.000000000000e+00 
   77       3.298990409714e-11       1.411135027895e-14      -5.002911243780e-13       1.053566696787e-14       0.000000000000e+00       0.000000000000e+00       0.000000000000e+00 
   78       3.216912461557e-11       1.426736420173e-14      -4.997862809712e-13       1.058541898471e-14       0.000000000000e+00       0.000000000000e+00       0.000000000000e+00 
   79       3.135705585941e-11       1.441792181188e-14      -4.989441588764e-13       1.062970825984e-14       0.000000000000e+00       0.000000000000e+00       0.000000000000e+00 
   80       3.055421198897e-11       1.456292500774e-14      -4.977700003117e-13       1.066854794331e-14       0.000000000000e+00       0.000000000000e+00       0.000000000000e+00 
   81       2.976084482818e-11       1.470228272865e-14      -4.962698129923e-13       1.070195999843e-14       0.000000000000e+00       0.000000000000e+00       0.000000000000e+00 
   82       2.897693085932e-11       1.483591113473e-14      -4.944503827163e-13       1.072997532665e-14       0.000000000000e+00       0.000000000000e+00       0.000000000000e+00 
   83       2.820215821761e-11       1.496373378670e-14      -4.923192859500e-13       1.075263389244e-14       0.000000000000e+00       0.000000000000e+00       0.000000000000e+00 
   84       2.743620866560e-11       1.508567966199e-14      -4.898843832582e-13       1.076998092571e-14       0.000000000000e+00       0.000000000000e+00       0.000000000000e+00 
   85       2.667968571322e-11       1.520167643154e-14      -4.871521755374e-13       1.078205453223e-14       0.000000000000e+00       0.000000000000e+00       0.000000000000e+00 
   86       2.593331723115e-11       1.531165639294e-14      -4.841291970887e-13       1.078889624870e-14       0.000000000000e+00       0.000000000000e+00       0.000000000000e+00 
   87       2.519766622223e-11       1.541555867623e-14      -4.808225143483e-13       1.079055484057e-14       0.000000000000e+00       0.000000000000e+00       0.000000000000e+00 
   88       2.447312277384e-11       1.551332938741e-14      -4.772397297474e-13       1.078708636100e-14       0.000000000000e+00       0.000000000000e+00       0.000000000000e+00 
   89       2.375989601021e-11       1.560492175181e-14      -4.733889855726e-13       1.077855420981e-14       0.000000000000e+00       0.000000000000e+00       0.000000000000e+00 
   90       2.305800604470e-11       1.569029625756e-14      -4.692789678263e-13       1.076502919241e-14       0.000000000000e+00       0.000000000000e+00       0.000000000000e+00 
   91       2.236727593219e-11       1.576942079900e-14      -4.649189100867e-13       1.074658957873e-14       0.000000000000e+00       0.000000000000e+00       0.000000000000e+00 
   92       2.168732362134e-11       1.584227082013e-14      -4.603185973680e-13       1.072332116220e-14       0.000000000000e+00       0.000000000000e+00       0.000000000000e+00 
   93       2.101779626025e-11       1.590882651884e-14      -4.554878424561e-13       1.069531303271e-14       0.000000000000e+00       0.000000000000e+00       0.000000000000e+00 
   94       2.035913090380e-11       1.596906366708e-14      -4.504348164366e-13       1.066264404060e-14       0.000000000000e+00       0.000000000000e+00       0.000000000000e+00 
   95       1.971189386974e-11       1.602296166885e-14      -4.451674730466e-13       1.062539439638e-14       0.000000000000e+00       0.000000000000e+00       0.000000000000e+00 
   96       1.907654392195e-11       1.607050647801e-14      -4.396940504918e-13       1.058364977533e-14       0.000000000000e+00       0.000000000000e+00       0.000000000000e+00 
   97       1.845342754945e-11       1.611169070142e-14      -4.340230680654e-13       1.053750131764e-14       0.000000000000e+00       0.000000000000e+00       0.000000000000e+00 
   98       1.784277424551e-11       1.614651370198e-14      -4.281633227669e-13       1.048704562850e-14       0.000000000000e+00       0.000000000000e+00       0.000000000000e+00 
   99       1.724469178672e-11       1.617498170176e-14      -4.221238859212e-13       1.043238477818e-14       0.000000000000e+00       0.000000000000e+00       0.000000000000e+00 
  100       1.665916151203e-11       1.619710788505e-14      -4.159140997979e-13       1.037362630219e-14       0.000000000000e+00       0.000000000000e+00       0.000000000000e+00 
  101       1.608603360181e-11       1.621291250148e-14      -4.095435742299e-13       1.031088320135e-14       0.000000000000e+00       0.000000000000e+00       0.000000000000e+00 
  102       1.552502235697e-11       1.622242296907e-14      -4.030221832325e-13       1.024427394191e-14       0.000000000000e+00       0.000000000000e+00       0.000000000000e+00 
  103       1.497570147796e-11       1.622567397733e-14      -3.963600616226e-13       1.017392245566e-14       0.000000000000e+00       0.000000000000e+00       0.000000000000e+00 
  104       1.443768380153e-11       1.622270451209e-14      -3.895672290074e-13       1.009995358081e-14       0.000000000000e+00       0.000000000000e+00       0.000000000000e+00 
  105       1.391119833076e-11       1.621354825009e-14      -3.826524111860e-13       1.002247868307e-14       0.000000000000e+00       0.000000000000e+00       0.000000000000e+00 
  106       1.339658271512e-11       1.619824205298e-14      -3.756240524919e-13       9.941608083382e-15       0.000000000000e+00       0.000000000000e+00       0.000000000000e+00 
  107       1.289410309196e-11       1.617682899813e-14      -3.684906668204e-13       9.857455394231e-15       0.000000000000e+00       0.000000000000e+00       0.000000000000e+00 
  108       1.240395139270e-11       1.614935844791e-14      -3.612608301524e-13       9.770137469694e-15       0.000000000000e+00       0.000000000000e+00       0.000000000000e+00 
  109       1.192624264881e-11       1.611588611894e-14      -3.539431730790e-13       9.679774355428e-15       0.000000000000e+00       0.000000000000e+00       0.000000000000e+00 
  110       1.146101229792e-11       1.607647415134e-14      -3.465463733250e-13       9.586489238681e-15       0.000000000000e+00       0.000000000000e+00       0.000000000000e+00 
  111       1.100821348992e-11       1.603119117799e-14      -3.390791482740e-13       9.490408398294e-15       0.000000000000e+00       0.000000000000e+00       0.000000000000e+00 
  112       1.056771439299e-11       1.598011239381e-14      -3.315502474915e-13       9.391661154714e-15       0.000000000000e+00       0.000000000000e+00       0.000000000000e+00 
  113       1.013929549969e-11       1.592331962501e-14      -3.239684452499e-13       9.290379819990e-15       0.000000000000e+00       0.000000000000e+00       0.000000000000e+00 
  114       9.722646933025e-12       1.586090139832e-14      -3.163425330525e-13       9.186699647789e-15       0.000000000000e+00       0.000000000000e+00       0.000000000000e+00 
  115       9.317365752543e-12       1.579295301028e-14      -3.086813121571e-13       9.080758783396e-15       0.000000000000e+00       0.000000000000e+00       0.000000000000e+00 
  116       8.923082627458e-12       1.571957233654e-14      -3.009933882171e-13       8.972694358558e-15       0.000000000000e+00       0.000000000000e+00       0.000000000000e+00 
  117       8.539865087691e-12       1.564084653367e-14      -2.932865428588e-13       8.862630344268e-15       0.000000000000e+00       0.000000000000e+00       0.000000000000e+00 
  118       8.167858469974e-12       1.555686384306e-14      -2.855682713055e-13       8.750688120350e-15       0.000000000000e+00       0.000000000000e+00       0.000000000000e+00 
  119       7.807159404425e-12       1.546771773749e-14      -2.778459642993e-13       8.636990115313e-15       0.000000000000e+00       0.000000000000e+00       0.000000000000e+00 
  120       7.457814264448e-12       1.537350695267e-14      -2.701268988762e-13       8.521659722269e-15       0.000000000000e+00       0.000000000000e+00       0.000000000000e+00 
  121       7.119817616633e-12       1.527433551888e-14      -2.624182291402e-13       8.404821214853e-15       0.000000000000e+00       0.000000000000e+00       0.000000000000e+00 
  122       6.793110670662e-12       1.517031279252e-14      -2.547269770379e-13       8.286599663142e-15       0.000000000000e+00       0.000000000000e+00       0.000000000000e+00 
  123       6.477579729210e-12       1.506155348777e-14      -2.470600231335e-13       8.167120849576e-15       0.000000000000e+00       0.000000000000e+00       0.000000000000e+00 
  124       6.173054637847e-12       1.494817770809e-14      -2.394240973825e-13       8.046511184874e-15       0.000000000000e+00       0.000000000000e+00       0.000000000000e+00 
  125       5.879307234938e-12       1.483031097790e-14      -2.318257699068e-13       7.924897623960e-15       0.000000000000e+00       0.000000000000e+00       0.000000000000e+00 
  126       5.596049801553e-12       1.470808427413e-14      -2.242714417694e-13       7.802407581877e-15       0.000000000000e+00       0.000000000000e+00       0.000000000000e+00 
  127       5.322933511360e-12       1.458163405782e-14      -2.167673357481e-13       7.679168849708e-15       0.000000000000e+00       0.000000000000e+00       0.000000000000e+00 
  128       5.059546880534e-12       1.445110230571e-14      -2.093194871110e-13       7.555309510499e-15       0.000000000000e+00       0.000000000000e+00       0.000000000000e+00 
  129       4.805512786856e-12       1.431663126562e-14      -2.019337611809e-13       7.430955061972e-15       0.000000000000e+00       0.000000000000e+00       0.000000000000e+00 
  130       4.560794852855e-12       1.417834700499e-14      -1.946159278039e-13       7.306219606402e-15       0.000000000000e+00       0.000000000000e+00       0.000000000000e+00 
  131       4.325421900367e-12       1.403637410889e-14      -1.873715776541e-13       7.181213530869e-15       0.000000000000e+00       0.000000000000e+00       0.000000000000e+00 
  132       4.099391557714e-12       1.389084078838e-14      -1.802060872305e-13       7.056046110778e-15       0.000000000000e+00       0.000000000000e+00       0.000000000000e+00 
  133       3.882669414923e-12       1.374187887431e-14      -1.731246098234e-13       6.930825405794e-15       0.000000000000e+00       0.000000000000e+00       0.000000000000e+00 
  134       3.675188178960e-12       1.358962381122e-14      -1.661320664801e-13       6.805658155773e-15       0.000000000000e+00       0.000000000000e+00       0.000000000000e+00 
  135       3.476846828951e-12       1.343421465111e-14      -1.592331369717e-13       6.680649676695e-15       0.000000000000e+00       0.000000000000e+00       0.000000000000e+00 
  136       3.287509771418e-12       1.327579404734e-14      -1.524322507590e-13       6.555903756595e-15       0.000000000000e+00       0.000000000000e+00       0.000000000000e+00 
  137       3.107005995500e-12       1.311450824842e-14      -1.457335779591e-13       6.431522551499e-15       0.000000000000e+00       0.000000000000e+00       0.000000000000e+00 
  138       2.935128228181e-12       1.295050709188e-14      -1.391410203110e-13       6.307606481355e-15       0.000000000000e+00       0.000000000000e+00       0.000000000000e+00 
  139       2.771632089522e-12       1.278394399810e-14      -1.326582021425e-13       6.184254125962e-15       0.000000000000e+00       0.000000000000e+00       0.000000000000e+00 
  140       2.616235247884e-12       1.261497596413e-14      -1.262884613360e-13       6.061562120910e-15       0.000000000000e+00       0.000000000000e+00       0.000000000000e+00 
  141       2.468616575158e-12       1.244376355757e-14      -1.200348402948e-13       5.939625053503e-15       0.000000000000e+00       0.000000000000e+00       0.000000000000e+00 
  142       2.328415301992e-12       1.227047091036e-14      -1.139000769096e-13       5.818535358702e-15       0.000000000000e+00       0.000000000000e+00       0.000000000000e+00 
  143       2.195230173020e-12       1.209526571266e-14      -1.078865955244e-13       5.698383215047e-15       0.000000000000e+00       0.000000000000e+00       0.000000000000e+00 
  144       2.068694245800e-12       1.191831293589e-14      -1.019967380241e-13       5.579255957319e-15       0.000000000000e+00       0.000000000000e+00       0.000000000000e+00 
  145       1.948709382053e-12       1.173975531760e-14      -9.623350184459e-14       5.461236468920e-15       0.000000000000e+00       0.000000000000e+00       0.000000000000e+00 
  146       1.835233375868e-12       1.155973093197e-14      -9.059985788672e-14       5.344404432438e-15       0.000000000000e+00       0.000000000000e+00       0.000000000000e+00 
  147       1.728205979431e-12       1.137837924605e-14      -8.509850934195e-14       5.228836692790e-15       0.000000000000e+00       0.000000000000e+00       0.000000000000e+00 
  148       1.627548492980e-12       1.119584107755e-14      -7.973188403880e-14       5.114607150384e-15       0.000000000000e+00       0.000000000000e+00       0.000000000000e+00 
  149       1.533163354775e-12       1.101225855261e-14      -7.450212678907e-14       5.001786654265e-15       0.000000000000e+00       0.000000000000e+00       0.000000000000e+00 
  150       1.444933731053e-12       1.082777506362e-14      -6.941109173403e-14       4.890442895280e-15       0.000000000000e+00       0.000000000000e+00       0.000000000000e+00 
  151       1.362723105991e-12       1.064253522703e-14      -6.446033469071e-14       4.780640299226e-15       0.000000000000e+00       0.000000000000e+00       0.000000000000e+00 
  152       1.286374871669e-12       1.045668484114e-14      -5.965110549811e-14       4.672439920008e-15       0.000000000000e+00       0.000000000000e+00       0.000000000000e+00 
  153       1.215711918032e-12       1.027037084387e-14      -5.498434036343e-14       4.565899332793e-15       0.000000000000e+00       0.000000000000e+00       0.000000000000e+00 
  154       1.150536222849e-12       1.008374127063e-14      -5.046065420833e-14       4.461072527166e-15       0.000000000000e+00       0.000000000000e+00       0.000000000000e+00 
  155       1.090628441676e-12       9.896945212033e-15      -4.608033301516e-14       4.358009800283e-15       0.000000000000e+00       0.000000000000e+00       0.000000000000e+00 
  156       1.035747497820e-12       9.710132771775e-15      -4.184332617320e-14       4.256757650031e-15       0.000000000000e+00       0.000000000000e+00       0.000000000000e+00 
  157       9.856301722945e-13       9.523455024381e-15      -3.774923882490e-14       4.157358668176e-15       0.000000000000e+00       0.000000000000e+00       0.000000000000e+00 
  158       9.399906937883e-13       9.337063973025e-15      -3.379732421211e-14       4.059851433523e-15       0.000000000000e+00       0.000000000000e+00       0.000000000000e+00 
  159       8.985203286217e-13       9.151112507331e-15      -2.998647602232e-14       3.964270405071e-15       0.000000000000e+00       0.000000000000e+00       0.000000000000e+00 
  160       8.608869707106e-13       8.965754361165e-15      -2.631522073492e-14       3.870645815166e-15       0.000000000000e+00       0.000000000000e+00       0.000000000000e+00 
  161       8.267883356394e-13       8.781138136141e-15      -2.278219677214e-14       3.779006749084e-15       0.000000000000e+00       0.000000000000e+00       0.000000000000e+00 
  162       7.961176900759e-13       8.597388866769e-15      -1.938765563759e-14       3.689390914142e-15       0.000000000000e+00       0.000000000000e+00       0.000000000000e+00 
  163       7.688120628322e-13       8.414624736821e-15      -1.613207951789e-14       3.601835534320e-15       0.000000000000e+00       0.000000000000e+00       0.000000000000e+00 
  164       7.447997967879e-13       8.232962798059e-15      -1.301570104645e-14       3.516374150080e-15       0.000000000000e+00       0.000000000000e+00       0.000000000000e+00 
  165       7.240003854779e-13       8.052518900727e-15      -1.003849788943e-14       3.433036526187e-15       0.000000000000e+00       0.000000000000e+00       0.000000000000e+00 
  166       7.063243096792e-13       7.873407624055e-15      -7.200187331693e-15       3.351848559516e-15       0.000000000000e+00       0.000000000000e+00       0.000000000000e+00 
  167       6.916728739987e-13       7.695742206748e-15      -4.500220862803e-15       3.272832186877e-15       0.000000000000e+00       0.000000000000e+00       0.000000000000e+00 
  168       6.799380434602e-13       7.519634477490e-15      -1.937778762958e-15       3.196005292822e-15       0.000000000000e+00       0.000000000000e+00       0.000000000000e+00 
  169       6.710022800920e-13       7.345194785436e-15       4.882353110264e-16       3.121381617464e-15       0.000000000000e+00       0.000000000000e+00       0.000000000000e+00 
  170       6.647383795143e-13       7.172531930710e-15       2.779199739757e-15       3.048970664293e-15       0.000000000000e+00       0.000000000000e+00       0.000000000000e+00 
  171       6.610093075264e-13       7.001753094902e-15       4.936780355294e-15       2.978777607992e-15       0.000000000000e+00       0.000000000000e+00       0.000000000000e+00 
  172       6.596680366939e-13       6.832963771566e-15       6.962935855187e-15       2.910803202249e-15       0.000000000000e+00       0.000000000000e+00       0.000000000000e+00 
  173       6.605573829367e-13       6.666267696716e-15       8.859923216509e-15       2.845043687575e-15       0.000000000000e+00       0.000000000000e+00       0.000000000000e+00 
  174       6.635098421156e-13       6.501766779319e-15       1.063030310989e-14       2.781490699119e-15       0.000000000000e+00       0.000000000000e+00       0.000000000000e+00 
  175       6.683474266202e-13       6.339561031800e-15       1.227694531356e-14       2.720131174483e-15       0.000000000000e+00       0.000000000000e+00       0.000000000000e+00 
  176       6.748815019561e-13       6.179748500530e-15       1.380303412736e-14       2.660947261539e-15       0.000000000000e+00       0.000000000000e+00       0.000000000000e+00 
  177       6.829126233319e-13       6.022425196329e-15       1.521207378680e-14       2.603916226242e-15       0.000000000000e+00       0.000000000000e+00       0.000000000000e+00 
  178       6.922303722473e-13       5.867685024962e-15       1.650789387708e-14       2.549010360447e-15       0.000000000000e+00       0.000000000000e+00       0.000000000000e+00 
  179       7.026131930799e-13       5.715619717630e-15       1.769465474714e-14       2.496196889723e-15       0.000000000000e+00       0.000000000000e+00       0.000000000000e+00 
  180       7.138616587456e-13       5.566315827495e-15       1.877621965541e-14       2.445445233366e-15       0.000000000000e+00       0.000000000000e+00       0.000000000000e+00 
  181       7.259015659781e-13       5.419845597436e-15       1.975420408851e-14       2.396749622333e-15       0.000000000000e+00       0.000000000000e+00       0.000000000000e+00 
  182       7.386887401828e-13       5.276275231221e-15       2.062978142212e-14       2.350108106328e-15       0.000000000000e+00       0.000000000000e+00       0.000000000000e+00 
  183       7.521763027903e-13       5.135667682526e-15       2.140430531477e-14       2.305515298528e-15       0.000000000000e+00       0.000000000000e+00       0.000000000000e+00 
  184       7.663146309710e-13       4.998082574618e-15       2.207931278941e-14       2.262962310480e-15       0.000000000000e+00       0.000000000000e+00       0.000000000000e+00 
  185       7.810513173500e-13       4.863576120050e-15       2.265652731492e-14       2.222436686996e-15       0.000000000000e+00       0.000000000000e+00       0.000000000000e+00 
  186       7.963311297220e-13       4.732201040349e-15       2.313786188773e-14       2.183922341048e-15       0.000000000000e+00       0.000000000000e+00       0.000000000000e+00 
  187       8.120959707652e-13       4.604006485707e-15       2.352542211334e-14       2.147399488664e-15       0.000000000000e+00       0.000000000000e+00       0.000000000000e+00 
  188       8.282848377572e-13       4.479037954671e-15       2.382150928787e-14       2.112844583822e-15       0.000000000000e+00       0.000000000000e+00       0.000000000000e+00 
  189       8.448337822884e-13       4.357337213833e-15       2.402862347962e-14       2.080230253347e-15       0.000000000000e+00       0.000000000000e+00       0.000000000000e+00 
  190       8.616758699779e-13       4.238942217520e-15       2.414946661062e-14       2.049525231804e-15       0.000000000000e+00       0.000000000000e+00       0.000000000000e+00 
  191       8.787411401873e-13       4.123887027486e-15       2.418694553821e-14       2.020694296397e-15       0.000000000000e+00       0.000000000000e+00       0.000000000000e+00 
  192       8.959565657358e-13       4.012201732599e-15       2.414417513655e-14       1.993698201859e-15       0.000000000000e+00       0.000000000000e+00       0.000000000000e+00 
  193       9.132460126151e-13       3.903912368536e-15       2.402448137823e-14       1.968493615354e-15       0.000000000000e+00       0.000000000000e+00       0.000000000000e+00 
  194       9.305301997036e-13       3.799040837468e-15       2.383140441576e-14       1.945033051366e-15       0.000000000000e+00       0.000000000000e+00       0.000000000000e+00 
  195       9.477266584814e-13       3.697604827754e-15       2.356870166318e-14       1.923264806597e-15       0.000000000000e+00       0.000000000000e+00       0.000000000000e+00 
  196       9.647496927451e-13       3.599617733629e-15       2.324035087758e-14       1.903132894865e-15       0.000000000000e+00       0.000000000000e+00       0.000000000000e+00 
  197       9.815103383223e-13       3.505088574895e-15       2.285055324069e-14       1.884576981995e-15       0.000000000000e+00       0.000000000000e+00       0.000000000000e+00 
  198       9.979163227862e-13       3.414021916614e-15       2.240373644037e-14       1.867532320715e-15       0.000000000000e+00       0.000000000000e+00       0.000000000000e+00 
  199       1.013872025171e-12       3.326417788791e-15       2.190455775224e-14       1.851929685555e-15       0.000000000000e+00       0.000000000000e+00       0.000000000000e+00 
  200       1.029278435685e-12       3.242271606074e-15       2.135790712118e-14       1.837695307737e-15       0.000000000000e+00       0.000000000000e+00       0.000000000000e+00 
  201       1.044048882226e-12       3.161577237400e-15       2.076826127762e-14       1.824761202744e-15       0.000000000000e+00       0.000000000000e+00       0.000000000000e+00 
  202       1.058157545559e-12       3.084336626331e-15       2.013768826422e-14       1.813097110501e-15       0.000000000000e+00       0.000000000000e+00       0.000000000000e+00 
  203       1.071594335974e-12       3.010550703836e-15       1.946770614711e-14       1.802680713818e-15       0.000000000000e+00       0.000000000000e+00       0.000000000000e+00 
  204       1.084349444240e-12       2.940216229547e-15       1.875992032590e-14       1.793487416616e-15       0.000000000000e+00       0.000000000000e+00       0.000000000000e+00 
  205       1.096413347918e-12       2.873325720760e-15       1.801602469717e-14       1.785490309532e-15       0.000000000000e+00       0.000000000000e+00       0.000000000000e+00 
  206       1.107776817675e-12       2.809867381432e-15       1.723780281803e-14       1.778660135541e-15       0.000000000000e+00       0.000000000000e+00       0.000000000000e+00 
  207       1.118430923598e-12       2.749825031185e-15       1.642712906965e-14       1.772965255556e-15       0.000000000000e+00       0.000000000000e+00       0.000000000000e+00 
  208       1.128367041506e-12       2.693178034303e-15       1.558596982072e-14       1.768371614046e-15       0.000000000000e+00       0.000000000000e+00       0.000000000000e+00 
  209       1.137576859267e-12       2.639901228733e-15       1.471638459107e-14       1.764842704645e-15       0.000000000000e+00       0.000000000000e+00       0.000000000000e+00 
  210       1.146052383109e-12       2.589964855087e-15       1.382052721511e-14       1.762339535761e-15       0.000000000000e+00       0.000000000000e+00       0.000000000000e+00 
  211       1.153785943935e-12       2.543334485638e-15       1.290064700541e-14       1.760820596192e-15       0.000000000000e+00       0.000000000000e+00       0.000000000000e+00 
  212       1.160770203636e-12       2.499970953323e-15       1.195908991620e-14       1.760241820733e-15       0.000000000000e+00       0.000000000000e+00       0.000000000000e+00 
  213       1.166998161406e-12       2.459830280743e-15       1.099829970689e-14       1.760556555786e-15       0.000000000000e+00       0.000000000000e+00       0.000000000000e+00 
  214       1.172463160056e-12       2.422863609161e-15       1.002081910563e-14       1.761715524977e-15       0.000000000000e+00       0.000000000000e+00       0.000000000000e+00 
  215       1.177158892325e-12       2.389017127503e-15       9.029290972779e-15       1.763666794760e-15       0.000000000000e+00       0.000000000000e+00       0.000000000000e+00 
  216       1.181079407197e-12       2.358232001360e-15       8.026459464488e-15       1.766355740034e-15       0.000000000000e+00       0.000000000000e+00       0.000000000000e+00 
  217       1.184219116213e-12       2.330444301985e-15       7.015171196182e-15       1.769725009749e-15       0.000000000000e+00       0.000000000000e+00       0.000000000000e+00 
  218       1.186572799785e-12       2.305584935295e-15       5.998376406104e-15       1.773714492521e-15       0.000000000000e+00       0.000000000000e+00       0.000000000000e+00 
  219       1.188135613511e-12       2.283579570869e-15       4.979130118837e-15       1.778261282242e-15       0.000000000000e+00       0.000000000000e+00       0.000000000000e+00 
  220       1.188903094488e-12       2.264348570951e-15       3.960593308825e-15       1.783299643689e-15       0.000000000000e+00       0.000000000000e+00       0.000000000000e+00 
  221       1.188871167623e-12       2.247806919449e-15       2.946034063903e-15       1.788760978138e-15       0.000000000000e+00       0.000000000000e+00       0.000000000000e+00 
  222       1.188036151952e-12       2.233864150931e-15       1.938828748821e-15       1.794573788973e-15       0.000000000000e+00       0.000000000000e+00       0.000000000000e+00 
  223       1.186394766951e-12       2.222424279632e-15       9.424631687633e-16       1.800663647298e-15       0.000000000000e+00       0.000000000000e+00       0.000000000000e+00 
  224       1.183946556153e-12       2.213397017911e-15      -3.995958101100e-17       1.806963640347e-15       0.000000000000e+00       0.000000000000e+00       0.000000000000e+00 
  225       1.180701318045e-12       2.206732380025e-15      -1.007233130031e-15       1.813446534264e-15       0.000000000000e+00       0.000000000000e+00       0.000000000000e+00 
  226       1.176672165214e-12       2.202388166026e-15      -1.958628920199e-15       1.820094612898e-15       0.000000000000e+00       0.000000000000e+00       0.000000000000e+00 
  227       1.171873161998e-12       2.200318828430e-15      -2.893411653378e-15       1.826889371519e-15       0.000000000000e+00       0.000000000000e+00       0.000000000000e+00 
  228       1.166319336549e-12       2.200475428101e-15      -3.810839302426e-15       1.833811507387e-15       0.000000000000e+00       0.000000000000e+00       0.000000000000e+00 
  229       1.160026692903e-12       2.202805590125e-15      -4.710163122226e-15       1.840840910324e-15       0.000000000000e+00       0.000000000000e+00       0.000000000000e+00 
  230       1.153012223055e-12       2.207253459693e-15      -5.590627660719e-15       1.847956653283e-15       0.000000000000e+00       0.000000000000e+00       0.000000000000e+00 
  231       1.145293919019e-12       2.213759657980e-15      -6.451470769937e-15       1.855136982918e-15       0.000000000000e+00       0.000000000000e+00       0.000000000000e+00 
  232       1.136890784905e-12       2.222261238027e-15      -7.291923617034e-15       1.862359310154e-15       0.000000000000e+00       0.000000000000e+00       0.000000000000e+00 
  233       1.127822848985e-12       2.232691640615e-15      -8.111210695317e-15       1.869600200758e-15       0.000000000000e+00       0.000000000000e+00       0.000000000000e+00 
  234       1.118111175763e-12       2.244980650152e-15      -8.908549835280e-15       1.876835365909e-15       0.000000000000e+00       0.000000000000e+00       0.000000000000e+00 
  235       1.107777878043e-12       2.259054350545e-15      -9.683152215636e-15       1.884039652766e-15       0.000000000000e+00       0.000000000000e+00       0.000000000000e+00 
  236       1.096846129001e-12       2.274835081087e-15      -1.043422237435e-14       1.891187035042e-15       0.000000000000e+00       0.000000000000e+00       0.000000000000e+00 
  237       1.085340174249e-12       2.292241392331e-15      -1.116095821966e-14       1.898250603570e-15       0.000000000000e+00       0.000000000000e+00       0.000000000000e+00 
  238       1.073285343913e-12       2.311188001973e-15      -1.186255104114e-14       1.905202556876e-15       0.000000000000e+00       0.000000000000e+00       0.000000000000e+00 
  239       1.060708064692e-12       2.331585750732e-15      -1.253818552068e-14       1.912014191748e-15       0.000000000000e+00       0.000000000000e+00       0.000000000000e+00 
  240       1.047635871936e-12       2.353341558226e-15      -1.318703974358e-14       1.918655893806e-15       0.000000000000e+00       0.000000000000e+00       0.000000000000e+00 
  241       1.034097421711e-12       2.376358378855e-15      -1.380828520953e-14       1.925097128072e-15       0.000000000000e+00       0.000000000000e+00       0.000000000000e+00 
  242       1.020122502866e-12       2.400535157680e-15      -1.440108684367e-14       1.931306429542e-15       0.000000000000e+00       0.000000000000e+00       0.000000000000e+00 
  243       1.005742049108e-12       2.425766786302e-15      -1.496460300762e-14       1.937251393752e-15       0.000000000000e+00       0.000000000000e+00       0.000000000000e+00 
  244       9.909881510690e-13       2.451944058743e-15      -1.549798551049e-14       1.942898667352e-15       0.000000000000e+00       0.000000000000e+00       0.000000000000e+00 
  245       9.758940683722e-13       2.478953627324e-15      -1.600037961994e-14       1.948213938676e-15       0.000000000000e+00       0.000000000000e+00       0.000000000000e+00 
  246       9.604942417053e-13       2.506677958547e-15      -1.647092407322e-14       1.953161928309e-15       0.000000000000e+00       0.000000000000e+00       0.000000000000e+00 
  247       9.448243048878e-13       2.534995288970e-15      -1.690875108815e-14       1.957706379658e-15       0.000000000000e+00       0.000000000000e+00       0.000000000000e+00 
  248       9.289210969410e-13       2.563779581094e-15      -1.731298637420e-14       1.961810049528e-15       0.000000000000e+00       0.000000000000e+00       0.000000000000e+00 
  249       9.128226741566e-13       2.592900479236e-15      -1.768274914351e-14       1.965434698680e-15       0.000000000000e+00       0.000000000000e+00       0.000000000000e+00 
  250       8.965638044491e-13       2.622240101986e-15      -1.801734321597e-14       1.968547728521e-15       0.000000000000e+00       0.000000000000e+00       0.000000000000e+00 
  251       8.801621371381e-13       2.651744585351e-15      -1.831684254242e-14       1.971142535331e-15       0.000000000000e+00       0.000000000000e+00       0.000000000000e+00 
  252       8.636312582984e-13       2.681375429096e-15      -1.858153950050e-14       1.973219312606e-15       0.000000000000e+00       0.000000000000e+00       0.000000000000e+00 
  253       8.469851400553e-13       2.711092916020e-15      -1.881175721634e-14       1.974778513929e-15       0.000000000000e+00       0.000000000000e+00       0.000000000000e+00 
  254       8.302381440151e-13       2.740856100038e-15      -1.900784994098e-14       1.975820856254e-15       0.000000000000e+00       0.000000000000e+00       0.000000000000e+00 
  255       8.134050246944e-13       2.770622794255e-15      -1.917020342690e-14       1.976347323185e-15       0.000000000000e+00       0.000000000000e+00       0.000000000000e+00 
  256       7.965009329501e-13       2.800349559041e-15      -1.929923530443e-14       1.976359168253e-15       0.000000000000e+00       0.000000000000e+00       0.000000000000e+00 
  257       7.795414194091e-13       2.829991690113e-15      -1.939539545828e-14       1.975857918198e-15       0.000000000000e+00       0.000000000000e+00       0.000000000000e+00 
  258       7.625424378982e-13       2.859503206609e-15      -1.945916640397e-14       1.974845376248e-15       0.000000000000e+00       0.000000000000e+00       0.000000000000e+00 
  259       7.455203488741e-13       2.888836839165e-15      -1.949106366430e-14       1.973323625402e-15       0.000000000000e+00       0.000000000000e+00       0.000000000000e+00 
  260       7.284919228526e-13       2.917944017994e-15      -1.949163614585e-14       1.971295031704e-15       0.000000000000e+00       0.000000000000e+00       0.000000000000e+00 
  261       7.114743438392e-13       2.946774860963e-15      -1.946146651544e-14       1.968762247526e-15       0.000000000000e+00       0.000000000000e+00       0.000000000000e+00 
  262       6.944852127584e-13       2.975278161666e-15      -1.940117157657e-14       1.965728214850e-15       0.000000000000e+00       0.000000000000e+00       0.000000000000e+00 
  263       6.775425508835e-13       3.003401377508e-15      -1.931140264595e-14       1.962196168544e-15       0.000000000000e+00       0.000000000000e+00       0.000000000000e+00 
  264       6.606648032666e-13       3.031090617775e-15      -1.919284592991e-14       1.958169639641e-15       0.000000000000e+00       0.000000000000e+00       0.000000000000e+00 
  265       6.438708421685e-13       3.058290631718e-15      -1.904622290090e-14       1.953652458625e-15       0.000000000000e+00       0.000000000000e+00       0.000000000000e+00 
  266       6.271799704882e-13       3.084944796624e-15      -1.887229067399e-14       1.948648758705e-15       0.000000000000e+00       0.000000000000e+00       0.000000000000e+00 
  267       6.106119251928e-13       3.110995105898e-15      -1.867184238327e-14       1.943162979095e-15       0.000000000000e+00       0.000000000000e+00       0.000000000000e+00 
  268       5.941868807477e-13       3.136382157136e-15      -1.844570755839e-14       1.937199868299e-15       0.000000000000e+00       0.000000000000e+00       0.000000000000e+00 
  269       5.779254525457e-13       3.161045140205e-15      -1.819475250098e-14       1.930764487383e-15       0.000000000000e+00       0.000000000000e+00       0.000000000000e+00 
  270       5.618487003375e-13       3.184921825319e-15      -1.791988066117e-14       1.923862213261e-15       0.000000000000e+00       0.000000000000e+00       0.000000000000e+00 
  271       5.459781316610e-13       3.207948551117e-15      -1.762203301400e-14       1.916498741974e-15       0.000000000000e+00       0.000000000000e+00       0.000000000000e+00 
  272       5.303357052714e-13       3.230060212738e-15      -1.730218843595e-14       1.908680091967e-15       0.000000000000e+00       0.000000000000e+00       0.000000000000e+00 
  273       5.149438345709e-13       3.251190249902e-15      -1.696136408138e-14       1.900412607371e-15       0.000000000000e+00       0.000000000000e+00       0.000000000000e+00 
  274       4.998253910386e-13       3.271270634982e-15      -1.660061575900e-14       1.891702961280e-15       0.000000000000e+00       0.000000000000e+00       0.000000000000e+00 
  275       4.850037076601e-13       3.290231861086e-15      -1.622103830835e-14       1.882558159036e-15       0.000000000000e+00       0.000000000000e+00       0.000000000000e+00 
  276       4.705025823577e-13       3.308002930131e-15      -1.582376597628e-14       1.872985541504e-15       0.000000000000e+00       0.000000000000e+00       0.000000000000e+00 
  277       4.563462814196e-13       3.324511340920e-15      -1.540997279338e-14       1.862992788355e-15       0.000000000000e+00       0.000000000000e+00       0.000000000000e+00 
  278       4.425595429305e-13       3.339683077223e-15      -1.498087295052e-14       1.852587921341e-15       0.000000000000e+00       0.000000000000e+00       0.000000000000e+00 
  279       4.291634415614e-13       3.353455778673e-15      -1.453759736933e-14       1.841779619413e-15       0.000000000000e+00       0.000000000000e+00       0.000000000000e+00 
  280       4.161627387414e-13       3.365819033322e-15      -1.408081556094e-14       1.830578175369e-15       0.000000000000e+00       0.000000000000e+00       0.000000000000e+00 
  281       4.035578837961e-13       3.376776149368e-15      -1.361109490972e-14       1.818994595156e-15       0.000000000000e+00       0.000000000000e+00       0.000000000000e+00 
  282       3.913490906426e-13       3.386331168641e-15      -1.312902289993e-14       1.807040294245e-15       0.000000000000e+00       0.000000000000e+00       0.000000000000e+00 
  283       3.795363348613e-13       3.394488874938e-15      -1.263520730207e-14       1.794727101385e-15       0.000000000000e+00       0.000000000000e+00       0.000000000000e+00 
  284       3.681193507685e-13       3.401254802342e-15      -1.213027635917e-14       1.782067262367e-15       0.000000000000e+00       0.000000000000e+00       0.000000000000e+00 
  285       3.570976284891e-13       3.406635243558e-15      -1.161487897304e-14       1.769073443781e-15       0.000000000000e+00       0.000000000000e+00       0.000000000000e+00 
  286       3.464704110287e-13       3.410637258230e-15      -1.108968489062e-14       1.755758736774e-15       0.000000000000e+00       0.000000000000e+00       0.000000000000e+00 
  287       3.362366913464e-13       3.413268681279e-15      -1.055538489023e-14       1.742136660808e-15       0.000000000000e+00       0.000000000000e+00       0.000000000000e+00 
  288       3.263952094270e-13       3.414538131222e-15      -1.001269096788e-14       1.728221167422e-15       0.000000000000e+00       0.000000000000e+00       0.000000000000e+00 
  289       3.169444493536e-13       3.414455018503e-15      -9.462336523545e-15       1.714026643988e-15       0.000000000000e+00       0.000000000000e+00       0.000000000000e+00 
  290       3.078826363798e-13       3.413029553820e-15      -8.905076547503e-15       1.699567917473e-15       0.000000000000e+00       0.000000000000e+00       0.000000000000e+00 
  291       2.992077340027e-13       3.410272756451e-15      -8.341687806580e-15       1.684860258191e-15       0.000000000000e+00       0.000000000000e+00       0.000000000000e+00 
  292       2.909174410345e-13       3.406196462582e-15      -7.772969030462e-15       1.669919383572e-15       0.000000000000e+00       0.000000000000e+00       0.000000000000e+00 
  293       2.830091886759e-13       3.400813333636e-15      -7.199741097990e-15       1.654761461909e-15       0.000000000000e+00       0.000000000000e+00       0.000000000000e+00 
  294       2.754801375878e-13       3.394136864597e-15      -6.622847223447e-15       1.639403116129e-15       0.000000000000e+00       0.000000000000e+00       0.000000000000e+00 
  295       2.683271749643e-13       3.386181392337e-15      -6.043153142854e-15       1.623861427541e-15       0.000000000000e+00       0.000000000000e+00       0.000000000000e+00 
  296       2.615469116047e-13       3.376962103949e-15      -5.461547300263e-15       1.608153939602e-15       0.000000000000e+00       0.000000000000e+00       0.000000000000e+00 
  297       2.551356789862e-13       3.366495045067e-15      -4.878941034048e-15       1.592298661672e-15       0.000000000000e+00       0.000000000000e+00       0.000000000000e+00 
  298       2.490895263365e-13       3.354797128198e-15      -4.296268763198e-15       1.576314072776e-15       0.000000000000e+00       0.000000000000e+00       0.000000000000e+00 
  299       2.434042177057e-13       3.341886141047e-15      -3.714488173612e-15       1.560219125358e-15       0.000000000000e+00       0.000000000000e+00       0.000000000000e+00 
  300       2.380752290395e-13       3.327780754845e-15      -3.134580404391e-15       1.544033249046e-15       0.000000000000e+00       0.000000000000e+00       0.000000000000e+00 
  301       2.330977452509e-13       3.312500532676e-15      -2.557550234127e-15       1.527776354405e-15       0.000000000000e+00       0.000000000000e+00       0.000000000000e+00 
  302       2.284666572934e-13       3.296065937806e-15      -1.984426267204e-15       1.511468836699e-15       0.000000000000e+00       0.000000000000e+00       0.000000000000e+00 
  303       2.241765592329e-13       3.278498342006e-15      -1.416261120081e-15       1.495131579650e-15       0.000000000000e+00       0.000000000000e+00       0.000000000000e+00 
  304       2.202217453202e-13       3.259820033883e-15      -8.541316075929e-16       1.478785959194e-15       0.000000000000e+00       0.000000000000e+00       0.000000000000e+00 
  305       2.165962070637e-13       3.240054227208e-15      -2.991389292387e-16       1.462453847244e-15       0.000000000000e+00       0.000000000000e+00       0.000000000000e+00 
  306       2.132936303018e-13       3.219225069239e-15       2.475911445236e-16       1.446157615445e-15       0.000000000000e+00       0.000000000000e+00       0.000000000000e+00 
  307       2.103073922751e-13       3.197357649050e-15       7.849080859851e-16       1.429920138934e-15       0.000000000000e+00       0.000000000000e+00       0.000000000000e+00 
  308       2.076305586993e-13       3.174478005862e-15       1.311636423893e-15       1.413764800099e-15       0.000000000000e+00       0.000000000000e+00       0.000000000000e+00 
  309       2.052558808372e-13       3.150613137365e-15       1.826575557157e-15       1.397715492340e-15       0.000000000000e+00       0.000000000000e+00       0.000000000000e+00 
  310       2.031757925714e-13       3.125791008046e-15       2.328499568557e-15       1.381796623823e-15       0.000000000000e+00       0.000000000000e+00       0.000000000000e+00 
  311       2.013824074766e-13       3.100040557521e-15       2.816157038453e-15       1.366033121243e-15       0.000000000000e+00       0.000000000000e+00       0.000000000000e+00 
  312       1.998680028948e-13       3.073391124402e-15       3.288478520521e-15       1.350446875256e-15       0.000000000000e+00       0.000000000000e+00       0.000000000000e+00 
  313       1.986265029903e-13       3.045870671293e-15       3.745209990912e-15       1.335045886786e-15       0.000000000000e+00       0.000000000000e+00       0.000000000000e+00 
  314       1.976520587882e-13       3.017507493708e-15       4.186308427010e-15       1.319834624455e-15       0.000000000000e+00       0.000000000000e+00       0.000000000000e+00 
  315       1.969385650572e-13       2.988330804671e-15       4.611736863856e-15       1.304817536891e-15       0.000000000000e+00       0.000000000000e+00       0.000000000000e+00 
  316       1.964796579801e-13       2.958370742328e-15       5.021464463035e-15       1.289999052115e-15       0.000000000000e+00       0.000000000000e+00       0.000000000000e+00 
  317       1.962687128249e-13       2.927658377560e-15       5.415466581552e-15       1.275383576925e-15       0.000000000000e+00       0.000000000000e+00       0.000000000000e+00 
  318       1.962988416152e-13       2.896225721583e-15       5.793724840722e-15       1.260975496289e-15       0.000000000000e+00       0.000000000000e+00       0.000000000000e+00 
  319       1.965628908017e-13       2.864105733566e-15       6.156227195048e-15       1.246779172723e-15       0.000000000000e+00       0.000000000000e+00       0.000000000000e+00 
  320       1.970534389327e-13       2.831332328235e-15       6.502968001103e-15       1.232798945682e-15       0.000000000000e+00       0.000000000000e+00       0.000000000000e+00 
  321       1.977627943252e-13       2.797940383484e-15       6.833948086420e-15       1.219039130948e-15       0.000000000000e+00       0.000000000000e+00       0.000000000000e+00 
  322       1.986829927355e-13       2.763965747983e-15       7.149174818367e-15       1.205504020010e-15       0.000000000000e+00       0.000000000000e+00       0.000000000000e+00 
  323       1.998057950303e-13       2.729445248787e-15       7.448662173034e-15       1.192197879456e-15       0.000000000000e+00       0.000000000000e+00       0.000000000000e+00 
  324       2.011226848575e-13       2.694416698948e-15       7.732430804117e-15       1.179124950359e-15       0.000000000000e+00       0.000000000000e+00       0.000000000000e+00 
  325       2.026248663174e-13       2.658918905118e-15       8.000508111796e-15       1.166289447659e-15       0.000000000000e+00       0.000000000000e+00       0.000000000000e+00 
  326       2.043032616328e-13       2.622991675165e-15       8.252928311624e-15       1.153695559553e-15       0.000000000000e+00       0.000000000000e+00       0.000000000000e+00 
  327       2.061485088209e-13       2.586675825777e-15       8.489732503405e-15       1.141347446880e-15       0.000000000000e+00       0.000000000000e+00       0.000000000000e+00 
  328       2.081509593633e-13       2.550013190074e-15       8.710968740080e-15       1.129249242510e-15       0.000000000000e+00       0.000000000000e+00       0.000000000000e+00 
  329       2.103006758774e-13       2.513046625215e-15       8.916692096608e-15       1.117405050725e-15       0.000000000000e+00       0.000000000000e+00       0.000000000000e+00 
  330       2.125874297871e-13       2.475820020008e-15       9.106964738852e-15       1.105818946609e-15       0.000000000000e+00       0.000000000000e+00       0.000000000000e+00 
  331       2.150006989938e-13       2.438378302519e-15       9.281855992456e-15       1.094494975436e-15       0.000000000000e+00       0.000000000000e+00       0.000000000000e+00 
  332       2.175296655471e-13       2.400767447682e-15       9.441442411736e-15       1.083437152050e-15       0.000000000000e+00       0.000000000000e+00       0.000000000000e+00 
  333       2.201632133157e-13       2.363034484905e-15       9.585807848556e-15       1.072649460259e-15       0.000000000000e+00       0.000000000000e+00       0.000000000000e+00 
  334       2.228899256586e-13       2.325227505685e-15       9.715043521213e-15       1.062135852215e-15       0.000000000000e+00       0.000000000000e+00       0.000000000000e+00 
  335       2.256980830956e-13       2.287395671210e-15       9.829248083323e-15       1.051900247804e-15       0.000000000000e+00       0.000000000000e+00       0.000000000000e+00 
  336       2.285756609783e-13       2.249589219972e-15       9.928527692699e-15       1.041946534032e-15       0.000000000000e+00       0.000000000000e+00       0.000000000000e+00 
  337       2.315103271612e-13       2.211859475377e-15       1.001299608024e-14       1.032278564408e-15       0.000000000000e+00       0.000000000000e+00       0.000000000000e+00 
  338       2.344894396721e-13       2.174258853349e-15       1.008277461880e-14       1.022900158335e-15       0.000000000000e+00       0.000000000000e+00       0.000000000000e+00 
  339       2.375000443835e-13       2.136840869946e-15       1.013799239210e-14       1.013815100493e-15       0.000000000000e+00       0.000000000000e+00       0.000000000000e+00 
  340       2.405288726833e-13       2.099660148965e-15       1.017878626357e-14       1.005027140229e-15       0.000000000000e+00       0.000000000000e+00       0.000000000000e+00 
  341       2.435623391454e-13       2.062772429549e-15       1.020530094528e-14       9.965399909360e-16       0.000000000000e+00       0.000000000000e+00       0.000000000000e+00 
  342       2.465865392011e-13       2.026234573803e-15       1.021768906677e-14       9.883573294486e-16       0.000000000000e+00       0.000000000000e+00       0.000000000000e+00 
  343       2.495872468097e-13       1.990104574394e-15       1.021611124398e-14       9.804827954226e-16       0.000000000000e+00       0.000000000000e+00       0.000000000000e+00 
  344       2.525499121290e-13       1.954441562169e-15       1.020073614809e-14       9.729199907240e-16       0.000000000000e+00       0.000000000000e+00       0.000000000000e+00 
  345       2.554596591872e-13       1.919305813758e-15       1.017174057446e-14       9.656724788147e-16       0.000000000000e+00       0.000000000000e+00       0.000000000000e+00 
  346       2.583012835526e-13       1.884758759183e-15       1.012930951146e-14       9.587437841390e-16       0.000000000000e+00       0.000000000000e+00       0.000000000000e+00 
  347       2.610592500054e-13       1.850862989473e-15       1.007363620935e-14       9.521373915100e-16       0.000000000000e+00       0.000000000000e+00       0.000000000000e+00 
  348       2.637176902081e-13       1.817682264267e-15       1.000492224923e-14       9.458567454957e-16       0.000000000000e+00       0.000000000000e+00       0.000000000000e+00 
  349       2.662630576712e-13       1.785271414752e-15       9.923391490028e-15       9.399039206161e-16       0.000000000000e+00       0.000000000000e+00       0.000000000000e+00 
  350       2.686922191324e-13       1.753645574005e-15       9.829332408208e-15       9.342755722250e-16       0.000000000000e+00       0.000000000000e+00       0.000000000000e+00 
  351       2.710046947111e-13       1.722809683462e-15       9.723057651685e-15       9.289668162366e-16       0.000000000000e+00       0.000000000000e+00       0.000000000000e+00 
  352       2.732000312206e-13       1.692768479953e-15       9.604890402533e-15       9.239725412259e-16       0.000000000000e+00       0.000000000000e+00       0.000000000000e+00 
  353       2.752778024493e-13       1.663526493391e-15       9.475164459504e-15       9.192874065096e-16       0.000000000000e+00       0.000000000000e+00       0.000000000000e+00 
  354       2.772376094425e-13       1.635088044445e-15       9.334224320542e-15       9.149058402264e-16       0.000000000000e+00       0.000000000000e+00       0.000000000000e+00 
  355       2.790790807835e-13       1.607457242230e-15       9.182425265306e-15       9.108220374174e-16       0.000000000000e+00       0.000000000000e+00       0.000000000000e+00 
  356       2.808018728752e-13       1.580637981985e-15       9.020133437680e-15       9.070299581070e-16       0.000000000000e+00       0.000000000000e+00       0.000000000000e+00 
  357       2.824056702212e-13       1.554633942758e-15       8.847725928296e-15       9.035233253830e-16       0.000000000000e+00       0.000000000000e+00       0.000000000000e+00 
  358       2.838901857077e-13       1.529448585086e-15       8.665590857045e-15       9.002956234776e-16       0.000000000000e+00       0.000000000000e+00       0.000000000000e+00 
  359       2.852551608845e-13       1.505085148678e-15       8.474127455599e-15       8.973400958475e-16       0.000000000000e+00       0.000000000000e+00       0.000000000000e+00 
  360       2.865003662465e-13       1.481546650098e-15       8.273746149925e-15       8.946497432544e-16       0.000000000000e+00       0.000000000000e+00       0.000000000000e+00 
  361       2.876256015152e-13       1.458835880446e-15       8.064868642802e-15       8.922173218459e-16       0.000000000000e+00       0.000000000000e+00       0.000000000000e+00 
  362       2.886306959199e-13       1.436955403040e-15       7.847927996337e-15       8.900353412357e-16       0.000000000000e+00       0.000000000000e+00       0.000000000000e+00 
  363       2.895155084794e-13       1.415907551101e-15       7.623368714487e-15       8.880960625844e-16       0.000000000000e+00       0.000000000000e+00       0.000000000000e+00 
  364       2.902799282832e-13       1.395694425432e-15       7.391646825568e-15       8.863914966797e-16       0.000000000000e+00       0.000000000000e+00       0.000000000000e+00 
  365       2.909238747731e-13       1.376317892101e-15       7.153229964779e-15       8.849134020170e-16       0.000000000000e+00       0.000000000000e+00       0.000000000000e+00 
  366       2.914472980242e-13       1.357779580127e-15       6.908597456712e-15       8.836532828802e-16       0.000000000000e+00       0.000000000000e+00       0.000000000000e+00 
  367       2.918501790268e-13       1.340080879154e-15       6.658240397876e-15       8.826023874218e-16       0.000000000000e+00       0.000000000000e+00       0.000000000000e+00 
  368       2.921325299675e-13       1.323222937143e-15       6.402661739209e-15       8.817517057438e-16       0.000000000000e+00       0.000000000000e+00       0.000000000000e+00 
  369       2.922943945106e-13       1.307206658047e-15       6.142376368595e-15       8.810919679779e-16       0.000000000000e+00       0.000000000000e+00       0.000000000000e+00 
  370       2.923358480797e-13       1.292032699496e-15       5.877911193385e-15       8.806136423664e-16       0.000000000000e+00       0.000000000000e+00       0.000000000000e+00 
  371       2.922569981390e-13       1.277701470480e-15       5.609805222907e-15       8.803069333423e-16       0.000000000000e+00       0.000000000000e+00       0.000000000000e+00 
  372       2.920579844747e-13       1.264213129028e-15       5.338609650990e-15       8.801617796100e-16       0.000000000000e+00       0.000000000000e+00       0.000000000000e+00 
  373       2.917389794762e-13       1.251567579896e-15       5.064887938477e-15       8.801678522260e-16       0.000000000000e+00       0.000000000000e+00       0.000000000000e+00 
  374       2.913001884181e-13       1.239764472243e-15       4.789215895740e-15       8.803145526791e-16       0.000000000000e+00       0.000000000000e+00       0.000000000000e+00 
  375       2.907418497410e-13       1.228803197317e-15       4.512181765202e-15       8.805910109712e-16       0.000000000000e+00       0.000000000000e+00       0.000000000000e+00 
  376       2.900642353330e-13       1.218682886135e-15       4.234386303849e-15       8.809860836976e-16       0.000000000000e+00       0.000000000000e+00       0.000000000000e+00 
  377       2.892676508114e-13       1.209402407169e-15       3.956442865752e-15       8.814883521278e-16       0.000000000000e+00       0.000000000000e+00       0.000000000000e+00 
  378       2.883524358040e-13       1.200960364024e-15       3.678977484578e-15       8.820861202855e-16       0.000000000000e+00       0.000000000000e+00       0.000000000000e+00 
  379       2.873189642302e-13       1.193355093122e-15       3.402628956110e-15       8.827674130297e-16       0.000000000000e+00       0.000000000000e+00       0.000000000000e+00 
  380       2.861676445830e-13       1.186584661385e-15       3.128048920764e-15       8.835199741351e-16       0.000000000000e+00       0.000000000000e+00       0.000000000000e+00 
  381       2.848989202097e-13       1.180646863914e-15       2.855901946105e-15       8.843312643722e-16       0.000000000000e+00       0.000000000000e+00       0.000000000000e+00 
  382       2.835132695939e-13       1.175539221678e-15       2.586865609365e-15       8.851884595883e-16       0.000000000000e+00       0.000000000000e+00       0.000000000000e+00 
  383       2.820112066365e-13       1.171258979188e-15       2.321630579959e-15       8.860784487879e-16       0.000000000000e+00       0.000000000000e+00       0.000000000000e+00 
  384       2.803932809374e-13       1.167803102186e-15       2.060900702000e-15       8.869878322130e-16       0.000000000000e+00       0.000000000000e+00       0.000000000000e+00 
  385       2.786600780767e-13       1.165168275321e-15       1.805393076819e-15       8.879029194239e-16       0.000000000000e+00       0.000000000000e+00       0.000000000000e+00 
  386       2.768122198963e-13       1.163350899839e-15       1.555838145481e-15       8.888097273795e-16       0.000000000000e+00       0.000000000000e+00       0.000000000000e+00 
  387       2.748503647811e-13       1.162347091258e-15       1.312979771300e-15       8.896939785181e-16       0.000000000000e+00       0.000000000000e+00       0.000000000000e+00 
  388       2.727756007029e-13       1.162150300288e-15       1.077452593498e-15       8.905431802230e-16       0.000000000000e+00       0.000000000000e+00       0.000000000000e+00 
  389       2.705906399860e-13       1.162744082202e-15       8.494088621531e-16       8.913529528892e-16       0.000000000000e+00       0.000000000000e+00       0.000000000000e+00 
  390       2.682986697850e-13       1.164109052449e-15       6.288778066670e-16       8.921209347959e-16       0.000000000000e+00       0.000000000000e+00       0.000000000000e+00 
  391       2.659029639494e-13       1.166225234804e-15       4.158870892007e-16       8.928447218314e-16       0.000000000000e+00       0.000000000000e+00       0.000000000000e+00 
  392       2.634068836178e-13       1.169072057159e-15       2.104627896133e-16       8.935218672284e-16       0.000000000000e+00       0.000000000000e+00       0.000000000000e+00 
  393       2.608138778108e-13       1.172628347316e-15       1.262939040259e-17       8.941498812993e-16       0.000000000000e+00       0.000000000000e+00       0.000000000000e+00 
  394       2.581274840256e-13       1.176872328782e-15      -1.775902383555e-16       8.947262311715e-16       0.000000000000e+00       0.000000000000e+00       0.000000000000e+00 
  395       2.553513288286e-13       1.181781616557e-15      -3.601748540665e-16       8.952483405229e-16       0.000000000000e+00       0.000000000000e+00       0.000000000000e+00 
  396       2.524891284501e-13       1.187333212933e-15      -5.351048566773e-16       8.957135893171e-16       0.000000000000e+00       0.000000000000e+00       0.000000000000e+00 
  397       2.495446893774e-13       1.193503503279e-15      -7.023623037364e-16       8.961193135389e-16       0.000000000000e+00       0.000000000000e+00       0.000000000000e+00 
  398       2.465219089483e-13       1.200268251841e-15      -8.619309254536e-16       8.964628049295e-16       0.000000000000e+00       0.000000000000e+00       0.000000000000e+00 
  399       2.434247759455e-13       1.207602597528e-15      -1.013796139760e-15       8.967413107220e-16       0.000000000000e+00       0.000000000000e+00       0.000000000000e+00 
  400       2.402573711897e-13       1.215481049708e-15      -1.157945067369e-15       8.969520333765e-16       0.000000000000e+00       0.000000000000e+00       0.000000000000e+00 
  401       2.370238681333e-13       1.223877484003e-15      -1.294366546833e-15       8.970921303157e-16       0.000000000000e+00       0.000000000000e+00       0.000000000000e+00 
  402       2.337285334542e-13       1.232765138075e-15      -1.423051149608e-15       8.971587136602e-16       0.000000000000e+00       0.000000000000e+00       0.000000000000e+00 
  403       2.303757276497e-13       1.242116607425e-15      -1.543991195111e-15       8.971488499637e-16       0.000000000000e+00       0.000000000000e+00       0.000000000000e+00 
  404       2.269699056298e-13       1.251903841182e-15      -1.657180765779e-15       8.970595599484e-16       0.000000000000e+00       0.000000000000e+00       0.000000000000e+00 
  405       2.235156173109e-13       1.262098137895e-15      -1.762615722132e-15       8.968878182407e-16       0.000000000000e+00       0.000000000000e+00       0.000000000000e+00 
  406       2.200175082099e-13       1.272670141328e-15      -1.860293717828e-15       8.966305531058e-16       0.000000000000e+00       0.000000000000e+00       0.000000000000e+00 
  407       2.164803200373e-13       1.283589836254e-15      -1.950214214731e-15       8.962846461838e-16       0.000000000000e+00       0.000000000000e+00       0.000000000000e+00 
  408       2.129088912914e-13       1.294826544241e-15      -2.032378497960e-15       8.958469322246e-16       0.000000000000e+00       0.000000000000e+00       0.000000000000e+00 
  409       2.093081578514e-13       1.306348919452e-15      -2.106789690961e-15       8.953141988234e-16       0.000000000000e+00       0.000000000000e+00       0.000000000000e+00 
  410       2.056831535717e-13       1.318124944432e-15      -2.173452770558e-15       8.946831861560e-16       0.000000000000e+00       0.000000000000e+00       0.000000000000e+00 
  411       2.020390108751e-13       1.330121925905e-15      -2.232374582015e-15       8.939505867144e-16       0.000000000000e+00       0.000000000000e+00       0.000000000000e+00 
  412       1.983809613469e-13       1.342306490562e-15      -2.283563854100e-15       8.931130450415e-16       0.000000000000e+00       0.000000000000e+00       0.000000000000e+00 
  413       1.947143363280e-13       1.354644580857e-15      -2.327031214140e-15       8.921671574672e-16       0.000000000000e+00       0.000000000000e+00       0.000000000000e+00 
  414       1.910445675091e-13       1.367101450801e-15      -2.362789203082e-15       8.911094718433e-16       0.000000000000e+00       0.000000000000e+00       0.000000000000e+00 
  415       1.873771875241e-13       1.379641661748e-15      -2.390852290557e-15       8.899364872791e-16       0.000000000000e+00       0.000000000000e+00       0.000000000000e+00 
  416       1.837178305441e-13       1.392229078194e-15      -2.411236889933e-15       8.886446538763e-16       0.000000000000e+00       0.000000000000e+00       0.000000000000e+00 
  417       1.800722328704e-13       1.404826863569e-15      -2.423961373383e-15       8.872303724649e-16       0.000000000000e+00       0.000000000000e+00       0.000000000000e+00 
  418       1.764462335290e-13       1.417397476023e-15      -2.429046086937e-15       8.856899943382e-16       0.000000000000e+00       0.000000000000e+00       0.000000000000e+00 
  419       1.728457748636e-13       1.429902664229e-15      -2.426513365547e-15       8.840198209885e-16       0.000000000000e+00       0.000000000000e+00       0.000000000000e+00 
  420       1.692769031298e-13       1.442303463165e-15      -2.416387548148e-15       8.822161038417e-16       0.000000000000e+00       0.000000000000e+00       0.000000000000e+00 
  421       1.657457690884e-13       1.454560189916e-15      -2.398694992712e-15       8.802750439936e-16       0.000000000000e+00       0.000000000000e+00       0.000000000000e+00 
  422       1.622586285992e-13       1.466632439459e-15      -2.373464091313e-15       8.781927919447e-16       0.000000000000e+00       0.000000000000e+00       0.000000000000e+00 
  423       1.588218432147e-13       1.478479080460e-15      -2.340725285188e-15       8.759654473354e-16       0.000000000000e+00       0.000000000000e+00       0.000000000000e+00 
  424       1.554418807739e-13       1.490058251065e-15      -2.300511079791e-15       8.735890586818e-16       0.000000000000e+00       0.000000000000e+00       0.000000000000e+00 
  425       1.521253159956e-13       1.501327354694e-15      -2.252856059858e-15       8.710596231108e-16       0.000000000000e+00       0.000000000000e+00       0.000000000000e+00 
  426       1.488788310725e-13       1.512243055830e-15      -2.197796904467e-15       8.683730860954e-16       0.000000000000e+00       0.000000000000e+00       0.000000000000e+00 
  427       1.457080952025e-13       1.522767970318e-15      -2.135398052440e-15       8.655265699413e-16       0.000000000000e+00       0.000000000000e+00       0.000000000000e+00 
  428       1.426143599887e-13       1.532890995508e-15      -2.065829629577e-15       8.625221058170e-16       0.000000000000e+00       0.000000000000e+00       0.000000000000e+00 
  429       1.395977493764e-13       1.542607663506e-15      -1.989292202253e-15       8.593630281734e-16       0.000000000000e+00       0.000000000000e+00       0.000000000000e+00 
  430       1.366583701077e-13       1.551913509349e-15      -1.905991398410e-15       8.560527580051e-16       0.000000000000e+00       0.000000000000e+00       0.000000000000e+00 
  431       1.337963115791e-13       1.560804071198e-15      -1.816137939467e-15       8.525948033924e-16       0.000000000000e+00       0.000000000000e+00       0.000000000000e+00 
  432       1.310116456990e-13       1.569274890523e-15      -1.719947672216e-15       8.489927600440e-16       0.000000000000e+00       0.000000000000e+00       0.000000000000e+00 
  433       1.283044267454e-13       1.577321512290e-15      -1.617641600727e-15       8.452503118382e-16       0.000000000000e+00       0.000000000000e+00       0.000000000000e+00 
  434       1.256746912234e-13       1.584939485155e-15      -1.509445918250e-15       8.413712313660e-16       0.000000000000e+00       0.000000000000e+00       0.000000000000e+00 
  435       1.231224577229e-13       1.592124361645e-15      -1.395592039120e-15       8.373593804729e-16       0.000000000000e+00       0.000000000000e+00       0.000000000000e+00 
  436       1.206477267758e-13       1.598871698352e-15      -1.276316630655e-15       8.332187108009e-16       0.000000000000e+00       0.000000000000e+00       0.000000000000e+00 
  437       1.182504807141e-13       1.605177056119e-15      -1.151861645058e-15       8.289532643308e-16       0.000000000000e+00       0.000000000000e+00       0.000000000000e+00 
  438       1.159306835271e-13       1.611036000228e-15      -1.022474351325e-15       8.245671739245e-16       0.000000000000e+00       0.000000000000e+00       0.000000000000e+00 
  439       1.136882807190e-13       1.616444100589e-15      -8.884073671422e-16       8.200646638669e-16       0.000000000000e+00       0.000000000000e+00       0.000000000000e+00 
  440       1.115231991667e-13       1.621396931926e-15      -7.499186907902e-16       8.154500504083e-16       0.000000000000e+00       0.000000000000e+00       0.000000000000e+00 
  441       1.094353469770e-13       1.625890073971e-15      -6.072717330457e-16       8.107277423063e-16       0.000000000000e+00       0.000000000000e+00       0.000000000000e+00 
  442       1.074246133445e-13       1.629919111645e-15      -4.607353490845e-16       8.059022413684e-16       0.000000000000e+00       0.000000000000e+00       0.000000000000e+00 
  443       1.054908684092e-13       1.633479635251e-15      -3.105838703832e-16       8.009781429936e-16       0.000000000000e+00       0.000000000000e+00       0.000000000000e+00 
  444       1.036339631136e-13       1.636567240662e-15      -1.570971366220e-16       7.959601367150e-16       0.000000000000e+00       0.000000000000e+00       0.000000000000e+00 
  445       1.018537290610e-13       1.639177529508e-15      -5.605275867832e-19       7.908530067417e-16       0.000000000000e+00       0.000000000000e+00       0.000000000000e+00 
  446       1.001499783724e-13       1.641306109362e-15       1.587350049286e-16       7.856616325010e-16       0.000000000000e+00       0.000000000000e+00       0.000000000000e+00 
  447       9.852250354440e-14       1.642948593934e-15       3.204929052197e-16       7.803909891809e-16       0.000000000000e+00       0.000000000000e+00       0.000000000000e+00 
  448       9.697107730670e-14       1.644100603255e-15       4.844109817698e-16       7.750461482716e-16       0.000000000000e+00       0.000000000000e+00       0.000000000000e+00 
  449       9.549545247974e-14       1.644757763867e-15       6.501813753468e-16       7.696322781084e-16       0.000000000000e+00       0.000000000000e+00       0.000000000000e+00 
  450       9.409536183219e-14       1.644915709009e-15       8.174905271013e-16       7.641546444133e-16       0.000000000000e+00       0.000000000000e+00       0.000000000000e+00 
  451       9.277051793856e-14       1.644570078807e-15       9.860191466644e-16       7.586186108374e-16       0.000000000000e+00       0.000000000000e+00       0.000000000000e+00 
  452       9.152061303675e-14       1.643716520465e-15       1.155442180245e-15       7.530296395031e-16       0.000000000000e+00       0.000000000000e+00       0.000000000000e+00 
  453       9.034531888564e-14       1.642350688448e-15       1.325428778728e-15       7.473932915460e-16       0.000000000000e+00       0.000000000000e+00       0.000000000000e+00 
  454       8.924428662264e-14       1.640468244673e-15       1.495642265772e-15       7.417152276575e-16       0.000000000000e+00       0.000000000000e+00       0.000000000000e+00 
  455       8.821714662130e-14       1.638064858697e-15       1.665740105905e-15       7.360012086265e-16       0.000000000000e+00       0.000000000000e+00       0.000000000000e+00 
  456       8.726350834883e-14       1.635136207905e-15       1.835373872625e-15       7.302570958818e-16       0.000000000000e+00       0.000000000000e+00       0.000000000000e+00 
  457       8.638296022371e-14       1.631677977701e-15       2.004189216498e-15       7.244888520345e-16       0.000000000000e+00       0.000000000000e+00       0.000000000000e+00 
  458       8.557506947326e-14       1.627685861690e-15       2.171825833250e-15       7.187025414195e-16       0.000000000000e+00       0.000000000000e+00       0.000000000000e+00 
  459       8.483938199119e-14       1.623155561874e-15       2.337917431872e-15       7.129043306383e-16       0.000000000000e+00       0.000000000000e+00       0.000000000000e+00 
  460       8.417542219518e-14       1.618082788832e-15       2.502091702715e-15       7.071004891008e-16       0.000000000000e+00       0.000000000000e+00       0.000000000000e+00 
  461       8.358269288445e-14       1.612463261916e-15       2.663970285583e-15       7.012973895677e-16       0.000000000000e+00       0.000000000000e+00       0.000000000000e+00 
  462       8.306067509735e-14       1.606292709435e-15       2.823168737839e-15       6.955015086924e-16       0.000000000000e+00       0.000000000000e+00       0.000000000000e+00 
  463       8.260882796891e-14       1.599566868843e-15       2.979296502497e-15       6.897194275635e-16       0.000000000000e+00       0.000000000000e+00       0.000000000000e+00 
  464       8.222658858841e-14       1.592281486931e-15       3.131956876321e-15       6.839578322464e-16       0.000000000000e+00       0.000000000000e+00       0.000000000000e+00 
  465       8.191337185698e-14       1.584432320010e-15       3.280746977922e-15       6.782235143262e-16       0.000000000000e+00       0.000000000000e+00       0.000000000000e+00 
  466       8.166837031549e-14       1.576018344958e-15       3.425322540252e-15       6.725225188139e-16       0.000000000000e+00       0.000000000000e+00       0.000000000000e+00 
  467       8.148994704530e-14       1.567051502212e-15       3.565594577610e-15       6.668575575070e-16       0.000000000000e+00       0.000000000000e+00       0.000000000000e+00 
  468       8.137622354610e-14       1.557547257121e-15       3.701538791675e-15       6.612305159956e-16       0.000000000000e+00       0.000000000000e+00       0.000000000000e+00 
  469       8.132527780138e-14       1.547521418518e-15       3.833131305598e-15       6.556432990745e-16       0.000000000000e+00       0.000000000000e+00       0.000000000000e+00 
  470       8.133514402569e-14       1.536990140682e-15       3.960348667843e-15       6.500978308149e-16       0.000000000000e+00       0.000000000000e+00       0.000000000000e+00 
  471       8.140381241191e-14       1.525969925296e-15       4.083167856036e-15       6.445960546369e-16       0.000000000000e+00       0.000000000000e+00       0.000000000000e+00 
  472       8.152922887850e-14       1.514477623404e-15       4.201566280801e-15       6.391399333810e-16       0.000000000000e+00       0.000000000000e+00       0.000000000000e+00 
  473       8.170929481683e-14       1.502530437375e-15       4.315521789608e-15       6.337314493805e-16       0.000000000000e+00       0.000000000000e+00       0.000000000000e+00 
  474       8.194186683838e-14       1.490145922854e-15       4.425012670610e-15       6.283726045334e-16       0.000000000000e+00       0.000000000000e+00       0.000000000000e+00 
  475       8.222475652207e-14       1.477341990727e-15       4.530017656493e-15       6.230654203743e-16       0.000000000000e+00       0.000000000000e+00       0.000000000000e+00 
  476       8.255573016151e-14       1.464136909079e-15       4.630515928313e-15       6.178119381465e-16       0.000000000000e+00       0.000000000000e+00       0.000000000000e+00 
  477       8.293250851226e-14       1.450549305150e-15       4.726487119343e-15       6.126142188738e-16       0.000000000000e+00       0.000000000000e+00       0.000000000000e+00 
  478       8.335276653912e-14       1.436598167294e-15       4.817911318911e-15       6.074743434330e-16       0.000000000000e+00       0.000000000000e+00       0.000000000000e+00 
  479       8.381413316340e-14       1.422302846942e-15       4.904769076247e-15       6.023944126254e-16       0.000000000000e+00       0.000000000000e+00       0.000000000000e+00 
  480       8.431419101019e-14       1.407683060556e-15       4.987041404326e-15       5.973765472490e-16       0.000000000000e+00       0.000000000000e+00       0.000000000000e+00 
  481       8.485047615562e-14       1.392758891591e-15       5.064709783707e-15       5.924228881704e-16       0.000000000000e+00       0.000000000000e+00       0.000000000000e+00 
  482       8.542047787415e-14       1.377550792450e-15       5.137756166378e-15       5.875355963972e-16       0.000000000000e+00       0.000000000000e+00       0.000000000000e+00 
  483       8.602163838583e-14       1.362079586449e-15       5.206162979600e-15       5.827168531494e-16       0.000000000000e+00       0.000000000000e+00       0.000000000000e+00 
  484       8.665135260360e-14       1.346366469768e-15       5.269913129748e-15       5.779688599319e-16       0.000000000000e+00       0.000000000000e+00       0.000000000000e+00 
  485       8.730696788050e-14       1.330433013417e-15       5.328990006155e-15       5.732938386062e-16       0.000000000000e+00       0.000000000000e+00       0.000000000000e+00 
  486       8.798578375701e-14       1.314301165189e-15       5.383377484953e-15       5.686940314626e-16       0.000000000000e+00       0.000000000000e+00       0.000000000000e+00 
  487       8.868505170828e-14       1.297993251624e-15       5.433059932919e-15       5.641717012921e-16       0.000000000000e+00       0.000000000000e+00       0.000000000000e+00 
  488       8.940197489143e-14       1.281531979963e-15       5.478022211314e-15       5.597291314584e-16       0.000000000000e+00       0.000000000000e+00       0.000000000000e+00 
  489       9.013370789279e-14       1.264940440111e-15       5.518249679729e-15       5.553686259701e-16       0.000000000000e+00       0.000000000000e+00       0.000000000000e+00 
  490       9.087735647519e-14       1.248242106591e-15       5.553728199926e-15       5.510925095524e-16       0.000000000000e+00       0.000000000000e+00       0.000000000000e+00 
  491       9.162997732526e-14       1.231460840507e-15       5.584444139680e-15       5.469031277191e-16       0.000000000000e+00       0.000000000000e+00       0.000000000000e+00 
  492       9.238857780064e-14       1.214620891502e-15       5.610384376626e-15       5.428028468452e-16       0.000000000000e+00       0.000000000000e+00       0.000000000000e+00 
  493       9.315011567729e-14       1.197746899715e-15       5.631536302097e-15       5.387940542380e-16       0.000000000000e+00       0.000000000000e+00       0.000000000000e+00 
  494       9.391149889679e-14       1.180863897741e-15       5.647887824968e-15       5.348791582098e-16       0.000000000000e+00       0.000000000000e+00       0.000000000000e+00 
  495       9.466958531354e-14       1.163997312590e-15       5.659427375502e-15       5.310605881496e-16       0.000000000000e+00       0.000000000000e+00       0.000000000000e+00 
  496       9.542118244210e-14       1.147172967646e-15       5.666143909187e-15       5.273407945953e-16       0.000000000000e+00       0.000000000000e+00       0.000000000000e+00 
  497       9.616304720442e-14       1.130417084623e-15       5.668026910586e-15       5.237222493055e-16       0.000000000000e+00       0.000000000000e+00       0.000000000000e+00 
  498       9.689188567712e-14       1.113756285528e-15       5.665066397174e-15       5.202074453314e-16       0.000000000000e+00       0.000000000000e+00       0.000000000000e+00 
  499       9.760435283880e-14       1.097217594617e-15       5.657252923182e-15       5.167988970893e-16       0.000000000000e+00       0.000000000000e+00       0.000000000000e+00 
  500       9.829705231725e-14       1.080828440355e-15       5.644577583441e-15       5.134991404322e-16       0.000000000000e+00       0.000000000000e+00       0.000000000000e+00 
