# dimensionless [l(l+1)/2pi] C_l's for tensor mode
# for l=2 to 500, i.e. number of multipoles equal to 499
#
# -> if you prefer output in CAMB/HealPix/LensPix units/order, set 'format' to 'camb' in input file
# -> if you don't want to see such a header, set 'headers' to 'no' in input file
# -> for CMB lensing (phi), these are C_l^phi-phi for the lensing potential.
#    Remember the conversion factors:
#    C_l^dd (deflection) = l(l+1) C_l^phi-phi
#    C_l^gg (shear/convergence) = 1/4 (l(l+1))^2 C_l^phi-phi
#
# 1:l     2:TT                     3:EE                     4:TE                     5:BB                     6:phiphi                 7:TPhi                   8:Ephi               
    2       1.424884397279e-10       2.713998812052e-15       1.688687048639e-13       4.851915808804e-15       0.000000000000e+00       0.000000000000e+00       0.000000000000e+00 
    3       1.089475875690e-10       2.867753584533e-15      -7.559672987315e-15       4.883175820370e-15       0.000000000000e+00       0.000000000000e+00       0.000000000000e+00 
    4       9.773337935934e-11       2.628374124870e-15      -6.028980274539e-14       4.243466216174e-15       0.000000000000e+00       0.000000000000e+00       0.000000000000e+00 
    5       9.299735391104e-11       2.097873847441e-15      -7.130469049597e-14       3.320933069913e-15       0.000000000000e+00       0.000000000000e+00       0.000000000000e+00 
    6       9.020789262943e-11       1.509450455016e-15      -6.780884563954e-14       2.406992659050e-15       0.000000000000e+00       0.000000000000e+00       0.000000000000e+00 
    7       8.844633591321e-11       1.025718372695e-15      -6.016693534453e-14       1.661552925989e-15       0.000000000000e+00       0.000000000000e+00       0.000000000000e+00 
    8       8.725601585830e-11       7.123070352612e-16      -5.292844371674e-14       1.137888951940e-15       0.000000000000e+00       0.000000000000e+00       0.000000000000e+00 
    9       8.639103789784e-11       5.636447427741e-16      -4.776903674348e-14       8.234187581091e-16       0.000000000000e+00       0.000000000000e+00       0.000000000000e+00 
   10       8.570958164046e-11       5.393941994428e-16      -4.502535809012e-14       6.756756683366e-16       0.000000000000e+00       0.000000000000e+00       0.000000000000e+00 
   11       8.512858773948e-11       5.937386161572e-16      -4.447217660549e-14       6.458059467916e-16       0.000000000000e+00       0.000000000000e+00       0.000000000000e+00 
   12       8.459975199131e-11       6.906590854539e-16      -4.571098387189e-14       6.914587852088e-16       0.000000000000e+00       0.000000000000e+00       0.000000000000e+00 
   13       8.409444577840e-11       8.077842835102e-16      -4.836272329934e-14       7.816493056487e-16       0.000000000000e+00       0.000000000000e+00       0.000000000000e+00 
   14       8.359500185076e-11       9.345784251788e-16      -5.212217663552e-14       8.960077699271e-16       0.000000000000e+00       0.000000000000e+00       0.000000000000e+00 
   15       8.309031695846e-11       1.066746286962e-15      -5.676005970159e-14       1.023604555141e-15       0.000000000000e+00       0.000000000000e+00       0.000000000000e+00 
   16       8.257372727636e-11       1.204211164488e-15      -6.212506618016e-14       1.158308515971e-15       0.000000000000e+00       0.000000000000e+00       0.000000000000e+00 
   17       8.204159456370e-11       1.346891159418e-15      -6.811169926471e-14       1.298182859499e-15       0.000000000000e+00       0.000000000000e+00       0.000000000000e+00 
   18       8.148623389218e-11       1.495161116554e-15      -7.463529448358e-14       1.442344714693e-15       0.000000000000e+00       0.000000000000e+00       0.000000000000e+00 
   19       8.092497409648e-11       1.649031330427e-15      -8.165122248307e-14       1.590514864688e-15       0.000000000000e+00       0.000000000000e+00       0.000000000000e+00 
   20       8.033857533867e-11       1.808363321385e-15      -8.910420430684e-14       1.742737389271e-15       0.000000000000e+00       0.000000000000e+00       0.000000000000e+00 
   21       7.973757793428e-11       1.972872670394e-15      -9.695667830796e-14       1.898915099815e-15       0.000000000000e+00       0.000000000000e+00       0.000000000000e+00 
   22       7.911651840489e-11       2.142262543332e-15      -1.051674936571e-13       2.058971602209e-15       0.000000000000e+00       0.000000000000e+00       0.000000000000e+00 
   23       7.848285628868e-11       2.316387520239e-15      -1.137071536492e-13       2.222789683104e-15       0.000000000000e+00       0.000000000000e+00       0.000000000000e+00 
   24       7.783053709999e-11       2.495208278615e-15      -1.225437013292e-13       2.390265781710e-15       0.000000000000e+00       0.000000000000e+00       0.000000000000e+00 
   25       7.716546848824e-11       2.678783816495e-15      -1.316447069939e-13       2.561204428453e-15       0.000000000000e+00       0.000000000000e+00       0.000000000000e+00 
   26       7.648433564674e-11       2.867233942666e-15      -1.409751589055e-13       2.735394984051e-15       0.000000000000e+00       0.000000000000e+00       0.000000000000e+00 
   27       7.578959705118e-11       3.060590542773e-15      -1.505100952621e-13       2.912617421494e-15       0.000000000000e+00       0.000000000000e+00       0.000000000000e+00 
   28       7.507726246014e-11       3.258832315189e-15      -1.602261345776e-13       3.092656889056e-15       0.000000000000e+00       0.000000000000e+00       0.000000000000e+00 
   29       7.435518053188e-11       3.461725808724e-15      -1.701000637837e-13       3.275291575620e-15       0.000000000000e+00       0.000000000000e+00       0.000000000000e+00 
   30       7.362422205060e-11       3.668935869731e-15      -1.801071560304e-13       3.460306672971e-15       0.000000000000e+00       0.000000000000e+00       0.000000000000e+00 
   31       7.287621710256e-11       3.880109041742e-15      -1.902220142420e-13       3.647492872778e-15       0.000000000000e+00       0.000000000000e+00       0.000000000000e+00 
   32       7.211636098559e-11       4.095011249891e-15      -2.004241479091e-13       3.836619534693e-15       0.000000000000e+00       0.000000000000e+00       0.000000000000e+00 
   33       7.134694052106e-11       4.313439210405e-15      -2.106945034697e-13       4.027452000606e-15       0.000000000000e+00       0.000000000000e+00       0.000000000000e+00 
   34       7.056416480307e-11       4.535184645081e-15      -2.210141207228e-13       4.219750316094e-15       0.000000000000e+00       0.000000000000e+00       0.000000000000e+00 
   35       6.977136054533e-11       4.760035290731e-15      -2.313642971110e-13       4.413240290614e-15       0.000000000000e+00       0.000000000000e+00       0.000000000000e+00 
   36       6.896890054132e-11       4.987773429855e-15      -2.417265694251e-13       4.607631482416e-15       0.000000000000e+00       0.000000000000e+00       0.000000000000e+00 
   37       6.815331702743e-11       5.218176857737e-15      -2.520821917855e-13       4.802639566101e-15       0.000000000000e+00       0.000000000000e+00       0.000000000000e+00 
   38       6.732885835597e-11       5.451024721480e-15      -2.624103106782e-13       4.998039323717e-15       0.000000000000e+00       0.000000000000e+00       0.000000000000e+00 
   39       6.649874985571e-11       5.686092978179e-15      -2.726892266553e-13       5.193629436749e-15       0.000000000000e+00       0.000000000000e+00       0.000000000000e+00 
   40       6.566147359131e-11       5.923152420148e-15      -2.828968927428e-13       5.389219088635e-15       0.000000000000e+00       0.000000000000e+00       0.000000000000e+00 
   41       6.481310199124e-11       6.161991737194e-15      -2.930149581556e-13       5.584608639679e-15       0.000000000000e+00       0.000000000000e+00       0.000000000000e+00 
   42       6.395638973145e-11       6.402496479030e-15      -3.030424590288e-13       5.779522619816e-15       0.000000000000e+00       0.000000000000e+00       0.000000000000e+00 
   43       6.309381722458e-11       6.644595275226e-15      -3.129866010016e-13       5.973655949107e-15       0.000000000000e+00       0.000000000000e+00       0.000000000000e+00 
   44       6.222473240998e-11       6.888239953784e-15      -3.228593918870e-13       6.166691243114e-15       0.000000000000e+00       0.000000000000e+00       0.000000000000e+00 
   45       6.134703749975e-11       7.133361467045e-15      -3.326701770025e-13       6.358312004874e-15       0.000000000000e+00       0.000000000000e+00       0.000000000000e+00 
   46       6.046354801146e-11       7.379718924106e-15      -3.423999103680e-13       6.548248697023e-15       0.000000000000e+00       0.000000000000e+00       0.000000000000e+00 
   47       5.957703137527e-11       7.627007614152e-15      -3.520196778461e-13       6.736245149016e-15       0.000000000000e+00       0.000000000000e+00       0.000000000000e+00 
   48       5.868821219409e-11       7.874899158120e-15      -3.614976235327e-13       6.922045841479e-15       0.000000000000e+00       0.000000000000e+00       0.000000000000e+00 
   49       5.779559045814e-11       8.123040183237e-15      -3.707987892426e-13       7.105395948828e-15       0.000000000000e+00       0.000000000000e+00       0.000000000000e+00 
   50       5.689683587557e-11       8.371068724797e-15      -3.798882483816e-13       7.286044311554e-15       0.000000000000e+00       0.000000000000e+00       0.000000000000e+00 
   51       5.599383879181e-11       8.618671755164e-15      -3.887418827909e-13       7.463753205373e-15       0.000000000000e+00       0.000000000000e+00       0.000000000000e+00 
   52       5.508871605803e-11       8.865540979220e-15      -3.973382536975e-13       7.638291297461e-15       0.000000000000e+00       0.000000000000e+00       0.000000000000e+00 
   53       5.418224968080e-11       9.111355992342e-15      -4.056555576448e-13       7.809431124733e-15       0.000000000000e+00       0.000000000000e+00       0.000000000000e+00 
   54       5.327377920687e-11       9.355783789170e-15      -4.136716210089e-13       7.976949274322e-15       0.000000000000e+00       0.000000000000e+00       0.000000000000e+00 
   55       5.236215629740e-11       9.598503848487e-15      -4.213661423236e-13       8.140636436675e-15       0.000000000000e+00       0.000000000000e+00       0.000000000000e+00 
   56       5.144913268174e-11       9.839291810721e-15      -4.287280841316e-13       8.300330075896e-15       0.000000000000e+00       0.000000000000e+00       0.000000000000e+00 
   57       5.053662534760e-11       1.007795572728e-14      -4.357501078225e-13       8.455890191538e-15       0.000000000000e+00       0.000000000000e+00       0.000000000000e+00 
   58       4.962566330138e-11       1.031431279993e-14      -4.424265670157e-13       8.607190709895e-15       0.000000000000e+00       0.000000000000e+00       0.000000000000e+00 
   59       4.871632133698e-11       1.054818988599e-14      -4.487535896533e-13       8.754120049127e-15       0.000000000000e+00       0.000000000000e+00       0.000000000000e+00 
   60       4.780765380457e-11       1.077942400360e-14      -4.547291600939e-13       8.896581684386e-15       0.000000000000e+00       0.000000000000e+00       0.000000000000e+00 
   61       4.689850415709e-11       1.100785490190e-14      -4.603519180559e-13       9.034486266179e-15       0.000000000000e+00       0.000000000000e+00       0.000000000000e+00 
   62       4.599029576417e-11       1.123329967990e-14      -4.656170546987e-13       9.167724629646e-15       0.000000000000e+00       0.000000000000e+00       0.000000000000e+00 
   63       4.508475284875e-11       1.145557334116e-14      -4.705196368569e-13       9.296189702181e-15       0.000000000000e+00       0.000000000000e+00       0.000000000000e+00 
   64       4.418304230466e-11       1.167449647456e-14      -4.750558494640e-13       9.419784706825e-15       0.000000000000e+00       0.000000000000e+00       0.000000000000e+00 
   65       4.328573525318e-11       1.188989550769e-14      -4.792230369328e-13       9.538423459387e-15       0.000000000000e+00       0.000000000000e+00       0.000000000000e+00 
   66       4.239276859961e-11       1.210160296041e-14      -4.830197445346e-13       9.652030665558e-15       0.000000000000e+00       0.000000000000e+00       0.000000000000e+00 
   67       4.150340658982e-11       1.230945769820e-14      -4.864457597800e-13       9.760542218029e-15       0.000000000000e+00       0.000000000000e+00       0.000000000000e+00 
   68       4.061684188833e-11       1.251330310665e-14      -4.895016058504e-13       9.863900610858e-15       0.000000000000e+00       0.000000000000e+00       0.000000000000e+00 
   69       3.973422617506e-11       1.271298061847e-14      -4.921868102070e-13       9.962039439456e-15       0.000000000000e+00       0.000000000000e+00       0.000000000000e+00 
   70       3.885698382996e-11       1.290833532418e-14      -4.945013578815e-13       1.005489627921e-14       0.000000000000e+00       0.000000000000e+00       0.000000000000e+00 
   71       3.798618712524e-11       1.309921813178e-14      -4.964462352577e-13       1.014241745951e-14       0.000000000000e+00       0.000000000000e+00       0.000000000000e+00 
   72       3.712253413798e-11       1.328548596704e-14      -4.980234574379e-13       1.022455823596e-14       0.000000000000e+00       0.000000000000e+00       0.000000000000e+00 
   73       3.626632666273e-11       1.346700197382e-14      -4.992360956081e-13       1.030128296264e-14       0.000000000000e+00       0.000000000000e+00       0.000000000000e+00 
   74       3.541744812414e-11       1.364363571431e-14      -5.000883044045e-13       1.037256526433e-14       0.000000000000e+00       0.000000000000e+00       0.000000000000e+00 
   75       3.457534148958e-11       1.381526336935e-14      -5.005853492792e-13       1.043838820876e-14       0.000000000000e+00       0.000000000000e+00       0.000000000000e+00 
   76       3.373942998922e-11       1.398176621335e-14      -5.007329002004e-13       1.049874208503e-14       0.000000000000e+00       0.000000000000e+00       0.000000000000e+00 
   77       3.291051667374e-11       1.414302527532e-14      -5.005347035666e-13       1.055361689044e-14       0.000000000000e+00       0.000000000000e+00       0.000000000000e+00 
   78       3.208960113016e-11       1.429892606363e-14      -4.999945335004e-13       1.060300878017e-14       0.000000000000e+00       0.000000000000e+00       0.000000000000e+00 
   79       3.127744651873e-11       1.444936036718e-14      -4.991168999743e-13       1.064692246069e-14       0.000000000000e+00       0.000000000000e+00       0.000000000000e+00 
   80       3.047456656564e-11       1.459422642036e-14      -4.979070611317e-13       1.068537131292e-14       0.000000000000e+00       0.000000000000e+00       0.000000000000e+00 
   81       2.968121255581e-11       1.473342906792e-14      -4.963710356088e-13       1.071837751537e-14       0.000000000000e+00       0.000000000000e+00       0.000000000000e+00 
   82       2.889736032562e-11       1.486687992990e-14      -4.945156148557e-13       1.074597216729e-14       0.000000000000e+00       0.000000000000e+00       0.000000000000e+00 
   83       2.812269725561e-11       1.499449756650e-14      -4.923483754582e-13       1.076819541186e-14       0.000000000000e+00       0.000000000000e+00       0.000000000000e+00 
   84       2.735690434001e-11       1.511620652585e-14      -4.898771835793e-13       1.078509273850e-14       0.000000000000e+00       0.000000000000e+00       0.000000000000e+00 
   85       2.660058461488e-11       1.523193394453e-14      -4.871085869038e-13       1.079670291599e-14       0.000000000000e+00       0.000000000000e+00       0.000000000000e+00 
   86       2.585446551109e-11       1.534161268319e-14      -4.840491774633e-13       1.080306827545e-14       0.000000000000e+00       0.000000000000e+00       0.000000000000e+00 
   87       2.511910953296e-11       1.544518253762e-14      -4.807060795441e-13       1.080423841128e-14       0.000000000000e+00       0.000000000000e+00       0.000000000000e+00 
   88       2.439490621023e-11       1.554259038488e-14      -4.770869534727e-13       1.080027024013e-14       0.000000000000e+00       0.000000000000e+00       0.000000000000e+00 
   89       2.368206405011e-11       1.563379032940e-14      -4.731999994015e-13       1.079122805984e-14       0.000000000000e+00       0.000000000000e+00       0.000000000000e+00 
   90       2.298060248925e-11       1.571874384916e-14      -4.690539610945e-13       1.077718360836e-14       0.000000000000e+00       0.000000000000e+00       0.000000000000e+00 
   91       2.229034384577e-11       1.579741994176e-14      -4.646581297129e-13       1.075821612267e-14       0.000000000000e+00       0.000000000000e+00       0.000000000000e+00 
   92       2.161090527129e-11       1.586979527061e-14      -4.600223476011e-13       1.073441239778e-14       0.000000000000e+00       0.000000000000e+00       0.000000000000e+00 
   93       2.094193306412e-11       1.593585123120e-14      -4.551564836233e-13       1.070586247931e-14       0.000000000000e+00       0.000000000000e+00       0.000000000000e+00 
   94       2.028386340141e-11       1.599556432792e-14      -4.500687606879e-13       1.067264587252e-14       0.000000000000e+00       0.000000000000e+00       0.000000000000e+00 
   95       1.963726167365e-11       1.604891461338e-14      -4.447671825117e-13       1.063484335846e-14       0.000000000000e+00       0.000000000000e+00       0.000000000000e+00 
   96       1.900258566008e-11       1.609588874169e-14      -4.392600362340e-13       1.059254117444e-14       0.000000000000e+00       0.000000000000e+00       0.000000000000e+00 
   97       1.838018080761e-11       1.613648007240e-14      -4.335558889486e-13       1.054583101305e-14       0.000000000000e+00       0.000000000000e+00       0.000000000000e+00 
   98       1.777027550965e-11       1.617068877424e-14      -4.276635842354e-13       1.049481002114e-14       0.000000000000e+00       0.000000000000e+00       0.000000000000e+00 
   99       1.717297638501e-11       1.619852192908e-14      -4.215922386921e-13       1.043958079885e-14       0.000000000000e+00       0.000000000000e+00       0.000000000000e+00 
  100       1.658826355672e-11       1.621999363572e-14      -4.153512384662e-13       1.038025139859e-14       0.000000000000e+00       0.000000000000e+00       0.000000000000e+00 
  101       1.601598593093e-11       1.623512511375e-14      -4.089502357866e-13       1.031693532402e-14       0.000000000000e+00       0.000000000000e+00       0.000000000000e+00 
  102       1.545585647578e-11       1.624394480744e-14      -4.023991454955e-13       1.024975152912e-14       0.000000000000e+00       0.000000000000e+00       0.000000000000e+00 
  103       1.490744750023e-11       1.624648848954e-14      -3.957081415799e-13       1.017882441712e-14       0.000000000000e+00       0.000000000000e+00       0.000000000000e+00 
  104       1.437037044996e-11       1.624279617974e-14      -3.888872795428e-13       1.010427934981e-14       0.000000000000e+00       0.000000000000e+00       0.000000000000e+00 
  105       1.384485312444e-11       1.623290220194e-14      -3.819453128897e-13       1.002622848668e-14       0.000000000000e+00       0.000000000000e+00       0.000000000000e+00 
  106       1.333123199490e-11       1.621684397123e-14      -3.748907095560e-13       9.944783022080e-15       0.000000000000e+00       0.000000000000e+00       0.000000000000e+00 
  107       1.282977198928e-11       1.619466512740e-14      -3.677320043038e-13       9.860057454378e-15       0.000000000000e+00       0.000000000000e+00       0.000000000000e+00 
  108       1.234066379879e-11       1.616641560376e-14      -3.604777911411e-13       9.772169535657e-15       0.000000000000e+00       0.000000000000e+00       0.000000000000e+00 
  109       1.186402118439e-11       1.613215169606e-14      -3.531367157423e-13       9.681240221358e-15       0.000000000000e+00       0.000000000000e+00       0.000000000000e+00 
  110       1.139987828333e-11       1.609193613126e-14      -3.457174678684e-13       9.587393619949e-15       0.000000000000e+00       0.000000000000e+00       0.000000000000e+00 
  111       1.094818691569e-11       1.604583813644e-14      -3.382287737870e-13       9.490756942591e-15       0.000000000000e+00       0.000000000000e+00       0.000000000000e+00 
  112       1.050881389088e-11       1.599393350763e-14      -3.306793886923e-13       9.391460452796e-15       0.000000000000e+00       0.000000000000e+00       0.000000000000e+00 
  113       1.008153831419e-11       1.593630467864e-14      -3.230780891253e-13       9.289637416100e-15       0.000000000000e+00       0.000000000000e+00       0.000000000000e+00 
  114       9.666048893293e-12       1.587304078993e-14      -3.154336653941e-13       9.185424049717e-15       0.000000000000e+00       0.000000000000e+00       0.000000000000e+00 
  115       9.261941244789e-12       1.580423775745e-14      -3.077549139935e-13       9.078959472211e-15       0.000000000000e+00       0.000000000000e+00       0.000000000000e+00 
  116       8.868844614072e-12       1.572999413824e-14      -3.000504374835e-13       8.970381717005e-15       0.000000000000e+00       0.000000000000e+00       0.000000000000e+00 
  117       8.486825272056e-12       1.565039800974e-14      -2.923280327239e-13       8.859815330667e-15       0.000000000000e+00       0.000000000000e+00       0.000000000000e+00 
  118       8.116027334238e-12       1.556553861713e-14      -2.845952136803e-13       8.747382165270e-15       0.000000000000e+00       0.000000000000e+00       0.000000000000e+00 
  119       7.756546203419e-12       1.547551046515e-14      -2.768593881298e-13       8.633205095412e-15       0.000000000000e+00       0.000000000000e+00       0.000000000000e+00 
  120       7.408427020473e-12       1.538041334982e-14      -2.691278483784e-13       8.517407933082e-15       0.000000000000e+00       0.000000000000e+00       0.000000000000e+00 
  121       7.071663115104e-12       1.528035239011e-14      -2.614077619790e-13       8.400115342516e-15       0.000000000000e+00       0.000000000000e+00       0.000000000000e+00 
  122       6.746194456613e-12       1.517543805962e-14      -2.537061624490e-13       8.281452755064e-15       0.000000000000e+00       0.000000000000e+00       0.000000000000e+00 
  123       6.431906104661e-12       1.506578621825e-14      -2.460299399881e-13       8.161546284049e-15       0.000000000000e+00       0.000000000000e+00       0.000000000000e+00 
  124       6.128626660030e-12       1.495151814394e-14      -2.383858321957e-13       8.040522639628e-15       0.000000000000e+00       0.000000000000e+00       0.000000000000e+00 
  125       5.836126715388e-12       1.483276056429e-14      -2.307804147891e-13       7.918509043655e-15       0.000000000000e+00       0.000000000000e+00       0.000000000000e+00 
  126       5.554117306054e-12       1.470964568829e-14      -2.232200923208e-13       7.795633144544e-15       0.000000000000e+00       0.000000000000e+00       0.000000000000e+00 
  127       5.282248360758e-12       1.458231123797e-14      -2.157110888962e-13       7.672022932126e-15       0.000000000000e+00       0.000000000000e+00       0.000000000000e+00 
  128       5.020107152406e-12       1.445090048013e-14      -2.082594388917e-13       7.547806652514e-15       0.000000000000e+00       0.000000000000e+00       0.000000000000e+00 
  129       4.767315350132e-12       1.431555689814e-14      -2.008710045350e-13       7.423109968558e-15       0.000000000000e+00       0.000000000000e+00       0.000000000000e+00 
  130       4.523835503554e-12       1.417640747932e-14      -1.935515505440e-13       7.298047269841e-15       0.000000000000e+00       0.000000000000e+00       0.000000000000e+00 
  131       4.289695408994e-12       1.403357764552e-14      -1.863066601724e-13       7.172729244051e-15       0.000000000000e+00       0.000000000000e+00       0.000000000000e+00 
  132       4.064891686631e-12       1.388719644205e-14      -1.791417000804e-13       7.047265442111e-15       0.000000000000e+00       0.000000000000e+00       0.000000000000e+00 
  133       3.849388936819e-12       1.373739653093e-14      -1.720618112440e-13       6.921764173334e-15       0.000000000000e+00       0.000000000000e+00       0.000000000000e+00 
  134       3.643118896407e-12       1.358431418432e-14      -1.650718998655e-13       6.796332400579e-15       0.000000000000e+00       0.000000000000e+00       0.000000000000e+00 
  135       3.445979595058e-12       1.342808927777e-14      -1.581766282831e-13       6.671075635394e-15       0.000000000000e+00       0.000000000000e+00       0.000000000000e+00 
  136       3.257834511564e-12       1.326886528360e-14      -1.513804058809e-13       6.546097833178e-15       0.000000000000e+00       0.000000000000e+00       0.000000000000e+00 
  137       3.078511730164e-12       1.310678926420e-14      -1.446873799988e-13       6.421501288326e-15       0.000000000000e+00       0.000000000000e+00       0.000000000000e+00 
  138       2.907803096866e-12       1.294201186541e-14      -1.381014268426e-13       6.297386529384e-15       0.000000000000e+00       0.000000000000e+00       0.000000000000e+00 
  139       2.745463375763e-12       1.277468730978e-14      -1.316261423937e-13       6.173852214201e-15       0.000000000000e+00       0.000000000000e+00       0.000000000000e+00 
  140       2.591209405349e-12       1.260497338996e-14      -1.252648333189e-13       6.050995025081e-15       0.000000000000e+00       0.000000000000e+00       0.000000000000e+00 
  141       2.444719254841e-12       1.243303146203e-14      -1.190205078810e-13       5.928909563933e-15       0.000000000000e+00       0.000000000000e+00       0.000000000000e+00 
  142       2.305631380493e-12       1.225902643878e-14      -1.128958668478e-13       5.807688247427e-15       0.000000000000e+00       0.000000000000e+00       0.000000000000e+00 
  143       2.173543781920e-12       1.208312678311e-14      -1.068932944027e-13       5.687421202143e-15       0.000000000000e+00       0.000000000000e+00       0.000000000000e+00 
  144       2.048088795166e-12       1.190549820601e-14      -1.010150945529e-13       5.568195701323e-15       0.000000000000e+00       0.000000000000e+00       0.000000000000e+00 
  145       1.929167563386e-12       1.172628407460e-14      -9.526424581190e-14       5.450094633896e-15       0.000000000000e+00       0.000000000000e+00       0.000000000000e+00 
  146       1.816737185648e-12       1.154562305095e-14      -8.964370398529e-14       5.333197684504e-15       0.000000000000e+00       0.000000000000e+00       0.000000000000e+00 
  147       1.710736750473e-12       1.136365517141e-14      -8.415615574171e-14       5.217581671823e-15       0.000000000000e+00       0.000000000000e+00       0.000000000000e+00 
  148       1.611086926851e-12       1.118052180386e-14      -7.880401093383e-14       5.103320441074e-15       0.000000000000e+00       0.000000000000e+00       0.000000000000e+00 
  149       1.517689555247e-12       1.099636560476e-14      -7.358939491917e-14       4.990484756548e-15       0.000000000000e+00       0.000000000000e+00       0.000000000000e+00 
  150       1.430427238618e-12       1.081133047637e-14      -6.851414088091e-14       4.879142194117e-15       0.000000000000e+00       0.000000000000e+00       0.000000000000e+00 
  151       1.349162933424e-12       1.062556152388e-14      -6.357978214875e-14       4.769357033755e-15       0.000000000000e+00       0.000000000000e+00       0.000000000000e+00 
  152       1.273739540640e-12       1.043920501254e-14      -5.878754451975e-14       4.661190152056e-15       0.000000000000e+00       0.000000000000e+00       0.000000000000e+00 
  153       1.203979496765e-12       1.025240832488e-14      -5.413833857913e-14       4.554698914749e-15       0.000000000000e+00       0.000000000000e+00       0.000000000000e+00 
  154       1.139684364842e-12       1.006531991775e-14      -4.963275202115e-14       4.449937069218e-15       0.000000000000e+00       0.000000000000e+00       0.000000000000e+00 
  155       1.080634425461e-12       9.878089279600e-15      -4.527104196990e-14       4.346954637019e-15       0.000000000000e+00       0.000000000000e+00       0.000000000000e+00 
  156       1.026588267777e-12       9.690866887526e-15      -4.105312730020e-14       4.245797806396e-15       0.000000000000e+00       0.000000000000e+00       0.000000000000e+00 
  157       9.772823805212e-13       9.503804164484e-15      -3.697858095835e-14       4.146508824800e-15       0.000000000000e+00       0.000000000000e+00       0.000000000000e+00 
  158       9.324307430108e-13       9.317053436416e-15      -3.304662228306e-14       4.049125891408e-15       0.000000000000e+00       0.000000000000e+00       0.000000000000e+00 
  159       8.917244161640e-13       9.130767889414e-15      -2.925610932620e-14       3.953683049637e-15       0.000000000000e+00       0.000000000000e+00       0.000000000000e+00 
  160       8.548311335104e-13       8.945101526860e-15      -2.560553117369e-14       3.860210079666e-15       0.000000000000e+00       0.000000000000e+00       0.000000000000e+00 
  161       8.214484670936e-13       8.760203195370e-15      -2.209349032475e-14       3.768735615685e-15       0.000000000000e+00       0.000000000000e+00       0.000000000000e+00 
  162       7.914694673642e-13       8.576198158834e-15      -1.872021388949e-14       3.679297033103e-15       0.000000000000e+00       0.000000000000e+00       0.000000000000e+00 
  163       7.648309578170e-13       8.393204805442e-15      -1.548616197658e-14       3.591931234349e-15       0.000000000000e+00       0.000000000000e+00       0.000000000000e+00 
  164       7.414611163328e-13       8.211340362768e-15      -1.239154427305e-14       3.506671410865e-15       0.000000000000e+00       0.000000000000e+00       0.000000000000e+00 
  165       7.212793126822e-13       8.030720827636e-15      -9.436314619790e-15       3.423546950461e-15       0.000000000000e+00       0.000000000000e+00       0.000000000000e+00 
  166       7.041959460291e-13       7.851460895981e-15      -6.620165587075e-15       3.342583344669e-15       0.000000000000e+00       0.000000000000e+00       0.000000000000e+00 
  167       6.901122824339e-13       7.673673892710e-15      -3.942523050118e-15       3.263802096098e-15       0.000000000000e+00       0.000000000000e+00       0.000000000000e+00 
  168       6.789202923570e-13       7.497471701571e-15      -1.402540764591e-15       3.187220625786e-15       0.000000000000e+00       0.000000000000e+00       0.000000000000e+00 
  169       6.705024881627e-13       7.322964695012e-15       1.000905057838e-15       3.112852180556e-15       0.000000000000e+00       0.000000000000e+00       0.000000000000e+00 
  170       6.647317616223e-13       7.150261664044e-15       3.269221173970e-15       3.040705740370e-15       0.000000000000e+00       0.000000000000e+00       0.000000000000e+00 
  171       6.614712214173e-13       6.979469748106e-15       5.404102733549e-15       2.970785925682e-15       0.000000000000e+00       0.000000000000e+00       0.000000000000e+00 
  172       6.605740306435e-13       6.810694364925e-15       7.407538703719e-15       2.903092904795e-15       0.000000000000e+00       0.000000000000e+00       0.000000000000e+00 
  173       6.618832443142e-13       6.644039140384e-15       9.281817293501e-15       2.837622301212e-15       0.000000000000e+00       0.000000000000e+00       0.000000000000e+00 
  174       6.652316468634e-13       6.479605838379e-15       1.102953137825e-14       2.774365100992e-15       0.000000000000e+00       0.000000000000e+00       0.000000000000e+00 
  175       6.704415896496e-13       6.317494290688e-15       1.265358392414e-14       2.713307560102e-15       0.000000000000e+00       0.000000000000e+00       0.000000000000e+00 
  176       6.773248284592e-13       6.157802326830e-15       1.415719341259e-14       2.654431111776e-15       0.000000000000e+00       0.000000000000e+00       0.000000000000e+00 
  177       6.856823610100e-13       6.000625703929e-15       1.554389926480e-14       2.597712273863e-15       0.000000000000e+00       0.000000000000e+00       0.000000000000e+00 
  178       6.953042644543e-13       5.846058036579e-15       1.681756726614e-14       2.543122556186e-15       0.000000000000e+00       0.000000000000e+00       0.000000000000e+00 
  179       7.059695328831e-13       5.694190726703e-15       1.798239499067e-14       2.490628367894e-15       0.000000000000e+00       0.000000000000e+00       0.000000000000e+00 
  180       7.174792587118e-13       5.545109970658e-15       1.904227999419e-14       2.440198377944e-15       0.000000000000e+00       0.000000000000e+00       0.000000000000e+00 
  181       7.297594657344e-13       5.398887661004e-15       1.999885690173e-14       2.391826444334e-15       0.000000000000e+00       0.000000000000e+00       0.000000000000e+00 
  182       7.427661570695e-13       5.255589625158e-15       2.085331434512e-14       2.345510333807e-15       0.000000000000e+00       0.000000000000e+00       0.000000000000e+00 
  183       7.564526664292e-13       5.115278402851e-15       2.160702122846e-14       2.301244367782e-15       0.000000000000e+00       0.000000000000e+00       0.000000000000e+00 
  184       7.707696184357e-13       4.978013165217e-15       2.226152980549e-14       2.259019357160e-15       0.000000000000e+00       0.000000000000e+00       0.000000000000e+00 
  185       7.856648889387e-13       4.843849633896e-15       2.281857875702e-14       2.218822537130e-15       0.000000000000e+00       0.000000000000e+00       0.000000000000e+00 
  186       8.010835653323e-13       4.712840000130e-15       2.328009626825e-14       2.180637501974e-15       0.000000000000e+00       0.000000000000e+00       0.000000000000e+00 
  187       8.169679068720e-13       4.585032843861e-15       2.364820310623e-14       2.144444139874e-15       0.000000000000e+00       0.000000000000e+00       0.000000000000e+00 
  188       8.332573049916e-13       4.460473052832e-15       2.392521569722e-14       2.110218567716e-15       0.000000000000e+00       0.000000000000e+00       0.000000000000e+00 
  189       8.498882436206e-13       4.339201741678e-15       2.411364920406e-14       2.077933065899e-15       0.000000000000e+00       0.000000000000e+00       0.000000000000e+00 
  190       8.667942595010e-13       4.221256171029e-15       2.421622060360e-14       2.047556013138e-15       0.000000000000e+00       0.000000000000e+00       0.000000000000e+00 
  191       8.839059025042e-13       4.106669666609e-15       2.423585176406e-14       2.019051821272e-15       0.000000000000e+00       0.000000000000e+00       0.000000000000e+00 
  192       9.011506959484e-13       3.995471538330e-15       2.417567252244e-14       1.992380870066e-15       0.000000000000e+00       0.000000000000e+00       0.000000000000e+00 
  193       9.184530969153e-13       3.887686999389e-15       2.403902376190e-14       1.967499442022e-15       0.000000000000e+00       0.000000000000e+00       0.000000000000e+00 
  194       9.357344565672e-13       3.783337085371e-15       2.382946048914e-14       1.944359657183e-15       0.000000000000e+00       0.000000000000e+00       0.000000000000e+00 
  195       9.529129804642e-13       3.682438573344e-15       2.355075491181e-14       1.922909407936e-15       0.000000000000e+00       0.000000000000e+00       0.000000000000e+00 
  196       9.699036888812e-13       3.585003900956e-15       2.320689951588e-14       1.903092293821e-15       0.000000000000e+00       0.000000000000e+00       0.000000000000e+00 
  197       9.866183771246e-13       3.491041085533e-15       2.280211014306e-14       1.884847556337e-15       0.000000000000e+00       0.000000000000e+00       0.000000000000e+00 
  198       1.002965575850e-12       3.400553643179e-15       2.234082906815e-14       1.868110013747e-15       0.000000000000e+00       0.000000000000e+00       0.000000000000e+00 
  199       1.018850511378e-12       3.313540507871e-15       2.182772807646e-14       1.852809995881e-15       0.000000000000e+00       0.000000000000e+00       0.000000000000e+00 
  200       1.034175066013e-12       3.229995950560e-15       2.126771154119e-14       1.838873278948e-15       0.000000000000e+00       0.000000000000e+00       0.000000000000e+00 
  201       1.048853388935e-12       3.149912759801e-15       2.066526872539e-14       1.826231457069e-15       0.000000000000e+00       0.000000000000e+00       0.000000000000e+00 
  202       1.062860054063e-12       3.073292205090e-15       2.002247272996e-14       1.814854018075e-15       0.000000000000e+00       0.000000000000e+00       0.000000000000e+00 
  203       1.076185269635e-12       3.000134630032e-15       1.934084437661e-14       1.804718435860e-15       0.000000000000e+00       0.000000000000e+00       0.000000000000e+00 
  204       1.088819543353e-12       2.930436183964e-15       1.862199128272e-14       1.795799905458e-15       0.000000000000e+00       0.000000000000e+00       0.000000000000e+00 
  205       1.100753688947e-12       2.864188750695e-15       1.786760901532e-14       1.788071308689e-15       0.000000000000e+00       0.000000000000e+00       0.000000000000e+00 
  206       1.111978832755e-12       2.801379877240e-15       1.707948224512e-14       1.781503179819e-15       0.000000000000e+00       0.000000000000e+00       0.000000000000e+00 
  207       1.122486420293e-12       2.741992702561e-15       1.625948590054e-14       1.776063671202e-15       0.000000000000e+00       0.000000000000e+00       0.000000000000e+00 
  208       1.132268222825e-12       2.686005886302e-15       1.540958632166e-14       1.771718518942e-15       0.000000000000e+00       0.000000000000e+00       0.000000000000e+00 
  209       1.141316343939e-12       2.633393537529e-15       1.453184241432e-14       1.768431008536e-15       0.000000000000e+00       0.000000000000e+00       0.000000000000e+00 
  210       1.149623226118e-12       2.584125143462e-15       1.362840680405e-14       1.766161940531e-15       0.000000000000e+00       0.000000000000e+00       0.000000000000e+00 
  211       1.157181657315e-12       2.538165498220e-15       1.270152699011e-14       1.764869596176e-15       0.000000000000e+00       0.000000000000e+00       0.000000000000e+00 
  212       1.163984777522e-12       2.495474631550e-15       1.175354649952e-14       1.764509703069e-15       0.000000000000e+00       0.000000000000e+00       0.000000000000e+00 
  213       1.170026085344e-12       2.456007737573e-15       1.078690604104e-14       1.765035400815e-15       0.000000000000e+00       0.000000000000e+00       0.000000000000e+00 
  214       1.175299444573e-12       2.419715103514e-15       9.804144659199e-15       1.766397206673e-15       0.000000000000e+00       0.000000000000e+00       0.000000000000e+00 
  215       1.179799090759e-12       2.386542038443e-15       8.807900888298e-15       1.768542981211e-15       0.000000000000e+00       0.000000000000e+00       0.000000000000e+00 
  216       1.183519637784e-12       2.356428802011e-15       7.800913906421e-15       1.771417893956e-15       0.000000000000e+00       0.000000000000e+00       0.000000000000e+00 
  217       1.186456084433e-12       2.329310533191e-15       6.786024689449e-15       1.774964389046e-15       0.000000000000e+00       0.000000000000e+00       0.000000000000e+00 
  218       1.188603820968e-12       2.305117179009e-15       5.766177165067e-15       1.779122150884e-15       0.000000000000e+00       0.000000000000e+00       0.000000000000e+00 
  219       1.189958635699e-12       2.283773423287e-15       4.744419366775e-15       1.783828069786e-15       0.000000000000e+00       0.000000000000e+00       0.000000000000e+00 
  220       1.190516721559e-12       2.265198615378e-15       3.723904587902e-15       1.789016207636e-15       0.000000000000e+00       0.000000000000e+00       0.000000000000e+00 
  221       1.190274682674e-12       2.249306698902e-15       2.707892535610e-15       1.794617763537e-15       0.000000000000e+00       0.000000000000e+00       0.000000000000e+00 
  222       1.189229540938e-12       2.236006140488e-15       1.699750484911e-15       1.800561039460e-15       0.000000000000e+00       0.000000000000e+00       0.000000000000e+00 
  223       1.187378742583e-12       2.225199858504e-15       7.029544326752e-16       1.806771405902e-15       0.000000000000e+00       0.000000000000e+00       0.000000000000e+00 
  224       1.184722483726e-12       2.216796560318e-15      -2.794024126215e-16       1.813181791125e-15       0.000000000000e+00       0.000000000000e+00       0.000000000000e+00 
  225       1.181270839483e-12       2.210745711465e-15      -1.246121659970e-15       1.819764969277e-15       0.000000000000e+00       0.000000000000e+00       0.000000000000e+00 
  226       1.177037105998e-12       2.207004677134e-15      -2.196482699922e-15       1.826503281987e-15       0.000000000000e+00       0.000000000000e+00       0.000000000000e+00 
  227       1.172035534694e-12       2.205527471915e-15      -3.129758798261e-15       1.833378292146e-15       0.000000000000e+00       0.000000000000e+00       0.000000000000e+00 
  228       1.166281344372e-12       2.206264715703e-15      -4.045217114992e-15       1.840370774620e-15       0.000000000000e+00       0.000000000000e+00       0.000000000000e+00 
  229       1.159790733301e-12       2.209163589597e-15      -4.942118723350e-15       1.847460706954e-15       0.000000000000e+00       0.000000000000e+00       0.000000000000e+00 
  230       1.152580891315e-12       2.214167791799e-15      -5.819718628797e-15       1.854627260079e-15       0.000000000000e+00       0.000000000000e+00       0.000000000000e+00 
  231       1.144670011905e-12       2.221217493517e-15      -6.677265788017e-15       1.861848789025e-15       0.000000000000e+00       0.000000000000e+00       0.000000000000e+00 
  232       1.136077304315e-12       2.230249294864e-15      -7.514003127924e-15       1.869102823623e-15       0.000000000000e+00       0.000000000000e+00       0.000000000000e+00 
  233       1.126823005634e-12       2.241196180759e-15      -8.329167564655e-15       1.876366059220e-15       0.000000000000e+00       0.000000000000e+00       0.000000000000e+00 
  234       1.116928392890e-12       2.253987476826e-15      -9.121990022571e-15       1.883614347379e-15       0.000000000000e+00       0.000000000000e+00       0.000000000000e+00 
  235       1.106415795146e-12       2.268548805299e-15      -9.891695453259e-15       1.890822686593e-15       0.000000000000e+00       0.000000000000e+00       0.000000000000e+00 
  236       1.095308605592e-12       2.284802040918e-15      -1.063750285453e-14       1.897965212992e-15       0.000000000000e+00       0.000000000000e+00       0.000000000000e+00 
  237       1.083631293640e-12       2.302665266829e-15      -1.135862528942e-14       1.905015191047e-15       0.000000000000e+00       0.000000000000e+00       0.000000000000e+00 
  238       1.071409417017e-12       2.322052730488e-15      -1.205426990518e-14       1.911945004284e-15       0.000000000000e+00       0.000000000000e+00       0.000000000000e+00 
  239       1.058669633860e-12       2.342874799561e-15      -1.272363795230e-14       1.918726145988e-15       0.000000000000e+00       0.000000000000e+00       0.000000000000e+00 
  240       1.045439714809e-12       2.365037917822e-15      -1.336592480347e-14       1.925329209911e-15       0.000000000000e+00       0.000000000000e+00       0.000000000000e+00 
  241       1.031748555103e-12       2.388444561056e-15      -1.398031997263e-14       1.931723880983e-15       0.000000000000e+00       0.000000000000e+00       0.000000000000e+00 
  242       1.017626186671e-12       2.412993192955e-15      -1.456600713392e-14       1.937878926016e-15       0.000000000000e+00       0.000000000000e+00       0.000000000000e+00 
  243       1.003103790228e-12       2.438578221027e-15      -1.512216414071e-14       1.943762184415e-15       0.000000000000e+00       0.000000000000e+00       0.000000000000e+00 
  244       9.882137073678e-13       2.465089952488e-15      -1.564796304459e-14       1.949340558885e-15       0.000000000000e+00       0.000000000000e+00       0.000000000000e+00 
  245       9.729894526590e-13       2.492414550168e-15      -1.614257011437e-14       1.954580006140e-15       0.000000000000e+00       0.000000000000e+00       0.000000000000e+00 
  246       9.574657257367e-13       2.520433988406e-15      -1.660514585509e-14       1.959445527608e-15       0.000000000000e+00       0.000000000000e+00       0.000000000000e+00 
  247       9.416784233973e-13       2.549026008958e-15      -1.703484502699e-14       1.963901160142e-15       0.000000000000e+00       0.000000000000e+00       0.000000000000e+00 
  248       9.256646516927e-13       2.578064076891e-15      -1.743081666455e-14       1.967909966728e-15       0.000000000000e+00       0.000000000000e+00       0.000000000000e+00 
  249       9.094627380241e-13       2.607417336486e-15      -1.779220409546e-14       1.971434027191e-15       0.000000000000e+00       0.000000000000e+00       0.000000000000e+00 
  250       8.931076735276e-13       2.636967500162e-15      -1.811833323755e-14       1.974441047434e-15       0.000000000000e+00       0.000000000000e+00       0.000000000000e+00 
  251       8.766171235825e-13       2.666660687152e-15      -1.840928950137e-14       1.976924629334e-15       0.000000000000e+00       0.000000000000e+00       0.000000000000e+00 
  252       8.600046332896e-13       2.696458491413e-15      -1.866537422456e-14       1.978885152815e-15       0.000000000000e+00       0.000000000000e+00       0.000000000000e+00 
  253       8.432841278566e-13       2.726321306190e-15      -1.888691976741e-14       1.980323265956e-15       0.000000000000e+00       0.000000000000e+00       0.000000000000e+00 
  254       8.264699159531e-13       2.756208312302e-15      -1.907428989191e-14       1.981239888347e-15       0.000000000000e+00       0.000000000000e+00       0.000000000000e+00 
  255       8.095766930657e-13       2.786077466425e-15      -1.922788014081e-14       1.981636214461e-15       0.000000000000e+00       0.000000000000e+00       0.000000000000e+00 
  256       7.926195448527e-13       2.815885489371e-15      -1.934811821670e-14       1.981513717013e-15       0.000000000000e+00       0.000000000000e+00       0.000000000000e+00 
  257       7.756139504999e-13       2.845587854373e-15      -1.943546436100e-14       1.980874150328e-15       0.000000000000e+00       0.000000000000e+00       0.000000000000e+00 
  258       7.585757860750e-13       2.875138775366e-15      -1.949041173308e-14       1.979719553708e-15       0.000000000000e+00       0.000000000000e+00       0.000000000000e+00 
  259       7.415213278832e-13       2.904491195272e-15      -1.951348678925e-14       1.978052254793e-15       0.000000000000e+00       0.000000000000e+00       0.000000000000e+00 
  260       7.244672558219e-13       2.933596774279e-15      -1.950524966189e-14       1.975874872926e-15       0.000000000000e+00       0.000000000000e+00       0.000000000000e+00 
  261       7.074306567361e-13       2.962405878123e-15      -1.946629453843e-14       1.973190322522e-15       0.000000000000e+00       0.000000000000e+00       0.000000000000e+00 
  262       6.904290277733e-13       2.990867566376e-15      -1.939725004042e-14       1.970001816429e-15       0.000000000000e+00       0.000000000000e+00       0.000000000000e+00 
  263       6.734802797386e-13       3.018929580721e-15      -1.929877960263e-14       1.966312869295e-15       0.000000000000e+00       0.000000000000e+00       0.000000000000e+00 
  264       6.566027404498e-13       3.046538333239e-15      -1.917158185205e-14       1.962127300932e-15       0.000000000000e+00       0.000000000000e+00       0.000000000000e+00 
  265       6.398151580926e-13       3.073638894693e-15      -1.901639098695e-14       1.957449239681e-15       0.000000000000e+00       0.000000000000e+00       0.000000000000e+00 
  266       6.231367045755e-13       3.100174982802e-15      -1.883397715597e-14       1.952283125779e-15       0.000000000000e+00       0.000000000000e+00       0.000000000000e+00 
  267       6.065869788851e-13       3.126088950535e-15      -1.862514683712e-14       1.946633714719e-15       0.000000000000e+00       0.000000000000e+00       0.000000000000e+00 
  268       5.901860104410e-13       3.151321774383e-15      -1.839074321688e-14       1.940506080622e-15       0.000000000000e+00       0.000000000000e+00       0.000000000000e+00 
  269       5.739542624509e-13       3.175813042648e-15      -1.813164656922e-14       1.933905619595e-15       0.000000000000e+00       0.000000000000e+00       0.000000000000e+00 
  270       5.579126352659e-13       3.199500943723e-15      -1.784877463468e-14       1.926838053100e-15       0.000000000000e+00       0.000000000000e+00       0.000000000000e+00 
  271       5.420824697352e-13       3.222322254372e-15      -1.754308299941e-14       1.919309431318e-15       0.000000000000e+00       0.000000000000e+00       0.000000000000e+00 
  272       5.264855505617e-13       3.244212328020e-15      -1.721556547420e-14       1.911326136516e-15       0.000000000000e+00       0.000000000000e+00       0.000000000000e+00 
  273       5.111441096567e-13       3.265105083024e-15      -1.686725447357e-14       1.902894886406e-15       0.000000000000e+00       0.000000000000e+00       0.000000000000e+00 
  274       4.960808294949e-13       3.284932990968e-15      -1.649922139483e-14       1.894022737517e-15       0.000000000000e+00       0.000000000000e+00       0.000000000000e+00 
  275       4.813188464699e-13       3.303627064933e-15      -1.611257699707e-14       1.884717088556e-15       0.000000000000e+00       0.000000000000e+00       0.000000000000e+00 
  276       4.668817542490e-13       3.321116847790e-15      -1.570847178028e-14       1.874985683773e-15       0.000000000000e+00       0.000000000000e+00       0.000000000000e+00 
  277       4.527936071285e-13       3.337330400475e-15      -1.528809636438e-14       1.864836616327e-15       0.000000000000e+00       0.000000000000e+00       0.000000000000e+00 
  278       4.390789233884e-13       3.352194290276e-15      -1.485268186826e-14       1.854278331652e-15       0.000000000000e+00       0.000000000000e+00       0.000000000000e+00 
  279       4.257585688455e-13       3.365646729974e-15      -1.440337366024e-14       1.843319880581e-15       0.000000000000e+00       0.000000000000e+00       0.000000000000e+00 
  280       4.128371645405e-13       3.377677772882e-15      -1.394084458949e-14       1.831971686323e-15       0.000000000000e+00       0.000000000000e+00       0.000000000000e+00 
  281       4.003150331953e-13       3.388291177434e-15      -1.346566245506e-14       1.820244823778e-15       0.000000000000e+00       0.000000000000e+00       0.000000000000e+00 
  282       3.881922572930e-13       3.397491452339e-15      -1.297841501333e-14       1.808150777088e-15       0.000000000000e+00       0.000000000000e+00       0.000000000000e+00 
  283       3.764686761047e-13       3.405283865063e-15      -1.247971016250e-14       1.795701443382e-15       0.000000000000e+00       0.000000000000e+00       0.000000000000e+00 
  284       3.651438827161e-13       3.411674450315e-15      -1.197017612719e-14       1.782909136529e-15       0.000000000000e+00       0.000000000000e+00       0.000000000000e+00 
  285       3.542172210545e-13       3.416670018529e-15      -1.145046164291e-14       1.769786590883e-15       0.000000000000e+00       0.000000000000e+00       0.000000000000e+00 
  286       3.436877829147e-13       3.420278164346e-15      -1.092123614066e-14       1.756346965032e-15       0.000000000000e+00       0.000000000000e+00       0.000000000000e+00 
  287       3.335544049864e-13       3.422507275101e-15      -1.038318993144e-14       1.742603845550e-15       0.000000000000e+00       0.000000000000e+00       0.000000000000e+00 
  288       3.238156658808e-13       3.423366539302e-15      -9.837034390770e-15       1.728571250740e-15       0.000000000000e+00       0.000000000000e+00       0.000000000000e+00 
  289       3.144698831566e-13       3.422865955118e-15      -9.283502143277e-15       1.714263634389e-15       0.000000000000e+00       0.000000000000e+00       0.000000000000e+00 
  290       3.055151103476e-13       3.421016338857e-15      -8.723347247195e-15       1.699695889510e-15       0.000000000000e+00       0.000000000000e+00       0.000000000000e+00 
  291       2.969491339886e-13       3.417829333456e-15      -8.157345378921e-15       1.684883352097e-15       0.000000000000e+00       0.000000000000e+00       0.000000000000e+00 
  292       2.887694706425e-13       3.413317416957e-15      -7.586294017549e-15       1.669841804868e-15       0.000000000000e+00       0.000000000000e+00       0.000000000000e+00 
  293       2.809733639268e-13       3.407493910996e-15      -7.011012629410e-15       1.654587481018e-15       0.000000000000e+00       0.000000000000e+00       0.000000000000e+00 
  294       2.735577815403e-13       3.400372989287e-15      -6.432342852613e-15       1.639137067965e-15       0.000000000000e+00       0.000000000000e+00       0.000000000000e+00 
  295       2.665194122898e-13       3.391969686098e-15      -5.851148681581e-15       1.623507711099e-15       0.000000000000e+00       0.000000000000e+00       0.000000000000e+00 
  296       2.598546631166e-13       3.382299904743e-15      -5.268316651593e-15       1.607717017531e-15       0.000000000000e+00       0.000000000000e+00       0.000000000000e+00 
  297       2.535596561236e-13       3.371380426061e-15      -4.684756023320e-15       1.591783059843e-15       0.000000000000e+00       0.000000000000e+00       0.000000000000e+00 
  298       2.476302256013e-13       3.359228916900e-15      -4.101398967366e-15       1.575724379835e-15       0.000000000000e+00       0.000000000000e+00       0.000000000000e+00 
  299       2.420619150550e-13       3.345863938599e-15      -3.519200748809e-15       1.559559992271e-15       0.000000000000e+00       0.000000000000e+00       0.000000000000e+00 
  300       2.368499742314e-13       3.331304955475e-15      -2.939139911735e-15       1.543309388635e-15       0.000000000000e+00       0.000000000000e+00       0.000000000000e+00 
  301       2.319893561450e-13       3.315572343303e-15      -2.362218463780e-15       1.526992540870e-15       0.000000000000e+00       0.000000000000e+00       0.000000000000e+00 
  302       2.274747141050e-13       3.298687397803e-15      -1.789462060672e-15       1.510629905136e-15       0.000000000000e+00       0.000000000000e+00       0.000000000000e+00 
  303       2.233003987418e-13       3.280672343117e-15      -1.221920190763e-15       1.494242425553e-15       0.000000000000e+00       0.000000000000e+00       0.000000000000e+00 
  304       2.194604550339e-13       3.261550340301e-15      -6.606663595746e-16       1.477851537949e-15       0.000000000000e+00       0.000000000000e+00       0.000000000000e+00 
  305       2.159486193345e-13       3.241345495800e-15      -1.067982743340e-16       1.461479173613e-15       0.000000000000e+00       0.000000000000e+00       0.000000000000e+00 
  306       2.127583163977e-13       3.220082869937e-15       4.385619714867e-16       1.445147763040e-15       0.000000000000e+00       0.000000000000e+00       0.000000000000e+00 
  307       2.098826564060e-13       3.197788485396e-15       9.742677136311e-16       1.428880239681e-15       0.000000000000e+00       0.000000000000e+00       0.000000000000e+00 
  308       2.073144319962e-13       3.174489335702e-15       1.499147532519e-15       1.412700043690e-15       0.000000000000e+00       0.000000000000e+00       0.000000000000e+00 
  309       2.050461152867e-13       3.150213393707e-15       2.012005068709e-15       1.396631125677e-15       0.000000000000e+00       0.000000000000e+00       0.000000000000e+00 
  310       2.030698549035e-13       3.124989620073e-15       2.511618838356e-15       1.380697950450e-15       0.000000000000e+00       0.000000000000e+00       0.000000000000e+00 
  311       2.013774730075e-13       3.098847971755e-15       2.996742048677e-15       1.364925500770e-15       0.000000000000e+00       0.000000000000e+00       0.000000000000e+00 
  312       1.999609974727e-13       3.071818672110e-15       3.466310162093e-15       1.349335699976e-15       0.000000000000e+00       0.000000000000e+00       0.000000000000e+00 
  313       1.988142918119e-13       3.043929966390e-15       3.920074611528e-15       1.333936488724e-15       0.000000000000e+00       0.000000000000e+00       0.000000000000e+00 
  314       1.979314950706e-13       3.015210278679e-15       4.357998128800e-15       1.318732248739e-15       0.000000000000e+00       0.000000000000e+00       0.000000000000e+00 
  315       1.973064911873e-13       2.985688948419e-15       4.780049717364e-15       1.303727337587e-15       0.000000000000e+00       0.000000000000e+00       0.000000000000e+00 
  316       1.969329066776e-13       2.955396237991e-15       5.186204723052e-15       1.288926088025e-15       0.000000000000e+00       0.000000000000e+00       0.000000000000e+00 
  317       1.968041083186e-13       2.924363340287e-15       5.576444904815e-15       1.274332807347e-15       0.000000000000e+00       0.000000000000e+00       0.000000000000e+00 
  318       1.969132008333e-13       2.892622386287e-15       5.950758505471e-15       1.259951776736e-15       0.000000000000e+00       0.000000000000e+00       0.000000000000e+00 
  319       1.972530245747e-13       2.860206452638e-15       6.309140322444e-15       1.245787250608e-15       0.000000000000e+00       0.000000000000e+00       0.000000000000e+00 
  320       1.978161532099e-13       2.827149569226e-15       6.651591778508e-15       1.231843455963e-15       0.000000000000e+00       0.000000000000e+00       0.000000000000e+00 
  321       1.985948914047e-13       2.793486726754e-15       6.978120992531e-15       1.218124591731e-15       0.000000000000e+00       0.000000000000e+00       0.000000000000e+00 
  322       1.995812725076e-13       2.759253884319e-15       7.288742850218e-15       1.204634828124e-15       0.000000000000e+00       0.000000000000e+00       0.000000000000e+00 
  323       2.007670562344e-13       2.724487976986e-15       7.583479074853e-15       1.191378305979e-15       0.000000000000e+00       0.000000000000e+00       0.000000000000e+00 
  324       2.021437263520e-13       2.689226923366e-15       7.862358298045e-15       1.178359136107e-15       0.000000000000e+00       0.000000000000e+00       0.000000000000e+00 
  325       2.037024883630e-13       2.653509633189e-15       8.125416130467e-15       1.165581398646e-15       0.000000000000e+00       0.000000000000e+00       0.000000000000e+00 
  326       2.054342671898e-13       2.617376014886e-15       8.372695232603e-15       1.153049142404e-15       0.000000000000e+00       0.000000000000e+00       0.000000000000e+00 
  327       2.073297048589e-13       2.580866983157e-15       8.604245385490e-15       1.140766384208e-15       0.000000000000e+00       0.000000000000e+00       0.000000000000e+00 
  328       2.093791581853e-13       2.544024466554e-15       8.820123561460e-15       1.128737108255e-15       0.000000000000e+00       0.000000000000e+00       0.000000000000e+00 
  329       2.115726964565e-13       2.506891415055e-15       9.020393994883e-15       1.116965265456e-15       0.000000000000e+00       0.000000000000e+00       0.000000000000e+00 
  330       2.139000991170e-13       2.469511807637e-15       9.205128252912e-15       1.105454772788e-15       0.000000000000e+00       0.000000000000e+00       0.000000000000e+00 
  331       2.163508534525e-13       2.431930659857e-15       9.374405306228e-15       1.094209512639e-15       0.000000000000e+00       0.000000000000e+00       0.000000000000e+00 
  332       2.189141522740e-13       2.394194031425e-15       9.528311599776e-15       1.083233332158e-15       0.000000000000e+00       0.000000000000e+00       0.000000000000e+00 
  333       2.215788916023e-13       2.356349033779e-15       9.666941123515e-15       1.072530042602e-15       0.000000000000e+00       0.000000000000e+00       0.000000000000e+00 
  334       2.243336683521e-13       2.318443837666e-15       9.790395483160e-15       1.062103418686e-15       0.000000000000e+00       0.000000000000e+00       0.000000000000e+00 
  335       2.271667780163e-13       2.280527680713e-15       9.898783970921e-15       1.051957197927e-15       0.000000000000e+00       0.000000000000e+00       0.000000000000e+00 
  336       2.300662123504e-13       2.242650875004e-15       9.992223636252e-15       1.042095079998e-15       0.000000000000e+00       0.000000000000e+00       0.000000000000e+00 
  337       2.330196570565e-13       2.204864814658e-15       1.007083935659e-14       1.032520726072e-15       0.000000000000e+00       0.000000000000e+00       0.000000000000e+00 
  338       2.360144894677e-13       2.167221983406e-15       1.013476390810e-14       1.023237758170e-15       0.000000000000e+00       0.000000000000e+00       0.000000000000e+00 
  339       2.390377762325e-13       2.129775962163e-15       1.018413803642e-14       1.014249758511e-15       0.000000000000e+00       0.000000000000e+00       0.000000000000e+00 
  340       2.420762709987e-13       2.092581436606e-15       1.021911052739e-14       1.005560268861e-15       0.000000000000e+00       0.000000000000e+00       0.000000000000e+00 
  341       2.451164120983e-13       2.055694204752e-15       1.023983827783e-14       9.971727898766e-16       0.000000000000e+00       0.000000000000e+00       0.000000000000e+00 
  342       2.481443202308e-13       2.019171184531e-15       1.024648636623e-14       9.890907804580e-16       0.000000000000e+00       0.000000000000e+00       0.000000000000e+00 
  343       2.511457961485e-13       1.983070421365e-15       1.023922812356e-14       9.813176570944e-16       0.000000000000e+00       0.000000000000e+00       0.000000000000e+00 
  344       2.541063183399e-13       1.947451095740e-15       1.021824520395e-14       9.738567932133e-16       0.000000000000e+00       0.000000000000e+00       0.000000000000e+00 
  345       2.570110407147e-13       1.912373530787e-15       1.018372765545e-14       9.667115185277e-16       0.000000000000e+00       0.000000000000e+00       0.000000000000e+00 
  346       2.598447902873e-13       1.877899199855e-15       1.013587399083e-14       9.598851183851e-16       0.000000000000e+00       0.000000000000e+00       0.000000000000e+00 
  347       2.625920648619e-13       1.844090734088e-15       1.007489125822e-14       9.533808331150e-16       0.000000000000e+00       0.000000000000e+00       0.000000000000e+00 
  348       2.652370307159e-13       1.811011930001e-15       1.000099511194e-14       9.472018573774e-16       0.000000000000e+00       0.000000000000e+00       0.000000000000e+00 
  349       2.677661819975e-13       1.778717594032e-15       9.914421549255e-15       9.413500434797e-16       0.000000000000e+00       0.000000000000e+00       0.000000000000e+00 
  350       2.701764455742e-13       1.747222595127e-15       9.815462514034e-15       9.358219532153e-16       0.000000000000e+00       0.000000000000e+00       0.000000000000e+00 
  351       2.724674083036e-13       1.716531541519e-15       9.704431910533e-15       9.306126407519e-16       0.000000000000e+00       0.000000000000e+00       0.000000000000e+00 
  352       2.746386859951e-13       1.686648825357e-15       9.581654152678e-15       9.257169319471e-16       0.000000000000e+00       0.000000000000e+00       0.000000000000e+00 
  353       2.766899237099e-13       1.657578620300e-15       9.447464246273e-15       9.211294224228e-16       0.000000000000e+00       0.000000000000e+00       0.000000000000e+00 
  354       2.786207960598e-13       1.629324879109e-15       9.302207871207e-15       9.168444756404e-16       0.000000000000e+00       0.000000000000e+00       0.000000000000e+00 
  355       2.804310075059e-13       1.601891331239e-15       9.146241463654e-15       9.128562209757e-16       0.000000000000e+00       0.000000000000e+00       0.000000000000e+00 
  356       2.821202926584e-13       1.575281480430e-15       8.979932298279e-15       9.091585517938e-16       0.000000000000e+00       0.000000000000e+00       0.000000000000e+00 
  357       2.836884165754e-13       1.549498602300e-15       8.803658570442e-15       9.057451235238e-16       0.000000000000e+00       0.000000000000e+00       0.000000000000e+00 
  358       2.851351750620e-13       1.524545741935e-15       8.617809478398e-15       9.026093517340e-16       0.000000000000e+00       0.000000000000e+00       0.000000000000e+00 
  359       2.864603949694e-13       1.500425711483e-15       8.422785305507e-15       8.997444102066e-16       0.000000000000e+00       0.000000000000e+00       0.000000000000e+00 
  360       2.876639344941e-13       1.477141087746e-15       8.218997502434e-15       8.971432290127e-16       0.000000000000e+00       0.000000000000e+00       0.000000000000e+00 
  361       2.887456834773e-13       1.454694209771e-15       8.006868769353e-15       8.947984925870e-16       0.000000000000e+00       0.000000000000e+00       0.000000000000e+00 
  362       2.897055637034e-13       1.433087176441e-15       7.786833138153e-15       8.927026378031e-16       0.000000000000e+00       0.000000000000e+00       0.000000000000e+00 
  363       2.905435291996e-13       1.412321844069e-15       7.559336054639e-15       8.908478520479e-16       0.000000000000e+00       0.000000000000e+00       0.000000000000e+00 
  364       2.912595665349e-13       1.392399823989e-15       7.324834460737e-15       8.892260712971e-16       0.000000000000e+00       0.000000000000e+00       0.000000000000e+00 
  365       2.918536951194e-13       1.373322480147e-15       7.083796876700e-15       8.878289781895e-16       0.000000000000e+00       0.000000000000e+00       0.000000000000e+00 
  366       2.923259675029e-13       1.355090926696e-15       6.836703483309e-15       8.866480001022e-16       0.000000000000e+00       0.000000000000e+00       0.000000000000e+00 
  367       2.926764696747e-13       1.337706025583e-15       6.584046204079e-15       8.856743072256e-16       0.000000000000e+00       0.000000000000e+00       0.000000000000e+00 
  368       2.929053213621e-13       1.321168384145e-15       6.326328787459e-15       8.848988106379e-16       0.000000000000e+00       0.000000000000e+00       0.000000000000e+00 
  369       2.930126763302e-13       1.305478352701e-15       6.064066889041e-15       8.843121603806e-16       0.000000000000e+00       0.000000000000e+00       0.000000000000e+00 
  370       2.929987226803e-13       1.290636022140e-15       5.797788153762e-15       8.839047435329e-16       0.000000000000e+00       0.000000000000e+00       0.000000000000e+00 
  371       2.928636831495e-13       1.276641221517e-15       5.528032298106e-15       8.836666822868e-16       0.000000000000e+00       0.000000000000e+00       0.000000000000e+00 
  372       2.926078154098e-13       1.263493515643e-15       5.255351192310e-15       8.835878320219e-16       0.000000000000e+00       0.000000000000e+00       0.000000000000e+00 
  373       2.922314123670e-13       1.251192202679e-15       4.980308942567e-15       8.836577793804e-16       0.000000000000e+00       0.000000000000e+00       0.000000000000e+00 
  374       2.917348024600e-13       1.239736311723e-15       4.703481973230e-15       8.838658403422e-16       0.000000000000e+00       0.000000000000e+00       0.000000000000e+00 
  375       2.911183499599e-13       1.229124600409e-15       4.425459109016e-15       8.842010582993e-16       0.000000000000e+00       0.000000000000e+00       0.000000000000e+00 
  376       2.903824552690e-13       1.219355552493e-15       4.146841657209e-15       8.846522021310e-16       0.000000000000e+00       0.000000000000e+00       0.000000000000e+00 
  377       2.895275552202e-13       1.210427375446e-15       3.868243489867e-15       8.852077642790e-16       0.000000000000e+00       0.000000000000e+00       0.000000000000e+00 
  378       2.885541233757e-13       1.202337998051e-15       3.590291126020e-15       8.858559588218e-16       0.000000000000e+00       0.000000000000e+00       0.000000000000e+00 
  379       2.874626703267e-13       1.195085067987e-15       3.313623813881e-15       8.865847195501e-16       0.000000000000e+00       0.000000000000e+00       0.000000000000e+00 
  380       2.862537439919e-13       1.188665949427e-15       3.038893613044e-15       8.873816980415e-16       0.000000000000e+00       0.000000000000e+00       0.000000000000e+00 
  381       2.849279299171e-13       1.183077720627e-15       2.766765476691e-15       8.882342617351e-16       0.000000000000e+00       0.000000000000e+00       0.000000000000e+00 
  382       2.834858515741e-13       1.178317171520e-15       2.497917333794e-15       8.891294920070e-16       0.000000000000e+00       0.000000000000e+00       0.000000000000e+00 
  383       2.819281706599e-13       1.174380801305e-15       2.233040171322e-15       8.900541822447e-16       0.000000000000e+00       0.000000000000e+00       0.000000000000e+00 
  384       2.802555873957e-13       1.171264816042e-15       1.972838116441e-15       8.909948359223e-16       0.000000000000e+00       0.000000000000e+00       0.000000000000e+00 
  385       2.784688408264e-13       1.168965126242e-15       1.718028518720e-15       8.919376646753e-16       0.000000000000e+00       0.000000000000e+00       0.000000000000e+00 
  386       2.765687091191e-13       1.167477344460e-15       1.469342032334e-15       8.928685863753e-16       0.000000000000e+00       0.000000000000e+00       0.000000000000e+00 
  387       2.745560098629e-13       1.166796782886e-15       1.227522698270e-15       8.937732232054e-16       0.000000000000e+00       0.000000000000e+00       0.000000000000e+00 
  388       2.724319667264e-13       1.166916190602e-15       9.932045848754e-16       8.946390078813e-16       0.000000000000e+00       0.000000000000e+00       0.000000000000e+00 
  389       2.701993239420e-13       1.167818876958e-15       7.665364547232e-16       8.954615931002e-16       0.000000000000e+00       0.000000000000e+00       0.000000000000e+00 
  390       2.678612740970e-13       1.169485326245e-15       5.475432194539e-16       8.962386780643e-16       0.000000000000e+00       0.000000000000e+00       0.000000000000e+00 
  391       2.654210961276e-13       1.171895430612e-15       3.362480978002e-16       8.969679217351e-16       0.000000000000e+00       0.000000000000e+00       0.000000000000e+00 
  392       2.628821559088e-13       1.175028485860e-15       1.326725996477e-16       8.976469425838e-16       0.000000000000e+00       0.000000000000e+00       0.000000000000e+00 
  393       2.602479068455e-13       1.178863187238e-15      -6.316348990459e-17       8.982733183426e-16       0.000000000000e+00       0.000000000000e+00       0.000000000000e+00 
  394       2.575218904624e-13       1.183377625239e-15      -2.512421264843e-16       8.988445857558e-16       0.000000000000e+00       0.000000000000e+00       0.000000000000e+00 
  395       2.547077369944e-13       1.188549281393e-15      -4.315470223848e-16       8.993582403308e-16       0.000000000000e+00       0.000000000000e+00       0.000000000000e+00 
  396       2.518091659773e-13       1.194355024060e-15      -6.040636625055e-16       8.998117360889e-16       0.000000000000e+00       0.000000000000e+00       0.000000000000e+00 
  397       2.488299868380e-13       1.200771104231e-15      -7.687793202909e-16       9.002024853164e-16       0.000000000000e+00       0.000000000000e+00       0.000000000000e+00 
  398       2.457740994850e-13       1.207773151315e-15      -9.256830736705e-16       9.005278583156e-16       0.000000000000e+00       0.000000000000e+00       0.000000000000e+00 
  399       2.426454948987e-13       1.215336168942e-15      -1.074765820999e-15       9.007851831560e-16       0.000000000000e+00       0.000000000000e+00       0.000000000000e+00 
  400       2.394482557219e-13       1.223434530749e-15      -1.216020296994e-15       9.009717454250e-16       0.000000000000e+00       0.000000000000e+00       0.000000000000e+00 
  401       2.361865568501e-13       1.232041976184e-15      -1.349441088678e-15       9.010847879791e-16       0.000000000000e+00       0.000000000000e+00       0.000000000000e+00 
  402       2.328646660220e-13       1.241131606292e-15      -1.475024651318e-15       9.011215106947e-16       0.000000000000e+00       0.000000000000e+00       0.000000000000e+00 
  403       2.294869444097e-13       1.250675879517e-15      -1.592769324362e-15       9.010790702194e-16       0.000000000000e+00       0.000000000000e+00       0.000000000000e+00 
  404       2.260578472096e-13       1.260646607494e-15      -1.702675347383e-15       9.009545797229e-16       0.000000000000e+00       0.000000000000e+00       0.000000000000e+00 
  405       2.225819242323e-13       1.271014950842e-15      -1.804744876016e-15       9.007451086478e-16       0.000000000000e+00       0.000000000000e+00       0.000000000000e+00 
  406       2.190638204930e-13       1.281751414962e-15      -1.898981997898e-15       9.004476824609e-16       0.000000000000e+00       0.000000000000e+00       0.000000000000e+00 
  407       2.155082768022e-13       1.292825845829e-15      -1.985392748607e-15       9.000592824038e-16       0.000000000000e+00       0.000000000000e+00       0.000000000000e+00 
  408       2.119201303562e-13       1.304207425791e-15      -2.063985127604e-15       8.995768452446e-16       0.000000000000e+00       0.000000000000e+00       0.000000000000e+00 
  409       2.083043153269e-13       1.315864669357e-15      -2.134769114169e-15       8.989972630280e-16       0.000000000000e+00       0.000000000000e+00       0.000000000000e+00 
  410       2.046658634528e-13       1.327765419001e-15      -2.197756683347e-15       8.983173828273e-16       0.000000000000e+00       0.000000000000e+00       0.000000000000e+00 
  411       2.010099046291e-13       1.339876840947e-15      -2.252961821878e-15       8.975340064944e-16       0.000000000000e+00       0.000000000000e+00       0.000000000000e+00 
  412       1.973416674983e-13       1.352165420971e-15      -2.300400544147e-15       8.966438904115e-16       0.000000000000e+00       0.000000000000e+00       0.000000000000e+00 
  413       1.936664800404e-13       1.364596960194e-15      -2.340090908115e-15       8.956437452419e-16       0.000000000000e+00       0.000000000000e+00       0.000000000000e+00 
  414       1.899897701634e-13       1.377136570875e-15      -2.372053031265e-15       8.945302356810e-16       0.000000000000e+00       0.000000000000e+00       0.000000000000e+00 
  415       1.863170662936e-13       1.389748672207e-15      -2.396309106538e-15       8.932999802074e-16       0.000000000000e+00       0.000000000000e+00       0.000000000000e+00 
  416       1.826539979663e-13       1.402396986112e-15      -2.412883418273e-15       8.919495508334e-16       0.000000000000e+00       0.000000000000e+00       0.000000000000e+00 
  417       1.790062964158e-13       1.415044533038e-15      -2.421802358150e-15       8.904754728570e-16       0.000000000000e+00       0.000000000000e+00       0.000000000000e+00 
  418       1.753797951662e-13       1.427653627748e-15      -2.423094441123e-15       8.888742246118e-16       0.000000000000e+00       0.000000000000e+00       0.000000000000e+00 
  419       1.717804306213e-13       1.440185875121e-15      -2.416790321368e-15       8.871422372188e-16       0.000000000000e+00       0.000000000000e+00       0.000000000000e+00 
  420       1.682142426557e-13       1.452602165943e-15      -2.402922808215e-15       8.852758943370e-16       0.000000000000e+00       0.000000000000e+00       0.000000000000e+00 
  421       1.646873752045e-13       1.464862672704e-15      -2.381526882092e-15       8.832715319147e-16       0.000000000000e+00       0.000000000000e+00       0.000000000000e+00 
  422       1.612060768541e-13       1.476926845390e-15      -2.352639710465e-15       8.811254379402e-16       0.000000000000e+00       0.000000000000e+00       0.000000000000e+00 
  423       1.577767014326e-13       1.488753407283e-15      -2.316300663774e-15       8.788338521928e-16       0.000000000000e+00       0.000000000000e+00       0.000000000000e+00 
  424       1.544057086000e-13       1.500300350751e-15      -2.272551331377e-15       8.763929659942e-16       0.000000000000e+00       0.000000000000e+00       0.000000000000e+00 
  425       1.510996644388e-13       1.511524933042e-15      -2.221435537487e-15       8.737989219592e-16       0.000000000000e+00       0.000000000000e+00       0.000000000000e+00 
  426       1.478652420442e-13       1.522383672085e-15      -2.162999357110e-15       8.710478137465e-16       0.000000000000e+00       0.000000000000e+00       0.000000000000e+00 
  427       1.447080956100e-13       1.532839107922e-15      -2.097315302221e-15       8.681368977832e-16       0.000000000000e+00       0.000000000000e+00       0.000000000000e+00 
  428       1.416294392935e-13       1.542880348944e-15      -2.024555754071e-15       8.650682743467e-16       0.000000000000e+00       0.000000000000e+00       0.000000000000e+00 
  429       1.386293531185e-13       1.552503216410e-15      -1.944922060506e-15       8.618453312301e-16       0.000000000000e+00       0.000000000000e+00       0.000000000000e+00 
  430       1.357078988145e-13       1.561703542194e-15      -1.858620623174e-15       8.584715436290e-16       0.000000000000e+00       0.000000000000e+00       0.000000000000e+00 
  431       1.328651196681e-13       1.570477169024e-15      -1.765862929334e-15       8.549504746886e-16       0.000000000000e+00       0.000000000000e+00       0.000000000000e+00 
  432       1.301010403731e-13       1.578819950720e-15      -1.666865583665e-15       8.512857760506e-16       0.000000000000e+00       0.000000000000e+00       0.000000000000e+00 
  433       1.274156668817e-13       1.586727752428e-15      -1.561850340078e-15       8.474811883997e-16       0.000000000000e+00       0.000000000000e+00       0.000000000000e+00 
  434       1.248089862549e-13       1.594196450862e-15      -1.451044133526e-15       8.435405420109e-16       0.000000000000e+00       0.000000000000e+00       0.000000000000e+00 
  435       1.222809665133e-13       1.601221934537e-15      -1.334679111814e-15       8.394677572958e-16       0.000000000000e+00       0.000000000000e+00       0.000000000000e+00 
  436       1.198315564881e-13       1.607800104009e-15      -1.212992667407e-15       8.352668453495e-16       0.000000000000e+00       0.000000000000e+00       0.000000000000e+00 
  437       1.174606856715e-13       1.613926872111e-15      -1.086227469243e-15       8.309419084977e-16       0.000000000000e+00       0.000000000000e+00       0.000000000000e+00 
  438       1.151682640673e-13       1.619598164190e-15      -9.546314945421e-16       8.264971408432e-16       0.000000000000e+00       0.000000000000e+00       0.000000000000e+00 
  439       1.129541820423e-13       1.624809918346e-15      -8.184580606163e-16       8.219368288128e-16       0.000000000000e+00       0.000000000000e+00       0.000000000000e+00 
  440       1.108183101761e-13       1.629558085667e-15      -6.779658566799e-16       8.172653517041e-16       0.000000000000e+00       0.000000000000e+00       0.000000000000e+00 
  441       1.087604991127e-13       1.633838630467e-15      -5.334189756600e-16       8.124871822325e-16       0.000000000000e+00       0.000000000000e+00       0.000000000000e+00 
  442       1.067805794105e-13       1.637647530524e-15      -3.850869460059e-16       8.076068870774e-16       0.000000000000e+00       0.000000000000e+00       0.000000000000e+00 
  443       1.048783613936e-13       1.640980777316e-15      -2.332447634999e-16       8.026291274298e-16       0.000000000000e+00       0.000000000000e+00       0.000000000000e+00 
  444       1.030536350021e-13       1.643834376260e-15      -7.817292306708e-17       7.975586595385e-16       0.000000000000e+00       0.000000000000e+00       0.000000000000e+00 
  445       1.013061696431e-13       1.646204346948e-15       7.984254941426e-17       7.924003352572e-16       0.000000000000e+00       0.000000000000e+00       0.000000000000e+00 
  446       9.963571404124e-14       1.648086723383e-15       2.405100653028e-16       7.871591025911e-16       0.000000000000e+00       0.000000000000e+00       0.000000000000e+00 
  447       9.804199608962e-14       1.649477554219e-15       4.035324413838e-16       7.818400062440e-16       0.000000000000e+00       0.000000000000e+00       0.000000000000e+00 
  448       9.652472270033e-14       1.650372902998e-15       5.686068680590e-16       7.764481881649e-16       0.000000000000e+00       0.000000000000e+00       0.000000000000e+00 
  449       9.508357965527e-14       1.650768848382e-15       7.354248775367e-16       7.709888880945e-16       0.000000000000e+00       0.000000000000e+00       0.000000000000e+00 
  450       9.371823145687e-14       1.650661484400e-15       9.036723120212e-16       7.654674441127e-16       0.000000000000e+00       0.000000000000e+00       0.000000000000e+00 
  451       9.242832117881e-14       1.650046920675e-15       1.073029291903e-15       7.598892931849e-16       0.000000000000e+00       0.000000000000e+00       0.000000000000e+00 
  452       9.121347031672e-14       1.648921282668e-15       1.243170183949e-15       7.542599717090e-16       0.000000000000e+00       0.000000000000e+00       0.000000000000e+00 
  453       9.007327863895e-14       1.647280711912e-15       1.413763569490e-15       7.485851160618e-16       0.000000000000e+00       0.000000000000e+00       0.000000000000e+00 
  454       8.900732403726e-14       1.645121366253e-15       1.584472212616e-15       7.428704631465e-16       0.000000000000e+00       0.000000000000e+00       0.000000000000e+00 
  455       8.801516237755e-14       1.642439420082e-15       1.754953028358e-15       7.371218509391e-16       0.000000000000e+00       0.000000000000e+00       0.000000000000e+00 
  456       8.709632735061e-14       1.639231064575e-15       1.924857050887e-15       7.313452190349e-16       0.000000000000e+00       0.000000000000e+00       0.000000000000e+00 
  457       8.625033032280e-14       1.635492507930e-15       2.093829401696e-15       7.255466091961e-16       0.000000000000e+00       0.000000000000e+00       0.000000000000e+00 
  458       8.547666018681e-14       1.631219975607e-15       2.261509257794e-15       7.197321658977e-16       0.000000000000e+00       0.000000000000e+00       0.000000000000e+00 
  459       8.477478321237e-14       1.626409710559e-15       2.427529819895e-15       7.139081368752e-16       0.000000000000e+00       0.000000000000e+00       0.000000000000e+00 
  460       8.414414289699e-14       1.621057973474e-15       2.591518280608e-15       7.080808736704e-16       0.000000000000e+00       0.000000000000e+00       0.000000000000e+00 
  461       8.358415981665e-14       1.615161043013e-15       2.753095792626e-15       7.022568321791e-16       0.000000000000e+00       0.000000000000e+00       0.000000000000e+00 
  462       8.309423147658e-14       1.608715216042e-15       2.911877436917e-15       6.964425731976e-16       0.000000000000e+00       0.000000000000e+00       0.000000000000e+00 
  463       8.267373216192e-14       1.601716807875e-15       3.067472190914e-15       6.906447629692e-16       0.000000000000e+00       0.000000000000e+00       0.000000000000e+00 
  464       8.232201278850e-14       1.594162152508e-15       3.219482896702e-15       6.848701737314e-16       0.000000000000e+00       0.000000000000e+00       0.000000000000e+00 
  465       8.203840075352e-14       1.586047602856e-15       3.367506229213e-15       6.791256842624e-16       0.000000000000e+00       0.000000000000e+00       0.000000000000e+00 
  466       8.182201511527e-14       1.577372662622e-15       3.511198088058e-15       6.734174050928e-16       0.000000000000e+00       0.000000000000e+00       0.000000000000e+00 
  467       8.167120608994e-14       1.568149488938e-15       3.650472082962e-15       6.677480229908e-16       0.000000000000e+00       0.000000000000e+00       0.000000000000e+00 
  468       8.158409777369e-14       1.558393686665e-15       3.785307178286e-15       6.621193747036e-16       0.000000000000e+00       0.000000000000e+00       0.000000000000e+00 
  469       8.155877098247e-14       1.548121205519e-15       3.915682833416e-15       6.565333148673e-16       0.000000000000e+00       0.000000000000e+00       0.000000000000e+00 
  470       8.159326300095e-14       1.537348342042e-15       4.041579007029e-15       6.509917160712e-16       0.000000000000e+00       0.000000000000e+00       0.000000000000e+00 
  471       8.168556733140e-14       1.526091741558e-15       4.162976161359e-15       6.454964689218e-16       0.000000000000e+00       0.000000000000e+00       0.000000000000e+00 
  472       8.183363344260e-14       1.514368400142e-15       4.279855266461e-15       6.400494821070e-16       0.000000000000e+00       0.000000000000e+00       0.000000000000e+00 
  473       8.203536651871e-14       1.502195666584e-15       4.392197804477e-15       6.346526824603e-16       0.000000000000e+00       0.000000000000e+00       0.000000000000e+00 
  474       8.228862720818e-14       1.489591244352e-15       4.499985773905e-15       6.293080150246e-16       0.000000000000e+00       0.000000000000e+00       0.000000000000e+00 
  475       8.259123137264e-14       1.476573193554e-15       4.603201693857e-15       6.240174431168e-16       0.000000000000e+00       0.000000000000e+00       0.000000000000e+00 
  476       8.294094983581e-14       1.463159932907e-15       4.701828608331e-15       6.187829483917e-16       0.000000000000e+00       0.000000000000e+00       0.000000000000e+00 
  477       8.333550813236e-14       1.449370241696e-15       4.795850090474e-15       6.136065309060e-16       0.000000000000e+00       0.000000000000e+00       0.000000000000e+00 
  478       8.377258625684e-14       1.435223261742e-15       4.885250246847e-15       6.084902091825e-16       0.000000000000e+00       0.000000000000e+00       0.000000000000e+00 
  479       8.424981841254e-14       1.420738499362e-15       4.970013721690e-15       6.034360202746e-16       0.000000000000e+00       0.000000000000e+00       0.000000000000e+00 
  480       8.476479276044e-14       1.405935827338e-15       5.050125701191e-15       5.984460198298e-16       0.000000000000e+00       0.000000000000e+00       0.000000000000e+00 
  481       8.531505116803e-14       1.390835486878e-15       5.125571917746e-15       5.935222821542e-16       0.000000000000e+00       0.000000000000e+00       0.000000000000e+00 
  482       8.589808895826e-14       1.375458089579e-15       5.196338654228e-15       5.886669002768e-16       0.000000000000e+00       0.000000000000e+00       0.000000000000e+00 
  483       8.651135465840e-14       1.359824619394e-15       5.262412748253e-15       5.838819860130e-16       0.000000000000e+00       0.000000000000e+00       0.000000000000e+00 
  484       8.715224974897e-14       1.343956434595e-15       5.323781596443e-15       5.791696700296e-16       0.000000000000e+00       0.000000000000e+00       0.000000000000e+00 
  485       8.781812841262e-14       1.327875269736e-15       5.380433158691e-15       5.745321019080e-16       0.000000000000e+00       0.000000000000e+00       0.000000000000e+00 
  486       8.850629728298e-14       1.311603237618e-15       5.432355962430e-15       5.699714502091e-16       0.000000000000e+00       0.000000000000e+00       0.000000000000e+00 
  487       8.921401519364e-14       1.295162831252e-15       5.479539106896e-15       5.654899025370e-16       0.000000000000e+00       0.000000000000e+00       0.000000000000e+00 
  488       8.993849292697e-14       1.278576925826e-15       5.521972267393e-15       5.610896656033e-16       0.000000000000e+00       0.000000000000e+00       0.000000000000e+00 
  489       9.067689296305e-14       1.261868780666e-15       5.559645699560e-15       5.567729652911e-16       0.000000000000e+00       0.000000000000e+00       0.000000000000e+00 
  490       9.142632922856e-14       1.245062041201e-15       5.592550243634e-15       5.525420467192e-16       0.000000000000e+00       0.000000000000e+00       0.000000000000e+00 
  491       9.218386684565e-14       1.228180740928e-15       5.620677328719e-15       5.483991743063e-16       0.000000000000e+00       0.000000000000e+00       0.000000000000e+00 
  492       9.294652188088e-14       1.211249303373e-15       5.644018977049e-15       5.443466318351e-16       0.000000000000e+00       0.000000000000e+00       0.000000000000e+00 
  493       9.371126109409e-14       1.194292544060e-15       5.662567808253e-15       5.403867225162e-16       0.000000000000e+00       0.000000000000e+00       0.000000000000e+00 
  494       9.447500168727e-14       1.177335672472e-15       5.676317043621e-15       5.365217690525e-16       0.000000000000e+00       0.000000000000e+00       0.000000000000e+00 
  495       9.523461105349e-14       1.160404294013e-15       5.685260510371e-15       5.327541137035e-16       0.000000000000e+00       0.000000000000e+00       0.000000000000e+00 
  496       9.598690652580e-14       1.143524411977e-15       5.689392645913e-15       5.290861183487e-16       0.000000000000e+00       0.000000000000e+00       0.000000000000e+00 
  497       9.672865512607e-14       1.126722429510e-15       5.688708502114e-15       5.255201645526e-16       0.000000000000e+00       0.000000000000e+00       0.000000000000e+00 
  498       9.745657331395e-14       1.110025151571e-15       5.683203749564e-15       5.220586536283e-16       0.000000000000e+00       0.000000000000e+00       0.000000000000e+00 
  499       9.816732673573e-14       1.093459786902e-15       5.672874681841e-15       5.187040067016e-16       0.000000000000e+00       0.000000000000e+00       0.000000000000e+00 
  500       9.885752997322e-14       1.077053949986e-15       5.657718219778e-15       5.154586647757e-16       0.000000000000e+00       0.000000000000e+00       0.000000000000e+00 
