# dimensionless [l(l+1)/2pi] C_l's for tensor mode
# for l=2 to 500, i.e. number of multipoles equal to 499
#
# -> if you prefer output in CAMB/HealPix/LensPix units/order, set 'format' to 'camb' in input file
# -> if you don't want to see such a header, set 'headers' to 'no' in input file
# -> for CMB lensing (phi), these are C_l^phi-phi for the lensing potential.
#    Remember the conversion factors:
#    C_l^dd (deflection) = l(l+1) C_l^phi-phi
#    C_l^gg (shear/convergence) = 1/4 (l(l+1))^2 C_l^phi-phi
#
# 1:l     2:TT                     3:EE                     4:TE                     5:BB                     6:phiphi                 7:TPhi                   8:Ephi               
    2       1.404605628176e-10       2.664194285467e-15       1.638389428042e-13       4.759174233784e-15       0.000000000000e+00       0.000000000000e+00       0.000000000000e+00 
    3       1.079603021184e-10       2.825111425070e-15      -8.383619676808e-15       4.799444784061e-15       0.000000000000e+00       0.000000000000e+00       0.000000000000e+00 
    4       9.692954843492e-11       2.594900079911e-15      -6.034576452602e-14       4.178046640151e-15       0.000000000000e+00       0.000000000000e+00       0.000000000000e+00 
    5       9.232902699936e-11       2.075462490353e-15      -7.112560422360e-14       3.275397516242e-15       0.000000000000e+00       0.000000000000e+00       0.000000000000e+00 
    6       8.962262396570e-11       1.496803509669e-15      -6.761207955741e-14       2.378342263888e-15       0.000000000000e+00       0.000000000000e+00       0.000000000000e+00 
    7       8.791860555488e-11       1.019797850111e-15      -5.999658636086e-14       1.645325534059e-15       0.000000000000e+00       0.000000000000e+00       0.000000000000e+00 
    8       8.677295129131e-11       7.102295991779e-16      -5.278047905729e-14       1.129634476294e-15       0.000000000000e+00       0.000000000000e+00       0.000000000000e+00 
    9       8.594435038668e-11       5.631780065610e-16      -4.763817879506e-14       8.198115263246e-16       0.000000000000e+00       0.000000000000e+00       0.000000000000e+00 
   10       8.529353205289e-11       5.394028287197e-16      -4.489922365730e-14       6.743676524291e-16       0.000000000000e+00       0.000000000000e+00       0.000000000000e+00 
   11       8.473903720256e-11       5.937103122354e-16      -4.434076332106e-14       6.454938244115e-16       0.000000000000e+00       0.000000000000e+00       0.000000000000e+00 
   12       8.423368032092e-11       6.905117202321e-16      -4.557638857659e-14       6.914504526291e-16       0.000000000000e+00       0.000000000000e+00       0.000000000000e+00 
   13       8.374950816252e-11       8.075461498799e-16      -4.822071202695e-14       7.816705237155e-16       0.000000000000e+00       0.000000000000e+00       0.000000000000e+00 
   14       8.326919506848e-11       9.342495522967e-16      -5.196844202061e-14       8.960571452352e-16       0.000000000000e+00       0.000000000000e+00       0.000000000000e+00 
   15       8.278195017335e-11       1.066619123196e-15      -5.660206333131e-14       1.023459822577e-15       0.000000000000e+00       0.000000000000e+00       0.000000000000e+00 
   16       8.228140512513e-11       1.203900644234e-15      -6.196499207290e-14       1.158396677057e-15       0.000000000000e+00       0.000000000000e+00       0.000000000000e+00 
   17       8.176414498600e-11       1.346839215190e-15      -6.794467101952e-14       1.298101766966e-15       0.000000000000e+00       0.000000000000e+00       0.000000000000e+00 
   18       8.122264805600e-11       1.495277285596e-15      -7.446573229405e-14       1.442237154885e-15       0.000000000000e+00       0.000000000000e+00       0.000000000000e+00 
   19       8.067420303250e-11       1.649088425285e-15      -8.148107494503e-14       1.590586354231e-15       0.000000000000e+00       0.000000000000e+00       0.000000000000e+00 
   20       8.009977643771e-11       1.808327968592e-15      -8.892837517437e-14       1.742909857595e-15       0.000000000000e+00       0.000000000000e+00       0.000000000000e+00 
   21       7.950993436444e-11       1.972793033909e-15      -9.677456125148e-14       1.899106789082e-15       0.000000000000e+00       0.000000000000e+00       0.000000000000e+00 
   22       7.889934313603e-11       2.142230875718e-15      -1.049859184125e-13       2.059191882209e-15       0.000000000000e+00       0.000000000000e+00       0.000000000000e+00 
   23       7.827546875565e-11       2.316498904225e-15      -1.135288874087e-13       2.223066869971e-15       0.000000000000e+00       0.000000000000e+00       0.000000000000e+00 
   24       7.763233438831e-11       2.495524801349e-15      -1.223644296711e-13       2.390624741557e-15       0.000000000000e+00       0.000000000000e+00       0.000000000000e+00 
   25       7.697587543715e-11       2.679250230205e-15      -1.314623922150e-13       2.561673363120e-15       0.000000000000e+00       0.000000000000e+00       0.000000000000e+00 
   26       7.630286120715e-11       2.867671871436e-15      -1.407926183176e-13       2.736000423416e-15       0.000000000000e+00       0.000000000000e+00       0.000000000000e+00 
   27       7.561576410638e-11       3.060891948034e-15      -1.503293708499e-13       2.913350264723e-15       0.000000000000e+00       0.000000000000e+00       0.000000000000e+00 
   28       7.491063318972e-11       3.259022827903e-15      -1.600469428106e-13       3.093465421594e-15       0.000000000000e+00       0.000000000000e+00       0.000000000000e+00 
   29       7.419530762111e-11       3.461886281600e-15      -1.699222797223e-13       3.276126450844e-15       0.000000000000e+00       0.000000000000e+00       0.000000000000e+00 
   30       7.347069206559e-11       3.669183306424e-15      -1.799317718291e-13       3.461139299929e-15       0.000000000000e+00       0.000000000000e+00       0.000000000000e+00 
   31       7.272869761368e-11       3.880583202883e-15      -1.900510177890e-13       3.648314980356e-15       0.000000000000e+00       0.000000000000e+00       0.000000000000e+00 
   32       7.197451544391e-11       4.095794119211e-15      -2.002588015337e-13       3.837414668524e-15       0.000000000000e+00       0.000000000000e+00       0.000000000000e+00 
   33       7.121043614667e-11       4.314514024501e-15      -2.105345987052e-13       4.028184405295e-15       0.000000000000e+00       0.000000000000e+00       0.000000000000e+00 
   34       7.043270307925e-11       4.536435451430e-15      -2.208580526283e-13       4.220374330365e-15       0.000000000000e+00       0.000000000000e+00       0.000000000000e+00 
   35       6.964464961817e-11       4.761333586028e-15      -2.312106378183e-13       4.413756797089e-15       0.000000000000e+00       0.000000000000e+00       0.000000000000e+00 
   36       6.884667191594e-11       4.989008156553e-15      -2.415746783298e-13       4.608114972446e-15       0.000000000000e+00       0.000000000000e+00       0.000000000000e+00 
   37       6.803534259692e-11       5.219264968999e-15      -2.519322990704e-13       4.803228142935e-15       0.000000000000e+00       0.000000000000e+00       0.000000000000e+00 
   38       6.721490438382e-11       5.451931682655e-15      -2.622630887306e-13       4.998836451514e-15       0.000000000000e+00       0.000000000000e+00       0.000000000000e+00 
   39       6.638857720447e-11       5.686847908408e-15      -2.725457197287e-13       5.194664139984e-15       0.000000000000e+00       0.000000000000e+00       0.000000000000e+00 
   40       6.555485717068e-11       5.923861656707e-15      -2.827585896358e-13       5.390428323709e-15       0.000000000000e+00       0.000000000000e+00       0.000000000000e+00 
   41       6.470984153878e-11       6.162824226545e-15      -2.928836218791e-13       5.585846079611e-15       0.000000000000e+00       0.000000000000e+00       0.000000000000e+00 
   42       6.385628679797e-11       6.403571611285e-15      -3.029191214712e-13       5.780659733285e-15       0.000000000000e+00       0.000000000000e+00       0.000000000000e+00 
   43       6.299667803369e-11       6.645937922058e-15      -3.128711283529e-13       5.974618929845e-15       0.000000000000e+00       0.000000000000e+00       0.000000000000e+00 
   44       6.213038135379e-11       6.889760634796e-15      -3.227502618314e-13       6.167473740975e-15       0.000000000000e+00       0.000000000000e+00       0.000000000000e+00 
   45       6.125532281951e-11       7.134868678542e-15      -3.325646426628e-13       6.358970424776e-15       0.000000000000e+00       0.000000000000e+00       0.000000000000e+00 
   46       6.037431863331e-11       7.381042142887e-15      -3.422954916992e-13       6.548837186722e-15       0.000000000000e+00       0.000000000000e+00       0.000000000000e+00 
   47       5.949013585386e-11       7.628040749075e-15      -3.519147012732e-13       6.736794166825e-15       0.000000000000e+00       0.000000000000e+00       0.000000000000e+00 
   48       5.860350641118e-11       7.875614300769e-15      -3.613914071250e-13       6.922557078032e-15       0.000000000000e+00       0.000000000000e+00       0.000000000000e+00 
   49       5.771294591632e-11       8.123502122382e-15      -3.706918384382e-13       7.105836964813e-15       0.000000000000e+00       0.000000000000e+00       0.000000000000e+00 
   50       5.681614239455e-11       8.371425198069e-15      -3.797821190654e-13       7.286352967695e-15       0.000000000000e+00       0.000000000000e+00       0.000000000000e+00 
   51       5.591498724102e-11       8.619061376263e-15      -3.886379155162e-13       7.463875261546e-15       0.000000000000e+00       0.000000000000e+00       0.000000000000e+00 
   52       5.501159666258e-11       8.866062463813e-15      -3.972371485841e-13       7.638193355118e-15       0.000000000000e+00       0.000000000000e+00       0.000000000000e+00 
   53       5.410675634264e-11       9.112060053388e-15      -4.055572602235e-13       7.809104465616e-15       0.000000000000e+00       0.000000000000e+00       0.000000000000e+00 
   54       5.319981412961e-11       9.356664618311e-15      -4.135752024645e-13       7.976413889341e-15       0.000000000000e+00       0.000000000000e+00       0.000000000000e+00 
   55       5.228963157439e-11       9.599502588332e-15      -4.212698709422e-13       8.139937268704e-15       0.000000000000e+00       0.000000000000e+00       0.000000000000e+00 
   56       5.137796119487e-11       9.840340436283e-15      -4.286301388122e-13       8.299507203688e-15       0.000000000000e+00       0.000000000000e+00       0.000000000000e+00 
   57       5.046672023183e-11       1.007898983175e-14      -4.356487992165e-13       8.454968932015e-15       0.000000000000e+00       0.000000000000e+00       0.000000000000e+00 
   58       4.955694068663e-11       1.031527292299e-14      -4.423203778578e-13       8.606179011512e-15       0.000000000000e+00       0.000000000000e+00       0.000000000000e+00 
   59       4.864870326351e-11       1.054902291156e-14      -4.486412171600e-13       8.753005764633e-15       0.000000000000e+00       0.000000000000e+00       0.000000000000e+00 
   60       4.774107131191e-11       1.078008462692e-14      -4.546095604277e-13       8.895329722980e-15       0.000000000000e+00       0.000000000000e+00       0.000000000000e+00 
   61       4.683289790264e-11       1.100830641361e-14      -4.602243106803e-13       9.033041547990e-15       0.000000000000e+00       0.000000000000e+00       0.000000000000e+00 
   62       4.592560819060e-11       1.123351236490e-14      -4.654807912049e-13       9.166034241955e-15       0.000000000000e+00       0.000000000000e+00       0.000000000000e+00 
   63       4.502092720493e-11       1.145552484800e-14      -4.703741784268e-13       9.294209969539e-15       0.000000000000e+00       0.000000000000e+00       0.000000000000e+00 
   64       4.412002423072e-11       1.167417293450e-14      -4.749007845401e-13       9.417482784560e-15       0.000000000000e+00       0.000000000000e+00       0.000000000000e+00 
   65       4.322347445520e-11       1.188929269946e-14      -4.790580996168e-13       9.535778994436e-15       0.000000000000e+00       0.000000000000e+00       0.000000000000e+00 
   66       4.233122061391e-11       1.210072752024e-14      -4.828448337144e-13       9.649037524626e-15       0.000000000000e+00       0.000000000000e+00       0.000000000000e+00 
   67       4.144253463687e-11       1.230832837557e-14      -4.862609589851e-13       9.757210283070e-15       0.000000000000e+00       0.000000000000e+00       0.000000000000e+00 
   68       4.055661679986e-11       1.251194875583e-14      -4.893071486040e-13       9.860253793442e-15       0.000000000000e+00       0.000000000000e+00       0.000000000000e+00 
   69       3.967461988706e-11       1.271142752819e-14      -4.919828674131e-13       9.958101311612e-15       0.000000000000e+00       0.000000000000e+00       0.000000000000e+00 
   70       3.879796816106e-11       1.290660312060e-14      -4.942879682595e-13       1.005068568798e-14       0.000000000000e+00       0.000000000000e+00       0.000000000000e+00 
   71       3.792773449351e-11       1.309731876155e-14      -4.962232871470e-13       1.013794773738e-14       0.000000000000e+00       0.000000000000e+00       0.000000000000e+00 
   72       3.706461831571e-11       1.328342264115e-14      -4.977906699185e-13       1.021983638022e-14       0.000000000000e+00       0.000000000000e+00       0.000000000000e+00 
   73       3.620892356931e-11       1.346476807235e-14      -4.989929989374e-13       1.029630878362e-14       0.000000000000e+00       0.000000000000e+00       0.000000000000e+00 
   74       3.536053665693e-11       1.364121365201e-14      -4.998342197694e-13       1.036733050253e-14       0.000000000000e+00       0.000000000000e+00       0.000000000000e+00 
   75       3.451890439283e-11       1.381262342212e-14      -5.003193678649e-13       1.043287562090e-14       0.000000000000e+00       0.000000000000e+00       0.000000000000e+00 
   76       3.368345391230e-11       1.397886831143e-14      -5.004539293414e-13       1.049292672051e-14       0.000000000000e+00       0.000000000000e+00       0.000000000000e+00 
   77       3.285498954254e-11       1.413983040772e-14      -5.002417297793e-13       1.054747446894e-14       0.000000000000e+00       0.000000000000e+00       0.000000000000e+00 
   78       3.203451178218e-11       1.429539976103e-14      -4.996867071251e-13       1.059651821254e-14       0.000000000000e+00       0.000000000000e+00       0.000000000000e+00 
   79       3.122278516373e-11       1.444547335660e-14      -4.987935562525e-13       1.064006627742e-14       0.000000000000e+00       0.000000000000e+00       0.000000000000e+00 
   80       3.042032526694e-11       1.458995530226e-14      -4.975677419895e-13       1.067813610710e-14       0.000000000000e+00       0.000000000000e+00       0.000000000000e+00 
   81       2.962738573223e-11       1.472875701588e-14      -4.960155121457e-13       1.071075440004e-14       0.000000000000e+00       0.000000000000e+00       0.000000000000e+00 
   82       2.884394527397e-11       1.486179741274e-14      -4.941439105391e-13       1.073795724734e-14       0.000000000000e+00       0.000000000000e+00       0.000000000000e+00 
   83       2.806969469395e-11       1.498900309298e-14      -4.919607900231e-13       1.075979027026e-14       0.000000000000e+00       0.000000000000e+00       0.000000000000e+00 
   84       2.730431819876e-11       1.511030559650e-14      -4.894742554223e-13       1.077630380734e-14       0.000000000000e+00       0.000000000000e+00       0.000000000000e+00 
   85       2.654841938345e-11       1.522563223456e-14      -4.866908576947e-13       1.078753725742e-14       0.000000000000e+00       0.000000000000e+00       0.000000000000e+00 
   86       2.580272565977e-11       1.533491407479e-14      -4.836171228923e-13       1.079353238123e-14       0.000000000000e+00       0.000000000000e+00       0.000000000000e+00 
   87       2.506779967888e-11       1.543808887463e-14      -4.802600990304e-13       1.079433807476e-14       0.000000000000e+00       0.000000000000e+00       0.000000000000e+00 
   88       2.434403129107e-11       1.553510121939e-14      -4.766273595328e-13       1.079001042366e-14       0.000000000000e+00       0.000000000000e+00       0.000000000000e+00 
   89       2.363162950533e-11       1.562590266043e-14      -4.727270066781e-13       1.078061275765e-14       0.000000000000e+00       0.000000000000e+00       0.000000000000e+00 
   90       2.293061444910e-11       1.571045185326e-14      -4.685676750449e-13       1.076621570489e-14       0.000000000000e+00       0.000000000000e+00       0.000000000000e+00 
   91       2.224080932786e-11       1.578871469563e-14      -4.641585349580e-13       1.074689724643e-14       0.000000000000e+00       0.000000000000e+00       0.000000000000e+00 
   92       2.156183238483e-11       1.586066446572e-14      -4.595092959334e-13       1.072274277058e-14       0.000000000000e+00       0.000000000000e+00       0.000000000000e+00 
   93       2.089333095570e-11       1.592627967401e-14      -4.546297161722e-13       1.069384112600e-14       0.000000000000e+00       0.000000000000e+00       0.000000000000e+00 
   94       2.023574136435e-11       1.598553694951e-14      -4.495280391682e-13       1.066027198364e-14       0.000000000000e+00       0.000000000000e+00       0.000000000000e+00 
   95       1.958962898150e-11       1.603841733403e-14      -4.442123272421e-13       1.062211666581e-14       0.000000000000e+00       0.000000000000e+00       0.000000000000e+00 
   96       1.895545165904e-11       1.608490857836e-14      -4.386909312534e-13       1.057946197756e-14       0.000000000000e+00       0.000000000000e+00       0.000000000000e+00 
   97       1.833355501283e-11       1.612500524899e-14      -4.329724872656e-13       1.053240020621e-14       0.000000000000e+00       0.000000000000e+00       0.000000000000e+00 
   98       1.772416770563e-11       1.615870883489e-14      -4.270659132113e-13       1.048102912082e-14       0.000000000000e+00       0.000000000000e+00       0.000000000000e+00 
   99       1.712739672989e-11       1.618602785419e-14      -4.209804055574e-13       1.042545197167e-14       0.000000000000e+00       0.000000000000e+00       0.000000000000e+00 
  100       1.654322269068e-11       1.620697796098e-14      -4.147254359707e-13       1.036577748971e-14       0.000000000000e+00       0.000000000000e+00       0.000000000000e+00 
  101       1.597149508847e-11       1.622158205202e-14      -4.083107479830e-13       1.030211988606e-14       0.000000000000e+00       0.000000000000e+00       0.000000000000e+00 
  102       1.541192760205e-11       1.622987037347e-14      -4.017463536565e-13       1.023459885148e-14       0.000000000000e+00       0.000000000000e+00       0.000000000000e+00 
  103       1.486409337137e-11       1.623188062767e-14      -3.950425302489e-13       1.016333955588e-14       0.000000000000e+00       0.000000000000e+00       0.000000000000e+00 
  104       1.432760451816e-11       1.622765456864e-14      -3.882094226393e-13       1.008846809114e-14       0.000000000000e+00       0.000000000000e+00       0.000000000000e+00 
  105       1.380268848641e-11       1.621722703514e-14      -3.812557966232e-13       1.001009709984e-14       0.000000000000e+00       0.000000000000e+00       0.000000000000e+00 
  106       1.328968112544e-11       1.620063562825e-14      -3.741901102051e-13       9.928338195187e-15       0.000000000000e+00       0.000000000000e+00       0.000000000000e+00 
  107       1.278884674439e-11       1.617792415760e-14      -3.670208852240e-13       9.843306294277e-15       0.000000000000e+00       0.000000000000e+00       0.000000000000e+00 
  108       1.230037541973e-11       1.614914270954e-14      -3.597566996871e-13       9.755119567496e-15       0.000000000000e+00       0.000000000000e+00       0.000000000000e+00 
  109       1.182438030261e-11       1.611434771525e-14      -3.524061801022e-13       9.663899387926e-15       0.000000000000e+00       0.000000000000e+00       0.000000000000e+00 
  110       1.136089492642e-11       1.607360201895e-14      -3.449779938111e-13       9.569770280747e-15       0.000000000000e+00       0.000000000000e+00       0.000000000000e+00 
  111       1.090987051416e-11       1.602697494603e-14      -3.374808413221e-13       9.472859872644e-15       0.000000000000e+00       0.000000000000e+00       0.000000000000e+00 
  112       1.047117328591e-11       1.597454237120e-14      -3.299234486436e-13       9.373298841209e-15       0.000000000000e+00       0.000000000000e+00       0.000000000000e+00 
  113       1.004458176631e-11       1.591638678666e-14      -3.223145596163e-13       9.271220864351e-15       0.000000000000e+00       0.000000000000e+00       0.000000000000e+00 
  114       9.629784091958e-12       1.585259737024e-14      -3.146629282471e-13       9.166762569696e-15       0.000000000000e+00       0.000000000000e+00       0.000000000000e+00 
  115       9.226375318911e-12       1.578327005358e-14      -3.069773110414e-13       9.060063483994e-15       0.000000000000e+00       0.000000000000e+00       0.000000000000e+00 
  116       8.833984164174e-12       1.570850348878e-14      -2.992662828605e-13       8.951262015963e-15       0.000000000000e+00       0.000000000000e+00       0.000000000000e+00 
  117       8.452676468381e-12       1.562838624653e-14      -2.915376754862e-13       8.840482958894e-15       0.000000000000e+00       0.000000000000e+00       0.000000000000e+00 
  118       8.082595958701e-12       1.554300818225e-14      -2.837990560811e-13       8.727848366512e-15       0.000000000000e+00       0.000000000000e+00       0.000000000000e+00 
  119       7.723837672653e-12       1.545246442987e-14      -2.760578884295e-13       8.613481298854e-15       0.000000000000e+00       0.000000000000e+00       0.000000000000e+00 
  120       7.376446409982e-12       1.535685543369e-14      -2.683215237099e-13       8.497505736593e-15       0.000000000000e+00       0.000000000000e+00       0.000000000000e+00 
  121       7.040415184527e-12       1.525628698029e-14      -2.605971912679e-13       8.380046495380e-15       0.000000000000e+00       0.000000000000e+00       0.000000000000e+00 
  122       6.715683676090e-12       1.515087023041e-14      -2.528919893887e-13       8.261229140172e-15       0.000000000000e+00       0.000000000000e+00       0.000000000000e+00 
  123       6.402136682312e-12       1.504072175087e-14      -2.452128760699e-13       8.141179899568e-15       0.000000000000e+00       0.000000000000e+00       0.000000000000e+00 
  124       6.099602570540e-12       1.492596354641e-14      -2.375666597936e-13       8.020025580142e-15       0.000000000000e+00       0.000000000000e+00       0.000000000000e+00 
  125       5.807851729700e-12       1.480672309162e-14      -2.299599902997e-13       7.897893480776e-15       0.000000000000e+00       0.000000000000e+00       0.000000000000e+00 
  126       5.526595022168e-12       1.468313336284e-14      -2.223993493581e-13       7.774911306996e-15       0.000000000000e+00       0.000000000000e+00       0.000000000000e+00 
  127       5.255482235639e-12       1.455533287000e-14      -2.148910415416e-13       7.651207085302e-15       0.000000000000e+00       0.000000000000e+00       0.000000000000e+00 
  128       4.994100535003e-12       1.442346568858e-14      -2.074411849983e-13       7.526909077503e-15       0.000000000000e+00       0.000000000000e+00       0.000000000000e+00 
  129       4.742071363346e-12       1.428767606299e-14      -2.000557066703e-13       7.402142958143e-15       0.000000000000e+00       0.000000000000e+00       0.000000000000e+00 
  130       4.499356451979e-12       1.414809147990e-14      -1.927403469558e-13       7.277023178642e-15       0.000000000000e+00       0.000000000000e+00       0.000000000000e+00 
  131       4.265982610713e-12       1.400483778965e-14      -1.855006381230e-13       7.151660489489e-15       0.000000000000e+00       0.000000000000e+00       0.000000000000e+00 
  132       4.041945452526e-12       1.385804446141e-14      -1.783418908050e-13       7.026164488014e-15       0.000000000000e+00       0.000000000000e+00       0.000000000000e+00 
  133       3.827208549897e-12       1.370784457621e-14      -1.712691848039e-13       6.900643513136e-15       0.000000000000e+00       0.000000000000e+00       0.000000000000e+00 
  134       3.621702591146e-12       1.355437481998e-14      -1.642873598958e-13       6.775204540112e-15       0.000000000000e+00       0.000000000000e+00       0.000000000000e+00 
  135       3.425324536768e-12       1.339777547662e-14      -1.574010066346e-13       6.649953075289e-15       0.000000000000e+00       0.000000000000e+00       0.000000000000e+00 
  136       3.237936775773e-12       1.323819042102e-14      -1.506144571569e-13       6.524993050851e-15       0.000000000000e+00       0.000000000000e+00       0.000000000000e+00 
  137       3.059366282023e-12       1.307576711213e-14      -1.439317759864e-13       6.400426719568e-15       0.000000000000e+00       0.000000000000e+00       0.000000000000e+00 
  138       2.889403770567e-12       1.291065658600e-14      -1.373567508380e-13       6.276354549546e-15       0.000000000000e+00       0.000000000000e+00       0.000000000000e+00 
  139       2.727802853981e-12       1.274301344882e-14      -1.308928834227e-13       6.152875118977e-15       0.000000000000e+00       0.000000000000e+00       0.000000000000e+00 
  140       2.574279198702e-12       1.257299586998e-14      -1.245433802517e-13       6.030085010887e-15       0.000000000000e+00       0.000000000000e+00       0.000000000000e+00 
  141       2.428509681369e-12       1.240076557510e-14      -1.183111434412e-13       5.908078707885e-15       0.000000000000e+00       0.000000000000e+00       0.000000000000e+00 
  142       2.290131545156e-12       1.222648783911e-14      -1.121987615164e-13       5.786948486913e-15       0.000000000000e+00       0.000000000000e+00       0.000000000000e+00 
  143       2.158741556112e-12       1.205033147926e-14      -1.062085002163e-13       5.666784313995e-15       0.000000000000e+00       0.000000000000e+00       0.000000000000e+00 
  144       2.033970966262e-12       1.187246254269e-14      -1.003425632699e-13       5.547673293727e-15       0.000000000000e+00       0.000000000000e+00       0.000000000000e+00 
  145       1.915720513212e-12       1.169302468232e-14      -9.460392311393e-14       5.429698178779e-15       0.000000000000e+00       0.000000000000e+00       0.000000000000e+00 
  146       1.803947092448e-12       1.151215682406e-14      -8.899555497361e-14       5.312938512684e-15       0.000000000000e+00       0.000000000000e+00       0.000000000000e+00 
  147       1.698589626540e-12       1.132999925579e-14      -8.352016666856e-14       5.197470955056e-15       0.000000000000e+00       0.000000000000e+00       0.000000000000e+00 
  148       1.599568657150e-12       1.114669358415e-14      -7.818019096871e-14       5.083369173774e-15       0.000000000000e+00       0.000000000000e+00       0.000000000000e+00 
  149       1.506785937041e-12       1.096238269134e-14      -7.297777795031e-14       4.970703737175e-15       0.000000000000e+00       0.000000000000e+00       0.000000000000e+00 
  150       1.420124022085e-12       1.077721069196e-14      -6.791478735195e-14       4.859542006242e-15       0.000000000000e+00       0.000000000000e+00       0.000000000000e+00 
  151       1.339445863268e-12       1.059132288980e-14      -6.299278093058e-14       4.749948026799e-15       0.000000000000e+00       0.000000000000e+00       0.000000000000e+00 
  152       1.264594398704e-12       1.040486573467e-14      -5.821301481747e-14       4.641982421695e-15       0.000000000000e+00       0.000000000000e+00       0.000000000000e+00 
  153       1.195392145641e-12       1.021798677916e-14      -5.357643187428e-14       4.535702282998e-15       0.000000000000e+00       0.000000000000e+00       0.000000000000e+00 
  154       1.131640792465e-12       1.003083463550e-14      -4.908365404903e-14       4.431161064185e-15       0.000000000000e+00       0.000000000000e+00       0.000000000000e+00 
  155       1.073120790715e-12       9.843558932351e-15      -4.473497473212e-14       4.328408472333e-15       0.000000000000e+00       0.000000000000e+00       0.000000000000e+00 
  156       1.019590947086e-12       9.656310271611e-15      -4.053035111233e-14       4.227490360306e-15       0.000000000000e+00       0.000000000000e+00       0.000000000000e+00 
  157       9.707880154420e-13       9.469240185223e-15      -3.646939653283e-14       4.128448618950e-15       0.000000000000e+00       0.000000000000e+00       0.000000000000e+00 
  158       9.264262888180e-13       9.282501091989e-15      -3.255137284720e-14       4.031321069277e-15       0.000000000000e+00       0.000000000000e+00       0.000000000000e+00 
  159       8.861971914340e-13       9.096246254378e-15      -2.877518277542e-14       3.936141354662e-15       0.000000000000e+00       0.000000000000e+00       0.000000000000e+00 
  160       8.497688707003e-13       8.910629735334e-15      -2.513936225990e-14       3.842938833030e-15       0.000000000000e+00       0.000000000000e+00       0.000000000000e+00 
  161       8.168392208925e-13       8.725800423661e-15      -2.164254967748e-14       3.751741716839e-15       0.000000000000e+00       0.000000000000e+00       0.000000000000e+00 
  162       7.873010801368e-13       8.541883607109e-15      -1.828495615288e-14       3.662587031414e-15       0.000000000000e+00       0.000000000000e+00       0.000000000000e+00 
  163       7.610909305085e-13       8.358997679616e-15      -1.506701126543e-14       3.575511335315e-15       0.000000000000e+00       0.000000000000e+00       0.000000000000e+00 
  164       7.381366194096e-13       8.177259856252e-15      -1.198889248073e-14       3.490547459621e-15       0.000000000000e+00       0.000000000000e+00       0.000000000000e+00 
  165       7.183571974098e-13       7.996786102738e-15      -9.050519700551e-15       3.407724415060e-15       0.000000000000e+00       0.000000000000e+00       0.000000000000e+00 
  166       7.016627560870e-13       7.817691064963e-15      -6.251549812838e-15       3.327067299142e-15       0.000000000000e+00       0.000000000000e+00       0.000000000000e+00 
  167       6.879542658676e-13       7.640087998507e-15      -3.591371241659e-15       3.248597203294e-15       0.000000000000e+00       0.000000000000e+00       0.000000000000e+00 
  168       6.771234138675e-13       7.464088698158e-15      -1.069098497168e-15       3.172331119994e-15       0.000000000000e+00       0.000000000000e+00       0.000000000000e+00 
  169       6.690524417325e-13       7.289803427432e-15       1.316433274430e-15       3.098281849900e-15       0.000000000000e+00       0.000000000000e+00       0.000000000000e+00 
  170       6.636139834788e-13       7.117340848091e-15       3.566673740920e-15       3.026457908986e-15       0.000000000000e+00       0.000000000000e+00       0.000000000000e+00 
  171       6.606709033339e-13       6.946807949665e-15       5.683362834110e-15       2.956863435673e-15       0.000000000000e+00       0.000000000000e+00       0.000000000000e+00 
  172       6.600761335771e-13       6.778309978970e-15       7.668536199872e-15       2.889498097965e-15       0.000000000000e+00       0.000000000000e+00       0.000000000000e+00 
  173       6.616725123799e-13       6.611950369624e-15       9.524530648179e-15       2.824357000578e-15       0.000000000000e+00       0.000000000000e+00       0.000000000000e+00 
  174       6.652926216467e-13       6.447830671574e-15       1.125398960314e-14       2.761430592076e-15       0.000000000000e+00       0.000000000000e+00       0.000000000000e+00 
  175       6.707586248558e-13       6.286050480606e-15       1.285986855304e-14       2.700704572002e-15       0.000000000000e+00       0.000000000000e+00       0.000000000000e+00 
  176       6.778821048993e-13       6.126707367873e-15       1.434544050038e-14       2.642159798013e-15       0.000000000000e+00       0.000000000000e+00       0.000000000000e+00 
  177       6.864639019244e-13       5.969896809407e-15       1.571430141190e-14       2.585772193011e-15       0.000000000000e+00       0.000000000000e+00       0.000000000000e+00 
  178       6.962939511733e-13       5.815712115643e-15       1.697037566865e-14       2.531512652276e-15       0.000000000000e+00       0.000000000000e+00       0.000000000000e+00 
  179       7.071511208246e-13       5.664244360938e-15       1.811792151597e-14       2.479346950602e-15       0.000000000000e+00       0.000000000000e+00       0.000000000000e+00 
  180       7.188364323009e-13       5.515579384016e-15       1.916088977675e-14       2.429243178752e-15       0.000000000000e+00       0.000000000000e+00       0.000000000000e+00 
  181       7.312760128443e-13       5.369788669917e-15       2.010093160318e-14       2.381194907851e-15       0.000000000000e+00       0.000000000000e+00       0.000000000000e+00 
  182       7.444260341109e-13       5.226937606236e-15       2.093924246188e-14       2.335199692242e-15       0.000000000000e+00       0.000000000000e+00       0.000000000000e+00 
  183       7.582400261849e-13       5.087088266378e-15       2.167719768583e-14       2.291251640958e-15       0.000000000000e+00       0.000000000000e+00       0.000000000000e+00 
  184       7.726688383745e-13       4.950299328290e-15       2.231635554241e-14       2.249341352586e-15       0.000000000000e+00       0.000000000000e+00       0.000000000000e+00 
  185       7.876606000081e-13       4.816625993185e-15       2.285846030125e-14       2.209455850133e-15       0.000000000000e+00       0.000000000000e+00       0.000000000000e+00 
  186       8.031606812310e-13       4.686119904280e-15       2.330544530223e-14       2.171578515893e-15       0.000000000000e+00       0.000000000000e+00       0.000000000000e+00 
  187       8.191116538013e-13       4.558829065522e-15       2.365943602343e-14       2.135689026308e-15       0.000000000000e+00       0.000000000000e+00       0.000000000000e+00 
  188       8.354532518863e-13       4.434797760323e-15       2.392275314908e-14       2.101763286836e-15       0.000000000000e+00       0.000000000000e+00       0.000000000000e+00 
  189       8.521223328589e-13       4.314066470287e-15       2.409791563749e-14       2.069773366819e-15       0.000000000000e+00       0.000000000000e+00       0.000000000000e+00 
  190       8.690528380938e-13       4.196671793943e-15       2.418764378900e-14       2.039687434341e-15       0.000000000000e+00       0.000000000000e+00       0.000000000000e+00 
  191       8.861757537637e-13       4.082646365475e-15       2.419486231396e-14       2.011469691101e-15       0.000000000000e+00       0.000000000000e+00       0.000000000000e+00 
  192       9.034190716357e-13       3.972018773455e-15       2.412270340066e-14       1.985080307274e-15       0.000000000000e+00       0.000000000000e+00       0.000000000000e+00 
  193       9.207077498676e-13       3.864813479568e-15       2.397450978326e-14       1.960475356377e-15       0.000000000000e+00       0.000000000000e+00       0.000000000000e+00 
  194       9.379636738041e-13       3.761050737350e-15       2.375383780978e-14       1.937606750133e-15       0.000000000000e+00       0.000000000000e+00       0.000000000000e+00 
  195       9.551056167733e-13       3.660746510915e-15       2.346446051002e-14       1.916422173341e-15       0.000000000000e+00       0.000000000000e+00       0.000000000000e+00 
  196       9.720492008827e-13       3.563912393687e-15       2.311037066353e-14       1.896865018736e-15       0.000000000000e+00       0.000000000000e+00       0.000000000000e+00 
  197       9.887068578155e-13       3.470555527127e-15       2.269578386752e-14       1.878874321856e-15       0.000000000000e+00       0.000000000000e+00       0.000000000000e+00 
  198       1.004987789627e-12       3.380678519472e-15       2.222514160487e-14       1.862384695908e-15       0.000000000000e+00       0.000000000000e+00       0.000000000000e+00 
  199       1.020797929542e-12       3.294279364458e-15       2.170311431204e-14       1.847326266634e-15       0.000000000000e+00       0.000000000000e+00       0.000000000000e+00 
  200       1.036039902747e-12       3.211351360053e-15       2.113460444702e-14       1.833624607174e-15       0.000000000000e+00       0.000000000000e+00       0.000000000000e+00 
  201       1.050628543180e-12       3.131886375308e-15       2.052409969719e-14       1.821211126790e-15       0.000000000000e+00       0.000000000000e+00       0.000000000000e+00 
  202       1.064538760564e-12       3.055885079950e-15       1.987367473688e-14       1.810055199442e-15       0.000000000000e+00       0.000000000000e+00       0.000000000000e+00 
  203       1.077761020943e-12       2.983347289625e-15       1.918485248348e-14       1.800134207255e-15       0.000000000000e+00       0.000000000000e+00       0.000000000000e+00 
  204       1.090286104740e-12       2.914268612536e-15       1.845924226828e-14       1.791423258911e-15       0.000000000000e+00       0.000000000000e+00       0.000000000000e+00 
  205       1.102105113529e-12       2.848640378074e-15       1.769854098381e-14       1.783895155412e-15       0.000000000000e+00       0.000000000000e+00       0.000000000000e+00 
  206       1.113209476805e-12       2.786449565442e-15       1.690453423103e-14       1.777520355842e-15       0.000000000000e+00       0.000000000000e+00       0.000000000000e+00 
  207       1.123590958762e-12       2.727678732282e-15       1.607909746668e-14       1.772266943132e-15       0.000000000000e+00       0.000000000000e+00       0.000000000000e+00 
  208       1.133241665059e-12       2.672305943300e-15       1.522419715052e-14       1.768100589816e-15       0.000000000000e+00       0.000000000000e+00       0.000000000000e+00 
  209       1.142154049596e-12       2.620304698896e-15       1.434189189261e-14       1.764984523800e-15       0.000000000000e+00       0.000000000000e+00       0.000000000000e+00 
  210       1.150320921287e-12       2.571643863783e-15       1.343433360057e-14       1.762879494115e-15       0.000000000000e+00       0.000000000000e+00       0.000000000000e+00 
  211       1.157735450827e-12       2.526287595621e-15       1.250376862690e-14       1.761743736688e-15       0.000000000000e+00       0.000000000000e+00       0.000000000000e+00 
  212       1.164391177473e-12       2.484195273641e-15       1.155253891621e-14       1.761532940097e-15       0.000000000000e+00       0.000000000000e+00       0.000000000000e+00 
  213       1.170282015808e-12       2.445321427267e-15       1.058308315251e-14       1.762200211337e-15       0.000000000000e+00       0.000000000000e+00       0.000000000000e+00 
  214       1.175402262517e-12       2.409615664747e-15       9.597937906502e-15       1.763696041580e-15       0.000000000000e+00       0.000000000000e+00       0.000000000000e+00 
  215       1.179746603159e-12       2.377022601778e-15       8.599738782833e-15       1.765968271937e-15       0.000000000000e+00       0.000000000000e+00       0.000000000000e+00 
  216       1.183310118941e-12       2.347481790133e-15       7.591221567381e-15       1.768962059220e-15       0.000000000000e+00       0.000000000000e+00       0.000000000000e+00 
  217       1.186088293487e-12       2.320927646284e-15       6.575223374530e-15       1.772619841704e-15       0.000000000000e+00       0.000000000000e+00       0.000000000000e+00 
  218       1.188077019612e-12       2.297289380033e-15       5.554683794444e-15       1.776881304890e-15       0.000000000000e+00       0.000000000000e+00       0.000000000000e+00 
  219       1.189272606095e-12       2.276490923133e-15       4.532646040344e-15       1.781683347264e-15       0.000000000000e+00       0.000000000000e+00       0.000000000000e+00 
  220       1.189671784450e-12       2.258450857919e-15       3.512258095780e-15       1.786960046060e-15       0.000000000000e+00       0.000000000000e+00       0.000000000000e+00 
  221       1.189271715698e-12       2.243082345933e-15       2.496773861912e-15       1.792642623025e-15       0.000000000000e+00       0.000000000000e+00       0.000000000000e+00 
  222       1.188069997142e-12       2.230293056548e-15       1.489554304782e-15       1.798659410177e-15       0.000000000000e+00       0.000000000000e+00       0.000000000000e+00 
  223       1.186064669136e-12       2.219985095596e-15       4.940686025885e-16       1.804935815566e-15       0.000000000000e+00       0.000000000000e+00       0.000000000000e+00 
  224       1.183256449546e-12       2.212066444960e-15      -4.865972380722e-16       1.811404806613e-15       0.000000000000e+00       0.000000000000e+00       0.000000000000e+00 
  225       1.179655582705e-12       2.206486246306e-15      -1.451252008834e-15       1.818039179830e-15       0.000000000000e+00       0.000000000000e+00       0.000000000000e+00 
  226       1.175275443972e-12       2.203201648021e-15      -2.399182653262e-15       1.824821299843e-15       0.000000000000e+00       0.000000000000e+00       0.000000000000e+00 
  227       1.170130363632e-12       2.202166454457e-15      -3.329670497799e-15       1.831732759182e-15       0.000000000000e+00       0.000000000000e+00       0.000000000000e+00 
  228       1.164235638976e-12       2.203331081972e-15      -4.241991277179e-15       1.838754369086e-15       0.000000000000e+00       0.000000000000e+00       0.000000000000e+00 
  229       1.157607546379e-12       2.206642514958e-15      -5.135415159844e-15       1.845866150306e-15       0.000000000000e+00       0.000000000000e+00       0.000000000000e+00 
  230       1.150263353372e-12       2.212044261878e-15      -6.009206773368e-15       1.853047323910e-15       0.000000000000e+00       0.000000000000e+00       0.000000000000e+00 
  231       1.142221330718e-12       2.219476311295e-15      -6.862625229866e-15       1.860276302086e-15       0.000000000000e+00       0.000000000000e+00       0.000000000000e+00 
  232       1.133500764494e-12       2.228875087908e-15      -7.694924151416e-15       1.867530678947e-15       0.000000000000e+00       0.000000000000e+00       0.000000000000e+00 
  233       1.124121968163e-12       2.240173408587e-15      -8.505351695477e-15       1.874787221331e-15       0.000000000000e+00       0.000000000000e+00       0.000000000000e+00 
  234       1.114106294649e-12       2.253300438403e-15      -9.293150580305e-15       1.882021859609e-15       0.000000000000e+00       0.000000000000e+00       0.000000000000e+00 
  235       1.103476148418e-12       2.268181646662e-15      -1.005755811037e-14       1.889209678485e-15       0.000000000000e+00       0.000000000000e+00       0.000000000000e+00 
  236       1.092254997550e-12       2.284738762941e-15      -1.079780620177e-14       1.896324907804e-15       0.000000000000e+00       0.000000000000e+00       0.000000000000e+00 
  237       1.080467385817e-12       2.302889733117e-15      -1.151312140766e-14       1.903340913351e-15       0.000000000000e+00       0.000000000000e+00       0.000000000000e+00 
  238       1.068138944762e-12       2.322548675403e-15      -1.220272494366e-14       1.910230187658e-15       0.000000000000e+00       0.000000000000e+00       0.000000000000e+00 
  239       1.055296405770e-12       2.343625836384e-15      -1.286583271327e-14       1.916964340807e-15       0.000000000000e+00       0.000000000000e+00       0.000000000000e+00 
  240       1.041967612148e-12       2.366027547042e-15      -1.350165533330e-14       1.923514091231e-15       0.000000000000e+00       0.000000000000e+00       0.000000000000e+00 
  241       1.028181531201e-12       2.389656178799e-15      -1.410939815926e-14       1.929849256524e-15       0.000000000000e+00       0.000000000000e+00       0.000000000000e+00 
  242       1.013968266305e-12       2.414410099544e-15      -1.468826131082e-14       1.935938744237e-15       0.000000000000e+00       0.000000000000e+00       0.000000000000e+00 
  243       9.993590689898e-13       2.440183629669e-15      -1.523743969720e-14       1.941750542686e-15       0.000000000000e+00       0.000000000000e+00       0.000000000000e+00 
  244       9.843863510094e-13       2.466866998099e-15      -1.575612304257e-14       1.947251711758e-15       0.000000000000e+00       0.000000000000e+00       0.000000000000e+00 
  245       9.690836964209e-13       2.494346298331e-15      -1.624349591152e-14       1.952408373707e-15       0.000000000000e+00       0.000000000000e+00       0.000000000000e+00 
  246       9.534858736603e-13       2.522503444463e-15      -1.669873773442e-14       1.957185703967e-15       0.000000000000e+00       0.000000000000e+00       0.000000000000e+00 
  247       9.376288476191e-13       2.551216127228e-15      -1.712102283288e-14       1.961547921949e-15       0.000000000000e+00       0.000000000000e+00       0.000000000000e+00 
  248       9.215497917204e-13       2.580357770028e-15      -1.750952044515e-14       1.965458281846e-15       0.000000000000e+00       0.000000000000e+00       0.000000000000e+00 
  249       9.052870999952e-13       2.609797484966e-15      -1.786339475153e-14       1.968879063439e-15       0.000000000000e+00       0.000000000000e+00       0.000000000000e+00 
  250       8.888758206578e-13       2.639416981116e-15      -1.818199068865e-14       1.971778180102e-15       0.000000000000e+00       0.000000000000e+00       0.000000000000e+00 
  251       8.723336396551e-13       2.669162462188e-15      -1.846540323199e-14       1.974149444713e-15       0.000000000000e+00       0.000000000000e+00       0.000000000000e+00 
  252       8.556741115136e-13       2.698995639109e-15      -1.871394102288e-14       1.975993455675e-15       0.000000000000e+00       0.000000000000e+00       0.000000000000e+00 
  253       8.389111683427e-13       2.728877035858e-15      -1.892794391529e-14       1.977311088410e-15       0.000000000000e+00       0.000000000000e+00       0.000000000000e+00 
  254       8.220591231560e-13       2.758765977912e-15      -1.910778335648e-14       1.978103498817e-15       0.000000000000e+00       0.000000000000e+00       0.000000000000e+00 
  255       8.051326731909e-13       2.788620580705e-15      -1.925386276773e-14       1.978372126734e-15       0.000000000000e+00       0.000000000000e+00       0.000000000000e+00 
  256       7.881469032303e-13       2.818397738075e-15      -1.936661792505e-14       1.978118699393e-15       0.000000000000e+00       0.000000000000e+00       0.000000000000e+00 
  257       7.711172889222e-13       2.848053110719e-15      -1.944651733992e-14       1.977345234878e-15       0.000000000000e+00       0.000000000000e+00       0.000000000000e+00 
  258       7.540597001012e-13       2.877541114642e-15      -1.949406263994e-14       1.976054045586e-15       0.000000000000e+00       0.000000000000e+00       0.000000000000e+00 
  259       7.369904041086e-13       2.906814909612e-15      -1.950978894960e-14       1.974247741680e-15       0.000000000000e+00       0.000000000000e+00       0.000000000000e+00 
  260       7.199260691131e-13       2.935826387609e-15      -1.949426527096e-14       1.971929234553e-15       0.000000000000e+00       0.000000000000e+00       0.000000000000e+00 
  261       7.028837674317e-13       2.964526161281e-15      -1.944809486436e-14       1.969101740282e-15       0.000000000000e+00       0.000000000000e+00       0.000000000000e+00 
  262       6.858809788500e-13       2.992863552389e-15      -1.937191562914e-14       1.965768783088e-15       0.000000000000e+00       0.000000000000e+00       0.000000000000e+00 
  263       6.689355939428e-13       3.020786580268e-15      -1.926640048436e-14       1.961934198791e-15       0.000000000000e+00       0.000000000000e+00       0.000000000000e+00 
  264       6.520659173953e-13       3.048241950270e-15      -1.913225774948e-14       1.957602138275e-15       0.000000000000e+00       0.000000000000e+00       0.000000000000e+00 
  265       6.352906713228e-13       3.075175042224e-15      -1.897023152512e-14       1.952777070938e-15       0.000000000000e+00       0.000000000000e+00       0.000000000000e+00 
  266       6.186289985921e-13       3.101529898880e-15      -1.878110207371e-14       1.947463788155e-15       0.000000000000e+00       0.000000000000e+00       0.000000000000e+00 
  267       6.021004661419e-13       3.127249214368e-15      -1.856568620025e-14       1.941667406735e-15       0.000000000000e+00       0.000000000000e+00       0.000000000000e+00 
  268       5.857250683031e-13       3.152274322645e-15      -1.832483763301e-14       1.935393372379e-15       0.000000000000e+00       0.000000000000e+00       0.000000000000e+00 
  269       5.695232301202e-13       3.176545185950e-15      -1.805944740421e-14       1.928647463139e-15       0.000000000000e+00       0.000000000000e+00       0.000000000000e+00 
  270       5.535158106708e-13       3.200000383255e-15      -1.777044423077e-14       1.921435792874e-15       0.000000000000e+00       0.000000000000e+00       0.000000000000e+00 
  271       5.377241063873e-13       3.222577098715e-15      -1.745879489502e-14       1.913764814708e-15       0.000000000000e+00       0.000000000000e+00       0.000000000000e+00 
  272       5.221698543769e-13       3.244211110123e-15      -1.712550462536e-14       1.905641324494e-15       0.000000000000e+00       0.000000000000e+00       0.000000000000e+00 
  273       5.068752357424e-13       3.264836777359e-15      -1.677161747705e-14       1.897072464262e-15       0.000000000000e+00       0.000000000000e+00       0.000000000000e+00 
  274       4.918628789030e-13       3.284387030845e-15      -1.639821671284e-14       1.888065725686e-15       0.000000000000e+00       0.000000000000e+00       0.000000000000e+00 
  275       4.771558629145e-13       3.302793359995e-15      -1.600642518375e-14       1.878628953539e-15       0.000000000000e+00       0.000000000000e+00       0.000000000000e+00 
  276       4.627777207902e-13       3.319985801667e-15      -1.559740570973e-14       1.868770349150e-15       0.000000000000e+00       0.000000000000e+00       0.000000000000e+00 
  277       4.487524428218e-13       3.335892928614e-15      -1.517236146041e-14       1.858498473861e-15       0.000000000000e+00       0.000000000000e+00       0.000000000000e+00 
  278       4.351044798994e-13       3.350441837940e-15      -1.473253633576e-14       1.847822252491e-15       0.000000000000e+00       0.000000000000e+00       0.000000000000e+00 
  279       4.218546177611e-13       3.363571265542e-15      -1.427908644361e-14       1.836751142930e-15       0.000000000000e+00       0.000000000000e+00       0.000000000000e+00 
  280       4.090073563072e-13       3.375271705298e-15      -1.381268637825e-14       1.825295647561e-15       0.000000000000e+00       0.000000000000e+00       0.000000000000e+00 
  281       3.965628828931e-13       3.385547345907e-15      -1.333390328529e-14       1.813466835073e-15       0.000000000000e+00       0.000000000000e+00       0.000000000000e+00 
  282       3.845211394978e-13       3.394403140688e-15      -1.284332410941e-14       1.801276180403e-15       0.000000000000e+00       0.000000000000e+00       0.000000000000e+00 
  283       3.728818197020e-13       3.401844816195e-15      -1.234155577714e-14       1.788735568446e-15       0.000000000000e+00       0.000000000000e+00       0.000000000000e+00 
  284       3.616443656659e-13       3.407878880830e-15      -1.182922537948e-14       1.775857297772e-15       0.000000000000e+00       0.000000000000e+00       0.000000000000e+00 
  285       3.508079651074e-13       3.412512633460e-15      -1.130698035466e-14       1.762654084336e-15       0.000000000000e+00       0.000000000000e+00       0.000000000000e+00 
  286       3.403715482797e-13       3.415754172030e-15      -1.077548867081e-14       1.749139065195e-15       0.000000000000e+00       0.000000000000e+00       0.000000000000e+00 
  287       3.303337849495e-13       3.417612402177e-15      -1.023543900866e-14       1.735325802216e-15       0.000000000000e+00       0.000000000000e+00       0.000000000000e+00 
  288       3.206930813751e-13       3.418097045848e-15      -9.687540944293e-15       1.721228285797e-15       0.000000000000e+00       0.000000000000e+00       0.000000000000e+00 
  289       3.114475772838e-13       3.417218649912e-15      -9.132525131780e-15       1.706860938571e-15       0.000000000000e+00       0.000000000000e+00       0.000000000000e+00 
  290       3.025951428507e-13       3.414988594776e-15      -8.571143485929e-15       1.692238619127e-15       0.000000000000e+00       0.000000000000e+00       0.000000000000e+00 
  291       2.941333756761e-13       3.411419102999e-15      -8.004169364968e-15       1.677376625721e-15       0.000000000000e+00       0.000000000000e+00       0.000000000000e+00 
  292       2.860595977633e-13       3.406523247906e-15      -7.432397753255e-15       1.662290699986e-15       0.000000000000e+00       0.000000000000e+00       0.000000000000e+00 
  293       2.783708524973e-13       3.400314962205e-15      -6.856645443978e-15       1.646997030650e-15       0.000000000000e+00       0.000000000000e+00       0.000000000000e+00 
  294       2.710639016220e-13       3.392809046601e-15      -6.277751221858e-15       1.631512257249e-15       0.000000000000e+00       0.000000000000e+00       0.000000000000e+00 
  295       2.641352222186e-13       3.384021178409e-15      -5.696576045854e-15       1.615853473835e-15       0.000000000000e+00       0.000000000000e+00       0.000000000000e+00 
  296       2.575810036835e-13       3.373967920170e-15      -5.114003231863e-15       1.600038232696e-15       0.000000000000e+00       0.000000000000e+00       0.000000000000e+00 
  297       2.513971447061e-13       3.362666728267e-15      -4.530938635423e-15       1.584084548064e-15       0.000000000000e+00       0.000000000000e+00       0.000000000000e+00 
  298       2.455792502469e-13       3.350135961537e-15      -3.948310834418e-15       1.568010899834e-15       0.000000000000e+00       0.000000000000e+00       0.000000000000e+00 
  299       2.401226285157e-13       3.336394889889e-15      -3.367071311780e-15       1.551836237271e-15       0.000000000000e+00       0.000000000000e+00       0.000000000000e+00 
  300       2.350222879490e-13       3.321463702916e-15      -2.788194638189e-15       1.535579982728e-15       0.000000000000e+00       0.000000000000e+00       0.000000000000e+00 
  301       2.302729341883e-13       3.305363518510e-15      -2.212678654781e-15       1.519262035357e-15       0.000000000000e+00       0.000000000000e+00       0.000000000000e+00 
  302       2.258689670583e-13       3.288116391479e-15      -1.641544655845e-15       1.502902774823e-15       0.000000000000e+00       0.000000000000e+00       0.000000000000e+00 
  303       2.218044775444e-13       3.269745322159e-15      -1.075837571532e-15       1.486523065016e-15       0.000000000000e+00       0.000000000000e+00       0.000000000000e+00 
  304       2.180732447709e-13       3.250274265031e-15      -5.166261505503e-16       1.470144257770e-15       0.000000000000e+00       0.000000000000e+00       0.000000000000e+00 
  305       2.146687329790e-13       3.229728137334e-15       3.499685712369e-17       1.453788196566e-15       0.000000000000e+00       0.000000000000e+00       0.000000000000e+00 
  306       2.115840885046e-13       3.208132827681e-15       5.779145175485e-16       1.437477220256e-15       0.000000000000e+00       0.000000000000e+00       0.000000000000e+00 
  307       2.088121367566e-13       3.185515204673e-15       1.110985530112e-15       1.421234166769e-15       0.000000000000e+00       0.000000000000e+00       0.000000000000e+00 
  308       2.063453791944e-13       3.161903125514e-15       1.633044044831e-15       1.405082376827e-15       0.000000000000e+00       0.000000000000e+00       0.000000000000e+00 
  309       2.041759903062e-13       3.137325444626e-15       2.142899479643e-15       1.389045697661e-15       0.000000000000e+00       0.000000000000e+00       0.000000000000e+00 
  310       2.022958145870e-13       3.111812022262e-15       2.639336337713e-15       1.373148486717e-15       0.000000000000e+00       0.000000000000e+00       0.000000000000e+00 
  311       2.006963635161e-13       3.085393733124e-15       3.121114024719e-15       1.357415615378e-15       0.000000000000e+00       0.000000000000e+00       0.000000000000e+00 
  312       1.993694010796e-13       3.058101579903e-15       3.587174191730e-15       1.341868901163e-15       0.000000000000e+00       0.000000000000e+00       0.000000000000e+00 
  313       1.983087365616e-13       3.029963970776e-15       4.037273771542e-15       1.326516213767e-15       0.000000000000e+00       0.000000000000e+00       0.000000000000e+00 
  314       1.975085090335e-13       3.001009332419e-15       4.471380958113e-15       1.311361870801e-15       0.000000000000e+00       0.000000000000e+00       0.000000000000e+00 
  315       1.969626040212e-13       2.971267001166e-15       4.889470401131e-15       1.296410163057e-15       0.000000000000e+00       0.000000000000e+00       0.000000000000e+00 
  316       1.966646512058e-13       2.940767230532e-15       5.291523278318e-15       1.281665353827e-15       0.000000000000e+00       0.000000000000e+00       0.000000000000e+00 
  317       1.966080221251e-13       2.909541198725e-15       5.677527367738e-15       1.267131678235e-15       0.000000000000e+00       0.000000000000e+00       0.000000000000e+00 
  318       1.967858278746e-13       2.877621016160e-15       6.047477120100e-15       1.252813342558e-15       0.000000000000e+00       0.000000000000e+00       0.000000000000e+00 
  319       1.971909168084e-13       2.845039732973e-15       6.401373731063e-15       1.238714523549e-15       0.000000000000e+00       0.000000000000e+00       0.000000000000e+00 
  320       1.978158722411e-13       2.811831346539e-15       6.739225213543e-15       1.224839367764e-15       0.000000000000e+00       0.000000000000e+00       0.000000000000e+00 
  321       1.986530101482e-13       2.778030808986e-15       7.061046470019e-15       1.211191990888e-15       0.000000000000e+00       0.000000000000e+00       0.000000000000e+00 
  322       1.996943768676e-13       2.743674034707e-15       7.366859364833e-15       1.197776477055e-15       0.000000000000e+00       0.000000000000e+00       0.000000000000e+00 
  323       2.009317468010e-13       2.708797907877e-15       7.656692796503e-15       1.184596878177e-15       0.000000000000e+00       0.000000000000e+00       0.000000000000e+00 
  324       2.023566201145e-13       2.673440289971e-15       7.930582770022e-15       1.171657213266e-15       0.000000000000e+00       0.000000000000e+00       0.000000000000e+00 
  325       2.039602204405e-13       2.637640027271e-15       8.188572469167e-15       1.158961467762e-15       0.000000000000e+00       0.000000000000e+00       0.000000000000e+00 
  326       2.057334925780e-13       2.601436958391e-15       8.430712328800e-15       1.146513592853e-15       0.000000000000e+00       0.000000000000e+00       0.000000000000e+00 
  327       2.076671001947e-13       2.564871921781e-15       8.657060107181e-15       1.134317504802e-15       0.000000000000e+00       0.000000000000e+00       0.000000000000e+00 
  328       2.097514235275e-13       2.527986763251e-15       8.867680958264e-15       1.122377084272e-15       0.000000000000e+00       0.000000000000e+00       0.000000000000e+00 
  329       2.119765570838e-13       2.490824343482e-15       9.062647504009e-15       1.110696175652e-15       0.000000000000e+00       0.000000000000e+00       0.000000000000e+00 
  330       2.143323073429e-13       2.453428545540e-15       9.242039906684e-15       1.099278586376e-15       0.000000000000e+00       0.000000000000e+00       0.000000000000e+00 
  331       2.168081904570e-13       2.415844282392e-15       9.405945941171e-15       1.088128086256e-15       0.000000000000e+00       0.000000000000e+00       0.000000000000e+00 
  332       2.193934299523e-13       2.378117504422e-15       9.554461067274e-15       1.077248406798e-15       0.000000000000e+00       0.000000000000e+00       0.000000000000e+00 
  333       2.220769544304e-13       2.340295206943e-15       9.687688502019e-15       1.066643240534e-15       0.000000000000e+00       0.000000000000e+00       0.000000000000e+00 
  334       2.248473952692e-13       2.302425437716e-15       9.805739291963e-15       1.056316240342e-15       0.000000000000e+00       0.000000000000e+00       0.000000000000e+00 
  335       2.276930843244e-13       2.264557304461e-15       9.908732385499e-15       1.046271018772e-15       0.000000000000e+00       0.000000000000e+00       0.000000000000e+00 
  336       2.306020516302e-13       2.226740982373e-15       9.996794705160e-15       1.036511147370e-15       0.000000000000e+00       0.000000000000e+00       0.000000000000e+00 
  337       2.335620231010e-13       2.189027721639e-15       1.007006121992e-14       1.027040156005e-15       0.000000000000e+00       0.000000000000e+00       0.000000000000e+00 
  338       2.365604182322e-13       2.151469854949e-15       1.012867501752e-14       1.017861532191e-15       0.000000000000e+00       0.000000000000e+00       0.000000000000e+00 
  339       2.395843478014e-13       2.114120805014e-15       1.017278737674e-14       1.008978720412e-15       0.000000000000e+00       0.000000000000e+00       0.000000000000e+00 
  340       2.426206115699e-13       2.077035092082e-15       1.020255783973e-14       1.000395121450e-15       0.000000000000e+00       0.000000000000e+00       0.000000000000e+00 
  341       2.456556959834e-13       2.040268341447e-15       1.021815428430e-14       9.921140917030e-16       0.000000000000e+00       0.000000000000e+00       0.000000000000e+00 
  342       2.486757718735e-13       2.003877290971e-15       1.021975299625e-14       9.841389425163e-16       0.000000000000e+00       0.000000000000e+00       0.000000000000e+00 
  343       2.516666921587e-13       1.967919798593e-15       1.020753874163e-14       9.764729395034e-16       0.000000000000e+00       0.000000000000e+00       0.000000000000e+00 
  344       2.546139895457e-13       1.932454849848e-15       1.018170483911e-14       9.691193018716e-16       0.000000000000e+00       0.000000000000e+00       0.000000000000e+00 
  345       2.575028742305e-13       1.897542565380e-15       1.014245323220e-14       9.620812017469e-16       0.000000000000e+00       0.000000000000e+00       0.000000000000e+00 
  346       2.603182315996e-13       1.863244208457e-15       1.008999456164e-14       9.553617634981e-16       0.000000000000e+00       0.000000000000e+00       0.000000000000e+00 
  347       2.630446199310e-13       1.829622192486e-15       1.002454823767e-14       9.489640630621e-16       0.000000000000e+00       0.000000000000e+00       0.000000000000e+00 
  348       2.656662680957e-13       1.796740088528e-15       9.946342512312e-15       9.428911272677e-16       0.000000000000e+00       0.000000000000e+00       0.000000000000e+00 
  349       2.681697354602e-13       1.764652462422e-15       9.855624102808e-15       9.371446528310e-16       0.000000000000e+00       0.000000000000e+00       0.000000000000e+00 
  350       2.705520182422e-13       1.733373904857e-15       9.752687355092e-15       9.317211059917e-16       0.000000000000e+00       0.000000000000e+00       0.000000000000e+00 
  351       2.728127753700e-13       1.702908729609e-15       9.637846433289e-15       9.266154595428e-16       0.000000000000e+00       0.000000000000e+00       0.000000000000e+00 
  352       2.749516969788e-13       1.673261025384e-15       9.511425959302e-15       9.218224566160e-16       0.000000000000e+00       0.000000000000e+00       0.000000000000e+00 
  353       2.769685047275e-13       1.644434653346e-15       9.373761094506e-15       9.173366087486e-16       0.000000000000e+00       0.000000000000e+00       0.000000000000e+00 
  354       2.788629521151e-13       1.616433244635e-15       9.225197621427e-15       9.131521939503e-16       0.000000000000e+00       0.000000000000e+00       0.000000000000e+00 
  355       2.806348247972e-13       1.589260197896e-15       9.066092025439e-15       9.092632547702e-16       0.000000000000e+00       0.000000000000e+00       0.000000000000e+00 
  356       2.822839409023e-13       1.562918676803e-15       8.896811576449e-15       9.056635963635e-16       0.000000000000e+00       0.000000000000e+00       0.000000000000e+00 
  357       2.838101513488e-13       1.537411607575e-15       8.717734410582e-15       9.023467845583e-16       0.000000000000e+00       0.000000000000e+00       0.000000000000e+00 
  358       2.852133401611e-13       1.512741676507e-15       8.529249611876e-15       8.993061439226e-16       0.000000000000e+00       0.000000000000e+00       0.000000000000e+00 
  359       2.864934247864e-13       1.488911327491e-15       8.331757293963e-15       8.965347558310e-16       0.000000000000e+00       0.000000000000e+00       0.000000000000e+00 
  360       2.876503564107e-13       1.465922759538e-15       8.125668681764e-15       8.940254565317e-16       0.000000000000e+00       0.000000000000e+00       0.000000000000e+00 
  361       2.886841202761e-13       1.443777924306e-15       7.911406193171e-15       8.917708352132e-16       0.000000000000e+00       0.000000000000e+00       0.000000000000e+00 
  362       2.895947359967e-13       1.422478523616e-15       7.689403520740e-15       8.897632320711e-16       0.000000000000e+00       0.000000000000e+00       0.000000000000e+00 
  363       2.903822578752e-13       1.402026006983e-15       7.460105713379e-15       8.879947363753e-16       0.000000000000e+00       0.000000000000e+00       0.000000000000e+00 
  364       2.910467752198e-13       1.382421569136e-15       7.223969258032e-15       8.864571845364e-16       0.000000000000e+00       0.000000000000e+00       0.000000000000e+00 
  365       2.915884126601e-13       1.363666147540e-15       6.981462161372e-15       8.851421581727e-16       0.000000000000e+00       0.000000000000e+00       0.000000000000e+00 
  366       2.920073304643e-13       1.345760419925e-15       6.733064031487e-15       8.840409821773e-16       0.000000000000e+00       0.000000000000e+00       0.000000000000e+00 
  367       2.923037248550e-13       1.328704801802e-15       6.479266159568e-15       8.831447227844e-16       0.000000000000e+00       0.000000000000e+00       0.000000000000e+00 
  368       2.924778283263e-13       1.312499443992e-15       6.220571601599e-15       8.824441856368e-16       0.000000000000e+00       0.000000000000e+00       0.000000000000e+00 
  369       2.925299099600e-13       1.297144230149e-15       5.957495260043e-15       8.819299138521e-16       0.000000000000e+00       0.000000000000e+00       0.000000000000e+00 
  370       2.924602757423e-13       1.282638774281e-15       5.690563965532e-15       8.815921860902e-16       0.000000000000e+00       0.000000000000e+00       0.000000000000e+00 
  371       2.922692688802e-13       1.268982418274e-15       5.420316558556e-15       8.814210146194e-16       0.000000000000e+00       0.000000000000e+00       0.000000000000e+00 
  372       2.919572701178e-13       1.256174229420e-15       5.147303971148e-15       8.814061433841e-16       0.000000000000e+00       0.000000000000e+00       0.000000000000e+00 
  373       2.915246980534e-13       1.244212997933e-15       4.872089308574e-15       8.815370460707e-16       0.000000000000e+00       0.000000000000e+00       0.000000000000e+00 
  374       2.909720094553e-13       1.233097234477e-15       4.595247931025e-15       8.818029241753e-16       0.000000000000e+00       0.000000000000e+00       0.000000000000e+00 
  375       2.902996995790e-13       1.222825167692e-15       4.317367535298e-15       8.821927050701e-16       0.000000000000e+00       0.000000000000e+00       0.000000000000e+00 
  376       2.895083024831e-13       1.213394741711e-15       4.039048236489e-15       8.826950400701e-16       0.000000000000e+00       0.000000000000e+00       0.000000000000e+00 
  377       2.885983913462e-13       1.204803613687e-15       3.760902649682e-15       8.832983025006e-16       0.000000000000e+00       0.000000000000e+00       0.000000000000e+00 
  378       2.875705787834e-13       1.197049151319e-15       3.483555971633e-15       8.839905857632e-16       0.000000000000e+00       0.000000000000e+00       0.000000000000e+00 
  379       2.864255171627e-13       1.190128430370e-15       3.207646062464e-15       8.847597014033e-16       0.000000000000e+00       0.000000000000e+00       0.000000000000e+00 
  380       2.851638989213e-13       1.184038232196e-15       2.933823527344e-15       8.855931771765e-16       0.000000000000e+00       0.000000000000e+00       0.000000000000e+00 
  381       2.837864568827e-13       1.178775041265e-15       2.662751798185e-15       8.864782551159e-16       0.000000000000e+00       0.000000000000e+00       0.000000000000e+00 
  382       2.822939645726e-13       1.174335042682e-15       2.395107215326e-15       8.874018895985e-16       0.000000000000e+00       0.000000000000e+00       0.000000000000e+00 
  383       2.806872365359e-13       1.170714119715e-15       2.131579109219e-15       8.883507454122e-16       0.000000000000e+00       0.000000000000e+00       0.000000000000e+00 
  384       2.789671286526e-13       1.167907851314e-15       1.872869882125e-15       8.893111958229e-16       0.000000000000e+00       0.000000000000e+00       0.000000000000e+00 
  385       2.771345384553e-13       1.165911509639e-15       1.619695089793e-15       8.902693206410e-16       0.000000000000e+00       0.000000000000e+00       0.000000000000e+00 
  386       2.751904054445e-13       1.164720057580e-15       1.372783523156e-15       8.912109042882e-16       0.000000000000e+00       0.000000000000e+00       0.000000000000e+00 
  387       2.731357114062e-13       1.164328146282e-15       1.132877290013e-15       8.921214338648e-16       0.000000000000e+00       0.000000000000e+00       0.000000000000e+00 
  388       2.709718170202e-13       1.164727948927e-15       9.006080945610e-16       8.929882482348e-16       0.000000000000e+00       0.000000000000e+00       0.000000000000e+00 
  389       2.687014849229e-13       1.165902577806e-15       6.761208073482e-16       8.938070778510e-16       0.000000000000e+00       0.000000000000e+00       0.000000000000e+00 
  390       2.663278955341e-13       1.167832416148e-15       4.594359749814e-16       8.945757457631e-16       0.000000000000e+00       0.000000000000e+00       0.000000000000e+00 
  391       2.638543148025e-13       1.170497255440e-15       2.505723341555e-16       8.952920384663e-16       0.000000000000e+00       0.000000000000e+00       0.000000000000e+00 
  392       2.612840947891e-13       1.173876291236e-15       4.954679491217e-17       8.959537056783e-16       0.000000000000e+00       0.000000000000e+00       0.000000000000e+00 
  393       2.586206742514e-13       1.177948118958e-15      -1.436255761024e-16       8.965584601159e-16       0.000000000000e+00       0.000000000000e+00       0.000000000000e+00 
  394       2.558675792271e-13       1.182690729695e-15      -3.289315723793e-16       8.971039772728e-16       0.000000000000e+00       0.000000000000e+00       0.000000000000e+00 
  395       2.530284236182e-13       1.188081506013e-15      -5.063598642886e-16       8.975878951959e-16       0.000000000000e+00       0.000000000000e+00       0.000000000000e+00 
  396       2.501069097746e-13       1.194097217754e-15      -6.759010158213e-16       8.980078142626e-16       0.000000000000e+00       0.000000000000e+00       0.000000000000e+00 
  397       2.471068290782e-13       1.200714017841e-15      -8.375475013316e-16       8.983612969581e-16       0.000000000000e+00       0.000000000000e+00       0.000000000000e+00 
  398       2.440320625268e-13       1.207907438079e-15      -9.912937222781e-16       8.986458676520e-16       0.000000000000e+00       0.000000000000e+00       0.000000000000e+00 
  399       2.408865813177e-13       1.215652384961e-15      -1.137136023966e-15       8.988590123756e-16       0.000000000000e+00       0.000000000000e+00       0.000000000000e+00 
  400       2.376744474320e-13       1.223923135469e-15      -1.275072712290e-15       8.989981785988e-16       0.000000000000e+00       0.000000000000e+00       0.000000000000e+00 
  401       2.343998142181e-13       1.232693332878e-15      -1.405104070474e-15       8.990607750074e-16       0.000000000000e+00       0.000000000000e+00       0.000000000000e+00 
  402       2.310669269761e-13       1.241935982559e-15      -1.527232375814e-15       8.990441712797e-16       0.000000000000e+00       0.000000000000e+00       0.000000000000e+00 
  403       2.276801235408e-13       1.251623447785e-15      -1.641461916422e-15       8.989456978638e-16       0.000000000000e+00       0.000000000000e+00       0.000000000000e+00 
  404       2.242438348667e-13       1.261727445527e-15      -1.747799007964e-15       8.987626457548e-16       0.000000000000e+00       0.000000000000e+00       0.000000000000e+00 
  405       2.207625856110e-13       1.272219042265e-15      -1.846252010405e-15       8.984922662714e-16       0.000000000000e+00       0.000000000000e+00       0.000000000000e+00 
  406       2.172409947179e-13       1.283068649788e-15      -1.936831344750e-15       8.981317708332e-16       0.000000000000e+00       0.000000000000e+00       0.000000000000e+00 
  407       2.136837760024e-13       1.294246020996e-15      -2.019549509785e-15       8.976783307378e-16       0.000000000000e+00       0.000000000000e+00       0.000000000000e+00 
  408       2.100957387342e-13       1.305720245704e-15      -2.094421098821e-15       8.971290769377e-16       0.000000000000e+00       0.000000000000e+00       0.000000000000e+00 
  409       2.064817882216e-13       1.317459746447e-15      -2.161462816432e-15       8.964810998173e-16       0.000000000000e+00       0.000000000000e+00       0.000000000000e+00 
  410       2.028469263952e-13       1.329432274281e-15      -2.220693495202e-15       8.957314489701e-16       0.000000000000e+00       0.000000000000e+00       0.000000000000e+00 
  411       1.991962523921e-13       1.341604904587e-15      -2.272134112464e-15       8.948771329755e-16       0.000000000000e+00       0.000000000000e+00       0.000000000000e+00 
  412       1.955349631396e-13       1.353944032875e-15      -2.315807807039e-15       8.939151191762e-16       0.000000000000e+00       0.000000000000e+00       0.000000000000e+00 
  413       1.918683539391e-13       1.366415370584e-15      -2.351739895985e-15       8.928423334546e-16       0.000000000000e+00       0.000000000000e+00       0.000000000000e+00 
  414       1.882018190500e-13       1.378983940890e-15      -2.379957891333e-15       8.916556600108e-16       0.000000000000e+00       0.000000000000e+00       0.000000000000e+00 
  415       1.845408522737e-13       1.391614074505e-15      -2.400491516831e-15       8.903519411384e-16       0.000000000000e+00       0.000000000000e+00       0.000000000000e+00 
  416       1.808910475372e-13       1.404269405484e-15      -2.413372724686e-15       8.889279770028e-16       0.000000000000e+00       0.000000000000e+00       0.000000000000e+00 
  417       1.772580994771e-13       1.416912867024e-15      -2.418635712305e-15       8.873805254173e-16       0.000000000000e+00       0.000000000000e+00       0.000000000000e+00 
  418       1.736478040239e-13       1.429506687270e-15      -2.416316939037e-15       8.857063016205e-16       0.000000000000e+00       0.000000000000e+00       0.000000000000e+00 
  419       1.700660589853e-13       1.442012385119e-15      -2.406455142918e-15       8.839019780534e-16       0.000000000000e+00       0.000000000000e+00       0.000000000000e+00 
  420       1.665188646303e-13       1.454390766019e-15      -2.389091357407e-15       8.819641841362e-16       0.000000000000e+00       0.000000000000e+00       0.000000000000e+00 
  421       1.630123242731e-13       1.466601917777e-15      -2.364268928132e-15       8.798895060457e-16       0.000000000000e+00       0.000000000000e+00       0.000000000000e+00 
  422       1.595526448571e-13       1.478605206359e-15      -2.332033529633e-15       8.776744864918e-16       0.000000000000e+00       0.000000000000e+00       0.000000000000e+00 
  423       1.561461375386e-13       1.490359271695e-15      -2.292433182100e-15       8.753156244951e-16       0.000000000000e+00       0.000000000000e+00       0.000000000000e+00 
  424       1.527992182709e-13       1.501822023481e-15      -2.245518268116e-15       8.728093751635e-16       0.000000000000e+00       0.000000000000e+00       0.000000000000e+00 
  425       1.495184083878e-13       1.512950636983e-15      -2.191341549402e-15       8.701521494694e-16       0.000000000000e+00       0.000000000000e+00       0.000000000000e+00 
  426       1.463103351881e-13       1.523701548840e-15      -2.129958183555e-15       8.673403140269e-16       0.000000000000e+00       0.000000000000e+00       0.000000000000e+00 
  427       1.431806073887e-13       1.534037289312e-15      -2.061448331806e-15       8.643713522345e-16       0.000000000000e+00       0.000000000000e+00       0.000000000000e+00 
  428       1.401303981597e-13       1.543947243586e-15      -1.985985795312e-15       8.612473916679e-16       0.000000000000e+00       0.000000000000e+00       0.000000000000e+00 
  429       1.371597469867e-13       1.553427588559e-15      -1.903771746901e-15       8.579717962568e-16       0.000000000000e+00       0.000000000000e+00       0.000000000000e+00 
  430       1.342686741424e-13       1.562474520493e-15      -1.815012382519e-15       8.545480163001e-16       0.000000000000e+00       0.000000000000e+00       0.000000000000e+00 
  431       1.314571805328e-13       1.571084255315e-15      -1.719918952804e-15       8.509795890050e-16       0.000000000000e+00       0.000000000000e+00       0.000000000000e+00 
  432       1.287252475412e-13       1.579253028905e-15      -1.618707794665e-15       8.472701390270e-16       0.000000000000e+00       0.000000000000e+00       0.000000000000e+00 
  433       1.260728368741e-13       1.586977097390e-15      -1.511600362851e-15       8.434233790094e-16       0.000000000000e+00       0.000000000000e+00       0.000000000000e+00 
  434       1.234998904060e-13       1.594252737433e-15      -1.398823261532e-15       8.394431101227e-16       0.000000000000e+00       0.000000000000e+00       0.000000000000e+00 
  435       1.210063300245e-13       1.601076246530e-15      -1.280608275873e-15       8.353332226046e-16       0.000000000000e+00       0.000000000000e+00       0.000000000000e+00 
  436       1.185920574755e-13       1.607443943298e-15      -1.157192403606e-15       8.310976962990e-16       0.000000000000e+00       0.000000000000e+00       0.000000000000e+00 
  437       1.162569542081e-13       1.613352167768e-15      -1.028817886612e-15       8.267406011962e-16       0.000000000000e+00       0.000000000000e+00       0.000000000000e+00 
  438       1.140008812201e-13       1.618797281680e-15      -8.957322424911e-16       8.222660979724e-16       0.000000000000e+00       0.000000000000e+00       0.000000000000e+00 
  439       1.118236789027e-13       1.623775668769e-15      -7.581882961392e-16       8.176784385288e-16       0.000000000000e+00       0.000000000000e+00       0.000000000000e+00 
  440       1.097251668860e-13       1.628283735065e-15      -6.164442113249e-16       8.129819665320e-16       0.000000000000e+00       0.000000000000e+00       0.000000000000e+00 
  441       1.077051438836e-13       1.632317909177e-15      -4.707635222634e-16       8.081811179527e-16       0.000000000000e+00       0.000000000000e+00       0.000000000000e+00 
  442       1.057633875385e-13       1.635874642591e-15      -3.214151651926e-16       8.032804216062e-16       0.000000000000e+00       0.000000000000e+00       0.000000000000e+00 
  443       1.038996542672e-13       1.638950409961e-15      -1.686735099485e-16       7.982844996913e-16       0.000000000000e+00       0.000000000000e+00       0.000000000000e+00 
  444       1.021136791056e-13       1.641541709397e-15      -1.281839154053e-17       7.931980683302e-16       0.000000000000e+00       0.000000000000e+00       0.000000000000e+00 
  445       1.004051755540e-13       1.643645062764e-15       1.458648582729e-16       7.880259381083e-16       0.000000000000e+00       0.000000000000e+00       0.000000000000e+00 
  446       9.877383542175e-14       1.645257015968e-15       3.070853794090e-16       7.827730146133e-16       0.000000000000e+00       0.000000000000e+00       0.000000000000e+00 
  447       9.721932867290e-14       1.646374139251e-15       4.705467518854e-16       7.774442989752e-16       0.000000000000e+00       0.000000000000e+00       0.000000000000e+00 
  448       9.574130327100e-14       1.646993027482e-15       6.359469642442e-16       7.720448884059e-16       0.000000000000e+00       0.000000000000e+00       0.000000000000e+00 
  449       9.433938502431e-14       1.647110300451e-15       8.029783819769e-16       7.665799767384e-16       0.000000000000e+00       0.000000000000e+00       0.000000000000e+00 
  450       9.301317743091e-14       1.646722603159e-15       9.713277159490e-16       7.610548549669e-16       0.000000000000e+00       0.000000000000e+00       0.000000000000e+00 
  451       9.176226152380e-14       1.645826606111e-15       1.140675990824e-15       7.554749117862e-16       0.000000000000e+00       0.000000000000e+00       0.000000000000e+00 
  452       9.058619571599e-14       1.644419005607e-15       1.310698513489e-15       7.498456341311e-16       0.000000000000e+00       0.000000000000e+00       0.000000000000e+00 
  453       8.948451564566e-14       1.642496524036e-15       1.481064841478e-15       7.441726077165e-16       0.000000000000e+00       0.000000000000e+00       0.000000000000e+00 
  454       8.845673402124e-14       1.640055910167e-15       1.651438751398e-15       7.384615175764e-16       0.000000000000e+00       0.000000000000e+00       0.000000000000e+00 
  455       8.750234046651e-14       1.637093939442e-15       1.821478207351e-15       7.327181486039e-16       0.000000000000e+00       0.000000000000e+00       0.000000000000e+00 
  456       8.662080136574e-14       1.633607414265e-15       1.990835329363e-15       7.269483860907e-16       0.000000000000e+00       0.000000000000e+00       0.000000000000e+00 
  457       8.581155970879e-14       1.629593164299e-15       2.159156361802e-15       7.211582162667e-16       0.000000000000e+00       0.000000000000e+00       0.000000000000e+00 
  458       8.507403493621e-14       1.625048046754e-15       2.326081641809e-15       7.153537268397e-16       0.000000000000e+00       0.000000000000e+00       0.000000000000e+00 
  459       8.440762278436e-14       1.619968946680e-15       2.491245567719e-15       7.095411075347e-16       0.000000000000e+00       0.000000000000e+00       0.000000000000e+00 
  460       8.381169513053e-14       1.614352777262e-15       2.654276567488e-15       7.037266506337e-16       0.000000000000e+00       0.000000000000e+00       0.000000000000e+00 
  461       8.328559983803e-14       1.608196480107e-15       2.814797067113e-15       6.979167515156e-16       0.000000000000e+00       0.000000000000e+00       0.000000000000e+00 
  462       8.282866060134e-14       1.601497025542e-15       2.972423459061e-15       6.921179091953e-16       0.000000000000e+00       0.000000000000e+00       0.000000000000e+00 
  463       8.244017679115e-14       1.594251412901e-15       3.126766070694e-15       6.863367268634e-16       0.000000000000e+00       0.000000000000e+00       0.000000000000e+00 
  464       8.211942329957e-14       1.586456670818e-15       3.277429132688e-15       6.805799124261e-16       0.000000000000e+00       0.000000000000e+00       0.000000000000e+00 
  465       8.186565038515e-14       1.578109857522e-15       3.424010747465e-15       6.748542790446e-16       0.000000000000e+00       0.000000000000e+00       0.000000000000e+00 
  466       8.167791221580e-14       1.569211077806e-15       3.566168554699e-15       6.691658783748e-16       0.000000000000e+00       0.000000000000e+00       0.000000000000e+00 
  467       8.155454692561e-14       1.559772636935e-15       3.703819046705e-15       6.635173694295e-16       0.000000000000e+00       0.000000000000e+00       0.000000000000e+00 
  468       8.149368003128e-14       1.549810172907e-15       3.836944409364e-15       6.579105686892e-16       0.000000000000e+00       0.000000000000e+00       0.000000000000e+00 
  469       8.149339401930e-14       1.539339667540e-15       3.965527391796e-15       6.523473100430e-16       0.000000000000e+00       0.000000000000e+00       0.000000000000e+00 
  470       8.155172809666e-14       1.528377448431e-15       4.089551311009e-15       6.468294448493e-16       0.000000000000e+00       0.000000000000e+00       0.000000000000e+00 
  471       8.166667794146e-14       1.516940190909e-15       4.209000056555e-15       6.413588419977e-16       0.000000000000e+00       0.000000000000e+00       0.000000000000e+00 
  472       8.183619545357e-14       1.505044919989e-15       4.323858095177e-15       6.359373879700e-16       0.000000000000e+00       0.000000000000e+00       0.000000000000e+00 
  473       8.205818850528e-14       1.492709012333e-15       4.434110475461e-15       6.305669869021e-16       0.000000000000e+00       0.000000000000e+00       0.000000000000e+00 
  474       8.233052069197e-14       1.479950198197e-15       4.539742832488e-15       6.252495606444e-16       0.000000000000e+00       0.000000000000e+00       0.000000000000e+00 
  475       8.265101108275e-14       1.466786563396e-15       4.640741392482e-15       6.199870488243e-16       0.000000000000e+00       0.000000000000e+00       0.000000000000e+00 
  476       8.301743397110e-14       1.453236551253e-15       4.737092977465e-15       6.147814089066e-16       0.000000000000e+00       0.000000000000e+00       0.000000000000e+00 
  477       8.342751862555e-14       1.439318964557e-15       4.828785009903e-15       6.096346162556e-16       0.000000000000e+00       0.000000000000e+00       0.000000000000e+00 
  478       8.387894904032e-14       1.425052967517e-15       4.915805517362e-15       6.045486641957e-16       0.000000000000e+00       0.000000000000e+00       0.000000000000e+00 
  479       8.436936368596e-14       1.410458087720e-15       4.998143137155e-15       5.995255640737e-16       0.000000000000e+00       0.000000000000e+00       0.000000000000e+00 
  480       8.489635526001e-14       1.395554218086e-15       5.075787120994e-15       5.945673453192e-16       0.000000000000e+00       0.000000000000e+00       0.000000000000e+00 
  481       8.545747043769e-14       1.380361618819e-15       5.148727339644e-15       5.896760555067e-16       0.000000000000e+00       0.000000000000e+00       0.000000000000e+00 
  482       8.605020962247e-14       1.364900919370e-15       5.216954287568e-15       5.848537604164e-16       0.000000000000e+00       0.000000000000e+00       0.000000000000e+00 
  483       8.667202669681e-14       1.349193120388e-15       5.280459087584e-15       5.801025440960e-16       0.000000000000e+00       0.000000000000e+00       0.000000000000e+00 
  484       8.732032877276e-14       1.333259595675e-15       5.339233495509e-15       5.754245089219e-16       0.000000000000e+00       0.000000000000e+00       0.000000000000e+00 
  485       8.799247594263e-14       1.317122094143e-15       5.393269904818e-15       5.708217756604e-16       0.000000000000e+00       0.000000000000e+00       0.000000000000e+00 
  486       8.868578102963e-14       1.300802741772e-15       5.442561351289e-15       5.662964835293e-16       0.000000000000e+00       0.000000000000e+00       0.000000000000e+00 
  487       8.939750933855e-14       1.284324043559e-15       5.487101517656e-15       5.618507902592e-16       0.000000000000e+00       0.000000000000e+00       0.000000000000e+00 
  488       9.012487840637e-14       1.267708885480e-15       5.526884738259e-15       5.574868721546e-16       0.000000000000e+00       0.000000000000e+00       0.000000000000e+00 
  489       9.086505775296e-14       1.250980536443e-15       5.561906003696e-15       5.532069241559e-16       0.000000000000e+00       0.000000000000e+00       0.000000000000e+00 
  490       9.161516863171e-14       1.234162650242e-15       5.592160965475e-15       5.490131598998e-16       0.000000000000e+00       0.000000000000e+00       0.000000000000e+00 
  491       9.237228378016e-14       1.217279267516e-15       5.617645940660e-15       5.449078117817e-16       0.000000000000e+00       0.000000000000e+00       0.000000000000e+00 
  492       9.313342717069e-14       1.200354817701e-15       5.638357916529e-15       5.408931310162e-16       0.000000000000e+00       0.000000000000e+00       0.000000000000e+00 
  493       9.389557376116e-14       1.183414120988e-15       5.654294555217e-15       5.369713876990e-16       0.000000000000e+00       0.000000000000e+00       0.000000000000e+00 
  494       9.465564924556e-14       1.166482390277e-15       5.665454198376e-15       5.331448708681e-16       0.000000000000e+00       0.000000000000e+00       0.000000000000e+00 
  495       9.541052980466e-14       1.149585233135e-15       5.671835871816e-15       5.294158885649e-16       0.000000000000e+00       0.000000000000e+00       0.000000000000e+00 
  496       9.615704185666e-14       1.132748653747e-15       5.673439290165e-15       5.257867678962e-16       0.000000000000e+00       0.000000000000e+00       0.000000000000e+00 
  497       9.689196180785e-14       1.115999054876e-15       5.670264861513e-15       5.222598550948e-16       0.000000000000e+00       0.000000000000e+00       0.000000000000e+00 
  498       9.761201580328e-14       1.099363239817e-15       5.662313692068e-15       5.188375155814e-16       0.000000000000e+00       0.000000000000e+00       0.000000000000e+00 
  499       9.831387947737e-14       1.082868414352e-15       5.649587590801e-15       5.155221340256e-16       0.000000000000e+00       0.000000000000e+00       0.000000000000e+00 
  500       9.899417770458e-14       1.066542188705e-15       5.632089074105e-15       5.123161144077e-16       0.000000000000e+00       0.000000000000e+00       0.000000000000e+00 
