# Matter power spectrum P(k) at redshift z=0
# for k=1.03956e-05 to 105.108 h/Mpc,
# number of wavenumbers equal to 622
#    1:k (h/Mpc)              2:P (Mpc/h)^3        
       1.039564326216e-05       5.107545772900e+01 
       2.324005029469e-05       1.107341786068e+02 
       3.612930635646e-05       1.692758603776e+02 
       4.909789395017e-05       2.273584627513e+02 
       6.218086214376e-05       2.853515535582e+02 
       7.541413732903e-05       3.435292581406e+02 
       8.883484385548e-05       4.021241553245e+02 
       1.024816387820e-04       4.613492439191e+02 
       1.163950650215e-04       5.214091582877e+02 
       1.306179271866e-04       5.825068932127e+02 
       1.451956944530e-04       6.448484229484e+02 
       1.601769346991e-04       7.086462672911e+02 
       1.756137840119e-04       7.741224968984e+02 
       1.915624552923e-04       8.415114556371e+02 
       2.080837890606e-04       9.110623587297e+02 
       2.252438485245e-04       9.830418267917e+02 
       2.431145593645e-04       1.057736440328e+03 
       2.617743923103e-04       1.135455294066e+03 
       2.813090831481e-04       1.216532551580e+03 
       3.018123800168e-04       1.301329955271e+03 
       3.233868013263e-04       1.390239225391e+03 
       3.461443789993e-04       1.483684209334e+03 
       3.702073506013e-04       1.582122649899e+03 
       3.957087500454e-04       1.686047335004e+03 
       4.227928299299e-04       1.795986337733e+03 
       4.516152296707e-04       1.912502028331e+03 
       4.823427836876e-04       2.036188401724e+03 
       5.151528454018e-04       2.167666274476e+03 
       5.502319895798e-04       2.307575840129e+03 
       5.877739532335e-04       2.456566090330e+03 
       6.279766909548e-04       2.615280801558e+03 
       6.710384619835e-04       2.784340833605e+03 
       7.171529399524e-04       2.964322996482e+03 
       7.665034443420e-04       3.155736075104e+03 
       8.192565294893e-04       3.358995217161e+03 
       8.755553158409e-04       3.574396415189e+03 
       9.355130808047e-04       3.802093297156e+03 
       9.992077074552e-04       4.042078632662e+03 
       1.066677584940e-03       4.294172852218e+03 
       1.137919445953e-03       4.558021450982e+03 
       1.212888420989e-03       4.833101783820e+03 
       1.291500321849e-03       5.118739250109e+03 
       1.373635893824e-03       5.414109498323e+03 
       1.459146555707e-03       5.718309954751e+03 
       1.547861021377e-03       6.030388955225e+03 
       1.639592180130e-03       6.349339100739e+03 
       1.734143690255e-03       6.674144249827e+03 
       1.831315878060e-03       7.003803671720e+03 
       1.930910693739e-03       7.337351634282e+03 
       2.032735623935e-03       7.673872434285e+03 
       2.136606578475e-03       8.012508432457e+03 
       2.242349848222e-03       8.352470420742e+03 
       2.349803274462e-03       8.693035790717e+03 
       2.458816784956e-03       9.033550548270e+03 
       2.569252446772e-03       9.373427881505e+03 
       2.680984169399e-03       9.712141869303e+03 
       2.793897169799e-03       1.004922841444e+04 
       2.907887288376e-03       1.038427512073e+04 
       3.022860223795e-03       1.071692115529e+04 
       3.138730736511e-03       1.104685012179e+04 
       3.255421856120e-03       1.137378644265e+04 
       3.372864116051e-03       1.169748922549e+04 
       3.490994830399e-03       1.201775293565e+04 
       3.609757421254e-03       1.233439739722e+04 
       3.729100800300e-03       1.264727249111e+04 
       3.848978805341e-03       1.295624538579e+04 
       3.969349690293e-03       1.326120785225e+04 
       4.090175665932e-03       1.356206982553e+04 
       4.211422487893e-03       1.385875218077e+04 
       4.333059088119e-03       1.415119715942e+04 
       4.455057245825e-03       1.443935111240e+04 
       4.577391294155e-03       1.472318322040e+04 
       4.700037858874e-03       1.500265800669e+04 
       4.822975625718e-03       1.527776269555e+04 
       4.946185133258e-03       1.554848412895e+04 
       5.069648588471e-03       1.581481023508e+04 
       5.193349702449e-03       1.607676160688e+04 
       5.317273543968e-03       1.633432657266e+04 
       5.441406408876e-03       1.658752085962e+04 
       5.565735703503e-03       1.683636309317e+04 
       5.690249840472e-03       1.708086387043e+04 
       5.814938145516e-03       1.732105282882e+04 
       5.939790774030e-03       1.755696023411e+04 
       6.064798636269e-03       1.778863321889e+04 
       6.189953330213e-03       1.801603411487e+04 
       6.315247081240e-03       1.823921285277e+04 
       6.440672687857e-03       1.845823384973e+04 
       6.566223472809e-03       1.867308920265e+04 
       6.691893238994e-03       1.888372274421e+04 
       6.817676229653e-03       1.909039823524e+04 
       6.943567092379e-03       1.929303443043e+04 
       7.069560846537e-03       1.949167924477e+04 
       7.195652853739e-03       1.968635810973e+04 
       7.321838791060e-03       1.987710653718e+04 
       7.448114626700e-03       2.006398299755e+04 
       7.574476597851e-03       2.024700851791e+04 
       7.700921190550e-03       2.042622643506e+04 
       7.827445121308e-03       2.060167798389e+04 
       7.954045320349e-03       2.077340200722e+04 
       8.080718916303e-03       2.094142599311e+04 
       8.207463222198e-03       2.110580644954e+04 
       8.334275722645e-03       2.126656542694e+04 
       8.461154062096e-03       2.142375337521e+04 
       8.588096034068e-03       2.157740144814e+04 
       8.715099571251e-03       2.172755521335e+04 
       8.842162736423e-03       2.187424624256e+04 
       8.969283714084e-03       2.201752071702e+04 
       9.096460802765e-03       2.215739813940e+04 
       9.223692407934e-03       2.229395112525e+04 
       9.350977035456e-03       2.242719682354e+04 
       9.478313285557e-03       2.255717312901e+04 
       9.605699847255e-03       2.268390240340e+04 
       9.733135493202e-03       2.280744496355e+04 
       9.860619074926e-03       2.292781372596e+04 
       9.988149518413e-03       2.304507489327e+04 
       1.011572582003e-02       2.315923705681e+04 
       1.024334704274e-02       2.327035677594e+04 
       1.037101231259e-02       2.337844546885e+04 
       1.049872081545e-02       2.348353961420e+04 
       1.062647179401e-02       2.358569863196e+04 
       1.075426454495e-02       2.368496111416e+04 
       1.088209841637e-02       2.378131123591e+04 
       1.100997280531e-02       2.387482891202e+04 
       1.113788715558e-02       2.396554090914e+04 
       1.126584095557e-02       2.405344606461e+04 
       1.139383373640e-02       2.413861641687e+04 
       1.152186507004e-02       2.422108658833e+04 
       1.164993456766e-02       2.430084740495e+04 
       1.177804187805e-02       2.437797069382e+04 
       1.190618668615e-02       2.445247002213e+04 
       1.203436871174e-02       2.452437277198e+04 
       1.216258770813e-02       2.459369689677e+04 
       1.229084346102e-02       2.466053432182e+04 
       1.241913578737e-02       2.472484766643e+04 
       1.254746453446e-02       2.478669324340e+04 
       1.267582957886e-02       2.484608919422e+04 
       1.280423082565e-02       2.490307907655e+04 
       1.293266820753e-02       2.495770966520e+04 
       1.306114168415e-02       2.500997865891e+04 
       1.318965124134e-02       2.505992859014e+04 
       1.331819689054e-02       2.510757008601e+04 
       1.344677866819e-02       2.515295973449e+04 
       1.357539663515e-02       2.519609826341e+04 
       1.370405087627e-02       2.523703479068e+04 
       1.383274149989e-02       2.527577955729e+04 
       1.396146863745e-02       2.531237840077e+04 
       1.409023244309e-02       2.534684049946e+04 
       1.421903309332e-02       2.537920644349e+04 
       1.434787078674e-02       2.540949453451e+04 
       1.447674574373e-02       2.543773829020e+04 
       1.460565820623e-02       2.546395224591e+04 
       1.473460843750e-02       2.548818155989e+04 
       1.486359672198e-02       2.551041623045e+04 
       1.499262336509e-02       2.553071271003e+04 
       1.512168869313e-02       2.554909790499e+04 
       1.525079305316e-02       2.556557766803e+04 
       1.537993681292e-02       2.558018891333e+04 
       1.550912036077e-02       2.559295480040e+04 
       1.563834410565e-02       2.560390418792e+04 
       1.576760847710e-02       2.561304788973e+04 
       1.589691392520e-02       2.562040729646e+04 
       1.602626092067e-02       2.562604384504e+04 
       1.615564995487e-02       2.562992607113e+04 
       1.628508153989e-02       2.563212681381e+04 
       1.641455620863e-02       2.563262351497e+04 
       1.654407451488e-02       2.563147744585e+04 
       1.667363703351e-02       2.562869206236e+04 
       1.680324436053e-02       2.562431746727e+04 
       1.693289711331e-02       2.561833738977e+04 
       1.706259593071e-02       2.561080199661e+04 
       1.719234147332e-02       2.560169973716e+04 
       1.732213442364e-02       2.559108195207e+04 
       1.745197548630e-02       2.557899290649e+04 
       1.758186538833e-02       2.556541045176e+04 
       1.771180487940e-02       2.555037575733e+04 
       1.784179473212e-02       2.553388805480e+04 
       1.797183574230e-02       2.551600887498e+04 
       1.810192872930e-02       2.549672839857e+04 
       1.823207453632e-02       2.547605486519e+04 
       1.836227403076e-02       2.545408605252e+04 
       1.849252810460e-02       2.543072872447e+04 
       1.862283767473e-02       2.540610707216e+04 
       1.875320368340e-02       2.538015977457e+04 
       1.888362709859e-02       2.535297941282e+04 
       1.901410891445e-02       2.532452403486e+04 
       1.914465015175e-02       2.529486027605e+04 
       1.927525185834e-02       2.526396238967e+04 
       1.940591510966e-02       2.523189489499e+04 
       1.953664100918e-02       2.519863204253e+04 
       1.966743068897e-02       2.516424915739e+04 
       1.979828531022e-02       2.512872129688e+04 
       1.992920606380e-02       2.509208108620e+04 
       2.006019417083e-02       2.505435795645e+04 
       2.019125088328e-02       2.501550039130e+04 
       2.032237748458e-02       2.497565569127e+04 
       2.045357529029e-02       2.493472204153e+04 
       2.058484564870e-02       2.489282305016e+04 
       2.071618994156e-02       2.484988768035e+04 
       2.084760958478e-02       2.480600773838e+04 
       2.097910602911e-02       2.476109488676e+04 
       2.111068076094e-02       2.471523377195e+04 
       2.124233530306e-02       2.466849969747e+04 
       2.137407121544e-02       2.462082019437e+04 
       2.150589009606e-02       2.457224349775e+04 
       2.163779358178e-02       2.452277752961e+04 
       2.176978334918e-02       2.447244327191e+04 
       2.190186111549e-02       2.442129358885e+04 
       2.203402863953e-02       2.436928621097e+04 
       2.216628772264e-02       2.431646674890e+04 
       2.229864020967e-02       2.426286692579e+04 
       2.243108799006e-02       2.420846646987e+04 
       2.256363299881e-02       2.415330959605e+04 
       2.269627721764e-02       2.409736566457e+04 
       2.282902267606e-02       2.404075816551e+04 
       2.296187145255e-02       2.398337581224e+04 
       2.309482567575e-02       2.392533395408e+04 
       2.322788752570e-02       2.386653750873e+04 
       2.336105923508e-02       2.380706325863e+04 
       2.349434309054e-02       2.374707379096e+04 
       2.362774143405e-02       2.368631998283e+04 
       2.376125666427e-02       2.362495057155e+04 
       2.389489123804e-02       2.356298767984e+04 
       2.402864767179e-02       2.350041430351e+04 
       2.416252854313e-02       2.343722520018e+04 
       2.429653649242e-02       2.337350561761e+04 
       2.443067422437e-02       2.330924666109e+04 
       2.456494450974e-02       2.324436780570e+04 
       2.469935018711e-02       2.317899891410e+04 
       2.483389416462e-02       2.311311912797e+04 
       2.496857942188e-02       2.304672837168e+04 
       2.510340901184e-02       2.297985703076e+04 
       2.523838606280e-02       2.291244897938e+04 
       2.537351378046e-02       2.284461915091e+04 
       2.550879544998e-02       2.277638410213e+04 
       2.564423443826e-02       2.270767630750e+04 
       2.577983419610e-02       2.263851059958e+04 
       2.591559826063e-02       2.256890816002e+04 
       2.605153025766e-02       2.249895912766e+04 
       2.618763390420e-02       2.242867323868e+04 
       2.632391301107e-02       2.235784552822e+04 
       2.646037148556e-02       2.228672065854e+04 
       2.659701333420e-02       2.221525837954e+04 
       2.673384266564e-02       2.214346693261e+04 
       2.687086369364e-02       2.207129414610e+04 
       2.700808074012e-02       2.199881736405e+04 
       2.714549823836e-02       2.192608536552e+04 
       2.728312073633e-02       2.185293427881e+04 
       2.742095290009e-02       2.177957971721e+04 
       2.755899951739e-02       2.170595937649e+04 
       2.769726550130e-02       2.163194560474e+04 
       2.783575589409e-02       2.155780050860e+04 
       2.797447587115e-02       2.148325591110e+04 
       2.811343074517e-02       2.140859364889e+04 
       2.825262597037e-02       2.133369580739e+04 
       2.839206714698e-02       2.125855064720e+04 
       2.853176002582e-02       2.118313038105e+04 
       2.867171051313e-02       2.110754184157e+04 
       2.881192467556e-02       2.103180593229e+04 
       2.895240874532e-02       2.095589109561e+04 
       2.909316912560e-02       2.087973592381e+04 
       2.923421239617e-02       2.080344098725e+04 
       2.937554531924e-02       2.072700075117e+04 
       2.951717484552e-02       2.065037853516e+04 
       2.965910812054e-02       2.057362370253e+04 
       2.980135249127e-02       2.049666094235e+04 
       2.994391551298e-02       2.041968851176e+04 
       3.008680495641e-02       2.034254788354e+04 
       3.023002881523e-02       2.026526386867e+04 
       3.037359531383e-02       2.018794493605e+04 
       3.051751291550e-02       2.011045274859e+04 
       3.066179033082e-02       2.003291524009e+04 
       3.080643652665e-02       1.995523569901e+04 
       3.095146073528e-02       1.987756185202e+04 
       3.109687246419e-02       1.979971772865e+04 
       3.124268150612e-02       1.972186086866e+04 
       3.138889794970e-02       1.964386461543e+04 
       3.153553219047e-02       1.956593901101e+04 
       3.168259494253e-02       1.948791374531e+04 
       3.183009725065e-02       1.940986068516e+04 
       3.197805050300e-02       1.933172931896e+04 
       3.212646644449e-02       1.925360639612e+04 
       3.227535719073e-02       1.917539728173e+04 
       3.242473524274e-02       1.909726392087e+04 
       3.257461350229e-02       1.901903955788e+04 
       3.272500528812e-02       1.894082360135e+04 
       3.287592435289e-02       1.886256954208e+04 
       3.302738490103e-02       1.878426886405e+04 
       3.317940160755e-02       1.870615737315e+04 
       3.333198963773e-02       1.862786777394e+04 
       3.348516466795e-02       1.854963182508e+04 
       3.363894290760e-02       1.847142020153e+04 
       3.379334112213e-02       1.839328146227e+04 
       3.394837665735e-02       1.831510752364e+04 
       3.410406746519e-02       1.823691969055e+04 
       3.426043213069e-02       1.815882640509e+04 
       3.441748990068e-02       1.808071562781e+04 
       3.457526071400e-02       1.800267673177e+04 
       3.473376523346e-02       1.792464691073e+04 
       3.489302487971e-02       1.784661897618e+04 
       3.505306186704e-02       1.776869185399e+04 
       3.521389924132e-02       1.769077227235e+04 
       3.537556092026e-02       1.761295590112e+04 
       3.553807173610e-02       1.753508823798e+04 
       3.570145748086e-02       1.745733210529e+04 
       3.586574495455e-02       1.737960125190e+04 
       3.603096201631e-02       1.730195199544e+04 
       3.619713763883e-02       1.722431427746e+04 
       3.636430196637e-02       1.714671818789e+04 
       3.653248637645e-02       1.706914680013e+04 
       3.670172354576e-02       1.699170842428e+04 
       3.687204752043e-02       1.691429155822e+04 
       3.704349379107e-02       1.683692464054e+04 
       3.721609937307e-02       1.675960043578e+04 
       3.738990289240e-02       1.668235027110e+04 
       3.756494467760e-02       1.660506010747e+04 
       3.774126685833e-02       1.652787984394e+04 
       3.791891347106e-02       1.645074700770e+04 
       3.809793057267e-02       1.637366820806e+04 
       3.827836636246e-02       1.629664261382e+04 
       3.846027131353e-02       1.621958845758e+04 
       3.864369831423e-02       1.614259946334e+04 
       3.882870282071e-02       1.606569477819e+04 
       3.901534302163e-02       1.598876962048e+04 
       3.920368001610e-02       1.591195258377e+04 
       3.939377800630e-02       1.583504722117e+04 
       3.958570450605e-02       1.575824988540e+04 
       3.977953056708e-02       1.568147205520e+04 
       3.997533102477e-02       1.560467556892e+04 
       4.017318476530e-02       1.552786633964e+04 
       4.037317501666e-02       1.545107112312e+04 
       4.057538966584e-02       1.537428138220e+04 
       4.077992160528e-02       1.529754972721e+04 
       4.098686911168e-02       1.522070832530e+04 
       4.119633626094e-02       1.514389803988e+04 
       4.140843338326e-02       1.506697008711e+04 
       4.162327756329e-02       1.499008314868e+04 
       4.184099319046e-02       1.491312240131e+04 
       4.206171256584e-02       1.483612956415e+04 
       4.228557657237e-02       1.475903396785e+04 
       4.251273541651e-02       1.468186579567e+04 
       4.274334945050e-02       1.460463354260e+04 
       4.297759008582e-02       1.452728987924e+04 
       4.321564081012e-02       1.444982589146e+04 
       4.345769832156e-02       1.437223815389e+04 
       4.370397379732e-02       1.429450702206e+04 
       4.395469431500e-02       1.421661727414e+04 
       4.421010444950e-02       1.413850909023e+04 
       4.447046807132e-02       1.406022632770e+04 
       4.473607037707e-02       1.398172923754e+04 
       4.500722018823e-02       1.390303066396e+04 
       4.528425256104e-02       1.382400557306e+04 
       4.556753175811e-02       1.374471799939e+04 
       4.585745464233e-02       1.366518416435e+04 
       4.615445456520e-02       1.358523630555e+04 
       4.645900583634e-02       1.350497400541e+04 
       4.677162887860e-02       1.342426695731e+04 
       4.709289619514e-02       1.334306802845e+04 
       4.742343930192e-02       1.326145054706e+04 
       4.776395681290e-02       1.317926977614e+04 
       4.811522390730e-02       1.309649321265e+04 
       4.847810346119e-02       1.301308647047e+04 
       4.885355919228e-02       1.292895944768e+04 
       4.924267125081e-02       1.284408292879e+04 
       4.964665479634e-02       1.275832384969e+04 
       5.006688223565e-02       1.267161428386e+04 
       5.050490996999e-02       1.258385623874e+04 
       5.096251072011e-02       1.249493014123e+04 
       5.144171277819e-02       1.240471611483e+04 
       5.194484789162e-02       1.231304967038e+04 
       5.247460993155e-02       1.221970170742e+04 
       5.303412705440e-02       1.212447711353e+04 
       5.362705073492e-02       1.202713144464e+04 
       5.425766582151e-02       1.192726252971e+04 
       5.493102657150e-02       1.182453708050e+04 
       5.565312429066e-02       1.171842108391e+04 
       5.643109232059e-02       1.160826390817e+04 
       5.727345283762e-02       1.149324283912e+04 
       5.819040554574e-02       1.137225486840e+04 
       5.919414765208e-02       1.124386357682e+04 
       6.029919182647e-02       1.110619902907e+04 
       6.152260515050e-02       1.095666821572e+04 
       6.288401591348e-02       1.079183824050e+04 
       6.440512036368e-02       1.060720505592e+04 
       6.610829238937e-02       1.039701976006e+04 
       6.801386273687e-02       1.015419817196e+04 
       7.013593169658e-02       9.871341861451e+03 
       7.247747941642e-02       9.541905341728e+03 
       7.502684127392e-02       9.162813080382e+03 
       7.775808644968e-02       8.736758970515e+03 
       8.063606685430e-02       8.273407573649e+03 
       8.362380417751e-02       7.788510986154e+03 
       8.668860316095e-02       7.301050364972e+03 
       8.980495209004e-02       6.830009519512e+03 
       9.295461951229e-02       6.391634957214e+03 
       9.612532989974e-02       5.997812665393e+03 
       9.930913395514e-02       5.655281674534e+03 
       1.025010102685e-01       5.365984633496e+03 
       1.056978358060e-01       5.127497429460e+03 
       1.088976867036e-01       4.934196801375e+03 
       1.120993846664e-01       4.777866239692e+03 
       1.153022105027e-01       4.649020284092e+03 
       1.185057260836e-01       4.537537651641e+03 
       1.217096647449e-01       4.433674237578e+03 
       1.249138642106e-01       4.328942365792e+03 
       1.281182256824e-01       4.216673193642e+03 
       1.313226889399e-01       4.092627423131e+03 
       1.345272172044e-01       3.955189850485e+03 
       1.377317879438e-01       3.805186499981e+03 
       1.409363872894e-01       3.645483839109e+03 
       1.441410066451e-01       3.480418014849e+03 
       1.473456406287e-01       3.315132914882e+03 
       1.505502858214e-01       3.154607458341e+03 
       1.537549400077e-01       3.003406511688e+03 
       1.569596017134e-01       2.865047948178e+03 
       1.601642699237e-01       2.741853240689e+03 
       1.633689439119e-01       2.634862559998e+03 
       1.665736231344e-01       2.543795101689e+03 
       1.697783071660e-01       2.467368071821e+03 
       1.729829956603e-01       2.403429487002e+03 
       1.761876883249e-01       2.349230270928e+03 
       1.793923849060e-01       2.301744334513e+03 
       1.825970851783e-01       2.258133216758e+03 
       1.858017889387e-01       2.215802369648e+03 
       1.890064960019e-01       2.171905243325e+03 
       1.922112061975e-01       2.124631616192e+03 
       1.954159193678e-01       2.072947007505e+03 
       1.986206353661e-01       2.016654701027e+03 
       2.018253540558e-01       1.956321038226e+03 
       2.050300753092e-01       1.893144272899e+03 
       2.082347990068e-01       1.828674758298e+03 
       2.114395250363e-01       1.764524205137e+03 
       2.146442532924e-01       1.702253172683e+03 
       2.178489836761e-01       1.643137121582e+03 
       2.210537160941e-01       1.588160899001e+03 
       2.242584504585e-01       1.538016140141e+03 
       2.274631866866e-01       1.493018362114e+03 
       2.306679247000e-01       1.453074506665e+03 
       2.338726644249e-01       1.417941335900e+03 
       2.370774057915e-01       1.386979563059e+03 
       2.402821487335e-01       1.359358457403e+03 
       2.434868931883e-01       1.334125668323e+03 
       2.466916390967e-01       1.310274668804e+03 
       2.498963864024e-01       1.286906032161e+03 
       2.531011350519e-01       1.263298711938e+03 
       2.563058849945e-01       1.238920266855e+03 
       2.595106361820e-01       1.213440497407e+03 
       2.627153885687e-01       1.186786910763e+03 
       2.659201421107e-01       1.159041977988e+03 
       2.691248967668e-01       1.130469305588e+03 
       2.723296524972e-01       1.101441672313e+03 
       2.755344092643e-01       1.072472356871e+03 
       2.787391670322e-01       1.044033797864e+03 
       2.819439257664e-01       1.016611002663e+03 
       2.851486854343e-01       9.906124668784e+02 
       2.883534460046e-01       9.663196401462e+02 
       2.915582074473e-01       9.438421988569e+02 
       2.947629697337e-01       9.231637654846e+02 
       2.979677328367e-01       9.041782200581e+02 
       3.011724967298e-01       8.866896012842e+02 
       3.043772613881e-01       8.704254140415e+02 
       3.075820267876e-01       8.551207857471e+02 
       3.107867929051e-01       8.404971734471e+02 
       3.139915597185e-01       8.262533678570e+02 
       3.171963272067e-01       8.121731773013e+02 
       3.204010953494e-01       7.980275886353e+02 
       3.236058641269e-01       7.836940916690e+02 
       3.268106335205e-01       7.691124446080e+02 
       3.300154035123e-01       7.542714914603e+02 
       3.332201740847e-01       7.393028306982e+02 
       3.364249452212e-01       7.242864016890e+02 
       3.396297169057e-01       7.093947131119e+02 
       3.428344891229e-01       6.947504708212e+02 
       3.460392618577e-01       6.804765893587e+02 
       3.492440350959e-01       6.666668362205e+02 
       3.524488088237e-01       6.534317818947e+02 
       3.556535830279e-01       6.408477078761e+02 
       3.588583576955e-01       6.289165900820e+02 
       3.620631328142e-01       6.176315619563e+02 
       3.652679083722e-01       6.069601108771e+02 
       3.684726843578e-01       5.968265468777e+02 
       3.716774607601e-01       5.871206403997e+02 
       3.748822375682e-01       5.777420536103e+02 
       3.780870147717e-01       5.685952968953e+02 
       3.812917923608e-01       5.595996686287e+02 
       3.844965703256e-01       5.507150232641e+02 
       3.877013486569e-01       5.418867524798e+02 
       3.909061273456e-01       5.330985199331e+02 
       3.941109063829e-01       5.243437560927e+02 
       3.973156857604e-01       5.156170108551e+02 
       4.005204654699e-01       5.069510311578e+02 
       4.037252455033e-01       4.983452474382e+02 
       4.069300258532e-01       4.898719093089e+02 
       4.101348065119e-01       4.815734220445e+02 
       4.133395874723e-01       4.734815370927e+02 
       4.165443687274e-01       4.656242393152e+02 
       4.197491502705e-01       4.580230040180e+02 
       4.229539320949e-01       4.506585109473e+02 
       4.261587141942e-01       4.435554634462e+02 
       4.293634965624e-01       4.366839559145e+02 
       4.325682791934e-01       4.300436535496e+02 
       4.357730620813e-01       4.236161940701e+02 
       4.389778452206e-01       4.173672618872e+02 
       4.421826286058e-01       4.113014752520e+02 
       4.453874122315e-01       4.053696293846e+02 
       4.485921960925e-01       3.995535099706e+02 
       4.517969801839e-01       3.938266032721e+02 
       4.550017645007e-01       3.881506407122e+02 
       4.582065490382e-01       3.825549809879e+02 
       4.614113337917e-01       3.770075499456e+02 
       4.646161187569e-01       3.715319810386e+02 
       4.678209039293e-01       3.661306503475e+02 
       4.710256893047e-01       3.607965273539e+02 
       4.742304748790e-01       3.555439096005e+02 
       4.774352606480e-01       3.503836346010e+02 
       4.806400466081e-01       3.453328352939e+02 
       4.838448327552e-01       3.403834186839e+02 
       4.870496190858e-01       3.355608765454e+02 
       4.902544055961e-01       3.308573817728e+02 
       4.934591922828e-01       3.262888077537e+02 
       4.966639791423e-01       3.218423121265e+02 
       4.998687661714e-01       3.175051223004e+02 
       5.030735533667e-01       3.132760716752e+02 
       5.062783407252e-01       3.091272383079e+02 
       5.094831282437e-01       3.050618253377e+02 
       5.126879159192e-01       3.010757538209e+02 
       5.158927037488e-01       2.971544545587e+02 
       5.190974917296e-01       2.933025821917e+02 
       5.223022798589e-01       2.895008512392e+02 
       5.255070681338e-01       2.857579630518e+02 
       5.287118565518e-01       2.820568965889e+02 
       5.319166451103e-01       2.783969001534e+02 
       5.351214338067e-01       2.747975508113e+02 
       5.383262226385e-01       2.712623176945e+02 
       5.415310116034e-01       2.677772224103e+02 
       5.447358006989e-01       2.643654411091e+02 
       5.479405899229e-01       2.610099064921e+02 
       5.511453792729e-01       2.577222032192e+02 
       5.543501687470e-01       2.545023164080e+02 
       5.575549583428e-01       2.513353430753e+02 
       5.607597480583e-01       2.482310225670e+02 
       5.639645378915e-01       2.451899001711e+02 
       5.671693278404e-01       2.422102549767e+02 
       5.703741179029e-01       2.392894724143e+02 
       5.735789080773e-01       2.364218516161e+02 
       5.767836983616e-01       2.336045036347e+02 
       5.799884887540e-01       2.308321410132e+02 
       5.831932792527e-01       2.280942265453e+02 
       5.863980698559e-01       2.254026507767e+02 
       5.896028605620e-01       2.227617407701e+02 
       5.928076513693e-01       2.201529313851e+02 
       5.960124422762e-01       2.175847650434e+02 
       5.992172332809e-01       2.150533843768e+02 
       6.024220243821e-01       2.125634521606e+02 
       6.056268155781e-01       2.101004394878e+02 
       6.088316068674e-01       2.076831094969e+02 
       6.120363982487e-01       2.052971911390e+02 
       6.152411897203e-01       2.029496266373e+02 
       6.184459812810e-01       2.006473926853e+02 
       6.216507729293e-01       1.983898359525e+02 
       6.248555646639e-01       1.961589653902e+02 
       6.280603564834e-01       1.939739397849e+02 
       6.312651483867e-01       1.918190250552e+02 
       6.344699403723e-01       1.896941814433e+02 
       6.376747324391e-01       1.876082721173e+02 
       6.408795245858e-01       1.855580063638e+02 
       6.440843168112e-01       1.835383218383e+02 
       6.472891091143e-01       1.815555975652e+02 
       6.504939014937e-01       1.795976848403e+02 
       6.536986939484e-01       1.776654963907e+02 
       6.569034864773e-01       1.757617481491e+02 
       6.601082790793e-01       1.738871370172e+02 
       6.633130717533e-01       1.720319804431e+02 
       6.665178644983e-01       1.702075471896e+02 
       6.697226573133e-01       1.684114251219e+02 
       6.729274501973e-01       1.666436354854e+02 
       6.761322431492e-01       1.648979048747e+02 
       6.793370361682e-01       1.631827216157e+02 
       6.825418292533e-01       1.614839283476e+02 
       6.857466224035e-01       1.598105853070e+02 
       6.889514156179e-01       1.581636985679e+02 
       6.921562088957e-01       1.565439762093e+02 
       6.953610022360e-01       1.549497787440e+02 
       6.985657956378e-01       1.533766955316e+02 
       7.017705891005e-01       1.518289036803e+02 
       7.049753826230e-01       1.502951295076e+02 
       7.081801762047e-01       1.487867948144e+02 
       7.113849698446e-01       1.473030312347e+02 
       7.145897635421e-01       1.458374275313e+02 
       7.177945572964e-01       1.443874883851e+02 
       7.209993511066e-01       1.429625460123e+02 
       7.242041449721e-01       1.415581518650e+02 
       7.274089388921e-01       1.401721965389e+02 
       7.306137328659e-01       1.388037425743e+02 
       7.338185268928e-01       1.374524308699e+02 
       7.370233209721e-01       1.361185343565e+02 
       7.402281151031e-01       1.348029205596e+02 
       7.434329092852e-01       1.335058496339e+02 
       7.466377035176e-01       1.322276444987e+02 
       7.498424977998e-01       1.309671959693e+02 
       8.187174954847e-01       1.074694691702e+02 
       9.180148420267e-01       8.284053733652e+01 
       1.075415212929e+00       5.752783330794e+01 
       1.325227723845e+00       3.526895281566e+01 
       1.665880070844e+00       2.044470400642e+01 
       2.097173867499e+00       1.170424574000e+01 
       2.640185316977e+00       6.645312398345e+00 
       3.323796387310e+00       3.745319844398e+00 
       4.184411735615e+00       2.096575016945e+00 
       5.267862267375e+00       1.166515793896e+00 
       6.631845674230e+00       6.453901465823e-01 
       8.348999046386e+00       3.552558199300e-01 
       1.051076706254e+01       1.946195370172e-01 
       1.323227175248e+01       1.061513628970e-01 
       1.665844316496e+01       5.766222800138e-02 
       2.097173742130e+01       3.120220332041e-02 
       2.640185316915e+01       1.682212871549e-02 
       3.323796387310e+01       9.037107550174e-03 
       4.184411735615e+01       4.837352835125e-03 
       5.267862267375e+01       2.579574915698e-03 
       6.631845674230e+01       1.369832358320e-03 
       8.348999046386e+01       7.238323061972e-04 
       1.051076706254e+02       3.801054654168e-04 
