# dimensionless [l(l+1)/2pi] C_l's for tensor mode
# for l=2 to 500, i.e. number of multipoles equal to 499
#
# -> if you prefer output in CAMB/HealPix/LensPix units/order, set 'format' to 'camb' in input file
# -> if you don't want to see such a header, set 'headers' to 'no' in input file
# -> for CMB lensing (phi), these are C_l^phi-phi for the lensing potential.
#    Remember the conversion factors:
#    C_l^dd (deflection) = l(l+1) C_l^phi-phi
#    C_l^gg (shear/convergence) = 1/4 (l(l+1))^2 C_l^phi-phi
#
# 1:l     2:TT                     3:EE                     4:TE                     5:BB                     6:phiphi                 7:TPhi                   8:Ephi               
    2       1.419681433689e-10       2.686460155399e-15       1.661971211889e-13       4.801532608909e-15       0.000000000000e+00       0.000000000000e+00       0.000000000000e+00 
    3       1.089247503916e-10       2.843744938245e-15      -8.079342025284e-15       4.836400875521e-15       0.000000000000e+00       0.000000000000e+00       0.000000000000e+00 
    4       9.768598908796e-11       2.609797904994e-15      -6.058836501392e-14       4.206586010319e-15       0.000000000000e+00       0.000000000000e+00       0.000000000000e+00 
    5       9.297670677008e-11       2.086011850191e-15      -7.148922449050e-14       3.295429749982e-15       0.000000000000e+00       0.000000000000e+00       0.000000000000e+00 
    6       9.019561831591e-11       1.503435490079e-15      -6.796759551895e-14       2.391294601022e-15       0.000000000000e+00       0.000000000000e+00       0.000000000000e+00 
    7       8.843593021698e-11       1.023522258217e-15      -6.030759976032e-14       1.653091802536e-15       0.000000000000e+00       0.000000000000e+00       0.000000000000e+00 
    8       8.724625407972e-11       7.121198520371e-16      -5.304586742490e-14       1.133970631074e-15       0.000000000000e+00       0.000000000000e+00       0.000000000000e+00 
    9       8.638130454070e-11       5.640859405475e-16      -4.786815895406e-14       8.220852011929e-16       0.000000000000e+00       0.000000000000e+00       0.000000000000e+00 
   10       8.569950198756e-11       5.398854269902e-16      -4.510568371620e-14       6.755205481412e-16       0.000000000000e+00       0.000000000000e+00       0.000000000000e+00 
   11       8.511796882536e-11       5.940704124012e-16      -4.453383191170e-14       6.461132482775e-16       0.000000000000e+00       0.000000000000e+00       0.000000000000e+00 
   12       8.458860877325e-11       6.908885757547e-16      -4.576362881327e-14       6.918621923816e-16       0.000000000000e+00       0.000000000000e+00       0.000000000000e+00 
   13       8.408285324420e-11       8.079819464151e-16      -4.840737465895e-14       7.820413998107e-16       0.000000000000e+00       0.000000000000e+00       0.000000000000e+00 
   14       8.358293958183e-11       9.347543383535e-16      -5.215801548275e-14       8.964521829856e-16       0.000000000000e+00       0.000000000000e+00       0.000000000000e+00 
   15       8.307775556837e-11       1.067181715009e-15      -5.679678101959e-14       1.023905415762e-15       0.000000000000e+00       0.000000000000e+00       0.000000000000e+00 
   16       8.256069002732e-11       1.204518137620e-15      -6.216624705223e-14       1.158889370603e-15       0.000000000000e+00       0.000000000000e+00       0.000000000000e+00 
   17       8.202813955829e-11       1.347502436115e-15      -6.815323870986e-14       1.298639336128e-15       0.000000000000e+00       0.000000000000e+00       0.000000000000e+00 
   18       8.147239106145e-11       1.495983466663e-15      -7.468198067151e-14       1.442811545830e-15       0.000000000000e+00       0.000000000000e+00       0.000000000000e+00 
   19       8.091073760981e-11       1.649836249179e-15      -8.170516265757e-14       1.591189166713e-15       0.000000000000e+00       0.000000000000e+00       0.000000000000e+00 
   20       8.032391116498e-11       1.809114130790e-15      -8.916020363134e-14       1.743536300011e-15       0.000000000000e+00       0.000000000000e+00       0.000000000000e+00 
   21       7.972246056680e-11       1.973614048375e-15      -9.701390874858e-14       1.899752964662e-15       0.000000000000e+00       0.000000000000e+00       0.000000000000e+00 
   22       7.910094338503e-11       2.143083735275e-15      -1.052324462113e-13       2.059854062111e-15       0.000000000000e+00       0.000000000000e+00       0.000000000000e+00 
   23       7.846680647720e-11       2.317380693762e-15      -1.137821832992e-13       2.223741714364e-15       0.000000000000e+00       0.000000000000e+00       0.000000000000e+00 
   24       7.781397697142e-11       2.496432637490e-15      -1.226240035814e-13       2.391309403025e-15       0.000000000000e+00       0.000000000000e+00       0.000000000000e+00 
   25       7.714837478750e-11       2.680181406761e-15      -1.317277147113e-13       2.562365136528e-15       0.000000000000e+00       0.000000000000e+00       0.000000000000e+00 
   26       7.646670532294e-11       2.868624057518e-15      -1.410631233834e-13       2.736696503892e-15       0.000000000000e+00       0.000000000000e+00       0.000000000000e+00 
   27       7.577141536069e-11       3.061863675607e-15      -1.506044757018e-13       2.914047119851e-15       0.000000000000e+00       0.000000000000e+00       0.000000000000e+00 
   28       7.505849567274e-11       3.260013480983e-15      -1.603260497114e-13       3.094158708587e-15       0.000000000000e+00       0.000000000000e+00       0.000000000000e+00 
   29       7.433579587461e-11       3.462894781205e-15      -1.702047917763e-13       3.276812096415e-15       0.000000000000e+00       0.000000000000e+00       0.000000000000e+00 
   30       7.360419694128e-11       3.670207493446e-15      -1.802170914068e-13       3.461813969063e-15       0.000000000000e+00       0.000000000000e+00       0.000000000000e+00 
   31       7.285554010549e-11       3.881619753670e-15      -1.903385424786e-13       3.648976093152e-15       0.000000000000e+00       0.000000000000e+00       0.000000000000e+00 
   32       7.209501876202e-11       4.096839348931e-15      -2.005479387976e-13       3.838059703763e-15       0.000000000000e+00       0.000000000000e+00       0.000000000000e+00 
   33       7.132491372727e-11       4.315564123805e-15      -2.108247666229e-13       4.028810643437e-15       0.000000000000e+00       0.000000000000e+00       0.000000000000e+00 
   34       7.054142965920e-11       4.537486528639e-15      -2.211486782652e-13       4.220978800155e-15       0.000000000000e+00       0.000000000000e+00       0.000000000000e+00 
   35       6.974789748024e-11       4.762381832371e-15      -2.315011682270e-13       4.414336320279e-15       0.000000000000e+00       0.000000000000e+00       0.000000000000e+00 
   36       6.894469851597e-11       4.990049934831e-15      -2.418645818281e-13       4.608666133431e-15       0.000000000000e+00       0.000000000000e+00       0.000000000000e+00 
   37       6.812837338654e-11       5.220296826720e-15      -2.522210626695e-13       4.803747278517e-15       0.000000000000e+00       0.000000000000e+00       0.000000000000e+00 
   38       6.730316899369e-11       5.452950207243e-15      -2.625502164967e-13       4.999319818703e-15       0.000000000000e+00       0.000000000000e+00       0.000000000000e+00 
   39       6.647230596402e-11       5.687849688723e-15      -2.728307292047e-13       5.195107959458e-15       0.000000000000e+00       0.000000000000e+00       0.000000000000e+00 
   40       6.563426096804e-11       5.924843285544e-15      -2.830410070339e-13       5.390828773714e-15       0.000000000000e+00       0.000000000000e+00       0.000000000000e+00 
   41       6.478510192595e-11       6.163782266877e-15      -2.931629840820e-13       5.586199356363e-15       0.000000000000e+00       0.000000000000e+00       0.000000000000e+00 
   42       6.392758530416e-11       6.404502442093e-15      -3.031950029628e-13       5.780962340425e-15       0.000000000000e+00       0.000000000000e+00       0.000000000000e+00 
   43       6.306419591061e-11       6.646837663618e-15      -3.131431500480e-13       5.974867810960e-15       0.000000000000e+00       0.000000000000e+00       0.000000000000e+00 
   44       6.219428731658e-11       6.890625102368e-15      -3.230180927925e-13       6.167666353758e-15       0.000000000000e+00       0.000000000000e+00       0.000000000000e+00 
   45       6.131576757848e-11       7.135693436234e-15      -3.328279949718e-13       6.359104685981e-15       0.000000000000e+00       0.000000000000e+00       0.000000000000e+00 
   46       6.043145463282e-11       7.381822901847e-15      -3.425540929351e-13       6.548910975904e-15       0.000000000000e+00       0.000000000000e+00       0.000000000000e+00 
   47       5.954411759776e-11       7.628773518428e-15      -3.521682822685e-13       6.736805144814e-15       0.000000000000e+00       0.000000000000e+00       0.000000000000e+00 
   48       5.865448306829e-11       7.876295446336e-15      -3.616396951284e-13       6.922502622032e-15       0.000000000000e+00       0.000000000000e+00       0.000000000000e+00 
   49       5.776105335167e-11       8.124128427918e-15      -3.709345496501e-13       7.105714099070e-15       0.000000000000e+00       0.000000000000e+00       0.000000000000e+00 
   50       5.686150036571e-11       8.371993807408e-15      -3.800189581248e-13       7.286158425033e-15       0.000000000000e+00       0.000000000000e+00       0.000000000000e+00 
   51       5.595771507420e-11       8.619569334221e-15      -3.888685995177e-13       7.463605989691e-15       0.000000000000e+00       0.000000000000e+00       0.000000000000e+00 
   52       5.505181447263e-11       8.866506553778e-15      -3.974614121394e-13       7.637846691298e-15       0.000000000000e+00       0.000000000000e+00       0.000000000000e+00 
   53       5.414458065555e-11       9.112436743877e-15      -4.057748532625e-13       7.808678188297e-15       0.000000000000e+00       0.000000000000e+00       0.000000000000e+00 
   54       5.323535320088e-11       9.356970006325e-15      -4.137858877665e-13       7.975906271891e-15       0.000000000000e+00       0.000000000000e+00       0.000000000000e+00 
   55       5.232298389683e-11       9.599732448785e-15      -4.214734243838e-13       8.139347052416e-15       0.000000000000e+00       0.000000000000e+00       0.000000000000e+00 
   56       5.140922519876e-11       9.840490627842e-15      -4.288263591770e-13       8.298833300979e-15       0.000000000000e+00       0.000000000000e+00       0.000000000000e+00 
   57       5.049599504054e-11       1.007905642919e-14      -4.358375103452e-13       8.454210335806e-15       0.000000000000e+00       0.000000000000e+00       0.000000000000e+00 
   58       4.958432345819e-11       1.031525224909e-14      -4.425014278674e-13       8.605334780049e-15       0.000000000000e+00       0.000000000000e+00       0.000000000000e+00 
   59       4.867428636421e-11       1.054891156999e-14      -4.488144775092e-13       8.752075005023e-15       0.000000000000e+00       0.000000000000e+00       0.000000000000e+00 
   60       4.776493932195e-11       1.077987953626e-14      -4.547749248283e-13       8.894311573448e-15       0.000000000000e+00       0.000000000000e+00       0.000000000000e+00 
   61       4.685512708953e-11       1.100800479726e-14      -4.603816942049e-13       9.031935187697e-15       0.000000000000e+00       0.000000000000e+00       0.000000000000e+00 
   62       4.594627441299e-11       1.123311159488e-14      -4.656301303850e-13       9.164838993674e-15       0.000000000000e+00       0.000000000000e+00       0.000000000000e+00 
   63       4.504010698886e-11       1.145502240376e-14      -4.705154303101e-13       9.292925328128e-15       0.000000000000e+00       0.000000000000e+00       0.000000000000e+00 
   64       4.413779329457e-11       1.167356640369e-14      -4.750339252776e-13       9.416108418065e-15       0.000000000000e+00       0.000000000000e+00       0.000000000000e+00 
   65       4.323990615035e-11       1.188857977818e-14      -4.791831229059e-13       9.534314744820e-15       0.000000000000e+00       0.000000000000e+00       0.000000000000e+00 
   66       4.234638428101e-11       1.209990601303e-14      -4.829617491001e-13       9.647483408125e-15       0.000000000000e+00       0.000000000000e+00       0.000000000000e+00 
   67       4.145649387788e-11       1.230739619496e-14      -4.863697900175e-13       9.755566490190e-15       0.000000000000e+00       0.000000000000e+00       0.000000000000e+00 
   68       4.056942936651e-11       1.251090393078e-14      -4.894079322030e-13       9.858520683801e-15       0.000000000000e+00       0.000000000000e+00       0.000000000000e+00 
   69       3.968634298774e-11       1.271026824211e-14      -4.920756574570e-13       9.956279392970e-15       0.000000000000e+00       0.000000000000e+00       0.000000000000e+00 
   70       3.880865930080e-11       1.290532772520e-14      -4.943728355526e-13       1.004877560720e-14       0.000000000000e+00       0.000000000000e+00       0.000000000000e+00 
   71       3.793745067014e-11       1.309592578169e-14      -4.963003180070e-13       1.013595027542e-14       0.000000000000e+00       0.000000000000e+00       0.000000000000e+00 
   72       3.707341517533e-11       1.328191077967e-14      -4.978599646550e-13       1.021775244657e-14       0.000000000000e+00       0.000000000000e+00       0.000000000000e+00 
   73       3.621685452083e-11       1.346313621470e-14      -4.990546702223e-13       1.029413941031e-14       0.000000000000e+00       0.000000000000e+00       0.000000000000e+00 
   74       3.536765194588e-11       1.363946087079e-14      -4.998883908990e-13       1.036507683765e-14       0.000000000000e+00       0.000000000000e+00       0.000000000000e+00 
   75       3.452525013427e-11       1.381074898140e-14      -5.003661709132e-13       1.043053892158e-14       0.000000000000e+00       0.000000000000e+00       0.000000000000e+00 
   76       3.368907211740e-11       1.397687166202e-14      -5.004935043908e-13       1.049050835101e-14       0.000000000000e+00       0.000000000000e+00       0.000000000000e+00 
   77       3.285992142531e-11       1.413771115336e-14      -5.002742278487e-13       1.054497591623e-14       0.000000000000e+00       0.000000000000e+00       0.000000000000e+00 
   78       3.203879831279e-11       1.429315764804e-14      -4.997122898805e-13       1.059394108672e-14       0.000000000000e+00       0.000000000000e+00       0.000000000000e+00 
   79       3.122646662121e-11       1.444310827176e-14      -4.988123945101e-13       1.063741230642e-14       0.000000000000e+00       0.000000000000e+00       0.000000000000e+00 
   80       3.042344077231e-11       1.458746727036e-14      -4.975800141339e-13       1.067540713105e-14       0.000000000000e+00       0.000000000000e+00       0.000000000000e+00 
   81       2.962997276192e-11       1.472614619693e-14      -4.960214024644e-13       1.070795236526e-14       0.000000000000e+00       0.000000000000e+00       0.000000000000e+00 
   82       2.884603915378e-11       1.485906409886e-14      -4.941436074727e-13       1.073508419989e-14       0.000000000000e+00       0.000000000000e+00       0.000000000000e+00 
   83       2.807132807327e-11       1.498614770498e-14      -4.919544843317e-13       1.075684834920e-14       0.000000000000e+00       0.000000000000e+00       0.000000000000e+00 
   84       2.730552109651e-11       1.510732868635e-14      -4.894621397742e-13       1.077329523690e-14       0.000000000000e+00       0.000000000000e+00       0.000000000000e+00 
   85       2.654922110063e-11       1.522253450748e-14      -4.866731309782e-13       1.078446433661e-14       0.000000000000e+00       0.000000000000e+00       0.000000000000e+00 
   86       2.580315510029e-11       1.533169639438e-14      -4.835939904372e-13       1.079039747494e-14       0.000000000000e+00       0.000000000000e+00       0.000000000000e+00 
   87       2.506788509720e-11       1.543475226186e-14      -4.802317713340e-13       1.079114360504e-14       0.000000000000e+00       0.000000000000e+00       0.000000000000e+00 
   88       2.434380003013e-11       1.553164685137e-14      -4.765940509275e-13       1.078675886066e-14       0.000000000000e+00       0.000000000000e+00       0.000000000000e+00 
   89       2.363110772485e-11       1.562233186895e-14      -4.726889339399e-13       1.077730661014e-14       0.000000000000e+00       0.000000000000e+00       0.000000000000e+00 
   90       2.292982684415e-11       1.570676612311e-14      -4.685250559436e-13       1.076285751043e-14       0.000000000000e+00       0.000000000000e+00       0.000000000000e+00 
   91       2.223977883785e-11       1.578491566274e-14      -4.641115867479e-13       1.074348956111e-14       0.000000000000e+00       0.000000000000e+00       0.000000000000e+00 
   92       2.156057989274e-11       1.585675391500e-14      -4.594582337860e-13       1.071928815840e-14       0.000000000000e+00       0.000000000000e+00       0.000000000000e+00 
   93       2.089187538584e-11       1.592225953346e-14      -4.545747529847e-13       1.069034215723e-14       0.000000000000e+00       0.000000000000e+00       0.000000000000e+00 
   94       2.023410106496e-11       1.598140927269e-14      -4.494693898658e-13       1.065673126275e-14       0.000000000000e+00       0.000000000000e+00       0.000000000000e+00 
   95       1.958782199873e-11       1.603418429196e-14      -4.441502091572e-13       1.061853683354e-14       0.000000000000e+00       0.000000000000e+00       0.000000000000e+00 
   96       1.895349561605e-11       1.608057245463e-14      -4.386255630911e-13       1.057584570382e-14       0.000000000000e+00       0.000000000000e+00       0.000000000000e+00 
   97       1.833146698482e-11       1.612056843457e-14      -4.329040880299e-13       1.052875018267e-14       0.000000000000e+00       0.000000000000e+00       0.000000000000e+00 
   98       1.772196409078e-11       1.615417382268e-14      -4.269947010926e-13       1.047734805323e-14       0.000000000000e+00       0.000000000000e+00       0.000000000000e+00 
   99       1.712509311625e-11       1.618139723331e-14      -4.209065967810e-13       1.042174257195e-14       0.000000000000e+00       0.000000000000e+00       0.000000000000e+00 
  100       1.654083371899e-11       1.620225441077e-14      -4.146492436057e-13       1.036204246776e-14       0.000000000000e+00       0.000000000000e+00       0.000000000000e+00 
  101       1.596903431094e-11       1.621676833578e-14      -4.082323807127e-13       1.029836194133e-14       0.000000000000e+00       0.000000000000e+00       0.000000000000e+00 
  102       1.540940733702e-11       1.622496933196e-14      -4.016660145090e-13       1.023082066428e-14       0.000000000000e+00       0.000000000000e+00       0.000000000000e+00 
  103       1.486152455394e-11       1.622689517228e-14      -3.949604152896e-13       1.015954377838e-14       0.000000000000e+00       0.000000000000e+00       0.000000000000e+00 
  104       1.432499678819e-11       1.622258767839e-14      -3.881257211543e-13       1.008465734547e-14       0.000000000000e+00       0.000000000000e+00       0.000000000000e+00 
  105       1.380005103374e-11       1.621208176608e-14      -3.811706960925e-13       1.000627399873e-14       0.000000000000e+00       0.000000000000e+00       0.000000000000e+00 
  106       1.328702287305e-11       1.619541511161e-14      -3.741037970629e-13       9.924505342627e-15       0.000000000000e+00       0.000000000000e+00       0.000000000000e+00 
  107       1.278617629794e-11       1.617263159383e-14      -3.669335441252e-13       9.839466278987e-15       0.000000000000e+00       0.000000000000e+00       0.000000000000e+00 
  108       1.229770101556e-11       1.614378136216e-14      -3.596685127501e-13       9.751274956204e-15       0.000000000000e+00       0.000000000000e+00       0.000000000000e+00 
  109       1.182170975450e-11       1.610892090444e-14      -3.523173261308e-13       9.660052718480e-15       0.000000000000e+00       0.000000000000e+00       0.000000000000e+00 
  110       1.135823557078e-11       1.606811311495e-14      -3.448886474929e-13       9.565924055044e-15       0.000000000000e+00       0.000000000000e+00       0.000000000000e+00 
  111       1.090722915389e-11       1.602142736227e-14      -3.373911724057e-13       9.469016549383e-15       0.000000000000e+00       0.000000000000e+00       0.000000000000e+00 
  112       1.046855613285e-11       1.596893955724e-14      -3.298336210927e-13       9.369460828464e-15       0.000000000000e+00       0.000000000000e+00       0.000000000000e+00 
  113       1.004199438223e-11       1.591073222090e-14      -3.222247307424e-13       9.267390511957e-15       0.000000000000e+00       0.000000000000e+00       0.000000000000e+00 
  114       9.627231328171e-12       1.584689455239e-14      -3.145732478190e-13       9.162942161468e-15       0.000000000000e+00       0.000000000000e+00       0.000000000000e+00 
  115       9.223861254463e-12       1.577752249694e-14      -3.068879203731e-13       9.056255229755e-15       0.000000000000e+00       0.000000000000e+00       0.000000000000e+00 
  116       8.831512161513e-12       1.570271471734e-14      -2.991773151492e-13       8.947468052340e-15       0.000000000000e+00       0.000000000000e+00       0.000000000000e+00 
  117       8.450249600669e-12       1.562255980779e-14      -2.914492601202e-13       8.836705377983e-15       0.000000000000e+00       0.000000000000e+00       0.000000000000e+00 
  118       8.080217108228e-12       1.553714764587e-14      -2.837113194208e-13       8.724089219743e-15       0.000000000000e+00       0.000000000000e+00       0.000000000000e+00 
  119       7.721509514041e-12       1.544657338114e-14      -2.759709533487e-13       8.609742592110e-15       0.000000000000e+00       0.000000000000e+00       0.000000000000e+00 
  120       7.374171393027e-12       1.535093746693e-14      -2.682355091254e-13       8.493789425242e-15       0.000000000000e+00       0.000000000000e+00       0.000000000000e+00 
  121       7.038195516681e-12       1.525034569198e-14      -2.605122116585e-13       8.376354479195e-15       0.000000000000e+00       0.000000000000e+00       0.000000000000e+00 
  122       6.713521304584e-12       1.514490921220e-14      -2.528081543032e-13       8.257563258158e-15       0.000000000000e+00       0.000000000000e+00       0.000000000000e+00 
  123       6.400033275911e-12       1.503474458236e-14      -2.451302896238e-13       8.137541924684e-15       0.000000000000e+00       0.000000000000e+00       0.000000000000e+00 
  124       6.097559500939e-12       1.491997378779e-14      -2.374854201553e-13       8.016417213927e-15       0.000000000000e+00       0.000000000000e+00       0.000000000000e+00 
  125       5.805870052561e-12       1.480072427613e-14      -2.298801891653e-13       7.894316347872e-15       0.000000000000e+00       0.000000000000e+00       0.000000000000e+00 
  126       5.524675457790e-12       1.467712898901e-14      -2.223210714151e-13       7.771366949570e-15       0.000000000000e+00       0.000000000000e+00       0.000000000000e+00 
  127       5.253625149273e-12       1.454932639377e-14      -2.148143639221e-13       7.647696957369e-15       0.000000000000e+00       0.000000000000e+00       0.000000000000e+00 
  128       4.992305916795e-12       1.441746051519e-14      -2.073661767205e-13       7.523434539151e-15       0.000000000000e+00       0.000000000000e+00       0.000000000000e+00 
  129       4.740338861495e-12       1.428167554620e-14      -1.999824290908e-13       7.398705278713e-15       0.000000000000e+00       0.000000000000e+00       0.000000000000e+00 
  130       4.497685572870e-12       1.414209894441e-14      -1.926688574010e-13       7.273623568124e-15       0.000000000000e+00       0.000000000000e+00       0.000000000000e+00 
  131       4.264372769791e-12       1.399885653256e-14      -1.854309906706e-13       7.148300104622e-15       0.000000000000e+00       0.000000000000e+00       0.000000000000e+00 
  132       4.040395973265e-12       1.385207774626e-14      -1.782741360719e-13       7.022844429573e-15       0.000000000000e+00       0.000000000000e+00       0.000000000000e+00 
  133       3.825718662792e-12       1.370189562690e-14      -1.712033697309e-13       6.897364823177e-15       0.000000000000e+00       0.000000000000e+00       0.000000000000e+00 
  134       3.620271432724e-12       1.354844681458e-14      -1.642235275280e-13       6.771968199189e-15       0.000000000000e+00       0.000000000000e+00       0.000000000000e+00 
  135       3.423951148627e-12       1.339187154104e-14      -1.573391958985e-13       6.646759999627e-15       0.000000000000e+00       0.000000000000e+00       0.000000000000e+00 
  136       3.236620103636e-12       1.323231362255e-14      -1.505547026336e-13       6.521844089490e-15       0.000000000000e+00       0.000000000000e+00       0.000000000000e+00 
  137       3.058105174812e-12       1.306992045288e-14      -1.438741076810e-13       6.397322651468e-15       0.000000000000e+00       0.000000000000e+00       0.000000000000e+00 
  138       2.888196979508e-12       1.290484299618e-14      -1.373011939460e-13       6.273296080660e-15       0.000000000000e+00       0.000000000000e+00       0.000000000000e+00 
  139       2.726649031719e-12       1.273723577991e-14      -1.308394580917e-13       6.149862879285e-15       0.000000000000e+00       0.000000000000e+00       0.000000000000e+00 
  140       2.573176898447e-12       1.256725688779e-14      -1.244921013400e-13       6.027119551393e-15       0.000000000000e+00       0.000000000000e+00       0.000000000000e+00 
  141       2.427457356057e-12       1.239506795267e-14      -1.182620202724e-13       5.905160497587e-15       0.000000000000e+00       0.000000000000e+00       0.000000000000e+00 
  142       2.289127546635e-12       1.222083414951e-14      -1.121517976308e-13       5.784077909728e-15       0.000000000000e+00       0.000000000000e+00       0.000000000000e+00 
  143       2.157784134348e-12       1.204472418825e-14      -1.061636931180e-13       5.663961665653e-15       0.000000000000e+00       0.000000000000e+00       0.000000000000e+00 
  144       2.033058282627e-12       1.186690401168e-14      -1.002999048715e-13       5.544898786465e-15       0.000000000000e+00       0.000000000000e+00       0.000000000000e+00 
  145       1.914850697524e-12       1.168751720354e-14      -9.456340235734e-14       5.426971970371e-15       0.000000000000e+00       0.000000000000e+00       0.000000000000e+00 
  146       1.803118260633e-12       1.150670262648e-14      -8.895715848338e-14       5.310260713479e-15       0.000000000000e+00       0.000000000000e+00       0.000000000000e+00 
  147       1.697799884726e-12       1.132460050079e-14      -8.348387872353e-14       5.194841627405e-15       0.000000000000e+00       0.000000000000e+00       0.000000000000e+00 
  148       1.598816105857e-12       1.114135236122e-14      -7.814599347416e-14       5.080788331464e-15       0.000000000000e+00       0.000000000000e+00       0.000000000000e+00 
  149       1.506068675480e-12       1.095710101363e-14      -7.294565041048e-14       4.968171344873e-15       0.000000000000e+00       0.000000000000e+00       0.000000000000e+00 
  150       1.419440152553e-12       1.077199049182e-14      -6.788470684280e-14       4.857057978954e-15       0.000000000000e+00       0.000000000000e+00       0.000000000000e+00 
  151       1.338793495654e-12       1.058616601420e-14      -6.296472207295e-14       4.747512229329e-15       0.000000000000e+00       0.000000000000e+00       0.000000000000e+00 
  152       1.263971655087e-12       1.039977394058e-14      -5.818694975054e-14       4.639594668121e-15       0.000000000000e+00       0.000000000000e+00       0.000000000000e+00 
  153       1.194797164996e-12       1.021296172892e-14      -5.355233022934e-14       4.533362336158e-15       0.000000000000e+00       0.000000000000e+00       0.000000000000e+00 
  154       1.131071735473e-12       1.002587789201e-14      -4.906148292362e-14       4.428868635166e-15       0.000000000000e+00       0.000000000000e+00       0.000000000000e+00 
  155       1.072575844670e-12       9.838671954290e-15      -4.471469866444e-14       4.326163219974e-15       0.000000000000e+00       0.000000000000e+00       0.000000000000e+00 
  156       1.019068330910e-12       9.651494408538e-15      -4.051193205606e-14       4.225291890712e-15       0.000000000000e+00       0.000000000000e+00       0.000000000000e+00 
  157       9.702859847950e-13       9.464496672639e-15      -3.645279383221e-14       4.126296485010e-15       0.000000000000e+00       0.000000000000e+00       0.000000000000e+00 
  158       9.259431413188e-13       9.277831046321e-15      -3.253654321244e-14       4.029214770199e-15       0.000000000000e+00       0.000000000000e+00       0.000000000000e+00 
  159       8.857312719768e-13       9.091650667898e-15      -2.876208025851e-14       3.934080335511e-15       0.000000000000e+00       0.000000000000e+00       0.000000000000e+00 
  160       8.493185768767e-13       8.906109471011e-15      -2.512793823065e-14       3.840922484278e-15       0.000000000000e+00       0.000000000000e+00       0.000000000000e+00 
  161       8.164030013952e-13       8.721356221528e-15      -2.163275310697e-14       3.749769378490e-15       0.000000000000e+00       0.000000000000e+00       0.000000000000e+00 
  162       7.868774112000e-13       8.537516126445e-15      -1.827673484875e-14       3.660658011281e-15       0.000000000000e+00       0.000000000000e+00       0.000000000000e+00 
  163       7.606783125563e-13       8.354707508364e-15      -1.506031224051e-14       3.573624914420e-15       0.000000000000e+00       0.000000000000e+00       0.000000000000e+00 
  164       7.377335807180e-13       8.173047509135e-15      -1.198366202394e-14       3.488702893173e-15       0.000000000000e+00       0.000000000000e+00       0.000000000000e+00 
  165       7.179622978378e-13       7.992652019362e-15      -9.046703449560e-15       3.405920933464e-15       0.000000000000e+00       0.000000000000e+00       0.000000000000e+00 
  166       7.012745908775e-13       7.813635607905e-15      -6.249092828458e-15       3.325304109038e-15       0.000000000000e+00       0.000000000000e+00       0.000000000000e+00 
  167       6.875714695182e-13       7.636111451393e-15      -3.590218083976e-15       3.246873488629e-15       0.000000000000e+00       0.000000000000e+00       0.000000000000e+00 
  168       6.767446640701e-13       7.460191263724e-15      -1.069193303417e-15       3.170646043119e-15       0.000000000000e+00       0.000000000000e+00       0.000000000000e+00 
  169       6.686764633829e-13       7.285985225577e-15       1.315146710248e-15       3.096634552702e-15       0.000000000000e+00       0.000000000000e+00       0.000000000000e+00 
  170       6.632395527559e-13       7.113601913914e-15       3.564251886680e-15       3.024847514051e-15       0.000000000000e+00       0.000000000000e+00       0.000000000000e+00 
  171       6.602968518482e-13       6.943148231488e-15       5.679862336468e-15       2.955289047478e-15       0.000000000000e+00       0.000000000000e+00       0.000000000000e+00 
  172       6.597013525886e-13       6.774729336350e-15       7.664013799422e-15       2.887958804098e-15       0.000000000000e+00       0.000000000000e+00       0.000000000000e+00 
  173       6.612959570857e-13       6.608448571356e-15       9.519043092873e-15       2.822851872994e-15       0.000000000000e+00       0.000000000000e+00       0.000000000000e+00 
  174       6.649133155386e-13       6.444407393671e-15       1.124759355997e-14       2.759958688379e-15       0.000000000000e+00       0.000000000000e+00       0.000000000000e+00 
  175       6.703756641462e-13       6.282705304275e-15       1.285262051797e-14       2.699264936759e-15       0.000000000000e+00       0.000000000000e+00       0.000000000000e+00 
  176       6.774946630181e-13       6.123439777476e-15       1.433739670655e-14       2.640751464101e-15       0.000000000000e+00       0.000000000000e+00       0.000000000000e+00 
  177       6.860712340842e-13       5.966706190406e-15       1.570551773607e-14       2.584394182989e-15       0.000000000000e+00       0.000000000000e+00       0.000000000000e+00 
  178       6.958953990050e-13       5.812597752536e-15       1.696090753593e-14       2.530163979794e-15       0.000000000000e+00       0.000000000000e+00       0.000000000000e+00 
  179       7.067461170818e-13       5.661205435179e-15       1.810782380278e-14       2.478026621834e-15       0.000000000000e+00       0.000000000000e+00       0.000000000000e+00 
  180       7.184244929487e-13       5.512614981686e-15       1.915021677138e-14       2.427950193978e-15       0.000000000000e+00       0.000000000000e+00       0.000000000000e+00 
  181       7.308566900310e-13       5.366897819531e-15       2.008973714787e-14       2.379928263410e-15       0.000000000000e+00       0.000000000000e+00       0.000000000000e+00 
  182       7.439989052739e-13       5.224119288793e-15       2.092757992448e-14       2.333958382200e-15       0.000000000000e+00       0.000000000000e+00       0.000000000000e+00 
  183       7.578046955849e-13       5.084341415882e-15       2.166511987197e-14       2.290034658698e-15       0.000000000000e+00       0.000000000000e+00       0.000000000000e+00 
  184       7.722249386529e-13       4.947622832293e-15       2.230391460606e-14       2.248147692428e-15       0.000000000000e+00       0.000000000000e+00       0.000000000000e+00 
  185       7.872077937673e-13       4.814018693361e-15       2.284570765386e-14       2.208284508982e-15       0.000000000000e+00       0.000000000000e+00       0.000000000000e+00 
  186       8.026986626369e-13       4.683580597015e-15       2.329243152027e-14       2.170428494923e-15       0.000000000000e+00       0.000000000000e+00       0.000000000000e+00 
  187       8.186401502095e-13       4.556356502530e-15       2.364621075444e-14       2.134559332675e-15       0.000000000000e+00       0.000000000000e+00       0.000000000000e+00 
  188       8.349720254904e-13       4.432390649283e-15       2.390936501619e-14       2.100652935422e-15       0.000000000000e+00       0.000000000000e+00       0.000000000000e+00 
  189       8.516311823618e-13       4.311723475505e-15       2.408441214243e-14       2.068681382003e-15       0.000000000000e+00       0.000000000000e+00       0.000000000000e+00 
  190       8.685516004018e-13       4.194391537037e-15       2.417407121358e-14       2.038612851810e-15       0.000000000000e+00       0.000000000000e+00       0.000000000000e+00 
  191       8.856643057037e-13       4.080427426082e-15       2.418126562001e-14       2.010411559682e-15       0.000000000000e+00       0.000000000000e+00       0.000000000000e+00 
  192       9.028973316946e-13       3.969859689960e-15       2.410912612847e-14       1.984037690802e-15       0.000000000000e+00       0.000000000000e+00       0.000000000000e+00 
  193       9.201756799550e-13       3.862712749860e-15       2.396099394849e-14       1.959447335597e-15       0.000000000000e+00       0.000000000000e+00       0.000000000000e+00 
  194       9.374212810378e-13       3.759006819596e-15       2.374042379885e-14       1.936592424626e-15       0.000000000000e+00       0.000000000000e+00       0.000000000000e+00 
  195       9.545529552869e-13       3.658757824362e-15       2.345118697396e-14       1.915420663484e-15       0.000000000000e+00       0.000000000000e+00       0.000000000000e+00 
  196       9.714863736570e-13       3.561977319481e-15       2.309727441035e-14       1.895875467695e-15       0.000000000000e+00       0.000000000000e+00       0.000000000000e+00 
  197       9.881340185322e-13       3.468672409163e-15       2.268289975302e-14       1.877895897608e-15       0.000000000000e+00       0.000000000000e+00       0.000000000000e+00 
  198       1.004405144545e-12       3.378845665260e-15       2.221250242191e-14       1.861416593295e-15       0.000000000000e+00       0.000000000000e+00       0.000000000000e+00 
  199       1.020205739397e-12       3.292495046013e-15       2.169075067835e-14       1.846367709443e-15       0.000000000000e+00       0.000000000000e+00       0.000000000000e+00 
  200       1.035438484674e-12       3.209613814815e-15       2.112254469143e-14       1.832674850257e-15       0.000000000000e+00       0.000000000000e+00       0.000000000000e+00 
  201       1.050018263873e-12       3.130193811252e-15       2.051237002028e-14       1.820269454203e-15       0.000000000000e+00       0.000000000000e+00       0.000000000000e+00 
  202       1.063920002418e-12       3.054235693595e-15       1.986230021971e-14       1.809120910300e-15       0.000000000000e+00       0.000000000000e+00       0.000000000000e+00 
  203       1.077134173326e-12       2.981739272111e-15       1.917385730597e-14       1.799206613049e-15       0.000000000000e+00       0.000000000000e+00       0.000000000000e+00 
  204       1.089651563870e-12       2.912700151649e-15       1.844864965638e-14       1.790501684780e-15       0.000000000000e+00       0.000000000000e+00       0.000000000000e+00 
  205       1.101463282354e-12       2.847109660304e-15       1.768837315596e-14       1.782978941425e-15       0.000000000000e+00       0.000000000000e+00       0.000000000000e+00 
  206       1.112560764876e-12       2.784954778073e-15       1.689481234400e-14       1.776608858305e-15       0.000000000000e+00       0.000000000000e+00       0.000000000000e+00 
  207       1.122935782100e-12       2.726218065521e-15       1.606984156059e-14       1.771359535912e-15       0.000000000000e+00       0.000000000000e+00       0.000000000000e+00 
  208       1.132580446025e-12       2.670877592441e-15       1.521542609319e-14       1.767196665682e-15       0.000000000000e+00       0.000000000000e+00       0.000000000000e+00 
  209       1.141487216755e-12       2.618906866516e-15       1.433362332325e-14       1.764083495784e-15       0.000000000000e+00       0.000000000000e+00       0.000000000000e+00 
  210       1.149648909267e-12       2.570274761982e-15       1.342658387271e-14       1.761980796900e-15       0.000000000000e+00       0.000000000000e+00       0.000000000000e+00 
  211       1.157058700178e-12       2.524945448287e-15       1.249655275063e-14       1.760846827999e-15       0.000000000000e+00       0.000000000000e+00       0.000000000000e+00 
  212       1.163710134519e-12       2.482878318753e-15       1.154587049971e-14       1.760637302129e-15       0.000000000000e+00       0.000000000000e+00       0.000000000000e+00 
  213       1.169597132501e-12       2.444027919241e-15       1.057697434290e-14       1.761305352187e-15       0.000000000000e+00       0.000000000000e+00       0.000000000000e+00 
  214       1.174713996284e-12       2.408343876808e-15       9.592399329916e-15       1.762801496708e-15       0.000000000000e+00       0.000000000000e+00       0.000000000000e+00 
  215       1.179055416747e-12       2.375770828372e-15       8.594779483867e-15       1.765073605642e-15       0.000000000000e+00       0.000000000000e+00       0.000000000000e+00 
  216       1.182616480259e-12       2.346248349372e-15       7.586848947783e-15       1.768066866136e-15       0.000000000000e+00       0.000000000000e+00       0.000000000000e+00 
  217       1.185392675443e-12       2.319710882431e-15       6.571443131200e-15       1.771723748315e-15       0.000000000000e+00       0.000000000000e+00       0.000000000000e+00 
  218       1.187379899951e-12       2.296087666016e-15       5.551499856723e-15       1.775983971064e-15       0.000000000000e+00       0.000000000000e+00       0.000000000000e+00 
  219       1.188574467228e-12       2.275302663100e-15       4.530060506596e-15       1.780784467807e-15       0.000000000000e+00       0.000000000000e+00       0.000000000000e+00 
  220       1.188973113287e-12       2.257274489825e-15       3.510271169271e-15       1.786059352289e-15       0.000000000000e+00       0.000000000000e+00       0.000000000000e+00 
  221       1.188573003472e-12       2.241916344162e-15       2.495383785976e-15       1.791739884356e-15       0.000000000000e+00       0.000000000000e+00       0.000000000000e+00 
  222       1.187371739231e-12       2.229135934574e-15       1.488757297283e-15       1.797754435738e-15       0.000000000000e+00       0.000000000000e+00       0.000000000000e+00 
  223       1.185367364884e-12       2.218835408677e-15       4.938587896755e-16       1.804028455829e-15       0.000000000000e+00       0.000000000000e+00       0.000000000000e+00 
  224       1.182560600230e-12       2.210922788929e-15      -4.862275959634e-16       1.810494949310e-15       0.000000000000e+00       0.000000000000e+00       0.000000000000e+00 
  225       1.178961683811e-12       2.205347244305e-15      -1.450311391895e-15       1.817126728299e-15       0.000000000000e+00       0.000000000000e+00       0.000000000000e+00 
  226       1.174583982791e-12       2.202065948586e-15      -2.397679999866e-15       1.823906167854e-15       0.000000000000e+00       0.000000000000e+00       0.000000000000e+00 
  227       1.169441818666e-12       2.201032733500e-15      -3.327615209821e-15       1.830814871396e-15       0.000000000000e+00       0.000000000000e+00       0.000000000000e+00 
  228       1.163550479336e-12       2.202198044781e-15      -4.239393225327e-15       1.837833661520e-15       0.000000000000e+00       0.000000000000e+00       0.000000000000e+00 
  229       1.156926231167e-12       2.205508898233e-15      -5.132284689002e-15       1.844942570806e-15       0.000000000000e+00       0.000000000000e+00       0.000000000000e+00 
  230       1.149586331070e-12       2.210908835782e-15      -6.005554707943e-15       1.852120832624e-15       0.000000000000e+00       0.000000000000e+00       0.000000000000e+00 
  231       1.141549038560e-12       2.218337881542e-15      -6.858462879149e-15       1.859346871947e-15       0.000000000000e+00       0.000000000000e+00       0.000000000000e+00 
  232       1.132833627831e-12       2.227732497870e-15      -7.690263314954e-15       1.866598296158e-15       0.000000000000e+00       0.000000000000e+00       0.000000000000e+00 
  233       1.123460399823e-12       2.239025541428e-15      -8.500204668449e-15       1.873851885859e-15       0.000000000000e+00       0.000000000000e+00       0.000000000000e+00 
  234       1.113450694290e-12       2.252146219241e-15      -9.287530158910e-15       1.881083585684e-15       0.000000000000e+00       0.000000000000e+00       0.000000000000e+00 
  235       1.102826901868e-12       2.267020044757e-15      -1.005147759723e-14       1.888268495102e-15       0.000000000000e+00       0.000000000000e+00       0.000000000000e+00 
  236       1.091612476147e-12       2.283568793905e-15      -1.079127941133e-14       1.895380859231e-15       0.000000000000e+00       0.000000000000e+00       0.000000000000e+00 
  237       1.079831945736e-12       2.301710461155e-15      -1.150616267162e-14       1.902394059644e-15       0.000000000000e+00       0.000000000000e+00       0.000000000000e+00 
  238       1.067510926337e-12       2.321359215578e-15      -1.219534911639e-14       1.909280605182e-15       0.000000000000e+00       0.000000000000e+00       0.000000000000e+00 
  239       1.054676132806e-12       2.342425356906e-15      -1.285805517724e-14       1.916012122759e-15       0.000000000000e+00       0.000000000000e+00       0.000000000000e+00 
  240       1.041355391228e-12       2.364815271589e-15      -1.349349200454e-14       1.922559348173e-15       0.000000000000e+00       0.000000000000e+00       0.000000000000e+00 
  241       1.027577650984e-12       2.388431388856e-15      -1.410086549282e-14       1.928892116918e-15       0.000000000000e+00       0.000000000000e+00       0.000000000000e+00 
  242       1.013372996821e-12       2.413172136774e-15      -1.467937630622e-14       1.934979354987e-15       0.000000000000e+00       0.000000000000e+00       0.000000000000e+00 
  243       9.987726609157e-13       2.438931898305e-15      -1.522821990392e-14       1.940789069685e-15       0.000000000000e+00       0.000000000000e+00       0.000000000000e+00 
  244       9.838090349503e-13       2.465600967372e-15      -1.574658656552e-14       1.946288340441e-15       0.000000000000e+00       0.000000000000e+00       0.000000000000e+00 
  245       9.685156821762e-13       2.493065504909e-15      -1.623366141654e-14       1.951443309609e-15       0.000000000000e+00       0.000000000000e+00       0.000000000000e+00 
  246       9.529273494852e-13       2.521207494929e-15      -1.668862445379e-14       1.956219173287e-15       0.000000000000e+00       0.000000000000e+00       0.000000000000e+00 
  247       9.370799794772e-13       2.549904700577e-15      -1.711065057084e-14       1.960580172117e-15       0.000000000000e+00       0.000000000000e+00       0.000000000000e+00 
  248       9.210107225292e-13       2.579030620193e-15      -1.749890958339e-14       1.964489582102e-15       0.000000000000e+00       0.000000000000e+00       0.000000000000e+00 
  249       9.047579488643e-13       2.608454443370e-15      -1.785256625476e-14       1.967909705410e-15       0.000000000000e+00       0.000000000000e+00       0.000000000000e+00 
  250       8.883566849570e-13       2.638057949292e-15      -1.817096598226e-14       1.970808474412e-15       0.000000000000e+00       0.000000000000e+00       0.000000000000e+00 
  251       8.718246057689e-13       2.667787373937e-15      -1.845420368786e-14       1.973179705428e-15       0.000000000000e+00       0.000000000000e+00       0.000000000000e+00 
  252       8.551752573964e-13       2.697604451412e-15      -1.870258781449e-14       1.975023996219e-15       0.000000000000e+00       0.000000000000e+00       0.000000000000e+00 
  253       8.384225632788e-13       2.727469729593e-15      -1.891645799837e-14       1.976342221395e-15       0.000000000000e+00       0.000000000000e+00       0.000000000000e+00 
  254       8.215808275172e-13       2.757342558582e-15      -1.909618544945e-14       1.977135535870e-15       0.000000000000e+00       0.000000000000e+00       0.000000000000e+00 
  255       8.046647381932e-13       2.787181079166e-15      -1.924217333191e-14       1.977405378319e-15       0.000000000000e+00       0.000000000000e+00       0.000000000000e+00 
  256       7.876893706867e-13       2.816942211277e-15      -1.935485714466e-14       1.977153474636e-15       0.000000000000e+00       0.000000000000e+00       0.000000000000e+00 
  257       7.706701909950e-13       2.846581642448e-15      -1.943470510177e-14       1.976381841383e-15       0.000000000000e+00       0.000000000000e+00       0.000000000000e+00 
  258       7.536230590511e-13       2.876053816276e-15      -1.948221851296e-14       1.975092789256e-15       0.000000000000e+00       0.000000000000e+00       0.000000000000e+00 
  259       7.365642320420e-13       2.905311920877e-15      -1.949793216408e-14       1.973288926532e-15       0.000000000000e+00       0.000000000000e+00       0.000000000000e+00 
  260       7.195103677276e-13       2.934307877349e-15      -1.948241469762e-14       1.970973162529e-15       0.000000000000e+00       0.000000000000e+00       0.000000000000e+00 
  261       7.024785277587e-13       2.962992328227e-15      -1.943626899312e-14       1.968148711063e-15       0.000000000000e+00       0.000000000000e+00       0.000000000000e+00 
  262       6.854861809960e-13       2.991314625942e-15      -1.936013254769e-14       1.964819093903e-15       0.000000000000e+00       0.000000000000e+00       0.000000000000e+00 
  263       6.685512068280e-13       3.019222821286e-15      -1.925467785647e-14       1.960988144225e-15       0.000000000000e+00       0.000000000000e+00       0.000000000000e+00 
  264       6.516918984901e-13       3.046663651862e-15      -1.912061279313e-14       1.956660010071e-15       0.000000000000e+00       0.000000000000e+00       0.000000000000e+00 
  265       6.349269663827e-13       3.073582530549e-15      -1.895868099030e-14       1.951839157801e-15       0.000000000000e+00       0.000000000000e+00       0.000000000000e+00 
  266       6.182755413897e-13       3.099923533959e-15      -1.876966222010e-14       1.946530375556e-15       0.000000000000e+00       0.000000000000e+00       0.000000000000e+00 
  267       6.017571781972e-13       3.125629390896e-15      -1.855437277458e-14       1.940738776705e-15       0.000000000000e+00       0.000000000000e+00       0.000000000000e+00 
  268       5.853918586119e-13       3.150641470815e-15      -1.831366584618e-14       1.934469803309e-15       0.000000000000e+00       0.000000000000e+00       0.000000000000e+00 
  269       5.691999948794e-13       3.174899772281e-15      -1.804843190828e-14       1.927729229572e-15       0.000000000000e+00       0.000000000000e+00       0.000000000000e+00 
  270       5.532024330029e-13       3.198342911427e-15      -1.775959909558e-14       1.920523165298e-15       0.000000000000e+00       0.000000000000e+00       0.000000000000e+00 
  271       5.374204560618e-13       3.220908110415e-15      -1.744813358465e-14       1.912858059349e-15       0.000000000000e+00       0.000000000000e+00       0.000000000000e+00 
  272       5.218757875298e-13       3.242531185893e-15      -1.711503997437e-14       1.904740703099e-15       0.000000000000e+00       0.000000000000e+00       0.000000000000e+00 
  273       5.065905945937e-13       3.263146537453e-15      -1.676136166642e-14       1.896178233889e-15       0.000000000000e+00       0.000000000000e+00       0.000000000000e+00 
  274       4.915874914719e-13       3.282687136093e-15      -1.638818124575e-14       1.887178138486e-15       0.000000000000e+00       0.000000000000e+00       0.000000000000e+00 
  275       4.768895427326e-13       3.301084512674e-15      -1.599662086104e-14       1.877748256538e-15       0.000000000000e+00       0.000000000000e+00       0.000000000000e+00 
  276       4.625202666127e-13       3.318268746380e-15      -1.558784260522e-14       1.867896784028e-15       0.000000000000e+00       0.000000000000e+00       0.000000000000e+00 
  277       4.485036383359e-13       3.334168453173e-15      -1.516304889589e-14       1.857632276733e-15       0.000000000000e+00       0.000000000000e+00       0.000000000000e+00 
  278       4.348640934314e-13       3.348710774259e-15      -1.472348285585e-14       1.846963653676e-15       0.000000000000e+00       0.000000000000e+00       0.000000000000e+00 
  279       4.216224046181e-13       3.361834482361e-15      -1.427029987300e-14       1.835900366695e-15       0.000000000000e+00       0.000000000000e+00       0.000000000000e+00 
  280       4.087830691789e-13       3.373530075920e-15      -1.380417413169e-14       1.824452911746e-15       0.000000000000e+00       0.000000000000e+00       0.000000000000e+00 
  281       3.963462746069e-13       3.383801739646e-15      -1.332567243748e-14       1.812632350821e-15       0.000000000000e+00       0.000000000000e+00       0.000000000000e+00 
  282       3.843119631766e-13       3.392654422359e-15      -1.283538138334e-14       1.800450151919e-15       0.000000000000e+00       0.000000000000e+00       0.000000000000e+00 
  283       3.726798289236e-13       3.400093845607e-15      -1.233390753217e-14       1.787918192759e-15       0.000000000000e+00       0.000000000000e+00       0.000000000000e+00 
  284       3.614493146243e-13       3.406126512272e-15      -1.182187759947e-14       1.775048764487e-15       0.000000000000e+00       0.000000000000e+00       0.000000000000e+00 
  285       3.506196087759e-13       3.410759715176e-15      -1.129993863586e-14       1.761854575393e-15       0.000000000000e+00       0.000000000000e+00       0.000000000000e+00 
  286       3.401896425766e-13       3.414001545697e-15      -1.076875820973e-14       1.748348754615e-15       0.000000000000e+00       0.000000000000e+00       0.000000000000e+00 
  287       3.301580869048e-13       3.415860902370e-15      -1.022902458983e-14       1.734544855858e-15       0.000000000000e+00       0.000000000000e+00       0.000000000000e+00 
  288       3.205233492996e-13       3.416347499503e-15      -9.681446927825e-15       1.720456861099e-15       0.000000000000e+00       0.000000000000e+00       0.000000000000e+00 
  289       3.112835709403e-13       3.415471875783e-15      -9.126755440931e-15       1.706099184301e-15       0.000000000000e+00       0.000000000000e+00       0.000000000000e+00 
  290       3.024366236268e-13       3.413245402886e-15      -8.565701594494e-15       1.691486675122e-15       0.000000000000e+00       0.000000000000e+00       0.000000000000e+00 
  291       2.939801067585e-13       3.409680294085e-15      -7.999058284587e-15       1.676634622631e-15       0.000000000000e+00       0.000000000000e+00       0.000000000000e+00 
  292       2.859113443154e-13       3.404789612861e-15      -7.427620020603e-15       1.661558759012e-15       0.000000000000e+00       0.000000000000e+00       0.000000000000e+00 
  293       2.782273818369e-13       3.398587281509e-15      -6.852203107852e-15       1.646275263282e-15       0.000000000000e+00       0.000000000000e+00       0.000000000000e+00 
  294       2.709249834024e-13       3.391088089753e-15      -6.273645830155e-15       1.630800764997e-15       0.000000000000e+00       0.000000000000e+00       0.000000000000e+00 
  295       2.640006286109e-13       3.382307703348e-15      -5.692808632438e-15       1.615152347966e-15       0.000000000000e+00       0.000000000000e+00       0.000000000000e+00 
  296       2.574505095608e-13       3.372262672694e-15      -5.110574303332e-15       1.599347553962e-15       0.000000000000e+00       0.000000000000e+00       0.000000000000e+00 
  297       2.512705278301e-13       3.360970441446e-15      -4.527848157759e-15       1.583404386431e-15       0.000000000000e+00       0.000000000000e+00       0.000000000000e+00 
  298       2.454562914558e-13       3.348449355117e-15      -3.945558219536e-15       1.567341314206e-15       0.000000000000e+00       0.000000000000e+00       0.000000000000e+00 
  299       2.400031119143e-13       3.334718669694e-15      -3.364655403963e-15       1.551177275216e-15       0.000000000000e+00       0.000000000000e+00       0.000000000000e+00 
  300       2.349060011008e-13       3.319798560244e-15      -2.786113700423e-15       1.534931680200e-15       0.000000000000e+00       0.000000000000e+00       0.000000000000e+00 
  301       2.301596683097e-13       3.303710129522e-15      -2.210930354973e-15       1.518624416412e-15       0.000000000000e+00       0.000000000000e+00       0.000000000000e+00 
  302       2.257585172138e-13       3.286475416583e-15      -1.640126052941e-15       1.502275851340e-15       0.000000000000e+00       0.000000000000e+00       0.000000000000e+00 
  303       2.216966428450e-13       3.268117405390e-15      -1.074745101522e-15       1.485906836411e-15       0.000000000000e+00       0.000000000000e+00       0.000000000000e+00 
  304       2.179678285734e-13       3.248660033423e-15      -5.158556123695e-16       1.469538710707e-15       0.000000000000e+00       0.000000000000e+00       0.000000000000e+00 
  305       2.145655430878e-13       3.228128200286e-15       3.545031580623e-17       1.453193304671e-15       0.000000000000e+00       0.000000000000e+00       0.000000000000e+00 
  306       2.114829373751e-13       3.206547776322e-15       5.780564146452e-16       1.436892943823e-15       0.000000000000e+00       0.000000000000e+00       0.000000000000e+00 
  307       2.087128417005e-13       3.183945611215e-15       1.110822063542e-15       1.420660452467e-15       0.000000000000e+00       0.000000000000e+00       0.000000000000e+00 
  308       2.062477625873e-13       3.160349542606e-15       1.632582107051e-15       1.404519157405e-15       0.000000000000e+00       0.000000000000e+00       0.000000000000e+00 
  309       2.040798797967e-13       3.135788404696e-15       2.142146672292e-15       1.388492891649e-15       0.000000000000e+00       0.000000000000e+00       0.000000000000e+00 
  310       2.022010433077e-13       3.110292036858e-15       2.638300986354e-15       1.372605998127e-15       0.000000000000e+00       0.000000000000e+00       0.000000000000e+00 
  311       2.006027702971e-13       3.083891292250e-15       3.119805193701e-15       1.356883333400e-15       0.000000000000e+00       0.000000000000e+00       0.000000000000e+00 
  312       1.992768301862e-13       3.056617152473e-15       3.585601571745e-15       1.341346702055e-15       0.000000000000e+00       0.000000000000e+00       0.000000000000e+00 
  313       1.982170359787e-13       3.028498008525e-15       4.035447178551e-15       1.326003969427e-15       0.000000000000e+00       0.000000000000e+00       0.000000000000e+00 
  314       1.974175301405e-13       2.999562270503e-15       4.469310203084e-15       1.310859450962e-15       0.000000000000e+00       0.000000000000e+00       0.000000000000e+00 
  315       1.968722017380e-13       2.969839257658e-15       4.887165285505e-15       1.295917435316e-15       0.000000000000e+00       0.000000000000e+00       0.000000000000e+00 
  316       1.965746841409e-13       2.939359205901e-15       5.288993589433e-15       1.281182183678e-15       0.000000000000e+00       0.000000000000e+00       0.000000000000e+00 
  317       1.965183527248e-13       2.908153275314e-15       5.674782874194e-15       1.266657929097e-15       0.000000000000e+00       0.000000000000e+00       0.000000000000e+00 
  318       1.966963225733e-13       2.876253557664e-15       6.044527567083e-15       1.252348875807e-15       0.000000000000e+00       0.000000000000e+00       0.000000000000e+00 
  319       1.971014461809e-13       2.843693083908e-15       6.398228835621e-15       1.238259198552e-15       0.000000000000e+00       0.000000000000e+00       0.000000000000e+00 
  320       1.977263111552e-13       2.810505831710e-15       6.735894659807e-15       1.224393041911e-15       0.000000000000e+00       0.000000000000e+00       0.000000000000e+00 
  321       1.985632379197e-13       2.776726732947e-15       7.057539904378e-15       1.210754519623e-15       0.000000000000e+00       0.000000000000e+00       0.000000000000e+00 
  322       1.996042774159e-13       2.742391681221e-15       7.363186391066e-15       1.197347713913e-15       0.000000000000e+00       0.000000000000e+00       0.000000000000e+00 
  323       2.008412088063e-13       2.707537539372e-15       7.652862970852e-15       1.184176674815e-15       0.000000000000e+00       0.000000000000e+00       0.000000000000e+00 
  324       2.022655371763e-13       2.672202146984e-15       7.926605596226e-15       1.171245419502e-15       0.000000000000e+00       0.000000000000e+00       0.000000000000e+00 
  325       2.038684912374e-13       2.636424327901e-15       8.184457393439e-15       1.158557931604e-15       0.000000000000e+00       0.000000000000e+00       0.000000000000e+00 
  326       2.056410210290e-13       2.600243897733e-15       8.426468734764e-15       1.146118160539e-15       0.000000000000e+00       0.000000000000e+00       0.000000000000e+00 
  327       2.075737956215e-13       2.563701671370e-15       8.652697310752e-15       1.133930020837e-15       0.000000000000e+00       0.000000000000e+00       0.000000000000e+00 
  328       2.096572008181e-13       2.526839470491e-15       8.863208202486e-15       1.121997391462e-15       0.000000000000e+00       0.000000000000e+00       0.000000000000e+00 
  329       2.118813368583e-13       2.489700131076e-15       9.058073953838e-15       1.110324115142e-15       0.000000000000e+00       0.000000000000e+00       0.000000000000e+00 
  330       2.142360161193e-13       2.452327510913e-15       9.237374643729e-15       1.098913997691e-15       0.000000000000e+00       0.000000000000e+00       0.000000000000e+00 
  331       2.167107608193e-13       2.414766497115e-15       9.401197958382e-15       1.087770807332e-15       0.000000000000e+00       0.000000000000e+00       0.000000000000e+00 
  332       2.192948007197e-13       2.377063013626e-15       9.549639263580e-15       1.076898274030e-15       0.000000000000e+00       0.000000000000e+00       0.000000000000e+00 
  333       2.219770708274e-13       2.339264028732e-15       9.682801676923e-15       1.066300088808e-15       0.000000000000e+00       0.000000000000e+00       0.000000000000e+00 
  334       2.247462090979e-13       2.301417562573e-15       9.800796140083e-15       1.055979903078e-15       0.000000000000e+00       0.000000000000e+00       0.000000000000e+00 
  335       2.275905541370e-13       2.263572694654e-15       9.903741491062e-15       1.045941327964e-15       0.000000000000e+00       0.000000000000e+00       0.000000000000e+00 
  336       2.304981429040e-13       2.225779571355e-15       9.991764536450e-15       1.036187933629e-15       0.000000000000e+00       0.000000000000e+00       0.000000000000e+00 
  337       2.334567084137e-13       2.188089413440e-15       1.006500012368e-14       1.026723248597e-15       0.000000000000e+00       0.000000000000e+00       0.000000000000e+00 
  338       2.364536774394e-13       2.150554523570e-15       1.012359121328e-14       1.017550759080e-15       0.000000000000e+00       0.000000000000e+00       0.000000000000e+00 
  339       2.394761682147e-13       2.113228293815e-15       1.016768895113e-14       1.008673908305e-15       0.000000000000e+00       0.000000000000e+00       0.000000000000e+00 
  340       2.425109881369e-13       2.076165213161e-15       1.019745274074e-14       1.000096095835e-15       0.000000000000e+00       0.000000000000e+00       0.000000000000e+00 
  341       2.455446314685e-13       2.039420875021e-15       1.021305031548e-14       9.918206768982e-16       0.000000000000e+00       0.000000000000e+00       0.000000000000e+00 
  342       2.485632770405e-13       2.003051984750e-15       1.021465781084e-14       9.838509617100e-16       0.000000000000e+00       0.000000000000e+00       0.000000000000e+00 
  343       2.515527859546e-13       1.967116367151e-15       1.020245983670e-14       9.761902148003e-16       0.000000000000e+00       0.000000000000e+00       0.000000000000e+00 
  344       2.544986992857e-13       1.931672973987e-15       1.017664954957e-14       9.688416543376e-16       0.000000000000e+00       0.000000000000e+00       0.000000000000e+00 
  345       2.573862357842e-13       1.896781891494e-15       1.013742872487e-14       9.618084514547e-16       0.000000000000e+00       0.000000000000e+00       0.000000000000e+00 
  346       2.602002895789e-13       1.862504347889e-15       1.008500782916e-14       9.550937295734e-16       0.000000000000e+00       0.000000000000e+00       0.000000000000e+00 
  347       2.629254278793e-13       1.828902720881e-15       1.001960609241e-14       9.487005637300e-16       0.000000000000e+00       0.000000000000e+00       0.000000000000e+00 
  348       2.655458886780e-13       1.796040545182e-15       9.941451580261e-15       9.426319799001e-16       0.000000000000e+00       0.000000000000e+00       0.000000000000e+00 
  349       2.680482390614e-13       1.763972355732e-15       9.850790823038e-15       9.368896745457e-16       0.000000000000e+00       0.000000000000e+00       0.000000000000e+00 
  350       2.704294767128e-13       1.732712736370e-15       9.747917996423e-15       9.314701159310e-16       0.000000000000e+00       0.000000000000e+00       0.000000000000e+00 
  351       2.726892604253e-13       1.702266000232e-15       9.633147094388e-15       9.263682795439e-16       0.000000000000e+00       0.000000000000e+00       0.000000000000e+00 
  352       2.748272801735e-13       1.672636235567e-15       9.506802563136e-15       9.215789113364e-16       0.000000000000e+00       0.000000000000e+00       0.000000000000e+00 
  353       2.768432574294e-13       1.643827303262e-15       9.369219382751e-15       9.170965257932e-16       0.000000000000e+00       0.000000000000e+00       0.000000000000e+00 
  354       2.787369454791e-13       1.615842834368e-15       9.220743148838e-15       9.129154039993e-16       0.000000000000e+00       0.000000000000e+00       0.000000000000e+00 
  355       2.805081297390e-13       1.588686227627e-15       9.061730154170e-15       9.090295917081e-16       0.000000000000e+00       0.000000000000e+00       0.000000000000e+00 
  356       2.821566280719e-13       1.562360646993e-15       8.892547470334e-15       9.054328974093e-16       0.000000000000e+00       0.000000000000e+00       0.000000000000e+00 
  357       2.836822911033e-13       1.536869019159e-15       8.713573029378e-15       9.021188903964e-16       0.000000000000e+00       0.000000000000e+00       0.000000000000e+00 
  358       2.850850025378e-13       1.512214031086e-15       8.525195705449e-15       8.990808988352e-16       0.000000000000e+00       0.000000000000e+00       0.000000000000e+00 
  359       2.863646794754e-13       1.488398127522e-15       8.327815396449e-15       8.963120078313e-16       0.000000000000e+00       0.000000000000e+00       0.000000000000e+00 
  360       2.875212727277e-13       1.465423508533e-15       8.121843105668e-15       8.938050574983e-16       0.000000000000e+00       0.000000000000e+00       0.000000000000e+00 
  361       2.885547671341e-13       1.443292127023e-15       7.907701023440e-15       8.915526410253e-16       0.000000000000e+00       0.000000000000e+00       0.000000000000e+00 
  362       2.894651818781e-13       1.422005686265e-15       7.685822608782e-15       8.895471027453e-16       0.000000000000e+00       0.000000000000e+00       0.000000000000e+00 
  363       2.902525708038e-13       1.401565637423e-15       7.456652671039e-15       8.877805362026e-16       0.000000000000e+00       0.000000000000e+00       0.000000000000e+00 
  364       2.909170227319e-13       1.381973177075e-15       7.220647451532e-15       8.862447822210e-16       0.000000000000e+00       0.000000000000e+00       0.000000000000e+00 
  365       2.914586617761e-13       1.363229244745e-15       6.978274705202e-15       8.849314269720e-16       0.000000000000e+00       0.000000000000e+00       0.000000000000e+00 
  366       2.918776476593e-13       1.345334520422e-15       6.730013782255e-15       8.838318000419e-16       0.000000000000e+00       0.000000000000e+00       0.000000000000e+00 
  367       2.921741760301e-13       1.328289422087e-15       6.476355709808e-15       8.829369725004e-16       0.000000000000e+00       0.000000000000e+00       0.000000000000e+00 
  368       2.923484787787e-13       1.312094103242e-15       6.217803273530e-15       8.822377549683e-16       0.000000000000e+00       0.000000000000e+00       0.000000000000e+00 
  369       2.924008243536e-13       1.296748450428e-15       5.954871099295e-15       8.817246956854e-16       0.000000000000e+00       0.000000000000e+00       0.000000000000e+00 
  370       2.923315180775e-13       1.282252080759e-15       5.688085734819e-15       8.813880785783e-16       0.000000000000e+00       0.000000000000e+00       0.000000000000e+00 
  371       2.921409024639e-13       1.268604339440e-15       5.417985731310e-15       8.812179213284e-16       0.000000000000e+00       0.000000000000e+00       0.000000000000e+00 
  372       2.918293575331e-13       1.255804297296e-15       5.145121725113e-15       8.812039734399e-16       0.000000000000e+00       0.000000000000e+00       0.000000000000e+00 
  373       2.913973011286e-13       1.243850748297e-15       4.870056519352e-15       8.813357143074e-16       0.000000000000e+00       0.000000000000e+00       0.000000000000e+00 
  374       2.908451892335e-13       1.232742207082e-15       4.593365165579e-15       8.816023512844e-16       0.000000000000e+00       0.000000000000e+00       0.000000000000e+00 
  375       2.901735162864e-13       1.222476906485e-15       4.315635045417e-15       8.819928177504e-16       0.000000000000e+00       0.000000000000e+00       0.000000000000e+00 
  376       2.893828154983e-13       1.213052795062e-15       4.037465952204e-15       8.824957711795e-16       0.000000000000e+00       0.000000000000e+00       0.000000000000e+00 
  377       2.884736591682e-13       1.204467534613e-15       3.759470172642e-15       8.830995912079e-16       0.000000000000e+00       0.000000000000e+00       0.000000000000e+00 
  378       2.874466589997e-13       1.196718497710e-15       3.482272568437e-15       8.837923777019e-16       0.000000000000e+00       0.000000000000e+00       0.000000000000e+00 
  379       2.863024664174e-13       1.189802765220e-15       3.206510657950e-15       8.845619488261e-16       0.000000000000e+00       0.000000000000e+00       0.000000000000e+00 
  380       2.850417728830e-13       1.183717123835e-15       2.932834697836e-15       8.853958391107e-16       0.000000000000e+00       0.000000000000e+00       0.000000000000e+00 
  381       2.836653102116e-13       1.178458063589e-15       2.661907764695e-15       8.862812975201e-16       0.000000000000e+00       0.000000000000e+00       0.000000000000e+00 
  382       2.821738508878e-13       1.174021775393e-15       2.394405836714e-15       8.872052855201e-16       0.000000000000e+00       0.000000000000e+00       0.000000000000e+00 
  383       2.805682083825e-13       1.170404148552e-15       2.131017875309e-15       8.881544751464e-16       0.000000000000e+00       0.000000000000e+00       0.000000000000e+00 
  384       2.788492374687e-13       1.167600768297e-15       1.872445906779e-15       8.891152470722e-16       0.000000000000e+00       0.000000000000e+00       0.000000000000e+00 
  385       2.770178345377e-13       1.165606913304e-15       1.619405103943e-15       8.900736886763e-16       0.000000000000e+00       0.000000000000e+00       0.000000000000e+00 
  386       2.750749379159e-13       1.164417553224e-15       1.372623867787e-15       8.910155921107e-16       0.000000000000e+00       0.000000000000e+00       0.000000000000e+00 
  387       2.730215281806e-13       1.164027346208e-15       1.132843909111e-15       8.919264523688e-16       0.000000000000e+00       0.000000000000e+00       0.000000000000e+00 
  388       2.708589647320e-13       1.164428473004e-15       9.006965979272e-16       8.927936151355e-16       0.000000000000e+00       0.000000000000e+00       0.000000000000e+00 
  389       2.685900087413e-13       1.165604054988e-15       6.763267459925e-16       8.936128128532e-16       0.000000000000e+00       0.000000000000e+00       0.000000000000e+00 
  390       2.662178390876e-13       1.167534485078e-15       4.597549118051e-16       8.943818693507e-16       0.000000000000e+00       0.000000000000e+00       0.000000000000e+00 
  391       2.637457201388e-13       1.170199564741e-15       2.509998454498e-16       8.950985719149e-16       0.000000000000e+00       0.000000000000e+00       0.000000000000e+00 
  392       2.611770023357e-13       1.173578499800e-15       5.007847186912e-17       8.957606710682e-16       0.000000000000e+00       0.000000000000e+00       0.000000000000e+00 
  393       2.585151227752e-13       1.177649896242e-15      -1.429941258662e-16       8.963658803453e-16       0.000000000000e+00       0.000000000000e+00       0.000000000000e+00 
  394       2.557636057944e-13       1.182391756021e-15      -3.282047232868e-16       8.969118760708e-16       0.000000000000e+00       0.000000000000e+00       0.000000000000e+00 
  395       2.529260635536e-13       1.187781472862e-15      -5.055419712538e-16       8.973962971358e-16       0.000000000000e+00       0.000000000000e+00       0.000000000000e+00 
  396       2.500061966205e-13       1.193795828070e-15      -6.749964126884e-16       8.978167447751e-16       0.000000000000e+00       0.000000000000e+00       0.000000000000e+00 
  397       2.470077945535e-13       1.200410986332e-15      -8.365604993014e-16       8.981707823447e-16       0.000000000000e+00       0.000000000000e+00       0.000000000000e+00 
  398       2.439347364854e-13       1.207602491523e-15      -9.902286083223e-16       8.984559350985e-16       0.000000000000e+00       0.000000000000e+00       0.000000000000e+00 
  399       2.407909917071e-13       1.215345262512e-15      -1.135997059229e-15       8.986696899656e-16       0.000000000000e+00       0.000000000000e+00       0.000000000000e+00 
  400       2.375806202510e-13       1.223613588968e-15      -1.273864130477e-15       8.988094953273e-16       0.000000000000e+00       0.000000000000e+00       0.000000000000e+00 
  401       2.343077734747e-13       1.232381127161e-15      -1.403830076229e-15       8.988727607942e-16       0.000000000000e+00       0.000000000000e+00       0.000000000000e+00 
  402       2.309766946450e-13       1.241620895775e-15      -1.525897143085e-15       8.988568569838e-16       0.000000000000e+00       0.000000000000e+00       0.000000000000e+00 
  403       2.275917195210e-13       1.251305271704e-15      -1.640069586809e-15       8.987591152966e-16       0.000000000000e+00       0.000000000000e+00       0.000000000000e+00 
  404       2.241572769377e-13       1.261405985864e-15      -1.746353689063e-15       8.985768276943e-16       0.000000000000e+00       0.000000000000e+00       0.000000000000e+00 
  405       2.206778893903e-13       1.271894118997e-15      -1.844757774131e-15       8.983072464762e-16       0.000000000000e+00       0.000000000000e+00       0.000000000000e+00 
  406       2.171581736170e-13       1.282740097474e-15      -1.935292225654e-15       8.979475840565e-16       0.000000000000e+00       0.000000000000e+00       0.000000000000e+00 
  407       2.136028411830e-13       1.293913689101e-15      -2.017969503355e-15       8.974950127416e-16       0.000000000000e+00       0.000000000000e+00       0.000000000000e+00 
  408       2.100166990644e-13       1.305383998928e-15      -2.092804159769e-15       8.969466645071e-16       0.000000000000e+00       0.000000000000e+00       0.000000000000e+00 
  409       2.064046502312e-13       1.317119465047e-15      -2.159812856976e-15       8.962996307745e-16       0.000000000000e+00       0.000000000000e+00       0.000000000000e+00 
  410       2.027716942314e-13       1.329087854404e-15      -2.219014383327e-15       8.955509621891e-16       0.000000000000e+00       0.000000000000e+00       0.000000000000e+00 
  411       1.991229277743e-13       1.341256258601e-15      -2.270429670174e-15       8.946976683966e-16       0.000000000000e+00       0.000000000000e+00       0.000000000000e+00 
  412       1.954635453145e-13       1.353591089702e-15      -2.314081808598e-15       8.937367178200e-16       0.000000000000e+00       0.000000000000e+00       0.000000000000e+00 
  413       1.917988396351e-13       1.366058076038e-15      -2.349996066144e-15       8.926650374375e-16       0.000000000000e+00       0.000000000000e+00       0.000000000000e+00 
  414       1.881342024316e-13       1.378622258013e-15      -2.378199903543e-15       8.914795125588e-16       0.000000000000e+00       0.000000000000e+00       0.000000000000e+00 
  415       1.844751248955e-13       1.391247983907e-15      -2.398722991447e-15       8.901769866025e-16       0.000000000000e+00       0.000000000000e+00       0.000000000000e+00 
  416       1.808271982978e-13       1.403898905685e-15      -2.411597227156e-15       8.887542608736e-16       0.000000000000e+00       0.000000000000e+00       0.000000000000e+00 
  417       1.771961145725e-13       1.416537974798e-15      -2.416856751347e-15       8.872080943400e-16       0.000000000000e+00       0.000000000000e+00       0.000000000000e+00 
  418       1.735876669008e-13       1.429127437992e-15      -2.414537964804e-15       8.855352034097e-16       0.000000000000e+00       0.000000000000e+00       0.000000000000e+00 
  419       1.700077502939e-13       1.441628833112e-15      -2.404679545150e-15       8.837322617086e-16       0.000000000000e+00       0.000000000000e+00       0.000000000000e+00 
  420       1.664623621774e-13       1.454002984906e-15      -2.387322463572e-15       8.817958998567e-16       0.000000000000e+00       0.000000000000e+00       0.000000000000e+00 
  421       1.629576029742e-13       1.466210000830e-15      -2.362510001553e-15       8.797227052457e-16       0.000000000000e+00       0.000000000000e+00       0.000000000000e+00 
  422       1.594996766887e-13       1.478209266857e-15      -2.330287767600e-15       8.775092218160e-16       0.000000000000e+00       0.000000000000e+00       0.000000000000e+00 
  423       1.560948914902e-13       1.489959443278e-15      -2.290703713976e-15       8.751519498340e-16       0.000000000000e+00       0.000000000000e+00       0.000000000000e+00 
  424       1.527496602964e-13       1.501418460508e-15      -2.243808153426e-15       8.726473456689e-16       0.000000000000e+00       0.000000000000e+00       0.000000000000e+00 
  425       1.494705013573e-13       1.512543514896e-15      -2.189653775909e-15       8.699918215699e-16       0.000000000000e+00       0.000000000000e+00       0.000000000000e+00 
  426       1.462640388384e-13       1.523291064522e-15      -2.128295665328e-15       8.671817454436e-16       0.000000000000e+00       0.000000000000e+00       0.000000000000e+00 
  427       1.431358788435e-13       1.533623657773e-15      -2.059813906117e-15       8.642146015338e-16       0.000000000000e+00       0.000000000000e+00       0.000000000000e+00 
  428       1.400871941749e-13       1.543530683469e-15      -1.984382216022e-15       8.610925164084e-16       0.000000000000e+00       0.000000000000e+00       0.000000000000e+00 
  429       1.371180245283e-13       1.553008318443e-15      -1.902201681216e-15       8.578188524948e-16       0.000000000000e+00       0.000000000000e+00       0.000000000000e+00 
  430       1.342283904013e-13       1.562052758850e-15      -1.813478408874e-15       8.543970585528e-16       0.000000000000e+00       0.000000000000e+00       0.000000000000e+00 
  431       1.314182929388e-13       1.570660220463e-15      -1.718423558737e-15       8.508306702138e-16       0.000000000000e+00       0.000000000000e+00       0.000000000000e+00 
  432       1.286877137783e-13       1.578826938958e-15      -1.617253374669e-15       8.471233105207e-16       0.000000000000e+00       0.000000000000e+00       0.000000000000e+00 
  433       1.260366148948e-13       1.586549170214e-15      -1.510189216225e-15       8.432786904668e-16       0.000000000000e+00       0.000000000000e+00       0.000000000000e+00 
  434       1.234649384464e-13       1.593823190597e-15      -1.397457590209e-15       8.393006095353e-16       0.000000000000e+00       0.000000000000e+00       0.000000000000e+00 
  435       1.209726066194e-13       1.600645297257e-15      -1.279290182239e-15       8.351929562389e-16       0.000000000000e+00       0.000000000000e+00       0.000000000000e+00 
  436       1.185595214734e-13       1.607011808417e-15      -1.155923888308e-15       8.309597086588e-16       0.000000000000e+00       0.000000000000e+00       0.000000000000e+00 
  437       1.162255647865e-13       1.612919063667e-15      -1.027600846345e-15       8.266049349845e-16       0.000000000000e+00       0.000000000000e+00       0.000000000000e+00 
  438       1.139705979009e-13       1.618363424251e-15      -8.945684677797e-16       8.221327940527e-16       0.000000000000e+00       0.000000000000e+00       0.000000000000e+00 
  439       1.117944615676e-13       1.623341273366e-15      -7.570794691031e-16       8.175475358872e-16       0.000000000000e+00       0.000000000000e+00       0.000000000000e+00 
  440       1.096969757918e-13       1.627849016447e-15      -6.153919034303e-16       8.128535022378e-16       0.000000000000e+00       0.000000000000e+00       0.000000000000e+00 
  441       1.076779396784e-13       1.631883081464e-15      -4.697691920625e-16       8.080551271198e-16       0.000000000000e+00       0.000000000000e+00       0.000000000000e+00 
  442       1.057371312768e-13       1.635439919208e-15      -3.204801560494e-16       8.031569373538e-16       0.000000000000e+00       0.000000000000e+00       0.000000000000e+00 
  443       1.038743074263e-13       1.638516003590e-15      -1.677990477510e-16       7.981635531044e-16       0.000000000000e+00       0.000000000000e+00       0.000000000000e+00 
  444       1.020892036014e-13       1.641107831926e-15      -1.200558240032e-17       7.930796884200e-16       0.000000000000e+00       0.000000000000e+00       0.000000000000e+00 
  445       1.003815337570e-13       1.643211925231e-15       1.466150303345e-16       7.879101517722e-16       0.000000000000e+00       0.000000000000e+00       0.000000000000e+00 
  446       9.875099017340e-14       1.644824828514e-15       3.077720547883e-16       7.826598465950e-16       0.000000000000e+00       0.000000000000e+00       0.000000000000e+00 
  447       9.719724330175e-14       1.645943111064e-15       4.711691977363e-16       7.773337718241e-16       0.000000000000e+00       0.000000000000e+00       0.000000000000e+00 
  448       9.571994160921e-14       1.646563366747e-15       6.365045768321e-16       7.719370224365e-16       0.000000000000e+00       0.000000000000e+00       0.000000000000e+00 
  449       9.431871142412e-14       1.646682214294e-15       8.034706890452e-16       7.664747899900e-16       0.000000000000e+00       0.000000000000e+00       0.000000000000e+00 
  450       9.299315678126e-14       1.646296297596e-15       9.717543790994e-16       7.609523631620e-16       0.000000000000e+00       0.000000000000e+00       0.000000000000e+00 
  451       9.174285926706e-14       1.645402285990e-15       1.141036807910e-15       7.553751282895e-16       0.000000000000e+00       0.000000000000e+00       0.000000000000e+00 
  452       9.056737786480e-14       1.643996874559e-15       1.310993421021e-15       7.497485699081e-16       0.000000000000e+00       0.000000000000e+00       0.000000000000e+00 
  453       8.946624879987e-14       1.642076784417e-15       1.481293917044e-15       7.440782712915e-16       0.000000000000e+00       0.000000000000e+00       0.000000000000e+00 
  454       8.843898538493e-14       1.639638763004e-15       1.651602216098e-15       7.383699149909e-16       0.000000000000e+00       0.000000000000e+00       0.000000000000e+00 
  455       8.748507786517e-14       1.636679584377e-15       1.821576428240e-15       7.326292833743e-16       0.000000000000e+00       0.000000000000e+00       0.000000000000e+00 
  456       8.660399326354e-14       1.633196049500e-15       1.990868821912e-15       7.268622591660e-16       0.000000000000e+00       0.000000000000e+00       0.000000000000e+00 
  457       8.579517522591e-14       1.629184986539e-15       2.159125792371e-15       7.210748259859e-16       0.000000000000e+00       0.000000000000e+00       0.000000000000e+00 
  458       8.505804386633e-14       1.624643251151e-15       2.325987830134e-15       7.152730688887e-16       0.000000000000e+00       0.000000000000e+00       0.000000000000e+00 
  459       8.439199561226e-14       1.619567726778e-15       2.491089489407e-15       7.094631749036e-16       0.000000000000e+00       0.000000000000e+00       0.000000000000e+00 
  460       8.379640304975e-14       1.613955324936e-15       2.654059356532e-15       7.036514335736e-16       0.000000000000e+00       0.000000000000e+00       0.000000000000e+00 
  461       8.327061476868e-14       1.607802985510e-15       2.814520018418e-15       6.978442374946e-16       0.000000000000e+00       0.000000000000e+00       0.000000000000e+00 
  462       8.281395520799e-14       1.601107677042e-15       2.972088030983e-15       6.920480828551e-16       0.000000000000e+00       0.000000000000e+00       0.000000000000e+00 
  463       8.242572450085e-14       1.593866397027e-15       3.126373887588e-15       6.862695699754e-16       0.000000000000e+00       0.000000000000e+00       0.000000000000e+00 
  464       8.210519831995e-14       1.586076172201e-15       3.276981987478e-15       6.805154038470e-16       0.000000000000e+00       0.000000000000e+00       0.000000000000e+00 
  465       8.185162772264e-14       1.577734058834e-15       3.423510604218e-15       6.747923946723e-16       0.000000000000e+00       0.000000000000e+00       0.000000000000e+00 
  466       8.166406766699e-14       1.568840159065e-15       3.565617520252e-15       6.691065915390e-16       0.000000000000e+00       0.000000000000e+00       0.000000000000e+00 
  467       8.154085698674e-14       1.559406772874e-15       3.703219248322e-15       6.634606526044e-16       0.000000000000e+00       0.000000000000e+00       0.000000000000e+00 
  468       8.148012188724e-14       1.549449532220e-15       3.836297963451e-15       6.578563939254e-16       0.000000000000e+00       0.000000000000e+00       0.000000000000e+00 
  469       8.147994555949e-14       1.538984412755e-15       3.964836403321e-15       6.522956489670e-16       0.000000000000e+00       0.000000000000e+00       0.000000000000e+00 
  470       8.153836793091e-14       1.528027735780e-15       4.088817872914e-15       6.467802686638e-16       0.000000000000e+00       0.000000000000e+00       0.000000000000e+00 
  471       8.165338541607e-14       1.516596170202e-15       4.208226249167e-15       6.413121214813e-16       0.000000000000e+00       0.000000000000e+00       0.000000000000e+00 
  472       8.182295066742e-14       1.504706734486e-15       4.323045985613e-15       6.358930934773e-16       0.000000000000e+00       0.000000000000e+00       0.000000000000e+00 
  473       8.204497232608e-14       1.492376798613e-15       4.433262117029e-15       6.305250883632e-16       0.000000000000e+00       0.000000000000e+00       0.000000000000e+00 
  474       8.231731477252e-14       1.479624086030e-15       4.538860264086e-15       6.252100275656e-16       0.000000000000e+00       0.000000000000e+00       0.000000000000e+00 
  475       8.263779787737e-14       1.466466675611e-15       4.639826637992e-15       6.199498502876e-16       0.000000000000e+00       0.000000000000e+00       0.000000000000e+00 
  476       8.300419675211e-14       1.452923003605e-15       4.736148045142e-15       6.147465135698e-16       0.000000000000e+00       0.000000000000e+00       0.000000000000e+00 
  477       8.341424149984e-14       1.439011865598e-15       4.827811891766e-15       6.096019923522e-16       0.000000000000e+00       0.000000000000e+00       0.000000000000e+00 
  478       8.386561696605e-14       1.424752418462e-15       4.914806188571e-15       6.045182795352e-16       0.000000000000e+00       0.000000000000e+00       0.000000000000e+00 
  479       8.435596248930e-14       1.410164182313e-15       4.997119555393e-15       5.994973860413e-16       0.000000000000e+00       0.000000000000e+00       0.000000000000e+00 
  480       8.488287165203e-14       1.395267042463e-15       5.074741225843e-15       5.945413408762e-16       0.000000000000e+00       0.000000000000e+00       0.000000000000e+00 
  481       8.544389203126e-14       1.380081251380e-15       5.147661051952e-15       5.896521911903e-16       0.000000000000e+00       0.000000000000e+00       0.000000000000e+00 
  482       8.603652494935e-14       1.364627430637e-15       5.215869508819e-15       5.848320023399e-16       0.000000000000e+00       0.000000000000e+00       0.000000000000e+00 
  483       8.665822522476e-14       1.348926572869e-15       5.279357699261e-15       5.800828579490e-16       0.000000000000e+00       0.000000000000e+00       0.000000000000e+00 
  484       8.730640092277e-14       1.333000043731e-15       5.338117358456e-15       5.754068599701e-16       0.000000000000e+00       0.000000000000e+00       0.000000000000e+00 
  485       8.797841310623e-14       1.316869583846e-15       5.392140858590e-15       5.708061287461e-16       0.000000000000e+00       0.000000000000e+00       0.000000000000e+00 
  486       8.867157558632e-14       1.300557310769e-15       5.441421213509e-15       5.662828030713e-16       0.000000000000e+00       0.000000000000e+00       0.000000000000e+00 
  487       8.938315467326e-14       1.284085720931e-15       5.485952083360e-15       5.618390402529e-16       0.000000000000e+00       0.000000000000e+00       0.000000000000e+00 
  488       9.011036892712e-14       1.267477691604e-15       5.525727779242e-15       5.574770161726e-16       0.000000000000e+00       0.000000000000e+00       0.000000000000e+00 
  489       9.085038890847e-14       1.250756482848e-15       5.560743267851e-15       5.531989253476e-16       0.000000000000e+00       0.000000000000e+00       0.000000000000e+00 
  490       9.160033692922e-14       1.233945739472e-15       5.590994176130e-15       5.490069809920e-16       0.000000000000e+00       0.000000000000e+00       0.000000000000e+00 
  491       9.235728680331e-14       1.217069492985e-15       5.616476795910e-15       5.449034150787e-16       0.000000000000e+00       0.000000000000e+00       0.000000000000e+00 
  492       9.311826359744e-14       1.200152163549e-15       5.637188088566e-15       5.408904784000e-16       0.000000000000e+00       0.000000000000e+00       0.000000000000e+00 
  493       9.388024338188e-14       1.183218561942e-15       5.653125689654e-15       5.369704406295e-16       0.000000000000e+00       0.000000000000e+00       0.000000000000e+00 
  494       9.464015298115e-14       1.166293891502e-15       5.664287913566e-15       5.331455903836e-16       0.000000000000e+00       0.000000000000e+00       0.000000000000e+00 
  495       9.539486972478e-14       1.149403750091e-15       5.670673758175e-15       5.294182352821e-16       0.000000000000e+00       0.000000000000e+00       0.000000000000e+00 
  496       9.614122119810e-14       1.132574132045e-15       5.672282909478e-15       5.257907020105e-16       0.000000000000e+00       0.000000000000e+00       0.000000000000e+00 
  497       9.687598499292e-14       1.115831430129e-15       5.669115746249e-15       5.222653363809e-16       0.000000000000e+00       0.000000000000e+00       0.000000000000e+00 
  498       9.759588845831e-14       1.099202437495e-15       5.661173344681e-15       5.188445033932e-16       0.000000000000e+00       0.000000000000e+00       0.000000000000e+00 
  499       9.829760845133e-14       1.082714349631e-15       5.648457483039e-15       5.155305872969e-16       0.000000000000e+00       0.000000000000e+00       0.000000000000e+00 
  500       9.897777108779e-14       1.066394766323e-15       5.630970646299e-15       5.123259916523e-16       0.000000000000e+00       0.000000000000e+00       0.000000000000e+00 
